<TICKER>,<PER>,<DATE>,<TIME>,<OPEN>,<HIGH>,<LOW>,<CLOSE>,<VOL>,<OPENINT>
HOLA.US,D,20250714,000000,50.0933,50.1262,49.81,50.0428,4401,0
HOLA.US,D,20250715,000000,49.91,49.96,49.35,49.5712,14617,0
HOLA.US,D,20250716,000000,49.52,49.8299,49.46,49.7635,10073,0
HOLA.US,D,20250717,000000,49.76,49.905,49.7499,49.8037,4564,0
HOLA.US,D,20250718,000000,49.9,50.25,49.76,49.9095,100575,0
HOLA.US,D,20250721,000000,49.852,50.01,49.852,49.9582,58563,0
HOLA.US,D,20250722,000000,49.816,50.0391,49.77,50.0391,19114,0
HOLA.US,D,20250723,000000,50.63,50.94,50.51,50.84,17629,0
HOLA.US,D,20250724,000000,50.78,50.845,50.64,50.6982,9079,0
HOLA.US,D,20250725,000000,50.3799,50.85,50.205,50.3956,27731,0
HOLA.US,D,20250728,000000,50.03,50.08,49.8087,49.9004,8488,0
HOLA.US,D,20250729,000000,49.99,50,49.885,49.9271,7881,0
HOLA.US,D,20250730,000000,49.73,49.91,49.5,49.6186,11460,0
HOLA.US,D,20250731,000000,49.4,49.41,49.14,49.25,5447,0
HOLA.US,D,20250801,000000,48.82,49.12,46.05,49.074,26317,0
HOLA.US,D,20250804,000000,49.72,49.72,49.47,49.6259,5854,0
HOLA.US,D,20250805,000000,49.565,49.69,49.24,49.5355,11262,0
HOLA.US,D,20250806,000000,49.72,49.8,49.535,49.7091,10964,0
HOLA.US,D,20250807,000000,50.26,50.27,49.93,50.19,21207,0
HOLA.US,D,20250808,000000,50.34,50.3897,50.2,50.2939,6653,0
HOLA.US,D,20250811,000000,50.15,50.265,50.085,50.1323,8875,0
HOLA.US,D,20250812,000000,50.32,50.6,50.24,50.5801,5917,0
HOLA.US,D,20250813,000000,50.77,50.92,50.6,50.8665,80319,0
HOLA.US,D,20250814,000000,50.735,51.0099,50.72,50.96,77747,0
HOLA.US,D,20250815,000000,51.2599,51.2599,50.96,51.0864,13559,0
HOLA.US,D,20250818,000000,51.69,51.69,51.0005,51.051,12259,0
HOLA.US,D,20250819,000000,51.23,51.27,51,51.1,12922,0
HOLA.US,D,20250820,000000,51.09,51.335,50.95,51.3033,10317,0
HOLA.US,D,20250821,000000,51.08,51.21,51.05,51.1288,5534,0
HOLA.US,D,20250822,000000,51.1501,51.52,51.1501,51.51,9056,0
HOLA.US,D,20250825,000000,51.33,51.47,51.06,51.1677,8057,0
HOLA.US,D,20250826,000000,50.99,51.0354,50.9262,51.0354,5003,0
HOLA.US,D,20250827,000000,50.74,50.92,50.74,50.8756,6080,0
HOLA.US,D,20250828,000000,51.025,51.08,50.83,50.9388,26353,0
HOLA.US,D,20250829,000000,50.65,50.7,50.524,50.6444,7816,0
HOLA.US,D,20250902,000000,50.49,50.49,50.285,50.4476,14457,0
HOLA.US,D,20250903,000000,50.2511,50.4,50.2511,50.3525,11649,0
HOLA.US,D,20250904,000000,50.59,50.6999,50.41,50.5897,15084,0
HOLA.US,D,20250905,000000,50.86,50.895,50.65,50.7712,14018,0
HOLA.US,D,20250908,000000,50.89,51.059,50.78,51.018,11458,0
HOLA.US,D,20250909,000000,50.9499,50.95,50.82,50.8642,18494,0
HOLA.US,D,20250910,000000,50.92,51.01,50.7905,50.8081,7321,0
HOLA.US,D,20250911,000000,51.179,51.179,51.01,51.1453,3215,0
HOLA.US,D,20250912,000000,51.05,51.31,50.94,50.9928,7249,0
HOLA.US,D,20250915,000000,51.1,51.2493,51.01,51.1972,12866,0
HOLA.US,D,20250916,000000,51.175,51.24,51.005,51.1308,5818,0
HOLA.US,D,20250917,000000,51.22,51.335,50.98,51.0291,11479,0
HOLA.US,D,20250918,000000,51.31,51.46,51.144,51.2785,13603,0
HOLA.US,D,20250919,000000,51.22,51.45,51.15,51.2354,10668,0
HOLA.US,D,20250922,000000,51.22,51.4,51.22,51.3179,12246,0
HOLA.US,D,20250923,000000,51.3855,51.48,51.2,51.2244,8967,0
HOLA.US,D,20250924,000000,51.04,51.23,50.91,51.1071,8519,0
HOLA.US,D,20250925,000000,51,51.01,50.6701,50.9843,10294,0
HOLA.US,D,20250926,000000,51.1,51.28,51.0525,51.2479,2232,0
HOLA.US,D,20250929,000000,51.36,51.41,51.1701,51.4,4842,0
HOLA.US,D,20250930,000000,51.34,51.5715,51.2676,51.5715,7313,0
HOLA.US,D,20251001,000000,51.6682,51.82,51.54,51.8167,10650,0
HOLA.US,D,20251002,000000,51.86,51.95,51.67,51.8882,10801,0
HOLA.US,D,20251003,000000,52.2599,52.2599,51.8801,51.9818,6205,0
HOLA.US,D,20251006,000000,52.12,52.17,52,52.0916,14948,0
HOLA.US,D,20251007,000000,52.12,52.12,51.75,51.9677,7983,0
HOLA.US,D,20251008,000000,52.1512,52.3,51.8746,52.2991,16165,0
HOLA.US,D,20251009,000000,52.06,52.12,51.75,51.8149,6510,0
HOLA.US,D,20251010,000000,51.7646,52.0298,51.435,51.478,17329,0
HOLA.US,D,20251013,000000,51.7,52.02,51.68,51.8616,12446,0
HOLA.US,D,20251014,000000,51.63,52.032,51.53,51.9025,4254,0
HOLA.US,D,20251015,000000,51.93,52.2071,51.919,52.161,14579,0
HOLA.US,D,20251016,000000,52.63,52.63,52.04,52.2411,26835,0
HOLA.US,D,20251017,000000,52.1429,52.33,51.98,52.3151,7145,0
HOLA.US,D,20251020,000000,52.529,52.86,52.255,52.45,19373,0
HOLA.US,D,20251021,000000,52.459,52.565,52.28,52.4674,43088,0
HOLA.US,D,20251022,000000,52.4153,52.56,51.89,52.2376,138677,0
HOLA.US,D,20251023,000000,52.47,52.47,52.12,52.1886,64329,0
HOLA.US,D,20251024,000000,52.24,52.41,52.19,52.3173,9721,0
HOLA.US,D,20251027,000000,52.68,52.73,52.63,52.7244,4756,0
HOLA.US,D,20251028,000000,52.65,52.77,52.37,52.7139,8513,0
HOLA.US,D,20251029,000000,52.62,52.73,52.28,52.3467,26524,0
HOLA.US,D,20251030,000000,51.8992,52.89,51.8992,52.4669,7911,0
HOLA.US,D,20251031,000000,52.3044,53.1,52.18,52.3809,7914,0
HOLA.US,D,20251103,000000,52.32,52.39,52.23,52.3497,5364,0
HOLA.US,D,20251104,000000,51.86,52.59,51.86,52.0031,11142,0
HOLA.US,D,20251105,000000,52.08,52.61,52.05,52.2567,8874,0
HOLA.US,D,20251106,000000,52.35,53.33,51.71,51.93,61442,0
HOLA.US,D,20251107,000000,51.83,52.99,51.68,52.1297,15323,0
HOLA.US,D,20251110,000000,52.25,52.985,52.2201,52.5297,8000,0
HOLA.US,D,20251111,000000,52.6005,52.86,52.5405,52.6701,221745,0
HOLA.US,D,20251112,000000,52.81,53.02,52.81,52.8987,9705,0
HOLA.US,D,20251113,000000,52.77,52.91,52.45,52.4786,19888,0
HOLA.US,D,20251114,000000,52.1055,52.5899,52.1055,52.4903,5514,0
HOLA.US,D,20251117,000000,52.115,52.41,51.971,52.0968,10140,0
HOLA.US,D,20251118,000000,51.69,51.785,51.47,51.77,12617,0
HOLA.US,D,20251119,000000,51.618,51.7,51.22,51.7,42174,0
HOLA.US,D,20251120,000000,51.73,51.83,51,51.22,20376,0
HOLA.US,D,20251121,000000,51.38,52.575,50.01,51.34,21877,0
HOLA.US,D,20251124,000000,51.39,52.69,51.39,51.6376,10116,0
HOLA.US,D,20251125,000000,51.79,52.44,51.7,52.0726,17078,0
HOLA.US,D,20251126,000000,52.2251,52.67,52.2251,52.5334,25249,0
HOLA.US,D,20251128,000000,52.49,52.68,52.43,52.6514,2296,0
HOLA.US,D,20251201,000000,52.64,52.69,52.42,52.42,27615,0
HOLA.US,D,20251202,000000,52.625,52.68,52.52,52.6244,10510,0
HOLA.US,D,20251203,000000,52.62,52.98,52.62,52.9616,14200,0
HOLA.US,D,20251204,000000,53.26,53.26,52.93,52.96,13110,0
HOLA.US,D,20251205,000000,53.03,53.04,52.76,52.78,13746,0
HOLA.US,D,20251208,000000,52.76,52.97,52.76,52.97,14579,0
HOLA.US,D,20251209,000000,52.88,52.973,52.81,52.8325,4973,0
HOLA.US,D,20251210,000000,52.86,53.3,52.7601,53.07,11771,0
HOLA.US,D,20251211,000000,53.3267,53.53,53.27,53.4669,6114,0
HOLA.US,D,20251212,000000,53.3001,53.55,53.22,53.2678,12186,0
HOLA.US,D,20251215,000000,53.69,53.76,53.5324,53.76,11558,0
HOLA.US,D,20251216,000000,51.87,52.89,51.55,52.051,37975,0
HOLA.US,D,20251217,000000,51.79,52.1275,51.77,51.77,29170,0
HOLA.US,D,20251218,000000,52.19,52.33,52.0544,52.17,24915,0
HOLA.US,D,20251219,000000,52.22,52.49,52.22,52.3734,23887,0
HOLA.US,D,20251222,000000,52.29,52.92,52.2614,52.48,20248,0
HOLA.US,D,20251223,000000,52.84,53.02,52.61,52.67,40194,0
HOLA.US,D,20251224,000000,52.76,53.19,52.66,52.93,13841,0
HOLA.US,D,20251226,000000,52.91,53.145,52.8,52.84,13609,0
HOLA.US,D,20251229,000000,52.67,57.93,52.5718,52.73,27549,0
HOLA.US,D,20251230,000000,52.92,53.18,52.8,52.9,13321,0
HOLA.US,D,20251231,000000,52.79,53.185,52.24,52.24,75494,0
HOLA.US,D,20260102,000000,52.94,53.21,52.675,52.92,50113,0
HOLA.US,D,20260105,000000,53.07,53.54,52.96,53.4201,38054,0
HOLA.US,D,20260106,000000,53.37,53.93,53.37,53.46,37372,0
HOLA.US,D,20260107,000000,53.42,53.4799,53.325,53.4,18880,0
HOLA.US,D,20260108,000000,53.24,53.555,53.24,53.52,15107,0
HOLA.US,D,20260109,000000,53.55,53.985,53.5301,53.57,91203,0
HOLA.US,D,20260112,000000,53.6,54.03,53.6,53.99,19453,0
HOLA.US,D,20260113,000000,53.73,54.09,53.48,53.48,82135,0
HOLA.US,D,20260114,000000,53.785,54.06,53.38,53.697,99072,0
HOLA.US,D,20260115,000000,54.01,54.13,53.6,53.6,29023,0
HOLA.US,D,20260116,000000,54.36,54.36,53.73,54.0171,21617,0
HOLA.US,D,20260120,000000,53.14,53.61,53.09,53.33,17547,0
HOLA.US,D,20260121,000000,53.44,54.06,53.34,53.65,27515,0
HOLA.US,D,20260122,000000,53.92,53.97,53.72,53.75,11118,0
HOLA.US,D,20260123,000000,53.74,54.19,53.695,53.91,17945,0
