<TICKER>,<PER>,<DATE>,<TIME>,<OPEN>,<HIGH>,<LOW>,<CLOSE>,<VOL>,<OPENINT>
TMFX.US,5,20250829,160000,21.5,21.5,21.5,21.5,300,0
TMFX.US,5,20250829,171500,21.41,21.41,21.41,21.41,1500,0
TMFX.US,5,20250829,174000,21.4,21.4,21.4,21.4,579,0
TMFX.US,5,20250829,185500,21.4298,21.4298,21.4298,21.4298,150,0
TMFX.US,5,20250829,190000,21.42,21.42,21.42,21.42,100,0
TMFX.US,5,20250829,195000,21.4092,21.4092,21.4092,21.4092,467,0
TMFX.US,5,20250829,210500,21.3643,21.3643,21.3643,21.3643,450,0
TMFX.US,5,20250829,215500,21.4146,21.4146,21.4146,21.4146,386,0
TMFX.US,5,20250902,161500,21.24,21.2401,21.24,21.2401,200,0
TMFX.US,5,20250902,162000,21.2476,21.2476,21.2476,21.2476,250,0
TMFX.US,5,20250902,163500,21.27,21.27,21.26,21.26,200,0
TMFX.US,5,20250902,191500,21.14,21.15,21.14,21.15,258,0
TMFX.US,5,20250902,201500,21.1772,21.1772,21.1772,21.1772,125,0
TMFX.US,5,20250902,202500,21.18,21.18,21.18,21.18,100,0
TMFX.US,5,20250902,204500,21.18,21.18,21.18,21.18,100,0
TMFX.US,5,20250903,163500,21.25,21.25,21.25,21.25,100,0
TMFX.US,5,20250903,172500,21.22,21.2202,21.22,21.2202,580,0
TMFX.US,5,20250903,173000,21.2,21.2,21.2,21.2,135,0
TMFX.US,5,20250903,181500,21.21,21.21,21.21,21.21,100,0
TMFX.US,5,20250903,182500,21.22,21.22,21.22,21.22,200,0
TMFX.US,5,20250903,190000,21.23,21.24,21.23,21.23,396,0
TMFX.US,5,20250903,205500,21.18,21.18,21.18,21.18,100,0
TMFX.US,5,20250903,210500,21.18,21.18,21.18,21.18,296,0
TMFX.US,5,20250903,211000,21.1658,21.1658,21.1658,21.1658,625,0
TMFX.US,5,20250903,212000,21.17,21.17,21.17,21.17,200,0
TMFX.US,5,20250903,215500,21.24,21.24,21.24,21.24,100,0
TMFX.US,5,20250904,163500,21.235,21.235,21.235,21.235,110,0
TMFX.US,5,20250904,165500,21.23,21.2301,21.23,21.2301,962,0
TMFX.US,5,20250904,194500,21.35,21.35,21.35,21.35,161,0
TMFX.US,5,20250904,202000,21.36,21.3601,21.36,21.3601,200,0
TMFX.US,5,20250904,212500,21.4,21.4,21.3999,21.3999,920,0
TMFX.US,5,20250904,215000,21.41,21.42,21.4099,21.4099,938,0
TMFX.US,5,20250905,162500,21.5205,21.5205,21.5205,21.5205,150,0
TMFX.US,5,20250905,185000,21.51,21.51,21.51,21.51,100,0
TMFX.US,5,20250905,190500,21.52,21.52,21.52,21.52,100,0
TMFX.US,5,20250905,192000,21.5292,21.5292,21.5292,21.5292,200,0
TMFX.US,5,20250905,194000,21.51,21.51,21.5,21.5,400,0
TMFX.US,5,20250905,194500,21.5,21.5,21.5,21.5,100,0
TMFX.US,5,20250905,202000,21.57,21.57,21.55,21.55,400,0
TMFX.US,5,20250905,203500,21.59,21.59,21.57,21.57,712,0
TMFX.US,5,20250905,204500,21.58,21.58,21.58,21.58,134,0
TMFX.US,5,20250905,205500,21.5904,21.5904,21.5904,21.5904,355,0
TMFX.US,5,20250905,211000,21.619,21.619,21.619,21.619,507,0
TMFX.US,5,20250908,154000,21.63,21.63,21.63,21.63,100,0
TMFX.US,5,20250908,161500,21.6,21.61,21.6,21.61,712,0
TMFX.US,5,20250908,183500,21.7146,21.7146,21.7146,21.7146,493,0
TMFX.US,5,20250908,194500,21.73,21.73,21.73,21.73,103,0
TMFX.US,5,20250908,200500,21.7097,21.7097,21.7097,21.7097,400,0
TMFX.US,5,20250909,161500,21.67,21.67,21.67,21.67,200,0
TMFX.US,5,20250909,162000,21.63,21.63,21.63,21.63,170,0
TMFX.US,5,20250909,163500,21.5704,21.5704,21.5704,21.5704,121,0
TMFX.US,5,20250909,164500,21.58,21.58,21.58,21.58,354,0
TMFX.US,5,20250909,165000,21.6,21.6,21.5999,21.5999,2800,0
TMFX.US,5,20250909,171500,21.5981,21.5981,21.5981,21.5981,1712,0
TMFX.US,5,20250909,172500,21.62,21.62,21.62,21.62,354,0
TMFX.US,5,20250909,174000,21.57,21.57,21.57,21.57,100,0
TMFX.US,5,20250909,174500,21.57,21.57,21.57,21.57,100,0
TMFX.US,5,20250909,184500,21.59,21.59,21.59,21.59,100,0
TMFX.US,5,20250909,190500,21.58,21.58,21.5799,21.5799,200,0
TMFX.US,5,20250909,192500,21.61,21.61,21.61,21.61,100,0
TMFX.US,5,20250910,154500,21.67,21.67,21.67,21.67,100,0
TMFX.US,5,20250910,162000,21.61,21.61,21.61,21.61,231,0
TMFX.US,5,20250910,192000,21.5,21.5,21.5,21.5,1630,0
TMFX.US,5,20250910,193500,21.49,21.49,21.49,21.49,100,0
TMFX.US,5,20250910,195500,21.47,21.47,21.47,21.47,100,0
TMFX.US,5,20250910,205500,21.46,21.46,21.46,21.46,200,0
TMFX.US,5,20250910,210500,21.47,21.47,21.47,21.47,100,0
TMFX.US,5,20250911,154000,21.67,21.67,21.64,21.64,738,0
TMFX.US,5,20250911,155500,21.7043,21.7043,21.7043,21.7043,175,0
TMFX.US,5,20250911,162000,21.73,21.73,21.73,21.73,100,0
TMFX.US,5,20250911,172000,21.79,21.7902,21.79,21.7902,1001,0
TMFX.US,5,20250911,204000,21.91,21.91,21.91,21.91,100,0
TMFX.US,5,20250912,154000,21.94,21.94,21.94,21.94,100,0
TMFX.US,5,20250912,155500,21.93,21.93,21.925,21.925,200,0
TMFX.US,5,20250912,162500,21.87,21.88,21.87,21.88,500,0
TMFX.US,5,20250912,171000,21.8699,21.8699,21.8699,21.8699,228,0
TMFX.US,5,20250912,175000,21.7948,21.7948,21.7948,21.7948,150,0
TMFX.US,5,20250912,182000,21.82,21.82,21.82,21.82,401,0
TMFX.US,5,20250912,183500,21.8102,21.8102,21.8102,21.8102,550,0
TMFX.US,5,20250912,192500,21.83,21.83,21.83,21.83,260,0
TMFX.US,5,20250912,200000,21.84,21.84,21.8327,21.8327,360,0
TMFX.US,5,20250912,204000,21.85,21.85,21.85,21.85,3546,0
TMFX.US,5,20250912,210500,21.84,21.84,21.84,21.84,100,0
TMFX.US,5,20250912,214000,21.76,21.76,21.76,21.76,111,0
TMFX.US,5,20250915,160500,21.91,21.91,21.9099,21.9099,3900,0
TMFX.US,5,20250915,174500,21.88,21.88,21.88,21.88,623,0
TMFX.US,5,20250915,214000,21.87,21.87,21.87,21.87,134,0
TMFX.US,5,20250915,215500,21.87,21.87,21.87,21.87,203,0
TMFX.US,5,20250916,164000,21.69,21.69,21.675,21.675,300,0
TMFX.US,5,20250916,202000,21.73,21.73,21.73,21.73,150,0
TMFX.US,5,20250916,211500,21.757,21.757,21.7514,21.7514,304,0
TMFX.US,5,20250917,153000,21.88,21.88,21.88,21.88,244,0
TMFX.US,5,20250917,161000,21.87,21.87,21.8627,21.8627,250,0
TMFX.US,5,20250917,163000,21.88,21.88,21.88,21.88,138,0
TMFX.US,5,20250917,170000,21.8771,21.8771,21.8771,21.8771,913,0
TMFX.US,5,20250917,174000,21.89,21.89,21.89,21.89,125,0
TMFX.US,5,20250917,180500,21.893,21.893,21.893,21.893,110,0
TMFX.US,5,20250917,183000,21.879,21.879,21.8755,21.8755,300,0
TMFX.US,5,20250917,200500,22.05,22.05,22.05,22.05,1000,0
TMFX.US,5,20250917,202000,21.87,21.87,21.87,21.87,148,0
TMFX.US,5,20250917,203500,21.84,21.84,21.82,21.82,1908,0
TMFX.US,5,20250917,204500,21.68,21.68,21.68,21.68,104,0
TMFX.US,5,20250917,215000,21.81,21.81,21.81,21.81,1246,0
TMFX.US,5,20250918,153000,21.94,21.94,21.94,21.94,176,0
TMFX.US,5,20250918,154500,21.9,21.9001,21.9,21.9001,800,0
TMFX.US,5,20250918,155500,21.925,21.925,21.925,21.925,764,0
TMFX.US,5,20250918,161500,22.01,22.01,22.0099,22.0099,1591,0
TMFX.US,5,20250918,175500,21.96,21.96,21.96,21.96,300,0
TMFX.US,5,20250918,201000,22,22.005,22,22.005,569,0
TMFX.US,5,20250918,203000,22.02,22.02,22.02,22.02,348,0
TMFX.US,5,20250918,205500,22.0376,22.0376,22.0376,22.0376,100,0
TMFX.US,5,20250918,213000,22.015,22.015,22.015,22.015,150,0
TMFX.US,5,20250918,214000,22.01,22.01,22.01,22.01,245,0
TMFX.US,5,20250918,214500,22.01,22.01,22.01,22.01,1169,0
TMFX.US,5,20250919,161000,21.9708,21.9708,21.9708,21.9708,500,0
TMFX.US,5,20250919,171500,21.8786,21.8786,21.8786,21.8786,100,0
TMFX.US,5,20250919,180500,21.93,21.93,21.93,21.93,100,0
TMFX.US,5,20250919,181500,21.9417,21.9417,21.9417,21.9417,100,0
TMFX.US,5,20250919,191500,21.9401,21.9401,21.9401,21.9401,150,0
TMFX.US,5,20250919,194500,21.95,21.95,21.95,21.95,100,0
TMFX.US,5,20250922,164500,21.9526,21.9526,21.9526,21.9526,1500,0
TMFX.US,5,20250922,165500,21.96,21.96,21.96,21.96,121,0
TMFX.US,5,20250922,172000,21.9495,21.9495,21.9495,21.9495,150,0
TMFX.US,5,20250922,174000,21.94,21.94,21.94,21.94,1000,0
TMFX.US,5,20250922,174500,21.93,21.93,21.93,21.93,1000,0
TMFX.US,5,20250922,185500,21.9426,21.9426,21.9426,21.9426,100,0
TMFX.US,5,20250922,191000,21.9559,21.9559,21.9559,21.9559,100,0
TMFX.US,5,20250922,201000,21.96,21.96,21.96,21.96,204,0
TMFX.US,5,20250922,202500,21.96,21.9601,21.96,21.96,1200,0
TMFX.US,5,20250923,154500,22.0199,22.02,22.0199,22.0199,375,0
TMFX.US,5,20250923,162000,22.01,22.01,22,22.0073,700,0
TMFX.US,5,20250923,180500,22.0404,22.0404,22.0404,22.0404,225,0
TMFX.US,5,20250923,212000,21.8994,21.8994,21.8994,21.8994,100,0
TMFX.US,5,20250923,214000,21.89,21.89,21.89,21.89,2542,0
TMFX.US,5,20250924,153000,21.8675,21.9,21.8675,21.8999,1070,0
TMFX.US,5,20250924,154500,21.85,21.85,21.85,21.85,2744,0
TMFX.US,5,20250924,160000,21.83,21.83,21.83,21.83,100,0
TMFX.US,5,20250924,160500,21.84,21.84,21.84,21.84,100,0
TMFX.US,5,20250924,164500,21.8005,21.8005,21.8005,21.8005,150,0
TMFX.US,5,20250924,173500,21.78,21.78,21.78,21.78,100,0
TMFX.US,5,20250924,194500,21.73,21.73,21.73,21.73,200,0
TMFX.US,5,20250924,200500,21.68,21.68,21.68,21.68,100,0
TMFX.US,5,20250924,215500,21.67,21.67,21.67,21.67,2580,0
TMFX.US,5,20250925,160500,21.43,21.43,21.43,21.43,100,0
TMFX.US,5,20250925,161000,21.5,21.5,21.5,21.5,145,0
TMFX.US,5,20250925,161500,21.5,21.5,21.5,21.5,348,0
TMFX.US,5,20250925,170000,21.51,21.51,21.51,21.51,100,0
TMFX.US,5,20250925,202000,21.49,21.52,21.49,21.52,1900,0
TMFX.US,5,20250925,213000,21.5,21.5,21.5,21.5,100,0
TMFX.US,5,20250926,154500,21.6,21.6,21.6,21.6,100,0
TMFX.US,5,20250926,164000,21.57,21.57,21.57,21.57,500,0
TMFX.US,5,20250926,172000,21.55,21.55,21.55,21.55,100,0
TMFX.US,5,20250926,174000,21.5774,21.5774,21.5774,21.5774,500,0
TMFX.US,5,20250926,194500,21.63,21.63,21.63,21.63,500,0
TMFX.US,5,20250926,202000,21.6094,21.6094,21.6094,21.6094,100,0
TMFX.US,5,20250926,210000,21.635,21.64,21.635,21.64,1295,0
TMFX.US,5,20250926,212000,21.65,21.65,21.6499,21.6499,1850,0
TMFX.US,5,20250926,213000,21.6398,21.6398,21.6398,21.6398,250,0
TMFX.US,5,20250929,161000,21.72,21.72,21.72,21.72,494,0
TMFX.US,5,20250929,162000,21.69,21.69,21.69,21.69,401,0
TMFX.US,5,20250929,165500,21.68,21.68,21.68,21.68,100,0
TMFX.US,5,20250929,191500,21.68,21.68,21.68,21.68,100,0
TMFX.US,5,20250929,194500,21.7079,21.7079,21.7079,21.7079,1300,0
TMFX.US,5,20250929,205000,21.73,21.73,21.73,21.73,5002,0
TMFX.US,5,20250929,210000,21.7301,21.7301,21.7301,21.7301,2000,0
TMFX.US,5,20250929,211500,21.7,21.7,21.7,21.7,100,0
TMFX.US,5,20250930,154000,21.7023,21.7023,21.7023,21.7023,119,0
TMFX.US,5,20250930,154500,21.705,21.71,21.705,21.71,2089,0
TMFX.US,5,20250930,155000,21.66,21.66,21.66,21.66,100,0
TMFX.US,5,20250930,155500,21.64,21.64,21.64,21.64,2272,0
TMFX.US,5,20250930,161500,21.5776,21.5776,21.5776,21.5776,458,0
TMFX.US,5,20250930,162000,21.57,21.57,21.57,21.57,464,0
TMFX.US,5,20250930,172500,21.4,21.4,21.4,21.4,662,0
TMFX.US,5,20250930,173500,21.47,21.47,21.47,21.47,176,0
TMFX.US,5,20250930,174000,21.45,21.45,21.45,21.45,100,0
TMFX.US,5,20250930,174500,21.45,21.45,21.45,21.45,100,0
TMFX.US,5,20250930,180500,21.46,21.4673,21.46,21.4673,1400,0
TMFX.US,5,20250930,183000,21.5,21.5,21.5,21.5,100,0
TMFX.US,5,20250930,185500,21.4899,21.4899,21.4899,21.4899,100,0
TMFX.US,5,20250930,191500,21.46,21.46,21.46,21.46,100,0
TMFX.US,5,20250930,193000,21.44,21.4401,21.44,21.4401,1946,0
TMFX.US,5,20250930,195500,21.49,21.49,21.49,21.49,100,0
TMFX.US,5,20250930,201500,21.51,21.51,21.51,21.51,200,0
TMFX.US,5,20250930,202000,21.53,21.53,21.53,21.53,464,0
TMFX.US,5,20250930,202500,21.52,21.52,21.52,21.52,100,0
TMFX.US,5,20251001,153000,21.538,21.538,21.538,21.538,142,0
TMFX.US,5,20251001,153500,21.6488,21.6488,21.6488,21.6488,105,0
TMFX.US,5,20251001,165000,21.5506,21.5506,21.5506,21.5506,500,0
TMFX.US,5,20251001,193500,21.56,21.56,21.56,21.56,471,0
TMFX.US,5,20251001,194500,21.55,21.55,21.55,21.55,3250,0
TMFX.US,5,20251001,195000,21.56,21.56,21.56,21.56,100,0
TMFX.US,5,20251001,203500,21.6,21.6,21.6,21.6,4640,0
TMFX.US,5,20251001,212000,21.6,21.6,21.6,21.6,100,0
TMFX.US,5,20251001,214500,21.6265,21.6265,21.6265,21.6265,142,0
TMFX.US,5,20251002,161000,21.63,21.63,21.63,21.63,185,0
TMFX.US,5,20251002,161500,21.63,21.63,21.63,21.63,201,0
TMFX.US,5,20251002,163500,21.62,21.62,21.62,21.62,100,0
TMFX.US,5,20251002,172000,21.65,21.65,21.65,21.65,100,0
TMFX.US,5,20251002,175500,21.7,21.7,21.6999,21.6999,200,0
TMFX.US,5,20251002,194000,21.74,21.74,21.74,21.74,200,0
TMFX.US,5,20251002,195000,21.77,21.77,21.77,21.77,100,0
TMFX.US,5,20251002,215500,21.8,21.81,21.7999,21.81,350,0
TMFX.US,5,20251003,153000,21.8899,21.8899,21.8899,21.8899,1000,0
TMFX.US,5,20251003,161000,21.85,21.85,21.84,21.84,607,0
TMFX.US,5,20251003,161500,21.8623,21.8623,21.8623,21.8623,175,0
TMFX.US,5,20251003,180500,21.9476,21.9476,21.9476,21.9476,454,0
TMFX.US,5,20251003,185500,21.95,21.95,21.95,21.95,179,0
TMFX.US,5,20251003,191500,21.909,21.909,21.909,21.909,1598,0
TMFX.US,5,20251003,193000,21.8901,21.8901,21.8901,21.8901,100,0
TMFX.US,5,20251003,203500,21.84,21.84,21.84,21.84,5414,0
TMFX.US,5,20251006,154500,21.8594,21.8594,21.85,21.85,1263,0
TMFX.US,5,20251006,163500,21.87,21.87,21.87,21.87,190,0
TMFX.US,5,20251006,173000,21.8937,21.8937,21.8937,21.8937,100,0
TMFX.US,5,20251006,182500,21.915,21.92,21.915,21.92,200,0
TMFX.US,5,20251006,190500,21.94,21.9401,21.94,21.9401,4000,0
TMFX.US,5,20251006,191000,21.94,21.94,21.94,21.94,4491,0
TMFX.US,5,20251006,193000,21.99,22.03,21.99,22.03,487,0
TMFX.US,5,20251006,193500,22.04,22.04,22.04,22.04,150,0
TMFX.US,5,20251007,153000,22,22,22,22,135,0
TMFX.US,5,20251007,170500,21.65,21.65,21.65,21.65,100,0
TMFX.US,5,20251007,174500,21.557,21.557,21.557,21.557,354,0
TMFX.US,5,20251007,181500,21.55,21.55,21.55,21.55,400,0
TMFX.US,5,20251007,184000,21.62,21.62,21.62,21.62,100,0
TMFX.US,5,20251007,210000,21.67,21.6701,21.67,21.6701,400,0
TMFX.US,5,20251007,213500,21.64,21.64,21.64,21.64,125,0
TMFX.US,5,20251008,154000,21.7002,21.7002,21.7002,21.7002,250,0
TMFX.US,5,20251008,155000,21.73,21.73,21.73,21.73,100,0
TMFX.US,5,20251008,161000,21.7923,21.7923,21.7923,21.7923,138,0
TMFX.US,5,20251008,191500,21.8945,21.8945,21.8945,21.8945,150,0
TMFX.US,5,20251008,193500,21.8702,21.8702,21.8702,21.8702,100,0
TMFX.US,5,20251008,194500,21.8501,21.87,21.8501,21.87,457,0
TMFX.US,5,20251008,210500,21.88,21.88,21.88,21.88,275,0
TMFX.US,5,20251008,213000,21.91,21.91,21.91,21.91,301,0
TMFX.US,5,20251009,160000,21.84,21.84,21.83,21.83,738,0
TMFX.US,5,20251009,173500,21.8,21.8,21.8,21.8,500,0
TMFX.US,5,20251009,180500,21.87,21.87,21.861,21.861,1230,0
TMFX.US,5,20251009,193000,21.81,21.81,21.81,21.81,100,0
TMFX.US,5,20251010,154500,21.897,21.897,21.897,21.897,150,0
TMFX.US,5,20251010,160000,21.81,21.81,21.81,21.81,500,0
TMFX.US,5,20251010,161500,21.75,21.75,21.75,21.75,349,0
TMFX.US,5,20251010,173500,21.35,21.35,21.35,21.35,1995,0
TMFX.US,5,20251010,175500,21.46,21.46,21.46,21.46,481,0
TMFX.US,5,20251010,181000,21.43,21.43,21.42,21.4273,2800,0
TMFX.US,5,20251010,182000,21.46,21.46,21.46,21.46,100,0
TMFX.US,5,20251010,203500,21.33,21.33,21.33,21.33,1870,0
TMFX.US,5,20251010,212500,21.2496,21.2496,21.2496,21.2496,100,0
TMFX.US,5,20251013,154000,21.44,21.44,21.44,21.44,215,0
TMFX.US,5,20251013,154500,21.43,21.43,21.43,21.43,231,0
TMFX.US,5,20251013,160000,21.46,21.48,21.46,21.48,443,0
TMFX.US,5,20251013,161000,21.45,21.45,21.45,21.45,120,0
TMFX.US,5,20251013,161500,21.45,21.45,21.45,21.45,107,0
TMFX.US,5,20251013,180500,21.4585,21.4585,21.4585,21.4585,1200,0
TMFX.US,5,20251013,181000,21.48,21.48,21.4799,21.4799,876,0
TMFX.US,5,20251013,204500,21.5006,21.5006,21.5006,21.5006,200,0
TMFX.US,5,20251013,215500,21.49,21.49,21.49,21.49,1002,0
TMFX.US,5,20251014,160000,21.343,21.343,21.343,21.343,400,0
TMFX.US,5,20251014,160500,21.36,21.36,21.36,21.36,147,0
TMFX.US,5,20251014,162000,21.43,21.43,21.43,21.43,136,0
TMFX.US,5,20251014,164500,21.49,21.49,21.49,21.49,210,0
TMFX.US,5,20251014,171500,21.45,21.45,21.45,21.45,490,0
TMFX.US,5,20251014,173000,21.4616,21.4616,21.4616,21.4616,146,0
TMFX.US,5,20251014,173500,21.483,21.483,21.483,21.483,580,0
TMFX.US,5,20251014,174500,21.53,21.53,21.52,21.52,1391,0
TMFX.US,5,20251014,175000,21.543,21.543,21.543,21.543,1420,0
TMFX.US,5,20251014,180000,21.53,21.53,21.53,21.53,100,0
TMFX.US,5,20251014,180500,21.53,21.53,21.53,21.53,100,0
TMFX.US,5,20251014,182000,21.59,21.59,21.58,21.58,520,0
TMFX.US,5,20251014,183500,21.62,21.62,21.61,21.61,263,0
TMFX.US,5,20251014,192500,21.66,21.66,21.66,21.66,100,0
TMFX.US,5,20251014,201000,21.6887,21.6887,21.6887,21.6887,150,0
TMFX.US,5,20251014,202000,21.7,21.7,21.7,21.7,100,0
TMFX.US,5,20251014,203000,21.7005,21.7077,21.7,21.7077,1304,0
TMFX.US,5,20251014,213500,21.7,21.72,21.7,21.72,6900,0
TMFX.US,5,20251015,154500,21.76,21.76,21.76,21.76,100,0
TMFX.US,5,20251015,155000,21.8,21.8,21.8,21.8,134,0
TMFX.US,5,20251015,160000,21.83,21.83,21.83,21.83,119,0
TMFX.US,5,20251015,160500,21.88,21.88,21.88,21.88,100,0
TMFX.US,5,20251015,162000,21.83,21.83,21.8299,21.8299,1900,0
TMFX.US,5,20251015,173000,21.7,21.7,21.7,21.7,100,0
TMFX.US,5,20251015,175500,21.6681,21.6681,21.6681,21.6681,1000,0
TMFX.US,5,20251015,191500,21.48,21.48,21.48,21.48,339,0
TMFX.US,5,20251015,192500,21.53,21.53,21.53,21.53,169,0
TMFX.US,5,20251015,200000,21.64,21.64,21.64,21.64,100,0
TMFX.US,5,20251015,205500,21.65,21.65,21.65,21.65,100,0
TMFX.US,5,20251015,213000,21.6544,21.6544,21.6544,21.6544,100,0
TMFX.US,5,20251015,215000,21.63,21.63,21.63,21.63,100,0
TMFX.US,5,20251016,154500,21.67,21.67,21.67,21.67,100,0
TMFX.US,5,20251016,160000,21.67,21.68,21.67,21.68,706,0
TMFX.US,5,20251016,161500,21.63,21.63,21.63,21.63,101,0
TMFX.US,5,20251016,162500,21.65,21.65,21.64,21.64,434,0
TMFX.US,5,20251016,163000,21.64,21.6401,21.64,21.6401,8795,0
TMFX.US,5,20251016,170000,21.65,21.65,21.65,21.65,108,0
TMFX.US,5,20251016,170500,21.65,21.65,21.65,21.65,100,0
TMFX.US,5,20251016,172500,21.64,21.64,21.64,21.64,313,0
TMFX.US,5,20251016,174000,21.59,21.59,21.59,21.59,100,0
TMFX.US,5,20251016,175000,21.56,21.56,21.56,21.56,149,0
TMFX.US,5,20251016,175500,21.52,21.52,21.52,21.52,132,0
TMFX.US,5,20251016,181000,21.55,21.55,21.55,21.55,100,0
TMFX.US,5,20251016,181500,21.51,21.51,21.51,21.51,316,0
TMFX.US,5,20251016,182000,21.51,21.51,21.49,21.49,509,0
TMFX.US,5,20251016,182500,21.46,21.46,21.46,21.46,308,0
TMFX.US,5,20251016,183000,21.39,21.39,21.39,21.39,407,0
TMFX.US,5,20251016,183500,21.39,21.39,21.39,21.39,112,0
TMFX.US,5,20251016,185000,21.43,21.43,21.43,21.43,204,0
TMFX.US,5,20251016,185500,21.48,21.48,21.48,21.48,116,0
TMFX.US,5,20251016,192000,21.56,21.56,21.52,21.52,602,0
TMFX.US,5,20251016,193000,21.53,21.53,21.52,21.52,203,0
TMFX.US,5,20251016,195000,21.44,21.44,21.44,21.44,100,0
TMFX.US,5,20251016,195500,21.44,21.4401,21.44,21.4401,500,0
TMFX.US,5,20251016,200000,21.4289,21.4289,21.4289,21.4289,100,0
TMFX.US,5,20251016,200500,21.37,21.37,21.37,21.37,250,0
TMFX.US,5,20251016,203500,21.31,21.31,21.31,21.31,237,0
TMFX.US,5,20251016,204000,21.32,21.33,21.32,21.33,250,0
TMFX.US,5,20251016,210000,21.37,21.3721,21.36,21.3721,784,0
TMFX.US,5,20251016,210500,21.36,21.36,21.36,21.36,150,0
TMFX.US,5,20251016,211000,21.38,21.38,21.38,21.38,110,0
TMFX.US,5,20251016,212000,21.34,21.34,21.32,21.32,311,0
TMFX.US,5,20251016,212500,21.32,21.32,21.32,21.32,279,0
TMFX.US,5,20251016,213500,21.3,21.3,21.3,21.3,100,0
TMFX.US,5,20251017,154000,21.32,21.32,21.32,21.32,300,0
TMFX.US,5,20251017,160500,21.36,21.37,21.36,21.37,400,0
TMFX.US,5,20251017,161500,21.435,21.435,21.435,21.435,480,0
TMFX.US,5,20251017,163500,21.32,21.32,21.32,21.32,100,0
TMFX.US,5,20251017,164000,21.35,21.35,21.35,21.35,117,0
TMFX.US,5,20251017,173000,21.26,21.26,21.26,21.26,100,0
TMFX.US,5,20251017,181500,21.365,21.365,21.3487,21.3487,225,0
TMFX.US,5,20251017,200000,21.33,21.33,21.33,21.33,200,0
TMFX.US,5,20251017,202000,21.37,21.37,21.37,21.37,100,0
TMFX.US,5,20251017,202500,21.355,21.355,21.355,21.355,125,0
TMFX.US,5,20251017,205000,21.37,21.37,21.365,21.365,599,0
TMFX.US,5,20251020,161500,21.58,21.58,21.58,21.58,200,0
TMFX.US,5,20251020,162000,21.59,21.6,21.59,21.6,500,0
TMFX.US,5,20251020,162500,21.65,21.65,21.65,21.65,100,0
TMFX.US,5,20251020,163500,21.62,21.62,21.62,21.62,200,0
TMFX.US,5,20251020,173000,21.64,21.64,21.64,21.64,200,0
TMFX.US,5,20251020,182500,21.62,21.62,21.62,21.62,369,0
TMFX.US,5,20251020,191500,21.71,21.71,21.71,21.71,100,0
TMFX.US,5,20251020,204500,21.6701,21.6701,21.6701,21.6701,261,0
TMFX.US,5,20251020,215000,21.69,21.69,21.6881,21.6881,1042,0
TMFX.US,5,20251021,154000,21.6123,21.6123,21.6123,21.6123,200,0
TMFX.US,5,20251021,154500,21.61,21.61,21.59,21.59,300,0
TMFX.US,5,20251021,155000,21.6,21.6,21.6,21.6,100,0
TMFX.US,5,20251021,163000,21.73,21.74,21.73,21.74,200,0
TMFX.US,5,20251021,172000,21.82,21.82,21.82,21.82,100,0
TMFX.US,5,20251021,180000,21.8296,21.8296,21.8296,21.8296,1500,0
TMFX.US,5,20251021,182000,21.8356,21.8356,21.8356,21.8356,275,0
TMFX.US,5,20251021,182500,21.84,21.84,21.84,21.84,100,0
TMFX.US,5,20251021,184500,21.86,21.86,21.86,21.86,100,0
TMFX.US,5,20251021,185000,21.8,21.8,21.8,21.8,100,0
TMFX.US,5,20251021,190000,21.8,21.8,21.8,21.8,100,0
TMFX.US,5,20251021,190500,21.81,21.82,21.81,21.82,400,0
TMFX.US,5,20251021,191500,21.84,21.84,21.84,21.84,200,0
TMFX.US,5,20251021,192000,21.78,21.78,21.78,21.78,100,0
TMFX.US,5,20251021,193500,21.79,21.79,21.79,21.79,100,0
TMFX.US,5,20251021,201500,21.79,21.79,21.79,21.79,100,0
TMFX.US,5,20251021,202500,21.81,21.81,21.81,21.81,100,0
TMFX.US,5,20251021,203500,21.795,21.795,21.79,21.795,542,0
TMFX.US,5,20251021,204500,21.79,21.79,21.79,21.79,100,0
TMFX.US,5,20251021,211000,21.79,21.79,21.79,21.79,100,0
TMFX.US,5,20251021,212000,21.78,21.78,21.78,21.78,100,0
TMFX.US,5,20251021,214500,21.772,21.772,21.772,21.772,200,0
TMFX.US,5,20251022,153500,21.7,21.705,21.7,21.705,464,0
TMFX.US,5,20251022,155000,21.7,21.7,21.7,21.7,524,0
TMFX.US,5,20251022,155500,21.69,21.7,21.69,21.7,424,0
TMFX.US,5,20251022,160000,21.69,21.69,21.68,21.68,624,0
TMFX.US,5,20251022,160500,21.67,21.67,21.67,21.67,424,0
TMFX.US,5,20251022,161000,21.64,21.64,21.64,21.64,341,0
TMFX.US,5,20251022,162000,21.67,21.67,21.67,21.67,344,0
TMFX.US,5,20251022,163000,21.57,21.57,21.57,21.57,483,0
TMFX.US,5,20251022,163500,21.55,21.57,21.55,21.57,300,0
TMFX.US,5,20251022,164500,21.5,21.5,21.49,21.49,1419,0
TMFX.US,5,20251022,170500,21.55,21.55,21.54,21.54,200,0
TMFX.US,5,20251022,171500,21.51,21.51,21.51,21.51,100,0
TMFX.US,5,20251022,172500,21.48,21.48,21.47,21.47,345,0
TMFX.US,5,20251022,173000,21.46,21.46,21.46,21.46,100,0
TMFX.US,5,20251022,173500,21.47,21.47,21.47,21.47,300,0
TMFX.US,5,20251022,182000,21.45,21.45,21.45,21.45,100,0
TMFX.US,5,20251022,190500,21.435,21.435,21.435,21.435,100,0
TMFX.US,5,20251022,193500,21.35,21.35,21.35,21.35,500,0
TMFX.US,5,20251022,194500,21.31,21.32,21.31,21.32,300,0
TMFX.US,5,20251022,195000,21.33,21.33,21.33,21.33,100,0
TMFX.US,5,20251022,215000,21.47,21.47,21.47,21.47,200,0
TMFX.US,5,20251023,153000,21.8,21.8,21.8,21.8,100,0
TMFX.US,5,20251023,174500,21.5518,21.5518,21.5518,21.5518,232,0
TMFX.US,5,20251023,182000,21.63,21.6301,21.62,21.62,896,0
TMFX.US,5,20251023,185000,21.66,21.66,21.66,21.66,200,0
TMFX.US,5,20251023,190500,21.66,21.66,21.66,21.66,345,0
TMFX.US,5,20251023,191000,21.63,21.63,21.63,21.63,100,0
TMFX.US,5,20251024,160500,21.9944,21.9944,21.9944,21.9944,700,0
TMFX.US,5,20251024,161000,22,22.01,22,22.01,371,0
TMFX.US,5,20251024,163000,21.9235,21.9235,21.9235,21.9235,1500,0
TMFX.US,5,20251024,165000,21.94,21.94,21.94,21.94,100,0
TMFX.US,5,20251024,170500,21.945,21.95,21.945,21.95,513,0
TMFX.US,5,20251024,172500,21.96,21.96,21.96,21.96,100,0
TMFX.US,5,20251024,174500,21.91,21.91,21.91,21.91,100,0
TMFX.US,5,20251024,204500,21.9,21.9,21.8958,21.8958,1380,0
TMFX.US,5,20251024,211500,21.89,21.89,21.89,21.89,100,0
TMFX.US,5,20251024,213000,21.89,21.89,21.89,21.89,100,0
TMFX.US,5,20251024,215000,21.86,21.86,21.86,21.86,100,0
TMFX.US,5,20251027,144000,22.02,22.02,22.02,22.02,189,0
TMFX.US,5,20251027,144500,22.01,22.04,22.01,22.04,200,0
TMFX.US,5,20251027,145500,22.02,22.0201,22.02,22.0201,330,0
TMFX.US,5,20251027,151000,22.04,22.04,22.03,22.03,200,0
TMFX.US,5,20251027,152000,21.99,22,21.99,22,200,0
TMFX.US,5,20251027,153500,22.01,22.01,22.01,22.01,3491,0
TMFX.US,5,20251027,155500,21.97,21.97,21.97,21.97,100,0
TMFX.US,5,20251027,170000,21.9764,21.9764,21.9764,21.9764,925,0
TMFX.US,5,20251027,174000,21.96,21.96,21.96,21.96,225,0
TMFX.US,5,20251027,181000,21.98,21.98,21.96,21.96,1200,0
TMFX.US,5,20251027,181500,21.965,21.965,21.965,21.965,455,0
TMFX.US,5,20251027,183500,21.98,21.98,21.98,21.98,100,0
TMFX.US,5,20251027,191000,21.99,21.99,21.99,21.99,100,0
TMFX.US,5,20251027,200000,21.985,21.985,21.985,21.985,5778,0
TMFX.US,5,20251027,202000,22.01,22.01,22.0099,22.0099,1800,0
TMFX.US,5,20251027,203500,22.01,22.01,22.01,22.01,200,0
TMFX.US,5,20251027,204000,22.01,22.01,22.01,22.01,300,0
TMFX.US,5,20251027,204500,22.01,22.01,22.01,22.01,100,0
TMFX.US,5,20251028,143500,21.95,21.95,21.95,21.95,164,0
TMFX.US,5,20251028,150000,21.8544,21.8544,21.8544,21.8544,228,0
TMFX.US,5,20251028,151000,21.8451,21.8451,21.8451,21.8451,185,0
TMFX.US,5,20251028,155500,21.89,21.89,21.89,21.89,100,0
TMFX.US,5,20251028,163000,21.895,21.895,21.8944,21.8944,294,0
TMFX.US,5,20251028,163500,21.8765,21.8765,21.87,21.87,841,0
TMFX.US,5,20251028,164000,21.87,21.87,21.87,21.87,100,0
TMFX.US,5,20251028,171500,21.87,21.87,21.87,21.87,100,0
TMFX.US,5,20251028,172500,21.87,21.87,21.87,21.87,100,0
TMFX.US,5,20251028,173000,21.93,21.93,21.93,21.93,100,0
TMFX.US,5,20251028,173500,21.89,21.89,21.88,21.88,200,0
TMFX.US,5,20251028,174500,21.88,21.88,21.88,21.88,100,0
TMFX.US,5,20251028,180500,21.91,21.91,21.91,21.91,100,0
TMFX.US,5,20251028,181500,21.87,21.88,21.87,21.88,400,0
TMFX.US,5,20251028,185000,21.8756,21.88,21.87,21.8799,1350,0
TMFX.US,5,20251028,185500,21.875,21.875,21.87,21.8742,2800,0
TMFX.US,5,20251028,190500,21.86,21.86,21.86,21.86,100,0
TMFX.US,5,20251028,191500,21.87,21.875,21.87,21.875,2413,0
TMFX.US,5,20251028,192000,21.875,21.875,21.875,21.875,200,0
TMFX.US,5,20251028,194000,21.8639,21.8639,21.8639,21.8639,1500,0
TMFX.US,5,20251028,195500,21.855,21.855,21.855,21.855,500,0
TMFX.US,5,20251028,201500,21.82703,21.82703,21.82703,21.82703,2000,0
TMFX.US,5,20251028,202000,21.82,21.82,21.82,21.82,100,0
TMFX.US,5,20251029,145000,21.62,21.62,21.62,21.62,100,0
TMFX.US,5,20251029,151500,21.63,21.63,21.63,21.63,315,0
TMFX.US,5,20251029,152500,21.63,21.63,21.63,21.63,200,0
TMFX.US,5,20251029,155000,21.61,21.61,21.61,21.61,700,0
TMFX.US,5,20251029,160500,21.67,21.67,21.67,21.67,200,0
TMFX.US,5,20251029,171500,21.6999,21.6999,21.6999,21.6999,1399,0
TMFX.US,5,20251029,173000,21.7135,21.7135,21.7135,21.7135,1000,0
TMFX.US,5,20251029,180000,21.69,21.69,21.69,21.69,150,0
TMFX.US,5,20251029,181000,21.69,21.69,21.69,21.69,100,0
TMFX.US,5,20251029,190000,21.64,21.64,21.64,21.64,100,0
TMFX.US,5,20251029,200500,21.51,21.51,21.51,21.51,100,0
TMFX.US,5,20251029,203000,21.4635,21.4635,21.4635,21.4635,100,0
TMFX.US,5,20251029,204000,21.4,21.4,21.4,21.4,100,0
TMFX.US,5,20251030,143000,21.3477,21.3477,21.3477,21.3477,235,0
TMFX.US,5,20251030,144500,21.53,21.53,21.53,21.53,300,0
TMFX.US,5,20251030,145000,21.53,21.55,21.53,21.55,205,0
TMFX.US,5,20251030,162500,21.5944,21.5944,21.5944,21.5944,463,0
TMFX.US,5,20251030,165000,21.5301,21.5301,21.53,21.53,400,0
TMFX.US,5,20251030,171000,21.56,21.56,21.56,21.56,302,0
TMFX.US,5,20251030,171500,21.56,21.56,21.55,21.55,200,0
TMFX.US,5,20251030,172500,21.55,21.55,21.55,21.55,100,0
TMFX.US,5,20251030,173000,21.54,21.54,21.54,21.54,100,0
TMFX.US,5,20251030,174000,21.51,21.52,21.51,21.52,200,0
TMFX.US,5,20251030,175000,21.53,21.5301,21.53,21.5301,2000,0
TMFX.US,5,20251030,180000,21.53,21.53,21.5,21.5,400,0
TMFX.US,5,20251030,180500,21.5,21.5,21.48,21.48,200,0
TMFX.US,5,20251030,181000,21.48,21.48,21.48,21.48,200,0
TMFX.US,5,20251030,181500,21.48,21.49,21.48,21.49,400,0
TMFX.US,5,20251030,182000,21.5,21.5,21.5,21.5,100,0
TMFX.US,5,20251030,182500,21.51,21.54,21.51,21.53,2530,0
TMFX.US,5,20251030,183000,21.52,21.52,21.52,21.52,100,0
TMFX.US,5,20251030,183500,21.51,21.51,21.5,21.5,300,0
TMFX.US,5,20251030,184000,21.4845,21.49,21.4845,21.49,332,0
TMFX.US,5,20251030,185000,21.5154,21.5154,21.51,21.51,925,0
TMFX.US,5,20251030,185500,21.51,21.51,21.51,21.51,565,0
TMFX.US,5,20251030,190000,21.51,21.51,21.51,21.51,100,0
TMFX.US,5,20251030,190500,21.49,21.49,21.48,21.48,200,0
TMFX.US,5,20251030,191000,21.48,21.48,21.475,21.48,1193,0
TMFX.US,5,20251030,191500,21.46,21.46,21.45,21.46,400,0
TMFX.US,5,20251030,192000,21.465,21.465,21.465,21.465,1778,0
TMFX.US,5,20251030,192500,21.47,21.47,21.47,21.47,200,0
TMFX.US,5,20251030,193000,21.47,21.47,21.47,21.47,400,0
TMFX.US,5,20251030,193500,21.44,21.44,21.44,21.44,300,0
TMFX.US,5,20251030,194500,21.43,21.45,21.43,21.45,200,0
TMFX.US,5,20251030,195000,21.45,21.45,21.45,21.45,200,0
TMFX.US,5,20251030,195500,21.45,21.45,21.45,21.45,100,0
TMFX.US,5,20251030,200000,21.43,21.43,21.42,21.42,1041,0
TMFX.US,5,20251030,200500,21.41,21.41,21.41,21.41,100,0
TMFX.US,5,20251030,201000,21.4048,21.41,21.4048,21.41,1600,0
TMFX.US,5,20251030,203000,21.38,21.38,21.38,21.38,200,0
TMFX.US,5,20251030,205500,21.33,21.33,21.31,21.31,1737,0
TMFX.US,5,20251031,143000,21.479,21.48,21.479,21.4799,1680,0
TMFX.US,5,20251031,144000,21.48,21.48,21.48,21.48,100,0
TMFX.US,5,20251031,144500,21.49,21.49,21.49,21.49,100,0
TMFX.US,5,20251031,150000,21.565,21.565,21.565,21.565,100,0
TMFX.US,5,20251031,151500,21.57,21.59,21.57,21.59,206,0
TMFX.US,5,20251031,154500,21.65,21.65,21.65,21.65,100,0
TMFX.US,5,20251031,155500,21.64,21.65,21.6399,21.65,6100,0
TMFX.US,5,20251031,161000,21.63,21.63,21.63,21.63,347,0
TMFX.US,5,20251031,162500,21.63,21.63,21.63,21.63,100,0
TMFX.US,5,20251031,163500,21.61,21.61,21.6,21.6,400,0
TMFX.US,5,20251031,164000,21.58,21.58,21.57,21.57,200,0
TMFX.US,5,20251031,164500,21.61,21.61,21.61,21.61,577,0
TMFX.US,5,20251031,165000,21.6,21.6,21.6,21.6,100,0
TMFX.US,5,20251031,165500,21.59,21.59,21.57,21.57,200,0
TMFX.US,5,20251031,170500,21.56,21.56,21.56,21.56,100,0
TMFX.US,5,20251031,171000,21.54,21.54,21.54,21.54,100,0
TMFX.US,5,20251031,171500,21.53,21.53,21.525,21.525,451,0
TMFX.US,5,20251031,172500,21.55,21.55,21.55,21.55,100,0
TMFX.US,5,20251031,173000,21.59,21.59,21.59,21.59,100,0
TMFX.US,5,20251031,173500,21.59,21.59,21.59,21.59,100,0
TMFX.US,5,20251031,180000,21.53,21.535,21.53,21.535,200,0
TMFX.US,5,20251031,180500,21.53,21.53,21.53,21.53,100,0
TMFX.US,5,20251031,181000,21.53,21.53,21.53,21.53,100,0
TMFX.US,5,20251031,182000,21.5,21.5,21.5,21.5,300,0
TMFX.US,5,20251031,182500,21.52,21.53,21.52,21.53,200,0
TMFX.US,5,20251031,183000,21.55,21.55,21.55,21.55,100,0
TMFX.US,5,20251031,185500,21.55,21.55,21.55,21.55,100,0
TMFX.US,5,20251031,190000,21.56,21.56,21.56,21.56,100,0
TMFX.US,5,20251031,193000,21.62,21.62,21.62,21.62,100,0
TMFX.US,5,20251031,194000,21.64,21.64,21.64,21.64,100,0
TMFX.US,5,20251031,194500,21.63,21.63,21.63,21.63,100,0
TMFX.US,5,20251031,195500,21.63,21.63,21.63,21.63,100,0
TMFX.US,5,20251031,200000,21.6448,21.65,21.6448,21.65,200,0
TMFX.US,5,20251031,201000,21.67,21.67,21.67,21.67,100,0
TMFX.US,5,20251031,201500,21.67,21.67,21.67,21.67,100,0
TMFX.US,5,20251031,202000,21.68,21.68,21.68,21.68,150,0
TMFX.US,5,20251031,202500,21.7,21.7,21.6901,21.6901,400,0
TMFX.US,5,20251031,203500,21.71,21.7165,21.7,21.7,1000,0
TMFX.US,5,20251031,205500,21.69,21.69,21.69,21.69,353,0
TMFX.US,5,20251103,155000,21.62,21.62,21.62,21.62,100,0
TMFX.US,5,20251103,160000,21.6,21.6,21.5922,21.5922,200,0
TMFX.US,5,20251103,161000,21.57,21.57,21.57,21.57,100,0
TMFX.US,5,20251103,164500,21.49,21.49,21.49,21.49,100,0
TMFX.US,5,20251103,165000,21.5,21.5,21.5,21.5,100,0
TMFX.US,5,20251103,171500,21.61,21.61,21.6099,21.6099,1400,0
TMFX.US,5,20251103,174500,21.61,21.61,21.61,21.61,100,0
TMFX.US,5,20251103,175000,21.59,21.59,21.59,21.59,100,0
TMFX.US,5,20251103,175500,21.6,21.6,21.6,21.6,100,0
TMFX.US,5,20251103,182000,21.615,21.6151,21.6149,21.6149,1737,0
TMFX.US,5,20251103,185000,21.65,21.65,21.65,21.65,100,0
TMFX.US,5,20251103,190000,21.6501,21.6501,21.6501,21.6501,893,0
TMFX.US,5,20251103,191500,21.65,21.65,21.65,21.65,100,0
TMFX.US,5,20251103,194500,21.6401,21.6401,21.6401,21.6401,100,0
TMFX.US,5,20251103,200000,21.64,21.64,21.64,21.64,100,0
TMFX.US,5,20251103,200500,21.64,21.65,21.64,21.65,200,0
TMFX.US,5,20251103,201500,21.6565,21.6565,21.6565,21.6565,117,0
TMFX.US,5,20251103,202000,21.66,21.66,21.66,21.66,100,0
TMFX.US,5,20251103,204500,21.68,21.68,21.68,21.68,100,0
TMFX.US,5,20251103,210000,21.66,21.665,21.66,21.665,478,0
TMFX.US,5,20251104,155000,21.45,21.45,21.45,21.45,150,0
TMFX.US,5,20251104,160500,21.4954,21.4954,21.47,21.47,836,0
TMFX.US,5,20251104,162000,21.51,21.51,21.51,21.51,100,0
TMFX.US,5,20251104,163500,21.52,21.52,21.52,21.52,100,0
TMFX.US,5,20251104,164000,21.53,21.53,21.52,21.52,821,0
TMFX.US,5,20251104,173500,21.44,21.44,21.44,21.44,100,0
TMFX.US,5,20251104,174000,21.44,21.44,21.44,21.44,100,0
TMFX.US,5,20251104,174500,21.44,21.44,21.44,21.44,100,0
TMFX.US,5,20251104,175000,21.43,21.46,21.43,21.46,400,0
TMFX.US,5,20251104,175500,21.46,21.4601,21.46,21.4601,2517,0
TMFX.US,5,20251104,180000,21.47,21.47,21.47,21.47,100,0
TMFX.US,5,20251104,180500,21.45,21.45,21.45,21.45,268,0
TMFX.US,5,20251104,181000,21.42,21.42,21.42,21.42,200,0
TMFX.US,5,20251104,182000,21.4,21.42,21.4,21.42,300,0
TMFX.US,5,20251104,182500,21.42,21.44,21.42,21.44,200,0
TMFX.US,5,20251104,184000,21.4,21.4,21.4,21.4,100,0
TMFX.US,5,20251104,185500,21.38,21.38,21.38,21.38,100,0
TMFX.US,5,20251104,190500,21.37,21.37,21.37,21.37,100,0
TMFX.US,5,20251104,191000,21.37,21.37,21.37,21.37,200,0
TMFX.US,5,20251104,192000,21.37,21.37,21.37,21.37,100,0
TMFX.US,5,20251104,194500,21.38,21.38,21.38,21.38,100,0
TMFX.US,5,20251104,195000,21.38,21.38,21.38,21.38,200,0
TMFX.US,5,20251104,203000,21.41,21.41,21.405,21.41,450,0
TMFX.US,5,20251104,204500,21.38,21.38,21.38,21.38,100,0
TMFX.US,5,20251104,205500,21.4,21.4,21.4,21.4,100,0
TMFX.US,5,20251104,210500,21.41,21.41,21.41,21.41,100,0
TMFX.US,5,20251105,161000,21.39,21.39,21.38,21.38,200,0
TMFX.US,5,20251105,162500,21.41,21.41,21.41,21.41,100,0
TMFX.US,5,20251105,164000,21.39,21.39,21.39,21.39,353,0
TMFX.US,5,20251105,165000,21.3701,21.3701,21.37,21.37,952,0
TMFX.US,5,20251105,173500,21.42,21.4258,21.42,21.4258,200,0
TMFX.US,5,20251105,175000,21.52,21.52,21.52,21.52,100,0
TMFX.US,5,20251105,180000,21.52,21.52,21.52,21.52,100,0
TMFX.US,5,20251105,182000,21.52,21.52,21.52,21.52,100,0
TMFX.US,5,20251105,185000,21.558,21.558,21.558,21.558,100,0
TMFX.US,5,20251105,191000,21.551,21.5511,21.551,21.5511,374,0
TMFX.US,5,20251105,200500,21.54,21.54,21.54,21.54,100,0
TMFX.US,5,20251105,202000,21.57,21.57,21.57,21.57,100,0
TMFX.US,5,20251105,202500,21.55,21.55,21.55,21.55,100,0
TMFX.US,5,20251105,204000,21.56,21.5601,21.56,21.5601,200,0
TMFX.US,5,20251105,205000,21.55,21.55,21.55,21.55,100,0
TMFX.US,5,20251105,205500,21.56,21.56,21.56,21.56,100,0
TMFX.US,5,20251105,210000,21.57,21.57,21.57,21.57,200,0
TMFX.US,5,20251105,210500,21.59,21.59,21.59,21.59,100,0
TMFX.US,5,20251105,214000,21.56,21.56,21.5501,21.5501,225,0
TMFX.US,5,20251106,155000,21.4,21.4,21.4,21.4,100,0
TMFX.US,5,20251106,160000,21.26,21.26,21.26,21.26,108,0
TMFX.US,5,20251106,162500,21.29,21.29,21.29,21.29,100,0
TMFX.US,5,20251106,171000,21.13,21.13,21.11,21.11,200,0
TMFX.US,5,20251106,172000,21.12,21.12,21.12,21.12,100,0
TMFX.US,5,20251106,173000,21.0791,21.0791,21.0791,21.0791,100,0
TMFX.US,5,20251106,173500,21.08,21.08,21.06,21.06,200,0
TMFX.US,5,20251106,174000,21.07,21.07,21.06,21.06,200,0
TMFX.US,5,20251106,174500,21.03,21.03,21.03,21.03,200,0
TMFX.US,5,20251106,175000,21.04,21.07,21.04,21.07,500,0
TMFX.US,5,20251106,175500,21.05,21.05,21.03,21.03,400,0
TMFX.US,5,20251106,180000,21.04,21.04,21.04,21.04,100,0
TMFX.US,5,20251106,180500,21.05,21.05,21.04,21.04,200,0
TMFX.US,5,20251106,181000,21.07,21.07,21.07,21.07,100,0
TMFX.US,5,20251106,181500,21.06,21.06,21.04,21.05,516,0
TMFX.US,5,20251106,182500,21.02,21.02,21.02,21.02,100,0
TMFX.US,5,20251106,183000,21.03,21.03,21.03,21.03,100,0
TMFX.US,5,20251106,183500,21.04,21.04,21.04,21.04,100,0
TMFX.US,5,20251106,184000,21.04,21.04,21.04,21.04,100,0
TMFX.US,5,20251106,185000,21.11,21.11,21.1,21.1,200,0
TMFX.US,5,20251106,185500,21.09,21.09,21.08,21.08,200,0
TMFX.US,5,20251106,190000,21.07,21.07,21.05,21.05,200,0
TMFX.US,5,20251106,190500,21.04,21.04,21.04,21.04,100,0
TMFX.US,5,20251106,191000,21.03,21.04,21.03,21.04,300,0
TMFX.US,5,20251106,191500,21.04,21.04,21.04,21.04,200,0
TMFX.US,5,20251106,192000,21.04,21.06,21.04,21.06,400,0
TMFX.US,5,20251106,193500,21.12,21.12,21.12,21.12,100,0
TMFX.US,5,20251106,194500,21.14,21.14,21.13,21.13,200,0
TMFX.US,5,20251106,195500,21.13,21.13,21.12,21.12,300,0
TMFX.US,5,20251106,200000,21.12,21.14,21.12,21.14,200,0
TMFX.US,5,20251106,201000,21.15,21.15,21.15,21.15,100,0
TMFX.US,5,20251106,201500,21.15,21.15,21.15,21.15,100,0
TMFX.US,5,20251106,202000,21.15,21.15,21.15,21.15,100,0
TMFX.US,5,20251106,203000,21.18,21.18,21.18,21.18,200,0
TMFX.US,5,20251106,203500,21.19,21.19,21.19,21.19,100,0
TMFX.US,5,20251106,204000,21.17,21.17,21.17,21.17,200,0
TMFX.US,5,20251106,204500,21.16,21.16,21.16,21.16,100,0
TMFX.US,5,20251106,205000,21.14,21.14,21.14,21.14,200,0
TMFX.US,5,20251106,205500,21.15,21.17,21.15,21.17,200,0
TMFX.US,5,20251106,210500,21.17,21.17,21.17,21.17,100,0
TMFX.US,5,20251106,212000,21.19,21.19,21.19,21.19,200,0
TMFX.US,5,20251106,214500,21.1,21.1,21.1,21.1,100,0
TMFX.US,5,20251106,215000,21.1,21.1,21.1,21.1,100,0
TMFX.US,5,20251107,154000,20.8,20.8,20.8,20.8,100,0
TMFX.US,5,20251107,160000,20.86,20.86,20.86,20.86,1500,0
TMFX.US,5,20251107,160500,20.82,20.82,20.82,20.82,100,0
TMFX.US,5,20251107,161000,20.87,20.88,20.87,20.88,500,0
TMFX.US,5,20251107,162000,20.88,20.88,20.88,20.88,532,0
TMFX.US,5,20251107,162500,20.88,20.88,20.88,20.88,400,0
TMFX.US,5,20251107,164500,20.81,20.81,20.81,20.81,149,0
TMFX.US,5,20251107,165000,20.82,20.82,20.82,20.82,100,0
TMFX.US,5,20251107,170500,20.8,20.8,20.8,20.8,681,0
TMFX.US,5,20251107,171000,20.79,20.79,20.77,20.77,200,0
TMFX.US,5,20251107,174000,20.78,20.78,20.78,20.78,100,0
TMFX.US,5,20251107,174500,20.7601,20.7601,20.7601,20.7601,100,0
TMFX.US,5,20251107,175000,20.78,20.78,20.78,20.78,300,0
TMFX.US,5,20251107,175500,20.75,20.75,20.74,20.74,1696,0
TMFX.US,5,20251107,180500,20.73,20.73,20.72,20.72,200,0
TMFX.US,5,20251107,181000,20.725,20.76,20.725,20.76,690,0
TMFX.US,5,20251107,184000,20.8065,20.8065,20.8065,20.8065,100,0
TMFX.US,5,20251107,184500,20.8,20.8,20.8,20.8,100,0
TMFX.US,5,20251107,185000,20.78,20.78,20.78,20.78,100,0
TMFX.US,5,20251107,185500,20.83,20.83,20.83,20.83,100,0
TMFX.US,5,20251107,190000,20.84,20.84,20.84,20.84,100,0
TMFX.US,5,20251107,190500,20.85,20.86,20.85,20.86,200,0
TMFX.US,5,20251107,192000,20.88,20.88,20.88,20.88,100,0
TMFX.US,5,20251107,192500,20.91,20.91,20.91,20.91,100,0
TMFX.US,5,20251107,193000,20.91,20.91,20.91,20.91,100,0
TMFX.US,5,20251107,195500,20.92,20.92,20.92,20.92,100,0
TMFX.US,5,20251107,212500,21.05,21.05,21.05,21.05,629,0
TMFX.US,5,20251107,213000,21.09,21.09,21.09,21.09,100,0
TMFX.US,5,20251107,215000,21.115,21.115,21.11,21.11,846,0
TMFX.US,5,20251110,155500,21.31,21.31,21.31,21.31,100,0
TMFX.US,5,20251110,173000,21.26,21.2601,21.26,21.2601,200,0
TMFX.US,5,20251110,174000,21.26,21.26,21.26,21.26,100,0
TMFX.US,5,20251110,181000,21.33,21.33,21.33,21.33,100,0
TMFX.US,5,20251110,195500,21.415,21.415,21.4101,21.4101,1615,0
TMFX.US,5,20251110,200000,21.42,21.42,21.42,21.42,100,0
TMFX.US,5,20251110,211500,21.481,21.481,21.481,21.481,231,0
TMFX.US,5,20251110,212000,21.463,21.463,21.463,21.463,930,0
TMFX.US,5,20251110,213000,21.46,21.46,21.45,21.4501,600,0
TMFX.US,5,20251110,214500,21.4748,21.4748,21.4748,21.4748,536,0
TMFX.US,5,20251111,154500,21.4,21.4,21.4,21.4,100,0
TMFX.US,5,20251111,160500,21.47,21.47,21.47,21.47,100,0
TMFX.US,5,20251111,162500,21.42,21.42,21.42,21.42,100,0
TMFX.US,5,20251111,163500,21.41,21.42,21.41,21.42,300,0
TMFX.US,5,20251111,170500,21.4,21.4,21.4,21.4,312,0
TMFX.US,5,20251111,171000,21.39,21.3901,21.39,21.3901,200,0
TMFX.US,5,20251111,173000,21.4,21.4,21.4,21.4,100,0
TMFX.US,5,20251111,174000,21.41,21.41,21.41,21.41,100,0
TMFX.US,5,20251111,180500,21.42,21.43,21.42,21.43,200,0
TMFX.US,5,20251111,181500,21.455,21.455,21.455,21.455,434,0
TMFX.US,5,20251111,182500,21.45,21.45,21.45,21.45,200,0
TMFX.US,5,20251111,183000,21.46,21.46,21.46,21.46,100,0
TMFX.US,5,20251111,184000,21.46,21.4601,21.45,21.4601,1134,0
TMFX.US,5,20251111,184500,21.47,21.47,21.47,21.47,4278,0
TMFX.US,5,20251111,185000,21.48,21.48,21.48,21.48,100,0
TMFX.US,5,20251111,185500,21.49,21.49,21.49,21.49,100,0
TMFX.US,5,20251111,191500,21.5,21.5,21.5,21.5,100,0
TMFX.US,5,20251111,192000,21.51,21.51,21.495,21.495,500,0
TMFX.US,5,20251111,200000,21.5,21.5,21.5,21.5,659,0
TMFX.US,5,20251111,203500,21.5,21.5,21.5,21.5,100,0
TMFX.US,5,20251111,214500,21.4849,21.4849,21.4849,21.4849,232,0
TMFX.US,5,20251112,154500,21.63,21.63,21.622,21.622,300,0
TMFX.US,5,20251112,161000,21.63,21.63,21.63,21.63,543,0
TMFX.US,5,20251112,163500,21.51,21.51,21.51,21.51,412,0
TMFX.US,5,20251112,165000,21.5,21.5067,21.5,21.5067,300,0
TMFX.US,5,20251112,171000,21.46,21.46,21.46,21.46,100,0
TMFX.US,5,20251112,174000,21.5,21.5,21.5,21.5,100,0
TMFX.US,5,20251112,175000,21.49,21.5,21.49,21.5,200,0
TMFX.US,5,20251112,180500,21.5,21.51,21.5,21.51,240,0
TMFX.US,5,20251112,181500,21.49,21.49,21.49,21.49,100,0
TMFX.US,5,20251112,182000,21.49,21.5,21.49,21.5,200,0
TMFX.US,5,20251112,184000,21.54,21.54,21.54,21.54,100,0
TMFX.US,5,20251112,184500,21.53,21.53,21.53,21.53,200,0
TMFX.US,5,20251112,185500,21.54,21.54,21.54,21.54,100,0
TMFX.US,5,20251112,193000,21.5,21.5,21.5,21.5,100,0
TMFX.US,5,20251112,203500,21.52,21.52,21.52,21.52,100,0
TMFX.US,5,20251112,210500,21.51,21.51,21.51,21.51,124,0
TMFX.US,5,20251112,211500,21.5452,21.5452,21.5452,21.5452,200,0
TMFX.US,5,20251113,153000,21.4,21.4,21.4,21.4,194,0
TMFX.US,5,20251113,160000,21.279,21.279,21.279,21.279,200,0
TMFX.US,5,20251113,163500,21.2699,21.27,21.2699,21.2699,1660,0
TMFX.US,5,20251113,171500,21.18,21.18,21.16,21.16,235,0
TMFX.US,5,20251113,173000,21.19,21.19,21.19,21.19,100,0
TMFX.US,5,20251113,190500,21.081,21.081,21.081,21.081,100,0
TMFX.US,5,20251113,191500,21.05,21.05,21.05,21.05,735,0
TMFX.US,5,20251113,194000,20.95,20.9515,20.95,20.9515,1100,0
TMFX.US,5,20251113,195500,20.98,20.98,20.98,20.98,651,0
TMFX.US,5,20251113,203000,21.01,21.01,21.01,21.01,100,0
TMFX.US,5,20251113,204500,20.9679,20.9679,20.9679,20.9679,1300,0
TMFX.US,5,20251113,214500,20.97,20.97,20.97,20.97,100,0
TMFX.US,5,20251114,153000,20.52,20.675,20.52,20.66,4255,0
TMFX.US,5,20251114,154000,20.7754,20.7754,20.7754,20.7754,252,0
TMFX.US,5,20251114,154500,20.81,20.87,20.81,20.86,3305,0
TMFX.US,5,20251114,161500,20.84,20.84,20.84,20.84,479,0
TMFX.US,5,20251114,163500,20.89,20.9,20.89,20.9,1100,0
TMFX.US,5,20251114,183500,21.02,21.02,21.02,21.02,146,0
TMFX.US,5,20251114,191000,20.96,20.96,20.96,20.96,100,0
TMFX.US,5,20251114,201500,20.9,20.91,20.9,20.91,200,0
TMFX.US,5,20251114,202500,20.91,20.91,20.91,20.91,286,0
TMFX.US,5,20251114,203000,20.921,20.921,20.911,20.911,1080,0
TMFX.US,5,20251114,204000,20.91,20.91,20.91,20.91,1131,0
TMFX.US,5,20251114,205000,20.9001,20.9001,20.9001,20.9001,100,0
TMFX.US,5,20251114,205500,20.941,20.941,20.941,20.941,400,0
TMFX.US,5,20251114,212000,20.8747,20.8747,20.8747,20.8747,100,0
TMFX.US,5,20251114,213500,20.86,20.86,20.85,20.85,300,0
TMFX.US,5,20251117,161000,20.74,20.74,20.74,20.74,116,0
TMFX.US,5,20251117,164000,20.68,20.68,20.68,20.68,100,0
TMFX.US,5,20251117,171500,20.64,20.64,20.64,20.64,100,0
TMFX.US,5,20251117,172500,20.691,20.691,20.691,20.691,152,0
TMFX.US,5,20251117,173000,20.71,20.71,20.71,20.71,299,0
TMFX.US,5,20251117,174000,20.7298,20.7298,20.7298,20.7298,152,0
TMFX.US,5,20251117,184500,20.6851,20.6851,20.6851,20.6851,216,0
TMFX.US,5,20251117,191500,20.63,20.64,20.63,20.64,439,0
TMFX.US,5,20251117,202000,20.51,20.51,20.51,20.51,484,0
TMFX.US,5,20251117,205000,20.4,20.4,20.4,20.4,100,0
TMFX.US,5,20251117,214000,20.3737,20.3737,20.3737,20.3737,100,0
TMFX.US,5,20251118,153500,20.3521,20.3521,20.3521,20.3521,1500,0
TMFX.US,5,20251118,155000,20.35,20.35,20.35,20.35,100,0
TMFX.US,5,20251118,160500,20.3,20.3,20.3,20.3,100,0
TMFX.US,5,20251118,164000,20.28,20.2801,20.28,20.2801,200,0
TMFX.US,5,20251118,172500,20.4299,20.4299,20.4299,20.4299,250,0
TMFX.US,5,20251118,175000,20.3901,20.3901,20.3901,20.3901,200,0
TMFX.US,5,20251118,180500,20.39,20.39,20.39,20.39,416,0
TMFX.US,5,20251118,182000,20.3837,20.3837,20.3837,20.3837,153,0
TMFX.US,5,20251118,184000,20.45,20.48,20.45,20.48,200,0
TMFX.US,5,20251118,193500,20.5575,20.56,20.5575,20.56,1600,0
TMFX.US,5,20251118,200000,20.5201,20.53,20.52,20.52,7415,0
TMFX.US,5,20251119,154000,20.4306,20.4306,20.4306,20.4306,100,0
TMFX.US,5,20251119,170000,20.44,20.44,20.44,20.44,100,0
TMFX.US,5,20251119,175500,20.441,20.441,20.441,20.441,100,0
TMFX.US,5,20251119,180000,20.42,20.42,20.42,20.42,100,0
TMFX.US,5,20251119,181000,20.42,20.42,20.42,20.42,100,0
TMFX.US,5,20251119,190000,20.4,20.4,20.4,20.4,991,0
TMFX.US,5,20251120,161000,20.85,20.85,20.85,20.85,100,0
TMFX.US,5,20251120,162500,20.92,20.92,20.92,20.92,100,0
TMFX.US,5,20251120,163000,20.89,20.89,20.89,20.89,598,0
TMFX.US,5,20251120,164500,20.85,20.85,20.85,20.85,100,0
TMFX.US,5,20251120,193500,20.334,20.3349,20.334,20.3349,617,0
TMFX.US,5,20251120,194000,20.31,20.31,20.31,20.31,1229,0
TMFX.US,5,20251120,202500,20.3,20.3,20.3,20.3,100,0
TMFX.US,5,20251120,204000,20.2401,20.25,20.2401,20.25,1033,0
TMFX.US,5,20251120,211500,20.26,20.2707,20.26,20.2707,446,0
TMFX.US,5,20251120,212000,20.275,20.275,20.275,20.275,539,0
TMFX.US,5,20251120,213500,20.1888,20.19,20.1885,20.1888,990,0
TMFX.US,5,20251120,214000,20.16,20.1601,20.13,20.13,1656,0
TMFX.US,5,20251121,154000,20.23,20.23,20.23,20.23,100,0
TMFX.US,5,20251121,155000,20.28,20.28,20.28,20.28,100,0
TMFX.US,5,20251121,155500,20.28,20.28,20.28,20.28,100,0
TMFX.US,5,20251121,160500,20.29,20.29,20.29,20.29,985,0
TMFX.US,5,20251121,164000,20.25,20.25,20.25,20.25,100,0
TMFX.US,5,20251121,175500,20.61,20.61,20.61,20.61,250,0
TMFX.US,5,20251121,180500,20.61,20.61,20.61,20.61,250,0
TMFX.US,5,20251121,185500,20.6282,20.6282,20.6282,20.6282,100,0
TMFX.US,5,20251121,191500,20.55,20.55,20.55,20.55,100,0
TMFX.US,5,20251124,155000,20.62,20.62,20.62,20.62,200,0
TMFX.US,5,20251124,161000,20.71,20.71,20.71,20.71,100,0
TMFX.US,5,20251124,162500,20.73,20.73,20.73,20.73,200,0
TMFX.US,5,20251124,164500,20.82,20.82,20.82,20.82,100,0
TMFX.US,5,20251124,171000,20.84,20.84,20.83,20.83,300,0
TMFX.US,5,20251124,172500,20.84,20.84,20.84,20.84,100,0
TMFX.US,5,20251124,174000,20.84,20.84,20.84,20.84,872,0
TMFX.US,5,20251124,174500,20.835,20.835,20.835,20.835,500,0
TMFX.US,5,20251124,182000,20.83,20.83,20.83,20.83,100,0
TMFX.US,5,20251124,182500,20.83,20.8335,20.83,20.8335,297,0
TMFX.US,5,20251124,184000,20.85,20.85,20.85,20.85,200,0
TMFX.US,5,20251124,184500,20.86,20.86,20.86,20.86,100,0
TMFX.US,5,20251124,185500,20.87,20.87,20.87,20.87,100,0
TMFX.US,5,20251124,190000,20.86,20.86,20.86,20.86,200,0
TMFX.US,5,20251124,190500,20.86,20.86,20.86,20.86,100,0
TMFX.US,5,20251124,191500,20.85,20.85,20.85,20.85,100,0
TMFX.US,5,20251124,200500,20.84,20.84,20.84,20.84,100,0
TMFX.US,5,20251124,203000,20.7902,20.7902,20.7902,20.7902,600,0
TMFX.US,5,20251124,210000,20.78,20.78,20.78,20.78,100,0
TMFX.US,5,20251124,215000,20.785,20.785,20.785,20.785,1500,0
TMFX.US,5,20251125,153500,20.89,20.89,20.89,20.89,400,0
TMFX.US,5,20251125,161000,20.96,20.96,20.96,20.96,100,0
TMFX.US,5,20251125,162500,20.97,20.99,20.97,20.99,200,0
TMFX.US,5,20251125,165500,21.06,21.06,21.06,21.06,100,0
TMFX.US,5,20251125,172500,21.08,21.08,21.08,21.08,221,0
TMFX.US,5,20251125,174000,21.11,21.11,21.11,21.11,100,0
TMFX.US,5,20251125,175500,21.118,21.118,21.118,21.118,100,0
TMFX.US,5,20251126,153000,21.23,21.23,21.23,21.23,612,0
TMFX.US,5,20251126,155000,21.34,21.34,21.34,21.34,500,0
TMFX.US,5,20251126,170500,21.38,21.38,21.38,21.38,100,0
TMFX.US,5,20251126,172500,21.379,21.379,21.379,21.379,400,0
TMFX.US,5,20251126,174500,21.38,21.38,21.38,21.38,607,0
TMFX.US,5,20251126,193500,21.3901,21.3901,21.3901,21.3901,220,0
TMFX.US,5,20251126,194500,21.4,21.4,21.4,21.4,300,0
TMFX.US,5,20251126,215500,21.32,21.32,21.32,21.32,165,0
TMFX.US,5,20251128,171000,21.52,21.52,21.52,21.52,100,0
TMFX.US,5,20251201,154500,21.3101,21.32,21.3101,21.32,400,0
TMFX.US,5,20251201,165000,21.3601,21.3601,21.3601,21.3601,117,0
TMFX.US,5,20251201,173000,21.4124,21.4124,21.4124,21.4124,198,0
TMFX.US,5,20251201,181000,21.45,21.45,21.45,21.45,100,0
TMFX.US,5,20251201,183000,21.435,21.435,21.435,21.435,150,0
TMFX.US,5,20251201,193000,21.47,21.47,21.47,21.47,100,0
TMFX.US,5,20251201,194500,21.48,21.48,21.48,21.48,100,0
TMFX.US,5,20251201,210000,21.365,21.365,21.365,21.365,200,0
TMFX.US,5,20251202,160500,21.4645,21.4645,21.4645,21.4645,139,0
TMFX.US,5,20251202,163000,21.37,21.37,21.37,21.37,187,0
TMFX.US,5,20251202,171500,21.4055,21.4055,21.4055,21.4055,100,0
TMFX.US,5,20251202,174000,21.3601,21.3601,21.3601,21.3601,150,0
TMFX.US,5,20251202,194500,21.3544,21.3544,21.3544,21.3544,300,0
TMFX.US,5,20251203,194500,21.465,21.465,21.461,21.4615,960,0
TMFX.US,5,20251203,200000,21.4554,21.4554,21.4554,21.4554,442,0
TMFX.US,5,20251203,205000,21.47,21.47,21.47,21.47,330,0
TMFX.US,5,20251203,214500,21.481,21.481,21.481,21.481,112,0
TMFX.US,5,20251204,164000,21.5184,21.5184,21.5184,21.5184,100,0
TMFX.US,5,20251204,190000,21.6275,21.6275,21.6275,21.6275,104,0
TMFX.US,5,20251204,192000,21.6297,21.6297,21.6297,21.6297,462,0
TMFX.US,5,20251204,195500,21.63,21.63,21.63,21.63,462,0
TMFX.US,5,20251204,212500,21.5602,21.5602,21.5602,21.5602,463,0
TMFX.US,5,20251204,215500,21.57,21.59,21.57,21.59,325,0
TMFX.US,5,20251205,155000,21.6487,21.6487,21.6487,21.6487,100,0
TMFX.US,5,20251205,164000,21.75,21.75,21.75,21.75,100,0
TMFX.US,5,20251205,165500,21.771,21.771,21.771,21.771,198,0
TMFX.US,5,20251205,175500,21.71,21.71,21.71,21.71,309,0
TMFX.US,5,20251205,205500,21.71,21.71,21.71,21.71,100,0
TMFX.US,5,20251208,160500,21.7,21.7,21.7,21.7,233,0
TMFX.US,5,20251208,162000,21.7228,21.7228,21.7228,21.7228,2991,0
TMFX.US,5,20251208,163000,21.731,21.731,21.731,21.731,500,0
TMFX.US,5,20251208,165500,21.67,21.67,21.67,21.67,265,0
TMFX.US,5,20251208,175000,21.66,21.66,21.66,21.66,194,0
TMFX.US,5,20251208,175500,21.6665,21.6665,21.6665,21.6665,149,0
TMFX.US,5,20251208,184000,21.6865,21.6865,21.6865,21.6865,100,0
TMFX.US,5,20251208,194000,21.625,21.625,21.625,21.625,200,0
TMFX.US,5,20251208,211000,21.673,21.673,21.673,21.673,100,0
TMFX.US,5,20251208,212500,21.6799,21.6799,21.6799,21.6799,114,0
TMFX.US,5,20251209,161000,21.6745,21.6745,21.6745,21.6745,230,0
TMFX.US,5,20251209,174000,21.72,21.72,21.72,21.72,100,0
TMFX.US,5,20251209,180500,21.71,21.71,21.71,21.71,100,0
TMFX.US,5,20251209,181500,21.7,21.7,21.7,21.7,100,0
TMFX.US,5,20251209,191000,21.6799,21.68,21.675,21.6766,1300,0
TMFX.US,5,20251209,192000,21.6999,21.6999,21.6999,21.6999,691,0
TMFX.US,5,20251209,194000,21.68,21.68,21.68,21.68,137,0
TMFX.US,5,20251209,204500,21.6755,21.6755,21.6755,21.6755,100,0
TMFX.US,5,20251210,164500,21.65,21.65,21.65,21.65,150,0
TMFX.US,5,20251210,183500,21.669,21.669,21.669,21.669,400,0
TMFX.US,5,20251210,194000,21.68,21.68,21.68,21.68,251,0
TMFX.US,5,20251210,195500,21.66,21.66,21.66,21.66,200,0
TMFX.US,5,20251210,200000,21.67,21.67,21.67,21.67,100,0
TMFX.US,5,20251211,154000,22,22,22,22,2504,0
TMFX.US,5,20251211,154500,22.03,22.03,22.02,22.02,200,0
TMFX.US,5,20251211,162000,21.97,21.97,21.97,21.97,213,0
TMFX.US,5,20251211,171500,21.9316,21.9316,21.9316,21.9316,125,0
TMFX.US,5,20251211,182500,22.03,22.03,22.03,22.03,188,0
TMFX.US,5,20251211,184500,22.025,22.025,22.025,22.025,100,0
TMFX.US,5,20251211,210000,22.0502,22.0502,22.0501,22.0501,746,0
TMFX.US,5,20251211,211000,22.059,22.059,22.059,22.059,220,0
TMFX.US,5,20251211,212000,22.06,22.06,22.06,22.06,170,0
TMFX.US,5,20251211,212500,22.05,22.05,22.05,22.05,100,0
TMFX.US,5,20251212,173500,21.65,21.65,21.65,21.65,100,0
TMFX.US,5,20251215,153500,21.7502,21.7502,21.7502,21.7502,100,0
TMFX.US,5,20251216,160500,21.56,21.56,21.55,21.55,15134,0
TMFX.US,5,20251216,161500,21.5,21.5,21.5,21.5,100,0
TMFX.US,5,20251216,173000,21.46,21.46,21.46,21.46,599,0
TMFX.US,5,20251216,182500,21.4301,21.4301,21.4301,21.4301,400,0
TMFX.US,5,20251216,190000,21.37,21.37,21.37,21.37,100,0
TMFX.US,5,20251216,191000,21.36,21.36,21.36,21.36,100,0
TMFX.US,5,20251216,191500,21.365,21.3681,21.365,21.3681,200,0
TMFX.US,5,20251216,200500,21.39,21.39,21.39,21.39,1000,0
TMFX.US,5,20251216,213000,21.48,21.48,21.48,21.48,300,0
TMFX.US,5,20251216,214500,21.5,21.5,21.5,21.5,118,0
TMFX.US,5,20251217,153500,21.612,21.612,21.612,21.612,138,0
TMFX.US,5,20251217,155000,21.64,21.64,21.64,21.64,111,0
TMFX.US,5,20251217,175000,21.5,21.5,21.5,21.5,100,0
TMFX.US,5,20251217,181500,21.5,21.5,21.5,21.5,100,0
TMFX.US,5,20251217,185000,21.4656,21.4656,21.4656,21.4656,187,0
TMFX.US,5,20251217,195000,21.41,21.41,21.41,21.41,108,0
TMFX.US,5,20251218,153000,21.63,21.63,21.63,21.63,400,0
TMFX.US,5,20251218,154500,21.5899,21.59,21.58,21.58,500,0
TMFX.US,5,20251218,160500,21.66,21.66,21.66,21.66,100,0
TMFX.US,5,20251218,162000,21.59,21.59,21.59,21.59,100,0
TMFX.US,5,20251218,183000,21.52,21.52,21.52,21.52,200,0
TMFX.US,5,20251218,205500,21.5,21.5,21.5,21.5,123,0
TMFX.US,5,20251218,213500,21.5601,21.5601,21.55,21.55,1000,0
TMFX.US,5,20251219,153000,21.72,21.72,21.72,21.72,230,0
TMFX.US,5,20251219,154500,21.665,21.665,21.665,21.665,253,0
TMFX.US,5,20251219,181500,21.819,21.819,21.81,21.81,2000,0
TMFX.US,5,20251219,194000,21.84,21.84,21.84,21.84,535,0
TMFX.US,5,20251219,214000,21.8184,21.8184,21.8184,21.8184,230,0
TMFX.US,5,20251219,215500,21.82,21.82,21.82,21.82,301,0
TMFX.US,5,20251222,174000,22.1202,22.1202,22.12,22.12,1000,0
TMFX.US,5,20251222,180500,22.12,22.13,22.12,22.13,500,0
TMFX.US,5,20251222,200000,22.09,22.09,22.09,22.09,100,0
TMFX.US,5,20251222,200500,22.06,22.06,22.06,22.06,272,0
TMFX.US,5,20251223,153000,22.02,22.065,22.02,22.0577,1084,0
TMFX.US,5,20251223,155000,21.99,21.99,21.99,21.99,250,0
TMFX.US,5,20251223,164000,21.9613,21.9613,21.9613,21.9613,106,0
TMFX.US,5,20251223,172500,21.91,21.91,21.91,21.91,185,0
TMFX.US,5,20251223,173500,21.89,21.89,21.89,21.89,1144,0
TMFX.US,5,20251223,175500,21.92,21.92,21.92,21.92,125,0
TMFX.US,5,20251223,181500,21.96,21.96,21.9599,21.9599,3500,0
TMFX.US,5,20251223,183500,21.96,21.96,21.96,21.96,1265,0
TMFX.US,5,20251223,184500,21.96,21.96,21.96,21.96,1265,0
TMFX.US,5,20251223,191000,21.93,21.95,21.93,21.95,1175,0
TMFX.US,5,20251223,192500,21.96,21.96,21.96,21.96,1701,0
TMFX.US,5,20251223,200000,21.92,21.935,21.92,21.935,3700,0
TMFX.US,5,20251223,203000,21.95,21.95,21.95,21.95,1750,0
TMFX.US,5,20251223,203500,21.98,21.98,21.979,21.9799,2315,0
TMFX.US,5,20251224,161500,22.01,22.01,22.01,22.01,100,0
TMFX.US,5,20251224,162000,21.9987,22,21.9987,22,800,0
TMFX.US,5,20251224,185500,22.04,22.04,22.04,22.04,920,0
TMFX.US,5,20251226,161000,21.942,21.942,21.942,21.942,125,0
TMFX.US,5,20251226,174000,21.948,21.948,21.948,21.948,208,0
TMFX.US,5,20251226,175000,21.95,21.95,21.95,21.95,100,0
TMFX.US,5,20251226,180500,21.96,21.96,21.96,21.96,450,0
TMFX.US,5,20251226,185000,21.942,21.942,21.942,21.942,452,0
TMFX.US,5,20251226,200500,21.96,21.96,21.96,21.96,1000,0
TMFX.US,5,20251226,202500,21.938,21.938,21.938,21.938,2980,0
TMFX.US,5,20251226,211000,21.96,21.96,21.96,21.96,100,0
TMFX.US,5,20251226,215500,21.97,21.97,21.97,21.97,100,0
TMFX.US,5,20251229,153500,21.954,21.954,21.954,21.954,1366,0
TMFX.US,5,20251229,165500,21.8388,21.8388,21.8388,21.8388,120,0
TMFX.US,5,20251229,170000,21.8332,21.8332,21.8332,21.8332,228,0
TMFX.US,5,20251229,172500,21.85,21.85,21.85,21.85,100,0
TMFX.US,5,20251229,180000,21.84,21.84,21.84,21.84,100,0
TMFX.US,5,20251229,182500,21.82,21.82,21.82,21.82,468,0
TMFX.US,5,20251229,203000,21.84,21.84,21.84,21.84,100,0
TMFX.US,5,20251229,205500,21.8667,21.8667,21.8667,21.8667,225,0
TMFX.US,5,20251230,153000,21.87,21.87,21.8699,21.8699,914,0
TMFX.US,5,20251230,155000,21.96,21.96,21.96,21.96,500,0
TMFX.US,5,20251230,155500,21.8923,21.8923,21.8923,21.8923,100,0
TMFX.US,5,20251230,162000,21.835,21.835,21.83,21.83,224,0
TMFX.US,5,20251230,173500,21.85,21.85,21.85,21.85,137,0
TMFX.US,5,20251230,183000,21.83,21.83,21.83,21.83,373,0
TMFX.US,5,20251230,185500,21.84,21.84,21.84,21.84,106,0
TMFX.US,5,20251230,190000,21.8232,21.83,21.82,21.83,3546,0
TMFX.US,5,20251230,190500,21.83,21.83,21.83,21.83,100,0
TMFX.US,5,20251230,191500,21.83,21.83,21.83,21.83,1500,0
TMFX.US,5,20251230,192000,21.83,21.83,21.83,21.83,100,0
TMFX.US,5,20251230,193000,21.8314,21.8314,21.8314,21.8314,1000,0
TMFX.US,5,20251230,195500,21.82,21.82,21.82,21.82,150,0
TMFX.US,5,20251230,200500,21.82,21.82,21.82,21.82,100,0
TMFX.US,5,20251230,201000,21.8,21.8,21.8,21.8,357,0
TMFX.US,5,20251230,210000,21.81,21.81,21.81,21.81,1416,0
TMFX.US,5,20251230,213000,21.8,21.8,21.8,21.8,100,0
TMFX.US,5,20251231,154500,21.71,21.71,21.71,21.71,100,0
TMFX.US,5,20251231,160500,21.701,21.701,21.701,21.701,100,0
TMFX.US,5,20251231,162500,21.679,21.679,21.679,21.679,200,0
TMFX.US,5,20251231,163000,21.7,21.7,21.7,21.7,100,0
TMFX.US,5,20251231,175500,21.6601,21.6601,21.66,21.66,1165,0
TMFX.US,5,20251231,184000,21.661,21.661,21.661,21.661,100,0
TMFX.US,5,20251231,204000,21.62,21.62,21.62,21.62,100,0
TMFX.US,5,20260102,154000,21.605,21.605,21.605,21.605,260,0
TMFX.US,5,20260102,155000,21.6465,21.6465,21.6465,21.6465,153,0
TMFX.US,5,20260102,162500,21.5299,21.5299,21.5299,21.5299,147,0
TMFX.US,5,20260102,192000,21.64,21.6401,21.64,21.6401,1511,0
TMFX.US,5,20260102,210500,21.73,21.73,21.73,21.73,716,0
TMFX.US,5,20260102,214500,21.705,21.705,21.705,21.705,368,0
TMFX.US,5,20260102,215000,21.71,21.71,21.71,21.71,100,0
TMFX.US,5,20260105,153500,21.82,21.82,21.82,21.82,110,0
TMFX.US,5,20260105,154500,21.94,21.94,21.94,21.94,231,0
TMFX.US,5,20260105,160000,21.95,21.951,21.9432,21.951,566,0
TMFX.US,5,20260105,162000,21.95,21.95,21.95,21.95,785,0
TMFX.US,5,20260105,163000,21.999,22,21.999,22,909,0
TMFX.US,5,20260105,164000,22,22,21.9999,21.9999,400,0
TMFX.US,5,20260105,164500,22,22,22,22,100,0
TMFX.US,5,20260105,165000,22,22,22,22,349,0
TMFX.US,5,20260105,171000,21.96,21.96,21.96,21.96,300,0
TMFX.US,5,20260105,185000,22,22,22,22,100,0
TMFX.US,5,20260105,204500,22.031,22.031,22.031,22.031,150,0
TMFX.US,5,20260106,160500,22.01,22.01,22.01,22.01,100,0
TMFX.US,5,20260106,162000,22.04,22.04,22.0392,22.0392,1132,0
TMFX.US,5,20260106,162500,22.06,22.06,22.06,22.06,180,0
TMFX.US,5,20260106,205000,22.27,22.27,22.27,22.27,448,0
TMFX.US,5,20260107,154000,22.2675,22.27,22.2675,22.2699,381,0
TMFX.US,5,20260107,165500,22.28,22.28,22.28,22.28,448,0
TMFX.US,5,20260107,171500,22.29,22.29,22.29,22.29,224,0
TMFX.US,5,20260107,172000,22.281,22.281,22.281,22.281,386,0
TMFX.US,5,20260107,180500,22.3218,22.3218,22.3218,22.3218,100,0
TMFX.US,5,20260107,184000,22.35,22.35,22.34,22.35,1329,0
TMFX.US,5,20260107,194000,22.29,22.29,22.29,22.29,159,0
TMFX.US,5,20260107,195000,22.3,22.3,22.3,22.3,100,0
TMFX.US,5,20260108,165000,22.16,22.16,22.16,22.16,164,0
TMFX.US,5,20260108,184500,22.248,22.248,22.248,22.248,959,0
TMFX.US,5,20260108,193500,22.2,22.2,22.2,22.2,398,0
TMFX.US,5,20260108,194500,22.21,22.21,22.21,22.21,140,0
TMFX.US,5,20260108,195500,22.18,22.18,22.18,22.18,100,0
TMFX.US,5,20260108,200000,22.1872,22.1872,22.1872,22.1872,106,0
TMFX.US,5,20260108,203000,22.22,22.22,22.22,22.22,398,0
TMFX.US,5,20260108,210000,22.19,22.19,22.19,22.19,100,0
TMFX.US,5,20260108,210500,22.18,22.2,22.18,22.2,300,0
TMFX.US,5,20260108,211000,22.18,22.18,22.18,22.18,100,0
TMFX.US,5,20260108,214500,22.181,22.181,22.181,22.181,1200,0
TMFX.US,5,20260108,215500,22.19,22.19,22.19,22.19,200,0
TMFX.US,5,20260109,154000,22.35,22.35,22.35,22.35,100,0
TMFX.US,5,20260109,160000,22.21,22.21,22.21,22.21,333,0
TMFX.US,5,20260109,160500,22.2,22.22,22.2,22.2001,337,0
TMFX.US,5,20260109,162500,22.32,22.32,22.32,22.32,1045,0
TMFX.US,5,20260109,163500,22.33,22.33,22.33,22.33,137,0
TMFX.US,5,20260109,164000,22.28,22.28,22.28,22.28,100,0
TMFX.US,5,20260109,170000,22.3218,22.3218,22.3218,22.3218,150,0
TMFX.US,5,20260109,173000,22.33,22.33,22.33,22.33,192,0
TMFX.US,5,20260109,183500,22.39,22.39,22.3899,22.3899,200,0
TMFX.US,5,20260109,185000,22.3618,22.3618,22.3618,22.3618,100,0
TMFX.US,5,20260109,201000,22.32,22.34,22.32,22.33,1237,0
TMFX.US,5,20260109,201500,22.32,22.32,22.32,22.32,150,0
TMFX.US,5,20260109,213500,22.32,22.3201,22.32,22.3201,1900,0
TMFX.US,5,20260109,215500,22.31,22.31,22.31,22.31,102,0
TMFX.US,5,20260112,154000,22.2735,22.2735,22.2735,22.2735,251,0
TMFX.US,5,20260112,155000,22.2518,22.2518,22.25,22.25,370,0
TMFX.US,5,20260112,160500,22.26,22.26,22.26,22.26,100,0
TMFX.US,5,20260112,170000,22.34,22.34,22.34,22.34,100,0
TMFX.US,5,20260112,175500,22.38,22.38,22.38,22.38,924,0
TMFX.US,5,20260112,193000,22.39,22.39,22.39,22.39,1323,0
TMFX.US,5,20260112,194500,22.38,22.3801,22.38,22.3801,1800,0
TMFX.US,5,20260112,202500,22.38,22.38,22.38,22.38,676,0
TMFX.US,5,20260112,210000,22.411,22.411,22.411,22.411,570,0
TMFX.US,5,20260112,212000,22.38,22.38,22.38,22.38,100,0
TMFX.US,5,20260113,160000,22.37,22.37,22.37,22.37,100,0
TMFX.US,5,20260113,160500,22.3808,22.3808,22.3808,22.3808,102,0
TMFX.US,5,20260113,162000,22.3392,22.3392,22.3392,22.3392,199,0
TMFX.US,5,20260113,163500,22.379,22.379,22.379,22.379,200,0
TMFX.US,5,20260113,164500,22.35,22.35,22.35,22.35,100,0
TMFX.US,5,20260113,165500,22.35,22.35,22.35,22.35,100,0
TMFX.US,5,20260113,172500,22.28,22.305,22.28,22.305,500,0
TMFX.US,5,20260113,173500,22.3201,22.3201,22.32,22.32,200,0
TMFX.US,5,20260113,180500,22.36,22.36,22.36,22.36,100,0
TMFX.US,5,20260113,194500,22.35,22.35,22.35,22.35,112,0
TMFX.US,5,20260113,203500,22.36,22.36,22.36,22.36,126,0
TMFX.US,5,20260113,205000,22.37,22.37,22.37,22.37,100,0
TMFX.US,5,20260113,214500,22.359,22.359,22.359,22.359,100,0
TMFX.US,5,20260114,154000,22.26,22.26,22.25,22.25,1051,0
TMFX.US,5,20260114,154500,22.275,22.275,22.275,22.275,224,0
TMFX.US,5,20260114,174000,22.2099,22.2099,22.2099,22.2099,500,0
TMFX.US,5,20260115,154500,22.34,22.3817,22.34,22.3817,460,0
TMFX.US,5,20260115,171500,22.44,22.44,22.44,22.44,227,0
TMFX.US,5,20260115,174000,22.459,22.4599,22.45,22.4599,612,0
TMFX.US,5,20260115,175000,22.4253,22.44,22.4253,22.44,487,0
TMFX.US,5,20260115,183000,22.44,22.44,22.44,22.44,100,0
TMFX.US,5,20260115,185500,22.4,22.4,22.4,22.4,100,0
TMFX.US,5,20260115,195500,22.4359,22.4359,22.4359,22.4359,2000,0
TMFX.US,5,20260115,201000,22.45,22.45,22.45,22.45,300,0
TMFX.US,5,20260115,203000,22.39,22.39,22.39,22.39,350,0
TMFX.US,5,20260115,204500,22.41,22.41,22.41,22.41,100,0
TMFX.US,5,20260115,213000,22.37,22.37,22.37,22.37,416,0
TMFX.US,5,20260115,214000,22.38,22.38,22.38,22.38,100,0
TMFX.US,5,20260115,214500,22.36,22.36,22.36,22.36,100,0
TMFX.US,5,20260116,154000,22.36,22.36,22.36,22.36,400,0
TMFX.US,5,20260116,160500,22.4,22.4,22.4,22.4,100,0
TMFX.US,5,20260116,165000,22.37,22.3701,22.37,22.3701,200,0
TMFX.US,5,20260116,170500,22.4373,22.4373,22.4373,22.4373,225,0
TMFX.US,5,20260116,171000,22.439,22.439,22.439,22.439,654,0
TMFX.US,5,20260116,171500,22.44,22.44,22.4395,22.4395,300,0
TMFX.US,5,20260116,172000,22.44,22.44,22.44,22.44,100,0
TMFX.US,5,20260116,174000,22.48,22.48,22.48,22.48,150,0
TMFX.US,5,20260116,174500,22.49,22.49,22.49,22.49,100,0
TMFX.US,5,20260116,181000,22.47,22.47,22.4699,22.4699,200,0
TMFX.US,5,20260116,184500,22.42,22.42,22.42,22.42,100,0
TMFX.US,5,20260116,185500,22.43,22.43,22.43,22.43,200,0
TMFX.US,5,20260116,190500,22.4392,22.4392,22.4392,22.4392,115,0
TMFX.US,5,20260116,195000,22.41,22.41,22.41,22.41,500,0
TMFX.US,5,20260116,200000,22.39,22.39,22.39,22.39,100,0
TMFX.US,5,20260116,215000,22.31,22.31,22.31,22.31,100,0
TMFX.US,5,20260120,153000,22.022,22.022,22.022,22.022,410,0
TMFX.US,5,20260120,154000,22.18,22.18,22.18,22.18,1400,0
TMFX.US,5,20260120,154500,22.18,22.18,22.18,22.18,290,0
TMFX.US,5,20260120,163000,22.2098,22.2098,22.2098,22.2098,300,0
TMFX.US,5,20260120,165000,22.1892,22.1892,22.1892,22.1892,500,0
TMFX.US,5,20260120,170000,22.2008,22.2008,22.2008,22.2008,190,0
TMFX.US,5,20260120,171000,22.21,22.21,22.2032,22.2032,222,0
TMFX.US,5,20260120,173000,22.21,22.21,22.21,22.21,100,0
TMFX.US,5,20260120,175000,22.209,22.2099,22.17,22.17,1100,0
TMFX.US,5,20260120,181000,22.18,22.18,22.18,22.18,200,0
TMFX.US,5,20260120,183000,22.14,22.14,22.14,22.14,452,0
TMFX.US,5,20260120,191500,22.1399,22.1399,22.1399,22.1399,400,0
TMFX.US,5,20260120,192000,22.12,22.12,22.12,22.12,552,0
TMFX.US,5,20260120,195000,22,22,22,22,100,0
TMFX.US,5,20260120,195500,22.01,22.03,22.01,22.03,450,0
TMFX.US,5,20260120,203000,21.969,21.969,21.968,21.968,600,0
TMFX.US,5,20260120,213500,21.99,21.99,21.9832,21.9832,1000,0
TMFX.US,5,20260120,214500,21.99,21.99,21.99,21.99,1465,0
TMFX.US,5,20260120,215500,21.995,21.995,21.995,21.995,454,0
TMFX.US,5,20260121,153000,22.16,22.16,22.16,22.16,200,0
TMFX.US,5,20260121,165000,22.2934,22.2934,22.2934,22.2934,100,0
TMFX.US,5,20260121,172500,22.2274,22.2274,22.2274,22.2274,135,0
TMFX.US,5,20260121,173000,22.21,22.2101,22.21,22.21,721,0
TMFX.US,5,20260121,180500,22.089,22.0899,22.08,22.0899,1844,0
TMFX.US,5,20260121,182500,22.1042,22.1042,22.1042,22.1042,206,0
TMFX.US,5,20260121,183500,22.05,22.06,22.05,22.0532,1300,0
TMFX.US,5,20260121,185500,22.09,22.09,22.09,22.09,778,0
TMFX.US,5,20260121,191000,22.05,22.05,22.05,22.05,800,0
TMFX.US,5,20260121,192000,22.045,22.045,22.045,22.045,142,0
TMFX.US,5,20260121,202500,22.1,22.12,22.1,22.12,982,0
TMFX.US,5,20260121,203500,22.31,22.31,22.31,22.31,999,0
TMFX.US,5,20260121,214000,22.269,22.269,22.269,22.269,181,0
TMFX.US,5,20260121,214500,22.26,22.26,22.26,22.26,134,0
TMFX.US,5,20260121,215000,22.29,22.29,22.29,22.29,145,0
TMFX.US,5,20260122,161000,22.4128,22.4128,22.4128,22.4128,100,0
TMFX.US,5,20260122,163000,22.48,22.48,22.47,22.47,682,0
TMFX.US,5,20260122,174000,22.5,22.5,22.5,22.5,233,0
TMFX.US,5,20260122,180000,22.48,22.48,22.47,22.47,380,0
TMFX.US,5,20260122,185500,22.53,22.53,22.51,22.5299,1309,0
TMFX.US,5,20260122,190500,22.5,22.509,22.49,22.49,1500,0
TMFX.US,5,20260122,200000,22.49,22.49,22.49,22.49,2017,0
TMFX.US,5,20260122,210000,22.47,22.47,22.47,22.47,200,0
TMFX.US,5,20260122,212500,22.47,22.47,22.47,22.47,400,0
TMFX.US,5,20260123,165000,22.3335,22.3335,22.3335,22.3335,106,0
TMFX.US,5,20260123,173500,22.32,22.32,22.32,22.32,100,0
TMFX.US,5,20260123,180500,22.33,22.33,22.33,22.33,896,0
TMFX.US,5,20260123,184000,22.27,22.27,22.27,22.27,100,0
TMFX.US,5,20260123,184500,22.28,22.28,22.28,22.28,358,0
TMFX.US,5,20260123,190500,22.24,22.24,22.24,22.24,100,0
TMFX.US,5,20260123,191500,22.23,22.23,22.23,22.23,100,0
TMFX.US,5,20260123,204500,22.2401,22.2401,22.2401,22.2401,300,0
TMFX.US,5,20260123,215500,22.275,22.275,22.275,22.275,271,0
