<TICKER>,<PER>,<DATE>,<TIME>,<OPEN>,<HIGH>,<LOW>,<CLOSE>,<VOL>,<OPENINT>
TYO.US,5,20250829,161500,13.3352,13.3352,13.3352,13.3352,100,0
TYO.US,5,20250829,163000,13.3273,13.3273,13.3273,13.3273,125,0
TYO.US,5,20250829,165000,13.35,13.35,13.35,13.35,351,0
TYO.US,5,20250829,171500,13.37,13.37,13.37,13.37,850,0
TYO.US,5,20250829,192500,13.33,13.33,13.33,13.33,153,0
TYO.US,5,20250829,215000,13.317,13.3265,13.29,13.29,2275,0
TYO.US,5,20250829,215500,13.33,13.33,13.33,13.33,100,0
TYO.US,5,20250902,153000,13.5256,13.5256,13.5256,13.5256,738,0
TYO.US,5,20250902,153500,13.5205,13.5205,13.5205,13.5205,100,0
TYO.US,5,20250902,154000,13.51,13.51,13.51,13.51,100,0
TYO.US,5,20250902,160000,13.4855,13.4855,13.4855,13.4855,747,0
TYO.US,5,20250902,161000,13.4725,13.4725,13.4725,13.4725,100,0
TYO.US,5,20250902,163000,13.4826,13.4826,13.4826,13.4826,282,0
TYO.US,5,20250902,164500,13.47,13.47,13.47,13.47,100,0
TYO.US,5,20250902,180500,13.47,13.47,13.47,13.47,500,0
TYO.US,5,20250902,191500,13.48,13.48,13.48,13.48,361,0
TYO.US,5,20250902,193000,13.49,13.49,13.49,13.49,100,0
TYO.US,5,20250902,194500,13.48,13.48,13.48,13.48,146,0
TYO.US,5,20250902,202500,13.5,13.5,13.5,13.5,100,0
TYO.US,5,20250902,210500,13.485,13.485,13.485,13.485,100,0
TYO.US,5,20250902,213500,13.49,13.49,13.49,13.49,200,0
TYO.US,5,20250902,215000,13.5094,13.51,13.455,13.455,4356,0
TYO.US,5,20250902,215500,13.49,13.49,13.49,13.49,1922,0
TYO.US,5,20250903,153000,13.48,13.5,13.48,13.5,2798,0
TYO.US,5,20250903,153500,13.4912,13.5,13.45,13.45,1202,0
TYO.US,5,20250903,154000,13.45,13.49,13.45,13.49,3033,0
TYO.US,5,20250903,154500,13.49,13.49,13.45,13.45,1831,0
TYO.US,5,20250903,155000,13.45,13.47,13.43,13.47,1508,0
TYO.US,5,20250903,155500,13.45,13.45,13.45,13.45,904,0
TYO.US,5,20250903,160000,13.4,13.41,13.3298,13.41,1558,0
TYO.US,5,20250903,160500,13.39,13.39,13.35,13.39,2739,0
TYO.US,5,20250903,161000,13.37,13.37,13.34,13.37,1640,0
TYO.US,5,20250903,161500,13.37,13.37,13.32,13.32,1621,0
TYO.US,5,20250903,162000,13.34,13.37,13.34,13.37,484,0
TYO.US,5,20250903,162500,13.34,13.34,13.34,13.34,161,0
TYO.US,5,20250903,163000,13.345,13.37,13.345,13.37,916,0
TYO.US,5,20250903,163500,13.37,13.37,13.37,13.37,336,0
TYO.US,5,20250903,164000,13.37,13.37,13.34,13.34,789,0
TYO.US,5,20250903,164500,13.37,13.37,13.37,13.37,142,0
TYO.US,5,20250903,165000,13.34,13.34,13.34,13.34,100,0
TYO.US,5,20250903,165500,13.37,13.39,13.37,13.39,257,0
TYO.US,5,20250903,170000,13.36,13.36,13.36,13.36,302,0
TYO.US,5,20250903,170500,13.39,13.39,13.36,13.39,631,0
TYO.US,5,20250903,171000,13.39,13.39,13.35,13.39,572,0
TYO.US,5,20250903,171500,13.39,13.39,13.39,13.39,520,0
TYO.US,5,20250903,172000,13.35,13.35,13.34,13.35,612,0
TYO.US,5,20250903,172500,13.34,13.37,13.34,13.37,335,0
TYO.US,5,20250903,173000,13.34,13.37,13.34,13.37,416,0
TYO.US,5,20250903,173500,13.34,13.34,13.34,13.34,300,0
TYO.US,5,20250903,174000,13.34,13.34,13.34,13.34,264,0
TYO.US,5,20250903,174500,13.34,13.37,13.32,13.34,609,0
TYO.US,5,20250903,175000,13.35,13.35,13.32,13.32,309,0
TYO.US,5,20250903,175500,13.35,13.35,13.32,13.32,313,0
TYO.US,5,20250903,180000,13.35,13.35,13.32,13.35,518,0
TYO.US,5,20250903,180500,13.32,13.35,13.32,13.32,693,0
TYO.US,5,20250903,181000,13.32,13.35,13.32,13.35,316,0
TYO.US,5,20250903,181500,13.32,13.32,13.32,13.32,118,0
TYO.US,5,20250903,182000,13.35,13.35,13.31,13.31,306,0
TYO.US,5,20250903,183000,13.35,13.35,13.31,13.34,402,0
TYO.US,5,20250903,183500,13.35,13.35,13.35,13.35,151,0
TYO.US,5,20250903,184000,13.31,13.315,13.29,13.3,1551,0
TYO.US,5,20250903,184500,13.31,13.34,13.31,13.34,405,0
TYO.US,5,20250903,185000,13.31,13.34,13.31,13.34,467,0
TYO.US,5,20250903,185500,13.31,13.34,13.31,13.34,447,0
TYO.US,5,20250903,190000,13.31,13.33,13.31,13.32,686,0
TYO.US,5,20250903,190500,13.33,13.33,13.29,13.29,377,0
TYO.US,5,20250903,191000,13.33,13.33,13.29,13.33,595,0
TYO.US,5,20250903,191500,13.33,13.33,13.33,13.33,389,0
TYO.US,5,20250903,192000,13.29,13.33,13.29,13.33,881,0
TYO.US,5,20250903,192500,13.29,13.33,13.29,13.33,288,0
TYO.US,5,20250903,193000,13.33,13.33,13.33,13.33,172,0
TYO.US,5,20250903,193500,13.33,13.33,13.33,13.33,167,0
TYO.US,5,20250903,195000,13.33,13.33,13.33,13.33,148,0
TYO.US,5,20250903,195500,13.33,13.33,13.32,13.33,705,0
TYO.US,5,20250903,200000,13.33,13.33,13.31,13.31,3274,0
TYO.US,5,20250903,200500,13.31,13.31,13.31,13.31,4716,0
TYO.US,5,20250903,201000,13.31,13.33,13.31,13.33,248,0
TYO.US,5,20250903,201500,13.33,13.33,13.33,13.33,157,0
TYO.US,5,20250903,202000,13.33,13.33,13.33,13.33,311,0
TYO.US,5,20250903,203000,13.33,13.33,13.33,13.33,373,0
TYO.US,5,20250903,204000,13.33,13.33,13.33,13.33,661,0
TYO.US,5,20250903,205000,13.33,13.33,13.33,13.33,332,0
TYO.US,5,20250903,205500,13.33,13.33,13.33,13.33,319,0
TYO.US,5,20250903,210000,13.33,13.33,13.33,13.33,164,0
TYO.US,5,20250903,211000,13.33,13.33,13.33,13.33,327,0
TYO.US,5,20250903,211500,13.33,13.33,13.33,13.33,152,0
TYO.US,5,20250903,212000,13.33,13.33,13.31,13.33,699,0
TYO.US,5,20250903,212500,13.33,13.33,13.33,13.33,627,0
TYO.US,5,20250903,213000,13.33,13.33,13.33,13.33,304,0
TYO.US,5,20250903,213500,13.33,13.33,13.33,13.33,291,0
TYO.US,5,20250903,214000,13.33,13.33,13.33,13.33,251,0
TYO.US,5,20250903,214500,13.35,13.35,13.34,13.35,2330,0
TYO.US,5,20250903,215000,13.35,13.35,13.3005,13.35,25296,0
TYO.US,5,20250903,215500,13.35,13.36,13.33,13.36,3377,0
TYO.US,5,20250904,153000,13.23,13.23,13.23,13.23,2728,0
TYO.US,5,20250904,153500,13.23,13.27,13.23,13.2554,1460,0
TYO.US,5,20250904,154000,13.23,13.23,13.23,13.23,3011,0
TYO.US,5,20250904,154500,13.2,13.2,13.2,13.2,1890,0
TYO.US,5,20250904,155000,13.2,13.21,13.2,13.21,1855,0
TYO.US,5,20250904,155500,13.21,13.21,13.21,13.21,337,0
TYO.US,5,20250904,160000,13.2,13.25,13.2,13.23,2213,0
TYO.US,5,20250904,160500,13.23,13.24,13.23,13.24,1929,0
TYO.US,5,20250904,161000,13.2629,13.2629,13.24,13.24,2393,0
TYO.US,5,20250904,161500,13.24,13.24,13.21,13.21,1238,0
TYO.US,5,20250904,162000,13.2215,13.2215,13.21,13.21,249,0
TYO.US,5,20250904,162500,13.21,13.2101,13.21,13.21,564,0
TYO.US,5,20250904,163000,13.21,13.25,13.21,13.22,559,0
TYO.US,5,20250904,163500,13.25,13.27,13.24,13.27,1018,0
TYO.US,5,20250904,165500,13.27,13.27,13.27,13.27,382,0
TYO.US,5,20250904,170000,13.27,13.27,13.25,13.25,409,0
TYO.US,5,20250904,170500,13.25,13.25,13.25,13.25,666,0
TYO.US,5,20250904,171000,13.25,13.25,13.25,13.25,200,0
TYO.US,5,20250904,171500,13.23,13.23,13.23,13.23,609,0
TYO.US,5,20250904,172000,13.23,13.23,13.23,13.23,483,0
TYO.US,5,20250904,172500,13.23,13.23,13.23,13.23,626,0
TYO.US,5,20250904,173000,13.23,13.23,13.23,13.23,253,0
TYO.US,5,20250904,173500,13.22,13.2339,13.22,13.2339,725,0
TYO.US,5,20250904,174000,13.22,13.22,13.22,13.22,360,0
TYO.US,5,20250904,174500,13.23,13.23,13.21,13.21,271,0
TYO.US,5,20250904,175000,13.21,13.21,13.21,13.21,392,0
TYO.US,5,20250904,175500,13.21,13.21,13.21,13.21,488,0
TYO.US,5,20250904,180000,13.2,13.2,13.2,13.2,581,0
TYO.US,5,20250904,180500,13.2,13.21,13.2,13.21,815,0
TYO.US,5,20250904,181000,13.2,13.2,13.2,13.2,180,0
TYO.US,5,20250904,182000,13.2,13.2,13.2,13.2,266,0
TYO.US,5,20250904,183000,13.2,13.2006,13.2,13.2006,660,0
TYO.US,5,20250904,183500,13.18,13.18,13.18,13.18,106,0
TYO.US,5,20250904,184000,13.174,13.19,13.174,13.19,1158,0
TYO.US,5,20250904,185000,13.19,13.19,13.19,13.19,154,0
TYO.US,5,20250904,185500,13.19,13.19,13.19,13.19,487,0
TYO.US,5,20250904,190000,13.19,13.19,13.19,13.19,968,0
TYO.US,5,20250904,190500,13.2,13.2,13.2,13.2,656,0
TYO.US,5,20250904,191000,13.2,13.2,13.2,13.2,480,0
TYO.US,5,20250904,191500,13.2,13.2,13.2,13.2,267,0
TYO.US,5,20250904,192000,13.2,13.2,13.19,13.19,498,0
TYO.US,5,20250904,192500,13.19,13.19,13.19,13.19,361,0
TYO.US,5,20250904,193000,13.19,13.19,13.19,13.19,152,0
TYO.US,5,20250904,193500,13.19,13.19,13.19,13.19,302,0
TYO.US,5,20250904,194000,13.19,13.19,13.19,13.19,153,0
TYO.US,5,20250904,194500,13.19,13.19,13.19,13.19,148,0
TYO.US,5,20250904,195500,13.19,13.19,13.19,13.19,202,0
TYO.US,5,20250904,200000,13.19,13.19,13.19,13.19,691,0
TYO.US,5,20250904,200500,13.19,13.19,13.19,13.19,365,0
TYO.US,5,20250904,201000,13.19,13.21,13.19,13.21,329,0
TYO.US,5,20250904,202000,13.2,13.2,13.19,13.2,433,0
TYO.US,5,20250904,202500,13.2,13.21,13.2,13.21,270,0
TYO.US,5,20250904,203000,13.19,13.19,13.19,13.19,158,0
TYO.US,5,20250904,203500,13.19,13.2,13.19,13.2,256,0
TYO.US,5,20250904,204000,13.19,13.19,13.19,13.19,148,0
TYO.US,5,20250904,204500,13.19,13.19,13.19,13.19,358,0
TYO.US,5,20250904,205000,13.19,13.19,13.19,13.19,351,0
TYO.US,5,20250904,210000,13.19,13.19,13.19,13.19,351,0
TYO.US,5,20250904,211000,13.19,13.19,13.19,13.19,464,0
TYO.US,5,20250904,212000,13.16,13.16,13.16,13.16,488,0
TYO.US,5,20250904,212500,13.15,13.15,13.15,13.15,678,0
TYO.US,5,20250904,213000,13.15,13.15,13.15,13.15,490,0
TYO.US,5,20250904,213500,13.15,13.15,13.15,13.15,321,0
TYO.US,5,20250904,214000,13.15,13.15,13.15,13.15,1075,0
TYO.US,5,20250904,214500,13.15,13.15,13.15,13.15,1571,0
TYO.US,5,20250904,215000,13.13,13.16,13.13,13.15,23123,0
TYO.US,5,20250904,215500,13.14,13.14,13.14,13.14,3572,0
TYO.US,5,20250905,153500,12.91,12.91,12.91,12.91,624,0
TYO.US,5,20250905,155000,12.91,12.91,12.91,12.91,1266,0
TYO.US,5,20250905,160000,12.95,12.95,12.9303,12.9303,5388,0
TYO.US,5,20250905,162000,12.95,12.95,12.95,12.95,3822,0
TYO.US,5,20250905,163500,12.94,12.94,12.94,12.94,100,0
TYO.US,5,20250905,164000,12.93,12.93,12.93,12.93,100,0
TYO.US,5,20250905,175000,12.883,12.883,12.883,12.883,1400,0
TYO.US,5,20250905,181000,12.9,12.9,12.9,12.9,100,0
TYO.US,5,20250905,184500,12.93,12.93,12.93,12.93,250,0
TYO.US,5,20250905,213000,12.98,12.98,12.9637,12.9637,2142,0
TYO.US,5,20250905,214500,12.97,12.97,12.97,12.97,100,0
TYO.US,5,20250905,215000,12.986,12.986,12.9817,12.9817,446,0
TYO.US,5,20250905,215500,12.97,12.97,12.97,12.97,150,0
TYO.US,5,20250908,154500,12.89,12.89,12.89,12.89,100,0
TYO.US,5,20250908,161500,12.875,12.875,12.875,12.875,100,0
TYO.US,5,20250908,165500,12.91,12.91,12.91,12.91,100,0
TYO.US,5,20250908,171500,12.881,12.881,12.881,12.881,177,0
TYO.US,5,20250908,173000,12.8792,12.8792,12.8792,12.8792,100,0
TYO.US,5,20250908,175000,12.87,12.87,12.87,12.87,100,0
TYO.US,5,20250908,194000,12.93,12.93,12.93,12.93,169,0
TYO.US,5,20250908,195000,12.91,12.91,12.91,12.91,100,0
TYO.US,5,20250908,201500,12.9,12.9,12.9,12.9,1131,0
TYO.US,5,20250908,204500,12.87,12.8701,12.87,12.8701,200,0
TYO.US,5,20250908,210500,12.88,12.88,12.88,12.88,100,0
TYO.US,5,20250908,215000,12.8666,12.8666,12.8666,12.8666,150,0
TYO.US,5,20250908,215500,12.86,12.86,12.86,12.86,106,0
TYO.US,5,20250909,153500,12.92,12.92,12.92,12.92,20000,0
TYO.US,5,20250909,154500,12.9,12.9,12.9,12.9,100,0
TYO.US,5,20250909,160000,12.91,12.91,12.91,12.91,150,0
TYO.US,5,20250909,161000,12.92,12.92,12.92,12.92,100,0
TYO.US,5,20250909,161500,12.93,12.93,12.93,12.93,150,0
TYO.US,5,20250909,163500,12.95,12.95,12.95,12.95,100,0
TYO.US,5,20250909,164000,12.9502,12.9502,12.9502,12.9502,100,0
TYO.US,5,20250909,164500,12.9699,12.9699,12.9699,12.9699,1961,0
TYO.US,5,20250909,170000,12.97,12.97,12.97,12.97,100,0
TYO.US,5,20250909,171500,12.99,12.99,12.99,12.99,100,0
TYO.US,5,20250909,172000,12.99,12.99,12.99,12.99,200,0
TYO.US,5,20250909,173000,12.98,12.98,12.98,12.98,20000,0
TYO.US,5,20250909,174500,12.97,12.97,12.97,12.97,100,0
TYO.US,5,20250909,180000,12.97,12.97,12.97,12.97,100,0
TYO.US,5,20250909,184000,12.9898,12.9898,12.9898,12.9898,616,0
TYO.US,5,20250909,184500,12.97,12.97,12.97,12.97,100,0
TYO.US,5,20250909,185500,12.9742,12.9742,12.9742,12.9742,200,0
TYO.US,5,20250909,192500,12.9506,12.9506,12.9506,12.9506,200,0
TYO.US,5,20250909,193000,12.95,12.95,12.95,12.95,100,0
TYO.US,5,20250909,204000,12.9574,12.9574,12.9574,12.9574,300,0
TYO.US,5,20250909,205500,12.95,12.95,12.95,12.95,100,0
TYO.US,5,20250909,213500,12.97,12.97,12.97,12.97,100,0
TYO.US,5,20250909,215000,12.97,12.97,12.9675,12.97,1580,0
TYO.US,5,20250909,215500,12.97,12.97,12.97,12.97,300,0
TYO.US,5,20250910,153000,12.8949,12.8949,12.8949,12.8949,738,0
TYO.US,5,20250910,153500,12.914,12.914,12.914,12.914,300,0
TYO.US,5,20250910,154500,12.919,12.919,12.919,12.919,100,0
TYO.US,5,20250910,155000,12.91,12.91,12.91,12.91,100,0
TYO.US,5,20250910,155500,12.9176,12.9176,12.9176,12.9176,142,0
TYO.US,5,20250910,162000,12.925,12.925,12.925,12.925,100,0
TYO.US,5,20250910,163500,12.901,12.901,12.9,12.9,2627,0
TYO.US,5,20250910,165500,12.89,12.89,12.871,12.871,1962,0
TYO.US,5,20250910,171000,12.9233,12.9233,12.9233,12.9233,100,0
TYO.US,5,20250910,172500,12.9,12.9,12.9,12.9,100,0
TYO.US,5,20250910,174500,12.8932,12.8932,12.8932,12.8932,300,0
TYO.US,5,20250910,190500,12.85,12.85,12.85,12.85,800,0
TYO.US,5,20250910,195000,12.83,12.83,12.83,12.83,100,0
TYO.US,5,20250910,211500,12.85,12.85,12.85,12.85,200,0
TYO.US,5,20250910,212500,12.86,12.86,12.86,12.86,200,0
TYO.US,5,20250910,214500,12.8618,12.87,12.8618,12.87,200,0
TYO.US,5,20250910,215000,12.8706,12.8715,12.8706,12.8715,995,0
TYO.US,5,20250910,215500,12.87,12.87,12.85,12.85,2009,0
TYO.US,5,20250911,153500,12.8,12.8,12.8,12.8,100,0
TYO.US,5,20250911,154000,12.8138,12.8138,12.8138,12.8138,100,0
TYO.US,5,20250911,155000,12.8039,12.8039,12.8039,12.8039,300,0
TYO.US,5,20250911,160000,12.8,12.8,12.8,12.8,200,0
TYO.US,5,20250911,163000,12.755,12.755,12.755,12.755,400,0
TYO.US,5,20250911,163500,12.75,12.75,12.75,12.75,100,0
TYO.US,5,20250911,170500,12.8062,12.8062,12.8062,12.8062,200,0
TYO.US,5,20250911,173000,12.81,12.81,12.81,12.81,1361,0
TYO.US,5,20250911,180000,12.7868,12.7868,12.7868,12.7868,250,0
TYO.US,5,20250911,182000,12.76,12.76,12.76,12.76,100,0
TYO.US,5,20250911,185000,12.765,12.765,12.765,12.765,500,0
TYO.US,5,20250911,191500,12.7907,12.7907,12.7907,12.7907,800,0
TYO.US,5,20250911,200000,12.8,12.8,12.8,12.8,100,0
TYO.US,5,20250911,215000,12.8692,12.8692,12.8536,12.8536,717,0
TYO.US,5,20250911,215500,12.81,12.81,12.81,12.81,100,0
TYO.US,5,20250912,153000,12.94,12.94,12.94,12.94,231,0
TYO.US,5,20250912,153500,12.95,12.95,12.9497,12.9497,350,0
TYO.US,5,20250912,154000,12.94,12.94,12.94,12.94,100,0
TYO.US,5,20250912,155000,12.957,12.957,12.957,12.957,100,0
TYO.US,5,20250912,162000,12.949,12.949,12.949,12.949,100,0
TYO.US,5,20250912,163000,12.93,12.93,12.93,12.93,100,0
TYO.US,5,20250912,172500,12.98,12.98,12.98,12.98,100,0
TYO.US,5,20250912,174000,12.98,12.9867,12.98,12.9867,766,0
TYO.US,5,20250912,175000,12.99,12.99,12.99,12.99,100,0
TYO.US,5,20250912,184500,12.965,12.965,12.965,12.965,502,0
TYO.US,5,20250912,185000,12.956,12.956,12.956,12.956,170,0
TYO.US,5,20250912,191500,12.97,12.97,12.97,12.97,1500,0
TYO.US,5,20250912,211500,12.93,12.93,12.93,12.93,100,0
TYO.US,5,20250912,214500,12.935,12.9401,12.935,12.9401,314,0
TYO.US,5,20250912,215000,12.935,12.95,12.935,12.95,7325,0
TYO.US,5,20250912,215500,12.949,12.96,12.949,12.96,523,0
TYO.US,5,20250915,154500,12.87,12.87,12.87,12.87,100,0
TYO.US,5,20250915,160500,12.895,12.895,12.895,12.895,497,0
TYO.US,5,20250915,163500,12.89,12.89,12.89,12.89,100,0
TYO.US,5,20250915,174500,12.87,12.87,12.87,12.87,100,0
TYO.US,5,20250915,191000,12.861,12.861,12.861,12.861,100,0
TYO.US,5,20250915,194500,12.86,12.86,12.86,12.86,100,0
TYO.US,5,20250915,202000,12.878,12.878,12.878,12.878,300,0
TYO.US,5,20250915,213000,12.87,12.87,12.87,12.87,100,0
TYO.US,5,20250915,215000,12.89,12.9,12.8814,12.8903,6264,0
TYO.US,5,20250915,215500,12.891,12.891,12.89,12.89,523,0
TYO.US,5,20250916,153500,12.87,12.8774,12.87,12.8774,200,0
TYO.US,5,20250916,154000,12.8667,12.8667,12.8667,12.8667,300,0
TYO.US,5,20250916,163500,12.8779,12.8779,12.8779,12.8779,100,0
TYO.US,5,20250916,164500,12.87,12.87,12.87,12.87,100,0
TYO.US,5,20250916,171000,12.86,12.86,12.86,12.86,100,0
TYO.US,5,20250916,172500,12.8864,12.8864,12.8864,12.8864,100,0
TYO.US,5,20250916,173500,12.9,12.9,12.9,12.9,184,0
TYO.US,5,20250916,174000,12.89,12.89,12.89,12.89,100,0
TYO.US,5,20250916,185000,12.84,12.84,12.84,12.84,100,0
TYO.US,5,20250916,192500,12.8437,12.8437,12.8437,12.8437,500,0
TYO.US,5,20250916,201000,12.84,12.84,12.84,12.84,100,0
TYO.US,5,20250916,201500,12.855,12.855,12.855,12.855,100,0
TYO.US,5,20250916,211500,12.84,12.84,12.84,12.84,100,0
TYO.US,5,20250916,215000,12.879,12.8892,12.879,12.8827,968,0
TYO.US,5,20250917,155000,12.85,12.85,12.85,12.85,100,0
TYO.US,5,20250917,161500,12.8503,12.8503,12.8503,12.8503,3000,0
TYO.US,5,20250917,172000,12.8947,12.8947,12.8947,12.8947,100,0
TYO.US,5,20250917,173000,12.88,12.88,12.88,12.88,100,0
TYO.US,5,20250917,175000,12.9041,12.9041,12.9041,12.9041,200,0
TYO.US,5,20250917,181500,12.8752,12.8752,12.8752,12.8752,100,0
TYO.US,5,20250917,184000,12.91,12.91,12.91,12.91,317,0
TYO.US,5,20250917,185500,12.9238,12.9238,12.9238,12.9238,100,0
TYO.US,5,20250917,191000,12.925,12.925,12.92,12.925,1600,0
TYO.US,5,20250917,191500,12.923,12.923,12.923,12.923,600,0
TYO.US,5,20250917,195000,12.9165,12.92,12.9165,12.92,700,0
TYO.US,5,20250917,195500,12.915,12.915,12.915,12.915,300,0
TYO.US,5,20250917,200000,12.8105,12.8105,12.8105,12.8105,2000,0
TYO.US,5,20250917,201500,12.8099,12.8099,12.75,12.75,1500,0
TYO.US,5,20250917,202000,12.815,12.815,12.815,12.815,1000,0
TYO.US,5,20250917,203000,12.87,12.87,12.845,12.87,2600,0
TYO.US,5,20250917,203500,12.8795,12.94,12.8795,12.92,2558,0
TYO.US,5,20250917,204500,12.998,12.998,12.998,12.998,800,0
TYO.US,5,20250917,205000,12.9795,12.99,12.9795,12.99,1492,0
TYO.US,5,20250917,205500,12.9701,12.9701,12.9701,12.9701,250,0
TYO.US,5,20250917,210500,12.96,12.98,12.95,12.95,3100,0
TYO.US,5,20250917,211000,12.9831,12.99,12.9831,12.99,3100,0
TYO.US,5,20250917,211500,12.99,12.99,12.98,12.98,300,0
TYO.US,5,20250917,212000,12.95,12.95,12.95,12.95,200,0
TYO.US,5,20250917,212500,12.94,12.94,12.94,12.94,107,0
TYO.US,5,20250917,215000,12.971,12.98,12.97,12.98,941,0
TYO.US,5,20250918,153000,13.11,13.14,13.11,13.14,506,0
TYO.US,5,20250918,153500,13.13,13.15,13.1226,13.15,1342,0
TYO.US,5,20250918,154000,13.15,13.17,13.15,13.17,1071,0
TYO.US,5,20250918,154500,13.17,13.17,13.15,13.15,872,0
TYO.US,5,20250918,155000,13.15,13.15,13.15,13.15,206,0
TYO.US,5,20250918,160000,13.15,13.15,13.15,13.15,419,0
TYO.US,5,20250918,160500,13.15,13.15,13.12,13.12,466,0
TYO.US,5,20250918,161000,13.12,13.12,13.105,13.105,302,0
TYO.US,5,20250918,161500,13.14,13.14,13.14,13.14,416,0
TYO.US,5,20250918,162000,13.14,13.14,13.14,13.14,107,0
TYO.US,5,20250918,163000,13.13,13.13,13.13,13.13,203,0
TYO.US,5,20250918,163500,13.13,13.14,13.13,13.14,424,0
TYO.US,5,20250918,164000,13.14,13.14,13.14,13.14,213,0
TYO.US,5,20250918,164500,13.14,13.14,13.13,13.13,204,0
TYO.US,5,20250918,165500,13.14,13.14,13.13,13.13,215,0
TYO.US,5,20250918,170000,13.13,13.13,13.13,13.13,205,0
TYO.US,5,20250918,170500,13.12,13.12,13.12,13.12,134,0
TYO.US,5,20250918,171000,13.12,13.12,13.12,13.12,275,0
TYO.US,5,20250918,172000,13.11,13.11,13.11,13.11,105,0
TYO.US,5,20250918,172500,13.1,13.11,13.1,13.11,292,0
TYO.US,5,20250918,173000,13.11,13.11,13.11,13.11,1171,0
TYO.US,5,20250918,173500,13.11,13.11,13.11,13.11,105,0
TYO.US,5,20250918,174000,13.12,13.12,13.12,13.12,100,0
TYO.US,5,20250918,174500,13.13,13.13,13.13,13.13,206,0
TYO.US,5,20250918,175000,13.13,13.13,13.13,13.13,100,0
TYO.US,5,20250918,175500,13.13,13.13,13.13,13.13,100,0
TYO.US,5,20250918,180000,13.11,13.11,13.1,13.1,455,0
TYO.US,5,20250918,180500,13.11,13.11,13.11,13.11,102,0
TYO.US,5,20250918,181500,13.11,13.11,13.11,13.11,107,0
TYO.US,5,20250918,182000,13.11,13.11,13.11,13.11,101,0
TYO.US,5,20250918,182500,13.099,13.099,13.09,13.09,789,0
TYO.US,5,20250918,183500,13.09,13.09,13.08,13.08,1255,0
TYO.US,5,20250918,184000,13.09,13.09,13.09,13.09,106,0
TYO.US,5,20250918,184500,13.09,13.09,13.09,13.09,109,0
TYO.US,5,20250918,185000,13.07,13.07,13.06,13.06,204,0
TYO.US,5,20250918,190000,13.06,13.06,13.06,13.06,104,0
TYO.US,5,20250918,191500,13.07,13.07,13.07,13.07,100,0
TYO.US,5,20250918,192500,13.08,13.08,13.07,13.07,304,0
TYO.US,5,20250918,193000,13.08,13.08,13.08,13.08,101,0
TYO.US,5,20250918,193500,13.07,13.07,13.07,13.07,109,0
TYO.US,5,20250918,195500,13.07,13.07,13.051,13.051,319,0
TYO.US,5,20250918,200000,13.08,13.08,13.08,13.08,210,0
TYO.US,5,20250918,200500,13.09,13.09,13.09,13.09,103,0
TYO.US,5,20250918,202500,13.09,13.09,13.09,13.09,106,0
TYO.US,5,20250918,203500,13.09,13.09,13.09,13.09,108,0
TYO.US,5,20250918,204000,13.09,13.09,13.09,13.09,222,0
TYO.US,5,20250918,204500,13.08,13.08,13.08,13.08,148,0
TYO.US,5,20250918,210500,13.08,13.08,13.08,13.08,106,0
TYO.US,5,20250918,211000,13.07,13.07,13.07,13.07,100,0
TYO.US,5,20250918,211500,13.07,13.07,13.07,13.07,209,0
TYO.US,5,20250918,212000,13.07,13.07,13.07,13.07,100,0
TYO.US,5,20250918,212500,13.08,13.08,13.08,13.08,100,0
TYO.US,5,20250918,213000,13.09,13.1,13.09,13.1,307,0
TYO.US,5,20250918,213500,13.11,13.11,13.11,13.11,100,0
TYO.US,5,20250918,214000,13.11,13.11,13.11,13.11,248,0
TYO.US,5,20250918,214500,13.11,13.11,13.11,13.11,735,0
TYO.US,5,20250918,215000,13.12,13.12,13.1,13.11,12151,0
TYO.US,5,20250918,215500,13.11,13.12,13.11,13.12,2178,0
TYO.US,5,20250919,153000,13.15,13.16,13.15,13.16,600,0
TYO.US,5,20250919,153500,13.14,13.16,13.14,13.14,1050,0
TYO.US,5,20250919,154000,13.14,13.14,13.14,13.14,1119,0
TYO.US,5,20250919,154500,13.14,13.14,13.13,13.13,768,0
TYO.US,5,20250919,155000,13.12,13.13,13.12,13.13,533,0
TYO.US,5,20250919,155500,13.12,13.12,13.12,13.12,150,0
TYO.US,5,20250919,160000,13.13,13.13,13.11,13.13,879,0
TYO.US,5,20250919,160500,13.13,13.13,13.13,13.13,101,0
TYO.US,5,20250919,161000,13.111,13.12,13.11,13.11,3000,0
TYO.US,5,20250919,161500,13.13,13.14,13.13,13.13,513,0
TYO.US,5,20250919,162000,13.15,13.15,13.14,13.14,212,0
TYO.US,5,20250919,162500,13.14,13.14,13.14,13.14,100,0
TYO.US,5,20250919,163000,13.14,13.15,13.14,13.15,318,0
TYO.US,5,20250919,163500,13.15,13.15,13.15,13.15,213,0
TYO.US,5,20250919,164000,13.14,13.14,13.14,13.14,101,0
TYO.US,5,20250919,164500,13.15,13.15,13.15,13.15,108,0
TYO.US,5,20250919,165000,13.16,13.16,13.16,13.16,103,0
TYO.US,5,20250919,165500,13.17,13.17,13.17,13.17,213,0
TYO.US,5,20250919,170000,13.17,13.17,13.17,13.17,104,0
TYO.US,5,20250919,170500,13.19,13.19,13.185,13.185,215,0
TYO.US,5,20250919,171000,13.19,13.19,13.18,13.18,313,0
TYO.US,5,20250919,171500,13.19,13.19,13.19,13.19,317,0
TYO.US,5,20250919,172000,13.18,13.18,13.17,13.175,315,0
TYO.US,5,20250919,173000,13.19,13.19,13.175,13.175,1375,0
TYO.US,5,20250919,174000,13.18,13.18,13.1756,13.1756,614,0
TYO.US,5,20250919,175500,13.18,13.18,13.18,13.18,102,0
TYO.US,5,20250919,181000,13.18,13.18,13.18,13.18,102,0
TYO.US,5,20250919,181500,13.19,13.19,13.173,13.173,201,0
TYO.US,5,20250919,182000,13.18,13.19,13.18,13.19,207,0
TYO.US,5,20250919,182500,13.19,13.19,13.19,13.19,107,0
TYO.US,5,20250919,184000,13.185,13.185,13.18,13.18,210,0
TYO.US,5,20250919,185000,13.17,13.17,13.17,13.17,761,0
TYO.US,5,20250919,185500,13.17,13.17,13.17,13.17,102,0
TYO.US,5,20250919,190000,13.17,13.17,13.17,13.17,104,0
TYO.US,5,20250919,191000,13.18,13.18,13.18,13.18,109,0
TYO.US,5,20250919,191500,13.18,13.18,13.18,13.18,320,0
TYO.US,5,20250919,192500,13.18,13.18,13.17,13.17,332,0
TYO.US,5,20250919,193000,13.17,13.17,13.17,13.17,101,0
TYO.US,5,20250919,193500,13.17,13.17,13.17,13.17,106,0
TYO.US,5,20250919,194500,13.18,13.18,13.18,13.18,105,0
TYO.US,5,20250919,195000,13.18,13.18,13.18,13.18,109,0
TYO.US,5,20250919,195500,13.18,13.19,13.18,13.19,205,0
TYO.US,5,20250919,200000,13.18,13.18,13.18,13.18,101,0
TYO.US,5,20250919,200500,13.19,13.19,13.19,13.19,209,0
TYO.US,5,20250919,201000,13.19,13.19,13.19,13.19,109,0
TYO.US,5,20250919,201500,13.19,13.19,13.185,13.185,461,0
TYO.US,5,20250919,202000,13.185,13.185,13.185,13.185,102,0
TYO.US,5,20250919,203500,13.19,13.19,13.19,13.19,105,0
TYO.US,5,20250919,204000,13.19,13.19,13.19,13.19,105,0
TYO.US,5,20250919,204500,13.19,13.19,13.19,13.19,102,0
TYO.US,5,20250919,210000,13.17,13.17,13.17,13.17,109,0
TYO.US,5,20250919,210500,13.17,13.17,13.17,13.17,105,0
TYO.US,5,20250919,211000,13.17,13.17,13.17,13.17,106,0
TYO.US,5,20250919,212500,13.16,13.16,13.16,13.16,212,0
TYO.US,5,20250919,213000,13.16,13.16,13.155,13.16,300,0
TYO.US,5,20250919,213500,13.16,13.16,13.16,13.16,103,0
TYO.US,5,20250919,214000,13.16,13.16,13.16,13.16,221,0
TYO.US,5,20250919,214500,13.16,13.16,13.16,13.16,723,0
TYO.US,5,20250919,215000,13.16,13.16,13.15,13.15,11896,0
TYO.US,5,20250919,215500,13.15,13.16,13.15,13.16,2053,0
TYO.US,5,20250922,153000,13.14,13.1597,13.14,13.1597,394,0
TYO.US,5,20250922,154500,13.1682,13.1682,13.1682,13.1682,130,0
TYO.US,5,20250922,155000,13.1531,13.1531,13.1531,13.1531,200,0
TYO.US,5,20250922,155500,13.1712,13.1712,13.1712,13.1712,150,0
TYO.US,5,20250922,163000,13.1688,13.1688,13.1688,13.1688,1000,0
TYO.US,5,20250922,164000,13.1896,13.1896,13.1896,13.1896,2200,0
TYO.US,5,20250922,164500,13.1896,13.1896,13.1896,13.1896,100,0
TYO.US,5,20250922,191500,13.1503,13.1503,13.1503,13.1503,143,0
TYO.US,5,20250922,211000,13.185,13.185,13.185,13.185,200,0
TYO.US,5,20250922,214000,13.2,13.2,13.2,13.2,200,0
TYO.US,5,20250922,215500,13.22,13.22,13.22,13.22,160,0
TYO.US,5,20250923,153000,13.0795,13.0795,13.0795,13.0795,100,0
TYO.US,5,20250923,153500,13.0732,13.0732,13.0732,13.0732,300,0
TYO.US,5,20250923,160500,13.0916,13.0916,13.0916,13.0916,100,0
TYO.US,5,20250923,162500,13.08,13.08,13.08,13.08,100,0
TYO.US,5,20250923,183500,13.06,13.06,13.06,13.06,1000,0
TYO.US,5,20250923,192500,13.0406,13.0406,13.0406,13.0406,1000,0
TYO.US,5,20250923,193000,13.04,13.04,13.04,13.04,1996,0
TYO.US,5,20250923,194000,13.03,13.03,13.03,13.03,1551,0
TYO.US,5,20250923,194500,13.0165,13.0165,13.0165,13.0165,300,0
TYO.US,5,20250923,211000,13.03,13.03,13.03,13.03,125,0
TYO.US,5,20250923,211500,13.0206,13.0206,13.0206,13.0206,100,0
TYO.US,5,20250923,212000,13.011,13.0111,13.011,13.0111,203,0
TYO.US,5,20250923,212500,13.0182,13.0182,13.0182,13.0182,100,0
TYO.US,5,20250923,214000,13.001,13.001,13.001,13.001,100,0
TYO.US,5,20250924,153000,13.04,13.0829,13.04,13.0829,238,0
TYO.US,5,20250924,165000,13.08,13.08,13.08,13.08,300,0
TYO.US,5,20250924,174000,13.08,13.08,13.08,13.08,100,0
TYO.US,5,20250924,180000,13.08,13.08,13.08,13.08,200,0
TYO.US,5,20250924,181500,13.1,13.1,13.1,13.1,100,0
TYO.US,5,20250924,192000,13.07,13.1,13.07,13.1,580,0
TYO.US,5,20250924,192500,13.08,13.08,13.08,13.08,101,0
TYO.US,5,20250924,200000,13.09,13.09,13.09,13.09,150,0
TYO.US,5,20250924,201500,13.08,13.08,13.08,13.08,212,0
TYO.US,5,20250924,205500,13.11,13.11,13.11,13.11,100,0
TYO.US,5,20250924,214500,13.09,13.09,13.09,13.09,116,0
TYO.US,5,20250924,215000,13.08,13.0954,13.08,13.09,10510,0
TYO.US,5,20250924,215500,13.09,13.09,13.09,13.09,2084,0
TYO.US,5,20250925,154500,13.2,13.2,13.2,13.2,181,0
TYO.US,5,20250925,160500,13.2441,13.2441,13.2441,13.2441,100,0
TYO.US,5,20250925,161000,13.22,13.2419,13.22,13.2419,20100,0
TYO.US,5,20250925,162000,13.24,13.24,13.24,13.24,3776,0
TYO.US,5,20250925,164000,13.235,13.235,13.235,13.235,250,0
TYO.US,5,20250925,165500,13.22,13.22,13.22,13.22,3776,0
TYO.US,5,20250925,172000,13.24,13.24,13.24,13.24,20000,0
TYO.US,5,20250925,172500,13.25,13.26,13.25,13.26,800,0
TYO.US,5,20250925,173000,13.26,13.26,13.26,13.26,100,0
TYO.US,5,20250925,175000,13.265,13.28,13.265,13.28,209,0
TYO.US,5,20250925,180500,13.2429,13.2429,13.2429,13.2429,565,0
TYO.US,5,20250925,181000,13.21,13.21,13.21,13.21,702,0
TYO.US,5,20250925,181500,13.24,13.24,13.24,13.24,100,0
TYO.US,5,20250925,191500,13.22,13.22,13.22,13.22,100,0
TYO.US,5,20250925,193500,13.24,13.24,13.24,13.24,1000,0
TYO.US,5,20250925,201000,13.23,13.23,13.23,13.23,100,0
TYO.US,5,20250925,215000,13.21,13.21,13.2095,13.21,15863,0
TYO.US,5,20250925,215500,13.205,13.205,13.205,13.205,200,0
TYO.US,5,20250926,153000,13.225,13.2379,13.225,13.2379,500,0
TYO.US,5,20250926,153500,13.2316,13.2316,13.2316,13.2316,200,0
TYO.US,5,20250926,155000,13.255,13.255,13.255,13.255,200,0
TYO.US,5,20250926,165000,13.19,13.19,13.19,13.19,300,0
TYO.US,5,20250926,165500,13.2,13.2016,13.2,13.2016,200,0
TYO.US,5,20250926,170500,13.2192,13.2192,13.2192,13.2192,100,0
TYO.US,5,20250926,174000,13.24,13.24,13.24,13.24,100,0
TYO.US,5,20250926,175500,13.2499,13.2499,13.2499,13.2499,100,0
TYO.US,5,20250926,180000,13.2499,13.25,13.2499,13.25,251,0
TYO.US,5,20250926,182000,13.27,13.27,13.27,13.27,100,0
TYO.US,5,20250926,184500,13.26,13.26,13.25,13.25,300,0
TYO.US,5,20250926,191000,13.24,13.24,13.24,13.24,100,0
TYO.US,5,20250926,192000,13.25,13.25,13.25,13.25,100,0
TYO.US,5,20250926,215000,13.24,13.242,13.24,13.242,2698,0
TYO.US,5,20250926,215500,13.25,13.25,13.25,13.25,100,0
TYO.US,5,20250929,153500,13.1947,13.1947,13.1947,13.1947,100,0
TYO.US,5,20250929,155500,13.16,13.16,13.16,13.16,100,0
TYO.US,5,20250929,160500,13.1479,13.1479,13.1479,13.1479,100,0
TYO.US,5,20250929,163000,13.1478,13.1478,13.1478,13.1478,200,0
TYO.US,5,20250929,165000,13.1464,13.1464,13.1464,13.1464,100,0
TYO.US,5,20250929,170500,13.1436,13.1436,13.14,13.14,300,0
TYO.US,5,20250929,173500,13.14,13.14,13.14,13.14,100,0
TYO.US,5,20250929,193500,13.1241,13.1241,13.1241,13.1241,200,0
TYO.US,5,20250929,204000,13.15,13.15,13.15,13.15,100,0
TYO.US,5,20250929,215000,13.1308,13.1308,13.13,13.13,13184,0
TYO.US,5,20250929,215500,13.14,13.14,13.14,13.14,300,0
TYO.US,5,20250930,153000,13.1056,13.1056,13.1056,13.1056,100,0
TYO.US,5,20250930,154000,13.08,13.08,13.08,13.08,100,0
TYO.US,5,20250930,155000,13.076,13.076,13.076,13.076,1007,0
TYO.US,5,20250930,155500,13.06,13.0671,13.06,13.0671,600,0
TYO.US,5,20250930,160000,13.07,13.07,13.07,13.07,984,0
TYO.US,5,20250930,162000,13.06,13.06,13.05,13.05,690,0
TYO.US,5,20250930,163000,13.0746,13.0746,13.0746,13.0746,100,0
TYO.US,5,20250930,164000,13.055,13.055,13.055,13.055,162,0
TYO.US,5,20250930,164500,13.043,13.043,13.043,13.043,348,0
TYO.US,5,20250930,165000,13.045,13.045,13.045,13.045,100,0
TYO.US,5,20250930,170000,13.04,13.04,13.04,13.04,100,0
TYO.US,5,20250930,172500,13.09,13.09,13.09,13.09,654,0
TYO.US,5,20250930,174500,13.11,13.11,13.11,13.11,100,0
TYO.US,5,20250930,181500,13.101,13.101,13.101,13.101,100,0
TYO.US,5,20250930,183000,13.1,13.1,13.1,13.1,100,0
TYO.US,5,20250930,195000,13.12,13.12,13.12,13.12,100,0
TYO.US,5,20250930,201000,13.12,13.12,13.12,13.12,100,0
TYO.US,5,20250930,202500,13.121,13.121,13.121,13.121,100,0
TYO.US,5,20250930,203500,13.14,13.14,13.14,13.14,100,0
TYO.US,5,20250930,204500,13.13,13.13,13.13,13.13,100,0
TYO.US,5,20250930,205500,13.14,13.14,13.14,13.14,100,0
TYO.US,5,20250930,210500,13.14,13.14,13.14,13.14,100,0
TYO.US,5,20250930,211500,13.1561,13.1561,13.1561,13.1561,100,0
TYO.US,5,20250930,212000,13.15,13.15,13.15,13.15,100,0
TYO.US,5,20250930,214000,13.155,13.155,13.1499,13.1499,300,0
TYO.US,5,20250930,215500,13.16,13.17,13.16,13.17,1711,0
TYO.US,5,20251001,154000,12.98,12.98,12.98,12.98,100,0
TYO.US,5,20251001,160000,13.0406,13.0406,13.0406,13.0406,100,0
TYO.US,5,20251001,161500,13.0325,13.0325,13.0325,13.0325,100,0
TYO.US,5,20251001,164500,13,13,13,13,100,0
TYO.US,5,20251001,165500,13.03,13.03,13.03,13.03,100,0
TYO.US,5,20251001,180500,13.0727,13.0727,13.064,13.064,275,0
TYO.US,5,20251001,183500,13.08,13.08,13.08,13.08,200,0
TYO.US,5,20251001,184000,13.06,13.06,13.06,13.06,100,0
TYO.US,5,20251001,191000,13.0594,13.0697,13.0594,13.0697,200,0
TYO.US,5,20251001,193500,13.0412,13.0412,13.0412,13.0412,553,0
TYO.US,5,20251001,201500,13.02,13.02,13.02,13.02,259,0
TYO.US,5,20251001,215500,13.04,13.05,13.04,13.05,6316,0
TYO.US,5,20251002,153000,13.05,13.05,13.05,13.05,139,0
TYO.US,5,20251002,153500,13.04,13.05,13.04,13.05,320,0
TYO.US,5,20251002,154000,13.069,13.069,13.069,13.069,100,0
TYO.US,5,20251002,154500,13.06,13.06,13.06,13.06,314,0
TYO.US,5,20251002,155500,13.05,13.05,13.05,13.05,402,0
TYO.US,5,20251002,165000,13.03,13.03,13.03,13.03,100,0
TYO.US,5,20251002,170500,13.02,13.03,13.02,13.03,200,0
TYO.US,5,20251002,171000,13.04,13.04,13.04,13.04,500,0
TYO.US,5,20251002,171500,13.02,13.02,13.02,13.02,100,0
TYO.US,5,20251002,172000,13.0171,13.0171,13.0171,13.0171,100,0
TYO.US,5,20251002,172500,13.01,13.01,13.01,13.01,200,0
TYO.US,5,20251002,173500,13.03,13.03,13.03,13.03,500,0
TYO.US,5,20251002,174500,13.02,13.02,13.02,13.02,100,0
TYO.US,5,20251002,175000,13.0372,13.0372,13.0372,13.0372,100,0
TYO.US,5,20251002,175500,13.02,13.02,13.02,13.02,100,0
TYO.US,5,20251002,180500,13.01,13.01,13.01,13.01,100,0
TYO.US,5,20251002,181500,13,13,13,13,100,0
TYO.US,5,20251002,184000,12.97,12.97,12.97,12.97,100,0
TYO.US,5,20251002,184500,12.97,12.97,12.97,12.97,100,0
TYO.US,5,20251002,185500,12.96,12.96,12.96,12.96,100,0
TYO.US,5,20251002,191000,12.96,12.96,12.96,12.96,100,0
TYO.US,5,20251002,192000,12.95,12.95,12.95,12.95,100,0
TYO.US,5,20251002,192500,12.95,12.95,12.95,12.95,223,0
TYO.US,5,20251002,193500,12.96,12.96,12.96,12.96,200,0
TYO.US,5,20251002,195000,12.95,12.95,12.95,12.95,100,0
TYO.US,5,20251002,200000,12.96,12.96,12.96,12.96,100,0
TYO.US,5,20251002,201000,12.96,12.96,12.96,12.96,100,0
TYO.US,5,20251002,201500,12.96,12.96,12.96,12.96,200,0
TYO.US,5,20251002,202000,12.97,12.97,12.97,12.97,100,0
TYO.US,5,20251002,203000,12.97,12.97,12.97,12.97,100,0
TYO.US,5,20251002,204500,12.96,12.96,12.96,12.96,100,0
TYO.US,5,20251002,205500,12.98,12.98,12.98,12.98,343,0
TYO.US,5,20251002,210500,12.97,12.97,12.96,12.96,200,0
TYO.US,5,20251002,211000,12.95,12.95,12.95,12.95,200,0
TYO.US,5,20251002,213000,12.96,12.97,12.96,12.97,200,0
TYO.US,5,20251002,213500,12.98,12.98,12.98,12.98,300,0
TYO.US,5,20251002,214000,12.97,12.97,12.97,12.97,200,0
TYO.US,5,20251002,215000,12.97,12.97,12.97,12.97,10403,0
TYO.US,5,20251002,215500,12.97,12.985,12.97,12.97,1603,0
TYO.US,5,20251003,153500,13.0139,13.0139,13.0139,13.0139,100,0
TYO.US,5,20251003,155000,13.02,13.02,13.02,13.02,100,0
TYO.US,5,20251003,160500,13.04,13.04,13.04,13.04,502,0
TYO.US,5,20251003,161500,13.06,13.06,13.06,13.06,1447,0
TYO.US,5,20251003,170500,13.05,13.05,13.05,13.05,100,0
TYO.US,5,20251003,171000,13.07,13.07,13.07,13.07,100,0
TYO.US,5,20251003,173500,13.035,13.035,13.035,13.035,100,0
TYO.US,5,20251003,174500,13.04,13.04,13.04,13.04,100,0
TYO.US,5,20251003,190000,13.05,13.05,13.05,13.05,100,0
TYO.US,5,20251003,192000,13.05,13.05,13.05,13.05,100,0
TYO.US,5,20251003,205000,13.0698,13.0698,13.0698,13.0698,300,0
TYO.US,5,20251003,210000,13.07,13.07,13.07,13.07,100,0
TYO.US,5,20251003,215000,13.08,13.08,13.08,13.08,100,0
TYO.US,5,20251003,215500,13.08,13.08,13.08,13.08,253,0
TYO.US,5,20251006,153500,13.19,13.19,13.19,13.19,100,0
TYO.US,5,20251006,154500,13.165,13.165,13.165,13.165,100,0
TYO.US,5,20251006,160500,13.1439,13.1439,13.1439,13.1439,100,0
TYO.US,5,20251006,171000,13.149,13.149,13.149,13.149,100,0
TYO.US,5,20251006,174000,13.18,13.18,13.18,13.18,200,0
TYO.US,5,20251006,180500,13.19,13.19,13.19,13.19,1000,0
TYO.US,5,20251006,192000,13.19,13.19,13.19,13.19,162,0
TYO.US,5,20251006,193500,13.1883,13.1883,13.1883,13.1883,100,0
TYO.US,5,20251006,194500,13.1829,13.1829,13.1829,13.1829,100,0
TYO.US,5,20251006,203000,13.19,13.19,13.19,13.19,160,0
TYO.US,5,20251006,205000,13.1889,13.1889,13.1889,13.1889,1137,0
TYO.US,5,20251006,214000,13.2061,13.2061,13.2061,13.2061,235,0
TYO.US,5,20251006,215500,13.2094,13.2094,13.2094,13.2094,300,0
TYO.US,5,20251007,153000,13.1593,13.1593,13.1593,13.1593,100,0
TYO.US,5,20251007,153500,13.16,13.16,13.16,13.16,200,0
TYO.US,5,20251007,155000,13.19,13.19,13.19,13.19,100,0
TYO.US,5,20251007,160500,13.165,13.165,13.165,13.165,100,0
TYO.US,5,20251007,173000,13.1164,13.1164,13.1164,13.1164,100,0
TYO.US,5,20251007,182500,13.0865,13.0865,13.0865,13.0865,550,0
TYO.US,5,20251007,183000,13.0997,13.0997,13.0997,13.0997,100,0
TYO.US,5,20251007,213000,13.1,13.1,13.1,13.1,125,0
TYO.US,5,20251007,214000,13.1,13.1,13.1,13.1,100,0
TYO.US,5,20251008,154500,13.085,13.1,13.085,13.1,350,0
TYO.US,5,20251008,160000,13.101,13.101,13.101,13.101,100,0
TYO.US,5,20251008,162000,13.08,13.08,13.08,13.08,129,0
TYO.US,5,20251008,171000,13.075,13.075,13.0732,13.0732,221,0
TYO.US,5,20251008,172000,13.0808,13.0808,13.0808,13.0808,100,0
TYO.US,5,20251008,172500,13.09,13.09,13.09,13.09,100,0
TYO.US,5,20251008,174000,13.08,13.08,13.08,13.08,2000,0
TYO.US,5,20251008,190500,13.09,13.09,13.09,13.09,1200,0
TYO.US,5,20251008,203000,13.12,13.12,13.12,13.12,130,0
TYO.US,5,20251008,211500,13.11,13.11,13.11,13.11,100,0
TYO.US,5,20251008,213000,13.11,13.11,13.11,13.11,100,0
TYO.US,5,20251008,215500,13.12,13.12,13.1197,13.12,389,0
TYO.US,5,20251009,153500,13.1635,13.1635,13.1635,13.1635,100,0
TYO.US,5,20251009,160500,13.16,13.16,13.16,13.16,325,0
TYO.US,5,20251009,182000,13.141,13.17,13.141,13.17,2000,0
TYO.US,5,20251009,210000,13.178,13.178,13.178,13.178,2000,0
TYO.US,5,20251009,212000,13.17,13.17,13.17,13.17,100,0
TYO.US,5,20251009,215500,13.13,13.13,13.13,13.13,2397,0
TYO.US,5,20251010,153500,13.0445,13.0445,13.0445,13.0445,100,0
TYO.US,5,20251010,154000,13.0586,13.0586,13.0586,13.0586,200,0
TYO.US,5,20251010,160500,13.0437,13.0437,13.0437,13.0437,200,0
TYO.US,5,20251010,161500,13.04,13.04,13.0363,13.0363,314,0
TYO.US,5,20251010,170000,12.96,12.96,12.96,12.96,100,0
TYO.US,5,20251010,170500,12.97,12.97,12.97,12.97,103,0
TYO.US,5,20251010,174000,12.92,12.92,12.92,12.92,161,0
TYO.US,5,20251010,183000,12.96,12.98,12.96,12.98,200,0
TYO.US,5,20251010,195000,12.92,12.92,12.92,12.92,160,0
TYO.US,5,20251010,200000,12.8904,12.8904,12.8904,12.8904,110,0
TYO.US,5,20251010,202500,12.8801,12.8801,12.8801,12.8801,2000,0
TYO.US,5,20251010,205500,12.88,12.88,12.88,12.88,1000,0
TYO.US,5,20251010,215000,12.91,12.92,12.91,12.92,435,0
TYO.US,5,20251013,154000,12.94,12.94,12.94,12.94,100,0
TYO.US,5,20251013,155000,12.933,12.933,12.933,12.933,2537,0
TYO.US,5,20251013,155500,12.9225,12.9225,12.9225,12.9225,228,0
TYO.US,5,20251013,161000,12.93,12.93,12.93,12.93,100,0
TYO.US,5,20251013,161500,12.94,12.94,12.935,12.935,500,0
TYO.US,5,20251013,162000,12.95,12.95,12.945,12.95,749,0
TYO.US,5,20251013,165500,12.95,12.95,12.95,12.95,100,0
TYO.US,5,20251013,181500,12.9468,12.9468,12.9468,12.9468,587,0
TYO.US,5,20251013,183500,12.94,12.94,12.94,12.94,100,0
TYO.US,5,20251013,203000,12.92,12.92,12.92,12.92,170,0
TYO.US,5,20251013,204500,12.91,12.91,12.91,12.91,751,0
TYO.US,5,20251013,215000,12.8905,12.905,12.8905,12.905,435,0
TYO.US,5,20251014,154000,12.84,12.84,12.84,12.84,100,0
TYO.US,5,20251014,175000,12.8801,12.8801,12.8801,12.8801,165,0
TYO.US,5,20251014,203000,12.834,12.834,12.834,12.834,616,0
TYO.US,5,20251014,215000,12.8198,12.8257,12.8195,12.8257,625,0
TYO.US,5,20251015,153500,12.79,12.799,12.79,12.7976,760,0
TYO.US,5,20251015,163500,12.7842,12.7842,12.7842,12.7842,112,0
TYO.US,5,20251015,171000,12.81,12.81,12.81,12.81,100,0
TYO.US,5,20251015,205000,12.8939,12.8939,12.8801,12.8801,308,0
TYO.US,5,20251015,205500,12.897,12.897,12.897,12.897,500,0
TYO.US,5,20251016,153000,12.91,12.91,12.91,12.91,100,0
TYO.US,5,20251016,172500,12.85,12.85,12.85,12.85,100,0
TYO.US,5,20251016,191000,12.74,12.74,12.73,12.73,2700,0
TYO.US,5,20251016,193000,12.73,12.73,12.73,12.73,300,0
TYO.US,5,20251016,195000,12.71,12.71,12.681,12.681,650,0
TYO.US,5,20251016,211500,12.69,12.69,12.69,12.69,694,0
TYO.US,5,20251016,215500,12.68,12.68,12.68,12.68,100,0
TYO.US,5,20251017,155000,12.76,12.76,12.76,12.76,348,0
TYO.US,5,20251017,170500,12.8,12.8,12.8,12.8,100,0
TYO.US,5,20251017,192000,12.761,12.761,12.761,12.761,481,0
TYO.US,5,20251017,201000,12.7739,12.7739,12.7739,12.7739,200,0
TYO.US,5,20251017,205500,12.79,12.79,12.79,12.79,1563,0
TYO.US,5,20251017,214000,12.7805,12.7805,12.7805,12.7805,156,0
TYO.US,5,20251017,215000,12.771,12.771,12.7704,12.7704,784,0
TYO.US,5,20251017,215500,12.765,12.765,12.76,12.76,494,0
TYO.US,5,20251020,173000,12.7626,12.7626,12.7626,12.7626,100,0
TYO.US,5,20251021,154500,12.65,12.65,12.65,12.65,200,0
TYO.US,5,20251021,160000,12.621,12.621,12.621,12.621,100,0
TYO.US,5,20251021,164500,12.6406,12.6406,12.6406,12.6406,2560,0
TYO.US,5,20251022,155000,12.7,12.7,12.7,12.7,157,0
TYO.US,5,20251022,183000,12.67,12.67,12.67,12.67,200,0
TYO.US,5,20251022,190000,12.67,12.67,12.67,12.67,100,0
TYO.US,5,20251022,215500,12.65,12.65,12.65,12.65,300,0
TYO.US,5,20251023,160500,12.7364,12.7364,12.7364,12.7364,200,0
TYO.US,5,20251023,170000,12.735,12.735,12.735,12.735,100,0
TYO.US,5,20251023,173500,12.76,12.76,12.76,12.76,500,0
TYO.US,5,20251023,183500,12.76,12.7798,12.76,12.7798,850,0
TYO.US,5,20251023,192000,12.779,12.779,12.779,12.779,200,0
TYO.US,5,20251023,193500,12.7784,12.79,12.7784,12.79,290,0
TYO.US,5,20251023,214000,12.771,12.771,12.771,12.771,100,0
TYO.US,5,20251023,215500,12.781,12.781,12.781,12.781,100,0
TYO.US,5,20251024,153000,12.77,12.77,12.77,12.77,143,0
TYO.US,5,20251024,153500,12.8,12.8,12.8,12.8,106,0
TYO.US,5,20251024,155000,12.85,12.85,12.85,12.85,103,0
TYO.US,5,20251024,171500,12.775,12.775,12.775,12.775,300,0
TYO.US,5,20251024,181000,12.8096,12.8096,12.8096,12.8096,200,0
TYO.US,5,20251024,185000,12.78,12.78,12.78,12.78,371,0
TYO.US,5,20251024,185500,12.79,12.79,12.79,12.79,600,0
TYO.US,5,20251024,190000,12.75,12.7885,12.75,12.7885,1970,0
TYO.US,5,20251024,190500,12.78,12.78,12.78,12.78,1000,0
TYO.US,5,20251024,191500,12.7899,12.7899,12.7899,12.7899,4000,0
TYO.US,5,20251024,205000,12.81,12.81,12.81,12.81,110,0
TYO.US,5,20251024,214000,12.7601,12.7601,12.7601,12.7601,400,0
TYO.US,5,20251024,215000,12.8,12.8,12.8,12.8,5265,0
TYO.US,5,20251024,215500,12.8,12.81,12.8,12.81,2282,0
TYO.US,5,20251027,152000,12.85,12.85,12.85,12.85,200,0
TYO.US,5,20251027,160500,12.86,12.86,12.86,12.86,100,0
TYO.US,5,20251027,205000,12.797,12.797,12.797,12.797,268,0
TYO.US,5,20251028,145500,12.781,12.781,12.77,12.7701,9321,0
TYO.US,5,20251028,171500,12.76,12.76,12.76,12.76,100,0
TYO.US,5,20251028,204000,12.755,12.755,12.755,12.755,1000,0
TYO.US,5,20251028,205000,12.74,12.74,12.74,12.74,268,0
TYO.US,5,20251029,150000,12.761,12.783,12.7501,12.7501,3986,0
TYO.US,5,20251029,150500,12.7787,12.7787,12.76,12.7601,6000,0
TYO.US,5,20251029,171500,12.79,12.79,12.79,12.79,108,0
TYO.US,5,20251029,175000,12.79,12.79,12.79,12.79,100,0
TYO.US,5,20251029,184500,12.84,12.84,12.84,12.84,300,0
TYO.US,5,20251029,202500,12.98,12.98,12.98,12.98,183,0
TYO.US,5,20251030,145000,13.13,13.13,13.13,13.13,104,0
TYO.US,5,20251030,155500,13.05,13.05,13.05,13.05,100,0
TYO.US,5,20251030,172000,13.04,13.04,13.04,13.04,116,0
TYO.US,5,20251030,181000,13.09,13.09,13.09,13.09,108,0
TYO.US,5,20251030,182000,13.062,13.062,13.062,13.062,100,0
TYO.US,5,20251030,204500,13.06,13.08,13.06,13.08,200,0
TYO.US,5,20251030,205000,13.09,13.09,13.0762,13.09,5487,0
TYO.US,5,20251030,205500,13.09,13.09,13.08,13.08,812,0
TYO.US,5,20251031,154000,13.0178,13.0178,13.0178,13.0178,892,0
TYO.US,5,20251031,205500,13.09,13.09,13.09,13.09,2618,0
TYO.US,5,20251103,161000,13.05,13.05,13.05,13.05,261,0
TYO.US,5,20251103,163000,13.08,13.08,13.08,13.08,500,0
TYO.US,5,20251103,215000,13.0955,13.1048,13.0955,13.1002,489,0
TYO.US,5,20251103,215500,13.08,13.08,13.08,13.08,341,0
TYO.US,5,20251104,180000,13.07,13.07,13.07,13.07,100,0
TYO.US,5,20251104,202500,13.06,13.06,13.06,13.06,100,0
TYO.US,5,20251104,215000,13.0597,13.0599,13.059,13.059,7349,0
TYO.US,5,20251104,215500,13.0301,13.056,13.0301,13.056,200,0
TYO.US,5,20251105,153500,13.12,13.12,13.12,13.12,134,0
TYO.US,5,20251105,154000,13.149,13.149,13.149,13.149,150,0
TYO.US,5,20251105,160000,13.17,13.2,13.17,13.2,450,0
TYO.US,5,20251105,161500,13.15,13.15,13.15,13.15,150,0
TYO.US,5,20251105,171000,13.24,13.24,13.24,13.24,200,0
TYO.US,5,20251105,172000,13.2483,13.2483,13.2483,13.2483,1000,0
TYO.US,5,20251105,173500,13.2366,13.2498,13.2362,13.2498,9400,0
TYO.US,5,20251105,174500,13.2301,13.2301,13.2301,13.2301,192,0
TYO.US,5,20251105,192000,13.25,13.25,13.25,13.25,100,0
TYO.US,5,20251105,214000,13.26,13.26,13.26,13.26,100,0
TYO.US,5,20251105,215000,13.24,13.24,13.2204,13.232,1089,0
TYO.US,5,20251105,215500,13.22,13.22,13.22,13.22,2277,0
TYO.US,5,20251106,154000,13.09,13.09,13.085,13.085,600,0
TYO.US,5,20251106,155000,13.09,13.11,13.09,13.11,303,0
TYO.US,5,20251106,160000,13.0923,13.0923,13.0923,13.0923,200,0
TYO.US,5,20251106,165000,13.08,13.08,13.08,13.08,221,0
TYO.US,5,20251106,170000,13.055,13.055,13.055,13.055,100,0
TYO.US,5,20251106,170500,13.075,13.075,13.075,13.075,100,0
TYO.US,5,20251106,171000,13.06,13.06,13.06,13.06,100,0
TYO.US,5,20251106,173500,13.04,13.04,13.04,13.04,100,0
TYO.US,5,20251106,174000,13.04,13.04,13.04,13.04,100,0
TYO.US,5,20251106,175500,13.05,13.05,13.05,13.05,100,0
TYO.US,5,20251106,182500,13.05,13.05,13.05,13.05,208,0
TYO.US,5,20251106,184500,13.05,13.05,13.05,13.05,100,0
TYO.US,5,20251106,192500,13.05,13.05,13.05,13.05,100,0
TYO.US,5,20251106,193500,13.05,13.05,13.05,13.05,100,0
TYO.US,5,20251106,194000,13.06,13.06,13.06,13.06,400,0
TYO.US,5,20251106,200000,13.05,13.05,13.05,13.05,100,0
TYO.US,5,20251106,202000,13.0596,13.0596,13.02,13.02,8000,0
TYO.US,5,20251106,202500,13.05,13.05,13.05,13.05,200,0
TYO.US,5,20251106,203500,13.06,13.06,13.06,13.06,100,0
TYO.US,5,20251106,204000,13.0204,13.0204,13.0204,13.0204,100,0
TYO.US,5,20251106,210000,13.06,13.06,13.06,13.06,533,0
TYO.US,5,20251106,212500,13.06,13.06,13.06,13.06,188,0
TYO.US,5,20251106,214000,13.09,13.09,13.08,13.08,200,0
TYO.US,5,20251106,215000,13.08,13.08,13.0207,13.08,7454,0
TYO.US,5,20251106,215500,13.08,13.08,13.07,13.08,3233,0
TYO.US,5,20251107,153000,13.0929,13.0929,13.0929,13.0929,100,0
TYO.US,5,20251107,155500,13.0832,13.0832,13.0832,13.0832,148,0
TYO.US,5,20251107,160000,13.06,13.06,13.06,13.06,100,0
TYO.US,5,20251107,195500,13.01,13.01,13.01,13.01,100,0
TYO.US,5,20251107,215000,13.031,13.0357,13.031,13.0357,1301,0
TYO.US,5,20251107,215500,13.06,13.07,13.04,13.07,1974,0
TYO.US,5,20251110,154500,13.09,13.09,13.09,13.09,100,0
TYO.US,5,20251110,165500,13.0962,13.0962,13.0962,13.0962,100,0
TYO.US,5,20251110,200000,13.1,13.1,13.1,13.1,100,0
TYO.US,5,20251110,210000,13.11,13.11,13.11,13.11,100,0
TYO.US,5,20251110,215000,13.11,13.11,13.11,13.11,200,0
TYO.US,5,20251110,215500,13.11,13.13,13.11,13.13,2510,0
TYO.US,5,20251111,154000,13.04,13.04,13.04,13.04,100,0
TYO.US,5,20251111,155500,13.025,13.025,13.025,13.025,200,0
TYO.US,5,20251111,162500,13.01,13.01,13.01,13.01,100,0
TYO.US,5,20251111,170000,12.9925,12.9925,12.9925,12.9925,1152,0
TYO.US,5,20251111,180000,12.9954,12.9954,12.9954,12.9954,100,0
TYO.US,5,20251111,190000,12.99,12.99,12.99,12.99,750,0
TYO.US,5,20251111,211500,12.97,12.97,12.97,12.97,300,0
TYO.US,5,20251111,215000,12.9896,12.9897,12.9606,12.9897,2923,0
TYO.US,5,20251111,215500,12.99,12.99,12.96,12.96,2374,0
TYO.US,5,20251112,153000,13,13,13,13,231,0
TYO.US,5,20251112,153500,13,13,13,13,260,0
TYO.US,5,20251112,160000,13.01,13.01,13.0001,13.0001,400,0
TYO.US,5,20251112,172500,12.9714,12.9751,12.9714,12.9751,900,0
TYO.US,5,20251112,173000,12.9701,12.9701,12.9701,12.9701,217,0
TYO.US,5,20251112,173500,12.96,12.96,12.96,12.96,102,0
TYO.US,5,20251112,174000,12.9705,12.9705,12.9705,12.9705,100,0
TYO.US,5,20251112,181000,12.9651,12.9651,12.9651,12.9651,150,0
TYO.US,5,20251112,200000,12.99,13,12.99,13,633,0
TYO.US,5,20251112,212500,12.98,12.98,12.98,12.98,130,0
TYO.US,5,20251112,213500,12.991,12.991,12.99,12.99,500,0
TYO.US,5,20251112,214500,12.98,12.98,12.98,12.98,122,0
TYO.US,5,20251112,215000,12.98,12.99,12.97,12.97,7751,0
TYO.US,5,20251112,215500,12.98,12.98,12.96,12.96,4830,0
TYO.US,5,20251113,154500,13.05,13.05,13.05,13.05,200,0
TYO.US,5,20251113,160500,13.04,13.06,13.04,13.06,903,0
TYO.US,5,20251113,161000,13.0784,13.0784,13.0784,13.0784,250,0
TYO.US,5,20251113,161500,13.085,13.085,13.085,13.085,112,0
TYO.US,5,20251113,162000,13.09,13.09,13.09,13.09,600,0
TYO.US,5,20251113,162500,13.085,13.085,13.085,13.085,150,0
TYO.US,5,20251113,172500,13.0539,13.0539,13.0539,13.0539,200,0
TYO.US,5,20251113,191000,13.06,13.06,13.06,13.06,105,0
TYO.US,5,20251113,195000,13.04,13.04,13.04,13.04,350,0
TYO.US,5,20251113,202000,13.07,13.07,13.07,13.07,150,0
TYO.US,5,20251113,205500,13.055,13.06,13.055,13.06,762,0
TYO.US,5,20251113,210000,13.07,13.07,13.07,13.07,119,0
TYO.US,5,20251113,211000,13.0735,13.0735,13.0735,13.0735,100,0
TYO.US,5,20251113,212500,13.08,13.08,13.07,13.07,210,0
TYO.US,5,20251113,213500,13.08,13.08,13.08,13.08,350,0
TYO.US,5,20251113,214000,13.09,13.09,13.09,13.09,100,0
TYO.US,5,20251113,214500,13.07,13.09,13.07,13.09,369,0
TYO.US,5,20251113,215000,13.07,13.1076,13.06,13.06,10315,0
TYO.US,5,20251113,215500,13.07,13.08,13.05,13.05,5211,0
TYO.US,5,20251114,153500,13,13,13,13,1000,0
TYO.US,5,20251114,155000,13.065,13.065,13.065,13.065,350,0
TYO.US,5,20251114,155500,13.075,13.075,13.075,13.075,500,0
TYO.US,5,20251114,160000,13.079,13.079,13.079,13.079,200,0
TYO.US,5,20251114,161000,13.0855,13.0855,13.0855,13.0855,382,0
TYO.US,5,20251114,162000,13.095,13.109,13.095,13.109,400,0
TYO.US,5,20251114,172500,13.119,13.12,13.119,13.1199,300,0
TYO.US,5,20251114,174000,13.12,13.12,13.12,13.12,576,0
TYO.US,5,20251114,175500,13.13,13.13,13.13,13.13,500,0
TYO.US,5,20251114,180500,13.1382,13.1382,13.1382,13.1382,100,0
TYO.US,5,20251114,181500,13.145,13.15,13.145,13.15,200,0
TYO.US,5,20251114,182000,13.1578,13.1578,13.1578,13.1578,125,0
TYO.US,5,20251114,183000,13.16,13.16,13.16,13.16,300,0
TYO.US,5,20251114,191000,13.1541,13.1541,13.1541,13.1541,100,0
TYO.US,5,20251114,193000,13.1515,13.1515,13.1515,13.1515,175,0
TYO.US,5,20251114,195500,13.159,13.159,13.1521,13.1521,500,0
TYO.US,5,20251114,200500,13.145,13.145,13.1422,13.1422,350,0
TYO.US,5,20251114,210000,13.175,13.175,13.175,13.175,100,0
TYO.US,5,20251114,212500,13.175,13.175,13.175,13.175,140,0
TYO.US,5,20251114,214500,13.179,13.179,13.179,13.179,152,0
TYO.US,5,20251114,215000,13.1508,13.1748,13.1508,13.1748,1030,0
TYO.US,5,20251117,153500,13.18,13.18,13.18,13.18,3850,0
TYO.US,5,20251117,155000,13.16,13.16,13.16,13.16,289,0
TYO.US,5,20251117,161500,13.16,13.16,13.16,13.16,150,0
TYO.US,5,20251117,183000,13.13,13.13,13.13,13.13,250,0
TYO.US,5,20251117,190000,13.13,13.13,13.13,13.13,100,0
TYO.US,5,20251117,190500,13.13,13.13,13.13,13.13,150,0
TYO.US,5,20251117,191000,13.121,13.1314,13.121,13.1314,1000,0
TYO.US,5,20251117,203500,13.1322,13.1322,13.1322,13.1322,200,0
TYO.US,5,20251117,205000,13.11,13.11,13.1,13.1,1600,0
TYO.US,5,20251117,205500,13.12,13.12,13.12,13.12,300,0
TYO.US,5,20251117,210500,13.1367,13.1367,13.1367,13.1367,250,0
TYO.US,5,20251117,212500,13.121,13.1338,13.121,13.1338,382,0
TYO.US,5,20251117,215000,13.121,13.1499,13.121,13.121,7223,0
TYO.US,5,20251118,161000,13.0286,13.0286,13.0286,13.0286,300,0
TYO.US,5,20251118,162500,13.0424,13.0424,13.0424,13.0424,100,0
TYO.US,5,20251118,171000,13.06,13.06,13.06,13.06,100,0
TYO.US,5,20251118,172500,13.09,13.0953,13.09,13.0953,500,0
TYO.US,5,20251118,173000,13.1,13.1,13.1,13.1,1300,0
TYO.US,5,20251118,180500,13.0917,13.0917,13.0917,13.0917,300,0
TYO.US,5,20251118,183500,13.11,13.11,13.11,13.11,100,0
TYO.US,5,20251118,184500,13.12,13.13,13.12,13.13,200,0
TYO.US,5,20251118,185500,13.1207,13.1207,13.1207,13.1207,100,0
TYO.US,5,20251118,192000,13.12,13.12,13.12,13.12,100,0
TYO.US,5,20251118,202000,13.103,13.103,13.103,13.103,100,0
TYO.US,5,20251118,203500,13.09,13.09,13.09,13.09,100,0
TYO.US,5,20251118,204500,13.081,13.081,13.081,13.081,100,0
TYO.US,5,20251118,210000,13.1023,13.1023,13.1023,13.1023,200,0
TYO.US,5,20251118,215000,13.081,13.1031,13.071,13.09,10483,0
TYO.US,5,20251119,161000,13.105,13.1085,13.105,13.1085,600,0
TYO.US,5,20251119,163000,13.1056,13.1193,13.1056,13.1193,260,0
TYO.US,5,20251119,202000,13.05,13.05,13.05,13.05,100,0
TYO.US,5,20251119,211500,13.12,13.12,13.12,13.12,200,0
TYO.US,5,20251119,215000,13.1198,13.12,13.1187,13.1195,3412,0
TYO.US,5,20251120,153000,13.07,13.07,13.07,13.07,250,0
TYO.US,5,20251120,153500,13.05,13.05,13.05,13.05,150,0
TYO.US,5,20251120,155000,13.07,13.07,13.07,13.07,100,0
TYO.US,5,20251120,160000,13.07,13.07,13.07,13.07,200,0
TYO.US,5,20251120,160500,13.06,13.06,13.06,13.06,100,0
TYO.US,5,20251120,170000,13.07,13.07,13.07,13.07,100,0
TYO.US,5,20251120,173500,13.035,13.035,13.035,13.035,300,0
TYO.US,5,20251120,175000,13.0444,13.0444,13.0444,13.0444,200,0
TYO.US,5,20251120,181500,13.0074,13.0074,13.0074,13.0074,300,0
TYO.US,5,20251120,194000,13.04,13.04,13.04,13.04,100,0
TYO.US,5,20251120,214000,13.03,13.03,13.03,13.03,1000,0
TYO.US,5,20251120,215000,13.01,13.03,13.01,13.0158,5046,0
TYO.US,5,20251121,155000,12.95,12.95,12.95,12.95,100,0
TYO.US,5,20251121,160500,12.92,12.94,12.92,12.94,4993,0
TYO.US,5,20251121,164000,12.92,12.92,12.92,12.92,100,0
TYO.US,5,20251121,165500,12.9423,12.9423,12.9423,12.9423,1000,0
TYO.US,5,20251121,173500,12.96,12.96,12.96,12.96,100,0
TYO.US,5,20251121,174000,12.9615,12.9615,12.9615,12.9615,100,0
TYO.US,5,20251121,182500,12.9893,12.9893,12.9893,12.9893,100,0
TYO.US,5,20251121,185000,12.99,12.99,12.99,12.99,100,0
TYO.US,5,20251121,193500,12.941,12.941,12.941,12.941,100,0
TYO.US,5,20251121,201000,12.98,12.98,12.98,12.98,100,0
TYO.US,5,20251121,213500,12.911,12.911,12.911,12.911,100,0
TYO.US,5,20251121,215500,12.925,12.925,12.925,12.925,150,0
TYO.US,5,20251124,153000,12.87,12.87,12.87,12.87,280,0
TYO.US,5,20251124,155000,12.89,12.89,12.8813,12.8813,400,0
TYO.US,5,20251124,164000,12.92,12.92,12.92,12.92,100,0
TYO.US,5,20251124,210500,12.87,12.87,12.87,12.87,100,0
TYO.US,5,20251124,215000,12.8564,12.8564,12.851,12.851,349,0
TYO.US,5,20251125,155500,12.79,12.79,12.79,12.79,167,0
TYO.US,5,20251125,164000,12.7966,12.7966,12.795,12.795,200,0
TYO.US,5,20251125,164500,12.8,12.8099,12.8,12.8099,360,0
TYO.US,5,20251125,165000,12.79,12.79,12.79,12.79,400,0
TYO.US,5,20251125,173500,12.77,12.77,12.77,12.77,478,0
TYO.US,5,20251125,180500,12.8099,12.8099,12.8099,12.8099,100,0
TYO.US,5,20251125,183000,12.75,12.76,12.75,12.76,1015,0
TYO.US,5,20251125,183500,12.76,12.76,12.76,12.76,260,0
TYO.US,5,20251125,215000,12.77,12.78,12.76,12.76,7599,0
TYO.US,5,20251125,215500,12.77,12.77,12.73,12.73,5332,0
TYO.US,5,20251126,155000,12.84,12.84,12.84,12.84,500,0
TYO.US,5,20251126,160000,12.869,12.869,12.869,12.869,100,0
TYO.US,5,20251126,165500,12.82,12.82,12.82,12.82,100,0
TYO.US,5,20251126,214000,12.7623,12.7623,12.7623,12.7623,100,0
TYO.US,5,20251126,215000,12.75,12.75,12.75,12.75,100,0
TYO.US,5,20251128,154000,12.79,12.79,12.79,12.79,100,0
TYO.US,5,20251128,160500,12.81,12.81,12.81,12.81,125,0
TYO.US,5,20251128,163000,12.8346,12.8346,12.8346,12.8346,100,0
TYO.US,5,20251128,172000,12.8501,12.8501,12.8501,12.8501,100,0
TYO.US,5,20251128,185000,12.8223,12.8223,12.8223,12.8223,314,0
TYO.US,5,20251128,185500,12.83,12.83,12.83,12.83,358,0
TYO.US,5,20251128,190000,12.84,12.87,12.84,12.84,3222,0
TYO.US,5,20251201,153000,12.9947,12.9947,12.9947,12.9947,100,0
TYO.US,5,20251201,153500,12.997,12.997,12.997,12.997,1000,0
TYO.US,5,20251201,154500,13.02,13.02,13.02,13.02,100,0
TYO.US,5,20251201,163500,13,13.02,13,13.02,989,0
TYO.US,5,20251201,170500,13.03,13.03,13.03,13.03,100,0
TYO.US,5,20251201,175500,13.03,13.03,13.03,13.03,100,0
TYO.US,5,20251201,180500,13.03,13.03,13.03,13.03,100,0
TYO.US,5,20251201,194500,13.0346,13.0346,13.0254,13.0254,200,0
TYO.US,5,20251201,195000,13.03,13.03,13.03,13.03,100,0
TYO.US,5,20251201,201000,13.03,13.03,13.03,13.03,150,0
TYO.US,5,20251201,202500,13.03,13.03,13.03,13.03,100,0
TYO.US,5,20251201,203500,13.03,13.03,13.03,13.03,200,0
TYO.US,5,20251201,213000,13.02,13.02,13.02,13.02,250,0
TYO.US,5,20251201,213500,13.0235,13.0235,13.0235,13.0235,380,0
TYO.US,5,20251201,214500,13.04,13.04,13.04,13.04,200,0
TYO.US,5,20251201,215500,13.04,13.04,13.0322,13.0322,200,0
TYO.US,5,20251202,161000,13.09,13.09,13.09,13.09,380,0
TYO.US,5,20251202,165500,13.06,13.06,13.06,13.06,200,0
TYO.US,5,20251202,173500,13.04,13.04,13.04,13.04,110,0
TYO.US,5,20251202,174500,13.03,13.03,13.03,13.03,100,0
TYO.US,5,20251202,180500,13.05,13.05,13.05,13.05,100,0
TYO.US,5,20251202,201500,13.03,13.03,13.03,13.03,100,0
TYO.US,5,20251202,210000,13.029,13.029,13.029,13.029,190,0
TYO.US,5,20251202,214500,13.04,13.04,13.03,13.03,250,0
TYO.US,5,20251202,215000,13.03,13.03,13.0167,13.03,13778,0
TYO.US,5,20251202,215500,13.03,13.03,13.02,13.03,5564,0
TYO.US,5,20251203,163000,12.98,12.98,12.9714,12.9714,300,0
TYO.US,5,20251203,171000,12.9929,12.9929,12.9929,12.9929,100,0
TYO.US,5,20251203,171500,12.9783,12.981,12.9783,12.981,349,0
TYO.US,5,20251203,173000,12.988,12.988,12.988,12.988,100,0
TYO.US,5,20251203,181000,12.99,12.99,12.99,12.99,100,0
TYO.US,5,20251203,182500,12.9712,12.9712,12.9712,12.9712,125,0
TYO.US,5,20251203,195000,12.94,12.94,12.94,12.94,228,0
TYO.US,5,20251203,210000,12.9343,12.9343,12.9343,12.9343,190,0
TYO.US,5,20251203,215000,12.935,12.9439,12.92,12.9261,2206,0
TYO.US,5,20251203,215500,12.94,12.94,12.94,12.94,300,0
TYO.US,5,20251204,161000,13.0453,13.0453,13.0453,13.0453,200,0
TYO.US,5,20251204,165000,13.05,13.05,13.05,13.05,100,0
TYO.US,5,20251204,173000,13.06,13.06,13.06,13.06,100,0
TYO.US,5,20251204,184000,13.06,13.06,13.06,13.06,100,0
TYO.US,5,20251204,193000,13.06,13.06,13.06,13.06,100,0
TYO.US,5,20251204,201000,13.07,13.07,13.07,13.07,228,0
TYO.US,5,20251204,203000,13.071,13.071,13.071,13.071,100,0
TYO.US,5,20251204,205000,13.08,13.08,13.071,13.071,600,0
TYO.US,5,20251204,205500,13.0839,13.0839,13.0839,13.0839,350,0
TYO.US,5,20251204,215000,13.0899,13.0899,13.0608,13.0608,431,0
TYO.US,5,20251205,153000,13.1,13.1,13.1,13.1,169,0
TYO.US,5,20251205,153500,13.11,13.11,13.11,13.11,100,0
TYO.US,5,20251205,154000,13.11,13.11,13.11,13.11,118,0
TYO.US,5,20251205,155000,13.1,13.1,13.085,13.1,576,0
TYO.US,5,20251205,155500,13.1,13.1,13.1,13.1,200,0
TYO.US,5,20251205,160000,13.1,13.1,13.1,13.1,100,0
TYO.US,5,20251205,163000,13.12,13.12,13.12,13.12,307,0
TYO.US,5,20251205,164500,13.14,13.14,13.135,13.135,200,0
TYO.US,5,20251205,170000,13.16,13.16,13.16,13.16,100,0
TYO.US,5,20251205,173000,13.18,13.18,13.18,13.18,200,0
TYO.US,5,20251205,173500,13.165,13.18,13.165,13.18,200,0
TYO.US,5,20251205,183000,13.16,13.16,13.16,13.16,100,0
TYO.US,5,20251205,214500,13.17,13.17,13.17,13.17,220,0
TYO.US,5,20251205,215000,13.18,13.18,13.1608,13.18,10946,0
TYO.US,5,20251205,215500,13.17,13.19,13.17,13.19,5817,0
TYO.US,5,20251208,153500,13.2097,13.2097,13.2097,13.2097,350,0
TYO.US,5,20251208,154500,13.2253,13.26,13.2253,13.26,811,0
TYO.US,5,20251208,155500,13.28,13.28,13.28,13.28,100,0
TYO.US,5,20251208,160500,13.28,13.3,13.28,13.28,1289,0
TYO.US,5,20251208,161500,13.3,13.31,13.3,13.301,2823,0
TYO.US,5,20251208,163000,13.31,13.31,13.31,13.31,200,0
TYO.US,5,20251208,170000,13.3005,13.3005,13.3005,13.3005,1000,0
TYO.US,5,20251208,170500,13.29,13.32,13.29,13.32,1500,0
TYO.US,5,20251208,171000,13.3034,13.3034,13.3034,13.3034,100,0
TYO.US,5,20251208,173500,13.31,13.31,13.31,13.31,100,0
TYO.US,5,20251208,180500,13.29,13.29,13.29,13.29,600,0
TYO.US,5,20251208,181500,13.28,13.29,13.2704,13.279,3745,0
TYO.US,5,20251208,182500,13.27,13.27,13.27,13.27,100,0
TYO.US,5,20251208,183000,13.27,13.27,13.27,13.27,200,0
TYO.US,5,20251208,183500,13.28,13.28,13.28,13.28,587,0
TYO.US,5,20251208,192000,13.2726,13.2726,13.2726,13.2726,100,0
TYO.US,5,20251208,192500,13.27,13.27,13.27,13.27,170,0
TYO.US,5,20251208,193000,13.28,13.28,13.28,13.28,2210,0
TYO.US,5,20251208,200000,13.25,13.25,13.25,13.25,1531,0
TYO.US,5,20251208,205500,13.279,13.279,13.279,13.279,151,0
TYO.US,5,20251208,210500,13.2686,13.2686,13.2686,13.2686,100,0
TYO.US,5,20251208,212500,13.2686,13.2686,13.2686,13.2686,1000,0
TYO.US,5,20251208,215000,13.26,13.26,13.26,13.26,300,0
TYO.US,5,20251209,153000,13.215,13.215,13.215,13.215,200,0
TYO.US,5,20251209,153500,13.2199,13.2199,13.2199,13.2199,200,0
TYO.US,5,20251209,154500,13.23,13.23,13.23,13.23,100,0
TYO.US,5,20251209,160000,13.23,13.3093,13.23,13.3093,1000,0
TYO.US,5,20251209,170000,13.318,13.318,13.318,13.318,1500,0
TYO.US,5,20251209,172000,13.3055,13.3055,13.3055,13.3055,1000,0
TYO.US,5,20251209,172500,13.293,13.293,13.293,13.293,100,0
TYO.US,5,20251209,174500,13.3047,13.3047,13.3047,13.3047,138,0
TYO.US,5,20251209,195000,13.31,13.31,13.31,13.31,210,0
TYO.US,5,20251209,195500,13.32,13.32,13.32,13.32,490,0
TYO.US,5,20251209,203000,13.3109,13.3109,13.3109,13.3109,100,0
TYO.US,5,20251209,212500,13.3093,13.3093,13.3093,13.3093,500,0
TYO.US,5,20251209,215500,13.29,13.29,13.29,13.29,2305,0
TYO.US,5,20251210,153000,13.34,13.3452,13.34,13.3452,1150,0
TYO.US,5,20251210,153500,13.3394,13.3394,13.3394,13.3394,100,0
TYO.US,5,20251210,154500,13.339,13.339,13.339,13.339,200,0
TYO.US,5,20251210,155500,13.3105,13.3105,13.3105,13.3105,100,0
TYO.US,5,20251210,160000,13.29,13.29,13.29,13.29,500,0
TYO.US,5,20251210,170000,13.29,13.29,13.29,13.29,100,0
TYO.US,5,20251210,181500,13.265,13.265,13.265,13.265,124,0
TYO.US,5,20251210,190500,13.2647,13.2647,13.2647,13.2647,200,0
TYO.US,5,20251210,191500,13.2605,13.28,13.2605,13.28,310,0
TYO.US,5,20251210,200500,13.26,13.26,13.26,13.26,100,0
TYO.US,5,20251210,205500,13.2884,13.2884,13.2884,13.2884,117,0
TYO.US,5,20251210,215000,13.2167,13.219,13.2167,13.219,538,0
TYO.US,5,20251211,160000,13.11,13.11,13.11,13.11,300,0
TYO.US,5,20251211,160500,13.12,13.12,13.12,13.12,200,0
TYO.US,5,20251211,162000,13.1082,13.1082,13.1082,13.1082,233,0
TYO.US,5,20251211,195500,13.17,13.17,13.13,13.13,606,0
TYO.US,5,20251211,212500,13.19,13.2,13.19,13.2,1000,0
TYO.US,5,20251211,215000,13.1937,13.1937,13.1937,13.1937,185,0
TYO.US,5,20251211,215500,13.21,13.21,13.2,13.2,220,0
TYO.US,5,20251212,153000,13.3343,13.3343,13.3293,13.3293,200,0
TYO.US,5,20251212,160000,13.3075,13.3075,13.3075,13.3075,100,0
TYO.US,5,20251212,161500,13.3269,13.3269,13.3269,13.3269,200,0
TYO.US,5,20251212,163000,13.3,13.3,13.29,13.29,437,0
TYO.US,5,20251212,163500,13.285,13.285,13.285,13.285,1000,0
TYO.US,5,20251212,164000,13.314,13.314,13.314,13.314,200,0
TYO.US,5,20251212,165500,13.298,13.298,13.298,13.298,375,0
TYO.US,5,20251212,175000,13.301,13.3077,13.301,13.3077,695,0
TYO.US,5,20251212,185000,13.3,13.3,13.3,13.3,500,0
TYO.US,5,20251212,205500,13.32,13.32,13.32,13.32,200,0
TYO.US,5,20251212,215000,13.325,13.3399,13.32,13.3399,3017,0
TYO.US,5,20251215,161000,13.22,13.22,13.22,13.22,500,0
TYO.US,5,20251215,162500,13.2202,13.2202,13.2202,13.2202,100,0
TYO.US,5,20251215,171500,13.24,13.25,13.24,13.2499,500,0
TYO.US,5,20251215,172500,13.25,13.25,13.25,13.25,100,0
TYO.US,5,20251215,174000,13.27,13.275,13.2652,13.2652,2648,0
TYO.US,5,20251215,215000,13.28,13.28,13.2798,13.2798,263,0
TYO.US,5,20251216,164000,13.22,13.22,13.22,13.22,300,0
TYO.US,5,20251216,165500,13.25,13.25,13.25,13.25,453,0
TYO.US,5,20251216,170000,13.2597,13.2611,13.2597,13.2611,500,0
TYO.US,5,20251216,190500,13.2,13.2,13.2,13.2,250,0
TYO.US,5,20251216,215000,13.19,13.1934,13.19,13.1934,1007,0
TYO.US,5,20251217,153000,13.23,13.23,13.23,13.23,142,0
TYO.US,5,20251217,161000,13.2,13.2,13.2,13.2,100,0
TYO.US,5,20251217,163500,13.2,13.2054,13.172,13.172,7372,0
TYO.US,5,20251217,164500,13.18,13.18,13.18,13.18,500,0
TYO.US,5,20251217,165500,13.2026,13.2026,13.2026,13.2026,100,0
TYO.US,5,20251217,171500,13.2081,13.2081,13.2081,13.2081,200,0
TYO.US,5,20251217,172500,13.22,13.23,13.22,13.23,200,0
TYO.US,5,20251217,202000,13.18,13.18,13.18,13.18,100,0
TYO.US,5,20251217,210000,13.19,13.195,13.181,13.195,7762,0
TYO.US,5,20251217,213500,13.19,13.19,13.19,13.19,200,0
TYO.US,5,20251217,214000,13.19,13.19,13.19,13.19,624,0
TYO.US,5,20251217,214500,13.19,13.19,13.19,13.19,352,0
TYO.US,5,20251217,215000,13.18,13.1955,13.18,13.18,11714,0
TYO.US,5,20251217,215500,13.18,13.195,13.17,13.17,2494,0
TYO.US,5,20251218,174500,13.1,13.1,13.1,13.1,300,0
TYO.US,5,20251218,190000,13.14,13.14,13.14,13.14,312,0
TYO.US,5,20251218,191500,13.1039,13.1039,13.1039,13.1039,163,0
TYO.US,5,20251218,215000,13.095,13.095,13.095,13.095,177,0
TYO.US,5,20251219,154000,13.2144,13.2144,13.2084,13.2084,3000,0
TYO.US,5,20251219,181000,13.1903,13.1903,13.19,13.19,500,0
TYO.US,5,20251219,182000,13.1996,13.1996,13.1996,13.1996,100,0
TYO.US,5,20251219,191000,13.1913,13.1913,13.1913,13.1913,100,0
TYO.US,5,20251219,195000,13.1944,13.2,13.1944,13.2,350,0
TYO.US,5,20251219,195500,13.21,13.21,13.21,13.21,150,0
TYO.US,5,20251219,200500,13.2208,13.2208,13.2208,13.2208,287,0
TYO.US,5,20251219,205000,13.2141,13.2141,13.2141,13.2141,250,0
TYO.US,5,20251219,215000,13.2,13.2068,13.2,13.2068,354,0
TYO.US,5,20251222,153000,13.25,13.25,13.25,13.25,108,0
TYO.US,5,20251222,153500,13.2532,13.2532,13.2532,13.2532,100,0
TYO.US,5,20251222,161500,13.2487,13.2487,13.2487,13.2487,100,0
TYO.US,5,20251222,162500,13.26,13.26,13.26,13.26,100,0
TYO.US,5,20251222,164000,13.257,13.257,13.257,13.257,1000,0
TYO.US,5,20251222,174000,13.25,13.25,13.25,13.25,100,0
TYO.US,5,20251222,175500,13.2378,13.2378,13.2378,13.2378,3650,0
TYO.US,5,20251222,180000,13.24,13.25,13.24,13.25,639,0
TYO.US,5,20251222,215000,13.27,13.27,13.269,13.27,10592,0
TYO.US,5,20251222,215500,13.27,13.28,13.27,13.28,2300,0
TYO.US,5,20251223,154000,13.3,13.3,13.3,13.3,750,0
TYO.US,5,20251223,160500,13.3,13.3,13.3,13.3,200,0
TYO.US,5,20251223,163000,13.275,13.29,13.275,13.29,400,0
TYO.US,5,20251223,170000,13.2646,13.2646,13.2646,13.2646,200,0
TYO.US,5,20251223,172500,13.24,13.25,13.24,13.25,200,0
TYO.US,5,20251223,174000,13.245,13.245,13.245,13.245,200,0
TYO.US,5,20251223,174500,13.22,13.22,13.22,13.22,100,0
TYO.US,5,20251223,195500,13.22,13.25,13.22,13.25,450,0
TYO.US,5,20251223,205000,13.22,13.22,13.22,13.22,500,0
TYO.US,5,20251223,215000,13.2287,13.2392,13.2287,13.2392,491,0
TYO.US,5,20251224,160500,13.2126,13.2126,13.2126,13.2126,200,0
TYO.US,5,20251224,164500,13.1919,13.1919,13.1919,13.1919,200,0
TYO.US,5,20251224,173500,13.17,13.17,13.17,13.17,250,0
TYO.US,5,20251224,185000,13.147,13.147,13.1405,13.1456,482,0
TYO.US,5,20251224,185500,13.14,13.15,13.14,13.15,1110,0
TYO.US,5,20251226,153000,13.09,13.09,13.09,13.09,240,0
TYO.US,5,20251226,154000,13.0803,13.0803,13.0803,13.0803,256,0
TYO.US,5,20251226,155000,13.09,13.105,13.09,13.105,249,0
TYO.US,5,20251226,160000,13.095,13.095,13.09,13.09,348,0
TYO.US,5,20251226,161500,13.09,13.09,13.09,13.09,200,0
TYO.US,5,20251226,162500,13.0901,13.0901,13.0901,13.0901,200,0
TYO.US,5,20251226,171500,13.12,13.15,13.12,13.15,3846,0
TYO.US,5,20251226,172000,13.14,13.14,13.14,13.14,100,0
TYO.US,5,20251226,174000,13.15,13.15,13.1491,13.1491,420,0
TYO.US,5,20251226,181000,13.15,13.15,13.15,13.15,100,0
TYO.US,5,20251226,183500,13.15,13.15,13.15,13.15,100,0
TYO.US,5,20251226,191500,13.1466,13.1466,13.1462,13.1462,500,0
TYO.US,5,20251226,193500,13.135,13.14,13.135,13.14,498,0
TYO.US,5,20251226,200000,13.14,13.14,13.14,13.14,200,0
TYO.US,5,20251226,205000,13.12,13.12,13.12,13.12,102,0
TYO.US,5,20251226,205500,13.12,13.12,13.12,13.12,108,0
TYO.US,5,20251226,210500,13.1103,13.12,13.1103,13.12,800,0
TYO.US,5,20251226,212500,13.11,13.11,13.11,13.11,105,0
TYO.US,5,20251226,215000,13.11,13.12,13.11,13.11,10165,0
TYO.US,5,20251226,215500,13.11,13.115,13.1,13.1,2569,0
TYO.US,5,20251229,155500,13.08,13.08,13.08,13.08,100,0
TYO.US,5,20251229,162000,13.1,13.1,13.1,13.1,150,0
TYO.US,5,20251229,171000,13.09,13.09,13.09,13.09,100,0
TYO.US,5,20251229,204500,13.08,13.08,13.0799,13.08,500,0
TYO.US,5,20251229,215000,13.0451,13.0508,13.0451,13.0508,344,0
TYO.US,5,20251229,215500,13.05,13.05,13.05,13.05,1000,0
TYO.US,5,20251230,153500,13.12,13.12,13.12,13.12,160,0
TYO.US,5,20251230,154000,13.125,13.125,13.125,13.125,228,0
TYO.US,5,20251230,154500,13.13,13.13,13.13,13.13,100,0
TYO.US,5,20251230,163500,13.1,13.1,13.1,13.1,159,0
TYO.US,5,20251230,164000,13.11,13.12,13.11,13.12,200,0
TYO.US,5,20251230,171000,13.1,13.1,13.1,13.1,260,0
TYO.US,5,20251230,173500,13.08,13.08,13.08,13.08,133,0
TYO.US,5,20251230,175500,13.08,13.08,13.08,13.08,100,0
TYO.US,5,20251230,182500,13.09,13.09,13.09,13.09,100,0
TYO.US,5,20251230,185500,13.08,13.08,13.08,13.08,100,0
TYO.US,5,20251230,194000,13.08,13.08,13.08,13.08,300,0
TYO.US,5,20251230,205000,13.11,13.12,13.11,13.12,1220,0
TYO.US,5,20251230,212500,13.1,13.1,13.1,13.1,211,0
TYO.US,5,20251230,215000,13.09,13.105,13.09,13.09,8763,0
TYO.US,5,20251230,215500,13.09,13.105,13.085,13.09,3508,0
TYO.US,5,20251231,162500,13.15,13.15,13.15,13.15,1000,0
TYO.US,5,20251231,163000,13.15,13.15,13.15,13.15,300,0
TYO.US,5,20251231,170500,13.15,13.15,13.15,13.15,491,0
TYO.US,5,20251231,190500,13.205,13.205,13.205,13.205,250,0
TYO.US,5,20251231,202000,13.239,13.248,13.235,13.244,1400,0
TYO.US,5,20251231,205000,13.23,13.2303,13.23,13.2303,1105,0
TYO.US,5,20251231,215000,13.2468,13.2495,13.24,13.2495,566,0
TYO.US,5,20251231,215500,13.25,13.27,13.25,13.27,1926,0
TYO.US,5,20260102,160500,13.24,13.25,13.24,13.25,200,0
TYO.US,5,20260102,171500,13.28,13.28,13.28,13.28,113,0
TYO.US,5,20260102,211500,13.28,13.28,13.28,13.28,100,0
TYO.US,5,20260102,214500,13.28,13.28,13.28,13.28,143,0
TYO.US,5,20260102,215000,13.29,13.3,13.2825,13.3,34787,0
TYO.US,5,20260102,215500,13.3,13.32,13.29,13.32,4594,0
TYO.US,5,20260105,154500,13.25,13.25,13.25,13.25,163,0
TYO.US,5,20260105,155000,13.2539,13.2539,13.2539,13.2539,278,0
TYO.US,5,20260105,160000,13.25,13.25,13.25,13.25,200,0
TYO.US,5,20260105,160500,13.21,13.21,13.21,13.21,800,0
TYO.US,5,20260105,165000,13.25,13.25,13.25,13.25,100,0
TYO.US,5,20260105,172000,13.23,13.23,13.23,13.23,100,0
TYO.US,5,20260105,175000,13.2,13.2,13.2,13.2,100,0
TYO.US,5,20260105,182000,13.1933,13.1933,13.1933,13.1933,145,0
TYO.US,5,20260105,185000,13.2,13.2,13.2,13.2,100,0
TYO.US,5,20260105,203500,13.22,13.22,13.22,13.22,100,0
TYO.US,5,20260105,205500,13.211,13.216,13.211,13.216,929,0
TYO.US,5,20260105,215000,13.191,13.21,13.1838,13.21,36348,0
TYO.US,5,20260105,215500,13.21,13.22,13.18,13.22,8280,0
TYO.US,5,20260106,155000,13.245,13.245,13.245,13.245,186,0
TYO.US,5,20260106,163000,13.27,13.27,13.27,13.27,888,0
TYO.US,5,20260106,171500,13.295,13.295,13.29,13.29,200,0
TYO.US,5,20260106,173000,13.29,13.29,13.29,13.29,200,0
TYO.US,5,20260106,181500,13.2731,13.2731,13.2731,13.2731,135,0
TYO.US,5,20260106,182000,13.26,13.26,13.26,13.26,120,0
TYO.US,5,20260106,182500,13.26,13.26,13.26,13.26,100,0
TYO.US,5,20260106,184000,13.25,13.25,13.2471,13.2471,888,0
TYO.US,5,20260106,192000,13.2599,13.2599,13.2599,13.2599,100,0
TYO.US,5,20260106,214500,13.24,13.24,13.24,13.24,300,0
TYO.US,5,20260106,215000,13.238,13.238,13.221,13.23,789,0
TYO.US,5,20260107,155500,13.14,13.14,13.14,13.14,100,0
TYO.US,5,20260107,160500,13.1933,13.1933,13.1933,13.1933,100,0
TYO.US,5,20260107,162500,13.19,13.19,13.19,13.19,100,0
TYO.US,5,20260107,215000,13.14,13.15,13.14,13.14,489,0
TYO.US,5,20260108,154500,13.26,13.26,13.26,13.26,350,0
TYO.US,5,20260108,155500,13.25,13.25,13.25,13.25,235,0
TYO.US,5,20260108,162500,13.24,13.24,13.24,13.24,211,0
TYO.US,5,20260108,163000,13.25,13.2589,13.25,13.2589,928,0
TYO.US,5,20260108,164500,13.25,13.25,13.25,13.25,100,0
TYO.US,5,20260108,171000,13.24,13.24,13.24,13.24,100,0
TYO.US,5,20260108,172000,13.24,13.24,13.24,13.24,349,0
TYO.US,5,20260108,173500,13.24,13.24,13.24,13.24,100,0
TYO.US,5,20260108,174000,13.23,13.23,13.23,13.23,102,0
TYO.US,5,20260108,175000,13.23,13.23,13.23,13.23,200,0
TYO.US,5,20260108,180500,13.23,13.23,13.23,13.23,100,0
TYO.US,5,20260108,181500,13.22,13.22,13.22,13.22,245,0
TYO.US,5,20260108,182000,13.21,13.21,13.21,13.21,450,0
TYO.US,5,20260108,183500,13.24,13.24,13.24,13.24,203,0
TYO.US,5,20260108,184000,13.24,13.24,13.24,13.24,200,0
TYO.US,5,20260108,190000,13.24,13.24,13.24,13.24,104,0
TYO.US,5,20260108,191500,13.23,13.23,13.23,13.23,100,0
TYO.US,5,20260108,192000,13.23,13.23,13.23,13.23,100,0
TYO.US,5,20260108,193500,13.23,13.23,13.23,13.23,100,0
TYO.US,5,20260108,194000,13.249,13.249,13.2374,13.2374,247,0
TYO.US,5,20260108,195500,13.24,13.24,13.24,13.24,549,0
TYO.US,5,20260108,200500,13.24,13.24,13.24,13.24,100,0
TYO.US,5,20260108,202000,13.24,13.24,13.24,13.24,100,0
TYO.US,5,20260108,204000,13.25,13.25,13.25,13.25,100,0
TYO.US,5,20260108,204500,13.265,13.265,13.265,13.265,112,0
TYO.US,5,20260108,205500,13.26,13.27,13.26,13.27,652,0
TYO.US,5,20260108,210000,13.27,13.27,13.27,13.27,100,0
TYO.US,5,20260108,210500,13.278,13.28,13.265,13.28,2859,0
TYO.US,5,20260108,212000,13.26,13.26,13.26,13.26,100,0
TYO.US,5,20260108,212500,13.26,13.26,13.26,13.26,100,0
TYO.US,5,20260108,213500,13.26,13.26,13.26,13.26,100,0
TYO.US,5,20260108,214000,13.26,13.265,13.26,13.265,611,0
TYO.US,5,20260108,214500,13.2699,13.2699,13.265,13.265,301,0
TYO.US,5,20260108,215000,13.26,13.27,13.25,13.25,10051,0
TYO.US,5,20260108,215500,13.25,13.265,13.25,13.25,2811,0
TYO.US,5,20260109,154000,13.3399,13.3399,13.3399,13.3399,400,0
TYO.US,5,20260109,154500,13.339,13.339,13.32,13.32,1360,0
TYO.US,5,20260109,155000,13.31,13.31,13.291,13.291,900,0
TYO.US,5,20260109,155500,13.3,13.3,13.3,13.3,300,0
TYO.US,5,20260109,171500,13.225,13.225,13.225,13.225,300,0
TYO.US,5,20260109,174000,13.25,13.25,13.25,13.25,100,0
TYO.US,5,20260109,184000,13.24,13.24,13.24,13.24,730,0
TYO.US,5,20260109,215500,13.25,13.25,13.25,13.25,590,0
TYO.US,5,20260112,154000,13.3298,13.3298,13.3162,13.3162,2000,0
TYO.US,5,20260112,162000,13.29,13.29,13.29,13.29,300,0
TYO.US,5,20260112,164500,13.29,13.29,13.29,13.29,5000,0
TYO.US,5,20260112,172500,13.3091,13.3091,13.3091,13.3091,250,0
TYO.US,5,20260112,175000,13.295,13.295,13.295,13.295,200,0
TYO.US,5,20260112,180000,13.28,13.28,13.28,13.28,150,0
TYO.US,5,20260112,180500,13.2748,13.2748,13.2748,13.2748,200,0
TYO.US,5,20260112,183500,13.271,13.271,13.271,13.271,162,0
TYO.US,5,20260112,185000,13.27,13.27,13.27,13.27,2160,0
TYO.US,5,20260112,191500,13.259,13.2693,13.259,13.2693,528,0
TYO.US,5,20260112,204000,13.29,13.29,13.29,13.29,100,0
TYO.US,5,20260112,214500,13.3005,13.302,13.3,13.3,400,0
TYO.US,5,20260112,215000,13.2942,13.2967,13.2942,13.2967,340,0
TYO.US,5,20260112,215500,13.28,13.28,13.28,13.28,5437,0
TYO.US,5,20260113,184500,13.2591,13.2591,13.2591,13.2591,100,0
TYO.US,5,20260113,185500,13.24,13.24,13.24,13.24,415,0
TYO.US,5,20260113,191000,13.232,13.232,13.23,13.23,2000,0
TYO.US,5,20260113,212000,13.245,13.245,13.245,13.245,100,0
TYO.US,5,20260113,213000,13.25,13.25,13.25,13.25,554,0
TYO.US,5,20260113,215000,13.2552,13.2552,13.2552,13.2552,103,0
TYO.US,5,20260113,215500,13.2507,13.26,13.25,13.26,1168,0
TYO.US,5,20260114,154000,13.2,13.2,13.2,13.2,100,0
TYO.US,5,20260114,155000,13.2204,13.2299,13.2204,13.2299,6000,0
TYO.US,5,20260114,161000,13.2,13.2,13.2,13.2,100,0
TYO.US,5,20260114,162500,13.19,13.199,13.19,13.199,300,0
TYO.US,5,20260114,175000,13.1485,13.1485,13.1485,13.1485,200,0
TYO.US,5,20260114,181000,13.16,13.169,13.16,13.169,200,0
TYO.US,5,20260114,185000,13.1685,13.1685,13.1685,13.1685,300,0
TYO.US,5,20260114,194000,13.1596,13.1596,13.1596,13.1596,400,0
TYO.US,5,20260114,205000,13.151,13.151,13.151,13.151,500,0
TYO.US,5,20260114,210500,13.17,13.17,13.17,13.17,100,0
TYO.US,5,20260114,215500,13.17,13.175,13.17,13.175,5100,0
TYO.US,5,20260115,153000,13.17,13.17,13.17,13.17,101,0
TYO.US,5,20260115,154500,13.2,13.2,13.2,13.2,100,0
TYO.US,5,20260115,163000,13.2,13.2,13.2,13.2,115,0
TYO.US,5,20260115,163500,13.23,13.23,13.2214,13.2214,200,0
TYO.US,5,20260115,164000,13.2256,13.2256,13.2256,13.2256,100,0
TYO.US,5,20260115,165000,13.2322,13.2365,13.2322,13.2365,530,0
TYO.US,5,20260115,165500,13.24,13.24,13.24,13.24,100,0
TYO.US,5,20260115,171500,13.24,13.245,13.2399,13.245,5500,0
TYO.US,5,20260115,172000,13.24,13.24,13.24,13.24,1170,0
TYO.US,5,20260115,172500,13.24,13.24,13.24,13.24,2200,0
TYO.US,5,20260115,174000,13.23,13.25,13.23,13.247,911,0
TYO.US,5,20260115,193500,13.21,13.21,13.21,13.21,100,0
TYO.US,5,20260115,200000,13.215,13.22,13.215,13.22,200,0
TYO.US,5,20260115,202500,13.2011,13.2011,13.2011,13.2011,101,0
TYO.US,5,20260115,203500,13.23,13.23,13.23,13.23,100,0
TYO.US,5,20260115,211000,13.24,13.24,13.24,13.24,400,0
TYO.US,5,20260115,211500,13.25,13.25,13.25,13.25,100,0
TYO.US,5,20260115,214500,13.255,13.255,13.255,13.255,350,0
TYO.US,5,20260115,215000,13.25,13.26,13.25,13.25,8678,0
TYO.US,5,20260115,215500,13.25,13.27,13.25,13.25,4122,0
TYO.US,5,20260116,163000,13.3312,13.3312,13.3312,13.3312,200,0
TYO.US,5,20260116,164000,13.35,13.35,13.35,13.35,300,0
TYO.US,5,20260116,165500,13.409,13.41,13.408,13.41,1000,0
TYO.US,5,20260116,171500,13.41,13.41,13.41,13.41,100,0
TYO.US,5,20260116,172000,13.39,13.39,13.39,13.39,100,0
TYO.US,5,20260116,184500,13.408,13.41,13.4,13.4,4821,0
TYO.US,5,20260116,191500,13.41,13.41,13.41,13.41,750,0
TYO.US,5,20260116,204500,13.45,13.45,13.4496,13.4499,1579,0
TYO.US,5,20260116,211000,13.439,13.439,13.439,13.439,743,0
TYO.US,5,20260116,212000,13.434,13.4399,13.434,13.4399,465,0
TYO.US,5,20260116,214500,13.43,13.43,13.42,13.42,399,0
TYO.US,5,20260116,215000,13.43,13.46,13.43,13.46,10062,0
TYO.US,5,20260116,215500,13.435,13.45,13.435,13.45,422,0
TYO.US,5,20260120,153000,13.59,13.59,13.59,13.59,149,0
TYO.US,5,20260120,154000,13.572,13.6,13.57,13.6,5173,0
TYO.US,5,20260120,155000,13.6,13.6,13.599,13.599,200,0
TYO.US,5,20260120,160000,13.61,13.61,13.61,13.61,100,0
TYO.US,5,20260120,162000,13.56,13.57,13.56,13.57,200,0
TYO.US,5,20260120,162500,13.57,13.57,13.56,13.56,200,0
TYO.US,5,20260120,165000,13.55,13.55,13.54,13.54,4516,0
TYO.US,5,20260120,170500,13.5792,13.5792,13.5792,13.5792,400,0
TYO.US,5,20260120,171500,13.58,13.59,13.58,13.59,200,0
TYO.US,5,20260120,172500,13.59,13.59,13.58,13.58,200,0
TYO.US,5,20260120,173000,13.59,13.59,13.59,13.59,100,0
TYO.US,5,20260120,181000,13.57,13.57,13.57,13.57,100,0
TYO.US,5,20260120,183500,13.58,13.58,13.58,13.58,100,0
TYO.US,5,20260120,184000,13.58,13.58,13.58,13.58,100,0
TYO.US,5,20260120,190000,13.58,13.58,13.58,13.58,100,0
TYO.US,5,20260120,190500,13.58,13.58,13.58,13.58,200,0
TYO.US,5,20260120,191000,13.57,13.57,13.56,13.5609,9977,0
TYO.US,5,20260120,200000,13.6,13.6,13.585,13.585,900,0
TYO.US,5,20260120,202000,13.59,13.59,13.59,13.59,100,0
TYO.US,5,20260120,204500,13.59,13.59,13.59,13.59,100,0
TYO.US,5,20260120,210000,13.61,13.6102,13.61,13.6102,510,0
TYO.US,5,20260120,211500,13.62,13.62,13.62,13.62,100,0
TYO.US,5,20260120,214500,13.61,13.61,13.61,13.61,274,0
TYO.US,5,20260120,215000,13.62,13.62,13.59,13.61,28084,0
TYO.US,5,20260120,215500,13.61,13.63,13.6,13.63,2704,0
TYO.US,5,20260121,153000,13.584,13.584,13.584,13.584,500,0
TYO.US,5,20260121,154000,13.58,13.59,13.58,13.59,1250,0
TYO.US,5,20260121,160000,13.59,13.59,13.59,13.59,418,0
TYO.US,5,20260121,162000,13.6,13.6,13.6,13.6,100,0
TYO.US,5,20260121,163500,13.57,13.5705,13.565,13.5705,575,0
TYO.US,5,20260121,175500,13.616,13.616,13.616,13.616,418,0
TYO.US,5,20260121,190000,13.55,13.55,13.55,13.55,150,0
TYO.US,5,20260121,195000,13.5634,13.5634,13.5634,13.5634,100,0
TYO.US,5,20260121,202500,13.51,13.51,13.51,13.51,100,0
TYO.US,5,20260121,211000,13.481,13.481,13.481,13.481,500,0
TYO.US,5,20260121,215000,13.4916,13.4916,13.4916,13.4916,4055,0
TYO.US,5,20260122,154000,13.5301,13.5301,13.5301,13.5301,800,0
TYO.US,5,20260122,155000,13.56,13.56,13.56,13.56,208,0
TYO.US,5,20260122,155500,13.58,13.59,13.575,13.575,10472,0
TYO.US,5,20260122,160000,13.56,13.56,13.56,13.56,100,0
TYO.US,5,20260122,175000,13.56,13.56,13.56,13.56,1150,0
TYO.US,5,20260122,183500,13.53,13.53,13.53,13.53,100,0
TYO.US,5,20260123,153500,13.529,13.529,13.5261,13.5261,1106,0
TYO.US,5,20260123,160500,13.49,13.49,13.48,13.48,303,0
TYO.US,5,20260123,170000,13.48,13.4801,13.48,13.4801,471,0
TYO.US,5,20260123,175500,13.54,13.5453,13.539,13.5453,2000,0
TYO.US,5,20260123,184000,13.525,13.53,13.525,13.53,1400,0
TYO.US,5,20260123,185500,13.54,13.54,13.54,13.54,100,0
TYO.US,5,20260123,192500,13.5319,13.5319,13.5319,13.5319,200,0
TYO.US,5,20260123,201000,13.53,13.53,13.53,13.53,200,0
TYO.US,5,20260123,210000,13.485,13.485,13.485,13.485,435,0
TYO.US,5,20260123,211000,13.485,13.485,13.471,13.471,1200,0
TYO.US,5,20260123,215000,13.4697,13.4799,13.4629,13.4629,12145,0
TYO.US,5,20260123,215500,13.47,13.47,13.47,13.47,300,0
