<TICKER>,<PER>,<DATE>,<TIME>,<OPEN>,<HIGH>,<LOW>,<CLOSE>,<VOL>,<OPENINT>
KWMWW.US,5,20250829,154000,0.11,0.11,0.11,0.11,1000,0
KWMWW.US,5,20250829,163000,0.11,0.11,0.11,0.11,1159,0
KWMWW.US,5,20250829,194000,0.11,0.11,0.11,0.11,1600,0
KWMWW.US,5,20250829,203500,0.105,0.105,0.105,0.105,1976,0
KWMWW.US,5,20250829,211500,0.105,0.105,0.105,0.105,177,0
KWMWW.US,5,20250902,153000,0.11,0.11,0.11,0.11,200,0
KWMWW.US,5,20250902,160500,0.11,0.11,0.11,0.11,100,0
KWMWW.US,5,20250902,162500,0.1055,0.1055,0.099999,0.1,9353,0
KWMWW.US,5,20250902,165500,0.1,0.1,0.1,0.1,1500,0
KWMWW.US,5,20250902,170500,0.0947,0.0947,0.0947,0.0947,7084,0
KWMWW.US,5,20250902,171000,0.0943,0.1,0.0943,0.0943,25547,0
KWMWW.US,5,20250902,185500,0.1,0.1,0.1,0.1,223,0
KWMWW.US,5,20250902,194000,0.11,0.11,0.11,0.11,2000,0
KWMWW.US,5,20250902,195000,0.11,0.11,0.11,0.11,30000,0
KWMWW.US,5,20250902,195500,0.11,0.11,0.11,0.11,20000,0
KWMWW.US,5,20250902,201000,0.11,0.11,0.11,0.11,12264,0
KWMWW.US,5,20250902,204000,0.11,0.11,0.11,0.11,17330,0
KWMWW.US,5,20250902,204500,0.11,0.11,0.11,0.11,2406,0
KWMWW.US,5,20250902,213000,0.11,0.11,0.11,0.11,75000,0
KWMWW.US,5,20250902,215500,0.121,0.121,0.121,0.121,1000,0
KWMWW.US,5,20250903,183000,0.1109,0.120999,0.1109,0.120999,500,0
KWMWW.US,5,20250904,153500,0.1001,0.1001,0.09,0.09,1902,0
KWMWW.US,5,20250904,160000,0.1,0.1,0.0999,0.0999,2100,0
KWMWW.US,5,20250904,164500,0.1,0.1,0.096351,0.1,1200,0
KWMWW.US,5,20250904,173000,0.1297,0.1297,0.101,0.101,600,0
KWMWW.US,5,20250904,173500,0.1297,0.1297,0.1297,0.1297,100,0
KWMWW.US,5,20250904,184000,0.101,0.101,0.09,0.095,4734,0
KWMWW.US,5,20250905,155500,0.11,0.11,0.11,0.11,100,0
KWMWW.US,5,20250905,160000,0.13,0.13,0.11,0.12825,46800,0
KWMWW.US,5,20250905,160500,0.13,0.13,0.1232,0.13,6900,0
KWMWW.US,5,20250905,161000,0.12,0.1275,0.11,0.11,4200,0
KWMWW.US,5,20250905,161500,0.11,0.13,0.11,0.1225,1615,0
KWMWW.US,5,20250905,162000,0.11,0.111,0.11,0.1102,4800,0
KWMWW.US,5,20250905,172000,0.12,0.12,0.12,0.12,500,0
KWMWW.US,5,20250905,191000,0.1288,0.1299,0.1288,0.1299,1191,0
KWMWW.US,5,20250905,192500,0.13,0.13,0.1299,0.13,3429,0
KWMWW.US,5,20250905,193000,0.13,0.13,0.13,0.13,5952,0
KWMWW.US,5,20250905,200500,0.1341,0.1341,0.1341,0.1341,100,0
KWMWW.US,5,20250905,210000,0.1129,0.1221,0.111,0.111,45400,0
KWMWW.US,5,20250905,210500,0.12,0.12,0.12,0.12,300,0
KWMWW.US,5,20250908,171500,0.115,0.13,0.115,0.13,16800,0
KWMWW.US,5,20250908,175500,0.11475,0.11475,0.11475,0.11475,454,0
KWMWW.US,5,20250908,203500,0.1,0.100001,0.1,0.100001,920,0
KWMWW.US,5,20250908,211500,0.11,0.11,0.1099,0.1099,1000,0
KWMWW.US,5,20250908,213000,0.10525,0.10525,0.10525,0.10525,1000,0
KWMWW.US,5,20250909,183000,0.095,0.095,0.095,0.095,2000,0
KWMWW.US,5,20250909,184000,0.0912,0.0912,0.0912,0.0912,1998,0
KWMWW.US,5,20250909,184500,0.0912,0.0912,0.0912,0.0912,5002,0
KWMWW.US,5,20250909,185000,0.0912,0.0912,0.0912,0.0912,100,0
KWMWW.US,5,20250909,185500,0.0912,0.0912,0.0912,0.0912,200,0
KWMWW.US,5,20250909,190000,0.0912,0.0912,0.0912,0.0912,2600,0
KWMWW.US,5,20250909,212000,0.0912,0.0912,0.0912,0.0912,10000,0
KWMWW.US,5,20250910,153000,0.09,0.09,0.09,0.09,950,0
KWMWW.US,5,20250910,164000,0.125,0.125,0.125,0.125,256,0
KWMWW.US,5,20250910,165500,0.1011,0.1011,0.1011,0.1011,150,0
KWMWW.US,5,20250910,170000,0.12,0.12,0.1199,0.1199,200,0
KWMWW.US,5,20250910,172000,0.08915,0.08915,0.08915,0.08915,1100,0
KWMWW.US,5,20250910,174000,0.09,0.09,0.09,0.09,2200,0
KWMWW.US,5,20250910,182500,0.1,0.1,0.1,0.1,100,0
KWMWW.US,5,20250910,185500,0.1,0.1,0.0974,0.0974,3200,0
KWMWW.US,5,20250910,190000,0.1,0.1,0.0922,0.0923,4693,0
KWMWW.US,5,20250910,215500,0.1111,0.1111,0.1111,0.1111,100,0
KWMWW.US,5,20250912,154500,0.1169,0.1169,0.111,0.1111,18200,0
KWMWW.US,5,20250912,155000,0.1112,0.1113,0.111,0.1111,28834,0
KWMWW.US,5,20250912,155500,0.111,0.111,0.1109,0.1109,4588,0
KWMWW.US,5,20250912,160500,0.111,0.111,0.111,0.111,8006,0
KWMWW.US,5,20250912,162000,0.11,0.11,0.11,0.11,2000,0
KWMWW.US,5,20250912,162500,0.1199,0.1199,0.11,0.11,2200,0
KWMWW.US,5,20250912,163000,0.11,0.1197,0.11,0.1197,6000,0
KWMWW.US,5,20250912,164000,0.1099,0.1099,0.1098,0.1098,200,0
KWMWW.US,5,20250912,165500,0.1002,0.1002,0.1002,0.1002,256,0
KWMWW.US,5,20250912,193000,0.1055,0.1055,0.1055,0.1055,100,0
KWMWW.US,5,20250912,200000,0.1002,0.1002,0.0915,0.0915,18642,0
KWMWW.US,5,20250912,201000,0.1054,0.1054,0.1054,0.1054,700,0
KWMWW.US,5,20250915,160500,0.1,0.1,0.1,0.1,1000,0
KWMWW.US,5,20250915,161000,0.1,0.1,0.1,0.1,1100,0
KWMWW.US,5,20250915,163000,0.1009,0.1009,0.1009,0.1009,100,0
KWMWW.US,5,20250915,170000,0.0996,0.0996,0.0996,0.0996,1000,0
KWMWW.US,5,20250915,174500,0.1005,0.1006,0.1005,0.1006,200,0
KWMWW.US,5,20250915,175500,0.1116,0.1116,0.1116,0.1116,800,0
KWMWW.US,5,20250915,195500,0.11,0.125,0.106,0.1249,1527,0
KWMWW.US,5,20250915,210000,0.1,0.1,0.1,0.1,571,0
KWMWW.US,5,20250915,211500,0.1,0.1,0.1,0.1,600,0
KWMWW.US,5,20250915,215500,0.1174,0.1174,0.1174,0.1174,100,0
KWMWW.US,5,20250916,154000,0.1015,0.1016,0.1005,0.1006,2000,0
KWMWW.US,5,20250916,165000,0.12,0.12,0.12,0.12,500,0
KWMWW.US,5,20250916,165500,0.12,0.12,0.12,0.12,100,0
KWMWW.US,5,20250916,175500,0.12,0.1248,0.12,0.1246,30600,0
KWMWW.US,5,20250916,180000,0.12,0.12,0.12,0.12,22100,0
KWMWW.US,5,20250916,193000,0.125,0.125,0.1249,0.1249,600,0
KWMWW.US,5,20250916,210000,0.12,0.1226,0.12,0.1226,7980,0
KWMWW.US,5,20250917,153000,0.12,0.12,0.12,0.12,544,0
KWMWW.US,5,20250917,155500,0.1264,0.1264,0.1264,0.1264,630,0
KWMWW.US,5,20250917,201500,0.1295,0.1295,0.1295,0.1295,260,0
KWMWW.US,5,20250917,211000,0.1228,0.1228,0.1228,0.1228,100,0
KWMWW.US,5,20250918,201500,0.1106,0.1106,0.1106,0.1106,100,0
KWMWW.US,5,20250918,213500,0.1202,0.1202,0.1,0.1,411,0
KWMWW.US,5,20250919,182500,0.1005,0.114749,0.1005,0.114749,3460,0
KWMWW.US,5,20250919,212000,0.1261,0.1261,0.125,0.125,400,0
KWMWW.US,5,20250919,215500,0.1005,0.1005,0.1005,0.1005,708,0
KWMWW.US,5,20250922,153000,0.129,0.129,0.129,0.129,994,0
KWMWW.US,5,20250922,161000,0.105,0.105,0.105,0.105,1000,0
KWMWW.US,5,20250922,165000,0.1378,0.1378,0.13,0.13,2200,0
KWMWW.US,5,20250922,172500,0.13,0.1403,0.1275,0.1403,8602,0
KWMWW.US,5,20250922,173000,0.1401,0.1401,0.1401,0.1401,200,0
KWMWW.US,5,20250922,181000,0.1252,0.1252,0.125,0.1252,1200,0
KWMWW.US,5,20250922,184500,0.13,0.13,0.115,0.115,17498,0
KWMWW.US,5,20250922,185500,0.1106,0.1106,0.1106,0.1106,600,0
KWMWW.US,5,20250922,190000,0.1149,0.1149,0.1149,0.1149,300,0
KWMWW.US,5,20250922,190500,0.115,0.115,0.115,0.115,732,0
KWMWW.US,5,20250922,191500,0.12975,0.1298,0.12975,0.1298,400,0
KWMWW.US,5,20250922,195000,0.12975,0.12975,0.12975,0.12975,241,0
KWMWW.US,5,20250922,195500,0.115,0.1298,0.115,0.1298,508,0
KWMWW.US,5,20250922,203500,0.1445,0.1445,0.1445,0.1445,1000,0
KWMWW.US,5,20250922,210000,0.12975,0.12975,0.12975,0.12975,200,0
KWMWW.US,5,20250923,153000,0.1299,0.1299,0.1299,0.1299,110,0
KWMWW.US,5,20250923,153500,0.11511,0.11511,0.11511,0.11511,268,0
KWMWW.US,5,20250923,154000,0.132549,0.132549,0.132549,0.132549,100,0
KWMWW.US,5,20250923,174500,0.12755,0.12755,0.1275,0.1275,200,0
KWMWW.US,5,20250923,175000,0.1362,0.1362,0.1362,0.1362,100,0
KWMWW.US,5,20250923,184500,0.1354,0.1354,0.1354,0.1354,300,0
KWMWW.US,5,20250923,195500,0.1279,0.1279,0.1279,0.1279,200,0
KWMWW.US,5,20250924,153000,0.1299,0.1299,0.1299,0.1299,156,0
KWMWW.US,5,20250924,155000,0.124,0.124,0.124,0.124,354,0
KWMWW.US,5,20250924,160000,0.123,0.123,0.123,0.123,325,0
KWMWW.US,5,20250924,161000,0.118,0.118,0.118,0.118,360,0
KWMWW.US,5,20250924,163000,0.1239,0.1239,0.1239,0.1239,100,0
KWMWW.US,5,20250924,183500,0.118,0.124,0.109201,0.1231,5641,0
KWMWW.US,5,20250924,184000,0.124,0.124,0.1239,0.124,2245,0
KWMWW.US,5,20250924,195500,0.125,0.125,0.125,0.125,3126,0
KWMWW.US,5,20250924,200000,0.1249,0.124901,0.1249,0.124901,1000,0
KWMWW.US,5,20250924,215000,0.1175,0.1175,0.11,0.11,2540,0
KWMWW.US,5,20250925,162000,0.1106,0.1106,0.1106,0.1106,1000,0
KWMWW.US,5,20250925,162500,0.1106,0.125,0.1061,0.125,3553,0
KWMWW.US,5,20250925,180500,0.1061,0.1072,0.1061,0.1072,2229,0
KWMWW.US,5,20250925,181000,0.1065,0.1065,0.105,0.105,16413,0
KWMWW.US,5,20250925,185000,0.105,0.105,0.105,0.105,1000,0
KWMWW.US,5,20250925,193500,0.105,0.105,0.105,0.105,1000,0
KWMWW.US,5,20250925,194000,0.116,0.116,0.116,0.116,1500,0
KWMWW.US,5,20250925,201000,0.114951,0.114951,0.114951,0.114951,400,0
KWMWW.US,5,20250925,212000,0.105,0.105,0.105,0.105,3000,0
KWMWW.US,5,20250925,214500,0.105,0.105,0.105,0.105,3000,0
KWMWW.US,5,20250926,161000,0.11565,0.11565,0.11565,0.11565,120,0
KWMWW.US,5,20250926,164500,0.1065,0.1115,0.1065,0.1115,938,0
KWMWW.US,5,20250926,165000,0.1155,0.1155,0.1155,0.1155,1550,0
KWMWW.US,5,20250926,173000,0.1246,0.1246,0.1246,0.1246,100,0
KWMWW.US,5,20250926,184500,0.1247,0.1247,0.121,0.121,1900,0
KWMWW.US,5,20250926,192000,0.11,0.11,0.11,0.11,2000,0
KWMWW.US,5,20250926,201000,0.11745,0.11745,0.11745,0.11745,1000,0
KWMWW.US,5,20250926,215500,0.119999,0.12,0.119999,0.12,2942,0
KWMWW.US,5,20250929,165000,0.1331,0.1331,0.1331,0.1331,1000,0
KWMWW.US,5,20250929,214500,0.129999,0.129999,0.129999,0.129999,200,0
KWMWW.US,5,20250930,153000,0.1151,0.1151,0.1151,0.1151,154,0
KWMWW.US,5,20250930,164000,0.139,0.139,0.139,0.139,100,0
KWMWW.US,5,20250930,193500,0.139,0.145,0.139,0.145,10000,0
KWMWW.US,5,20251001,160500,0.1152,0.1152,0.11,0.11,9984,0
KWMWW.US,5,20251001,170000,0.1199,0.1199,0.1199,0.1199,500,0
KWMWW.US,5,20251001,181500,0.1261,0.1261,0.1261,0.1261,150,0
KWMWW.US,5,20251001,184000,0.128,0.128,0.128,0.128,100,0
KWMWW.US,5,20251001,215500,0.128,0.128,0.128,0.128,100,0
KWMWW.US,5,20251002,160000,0.1111,0.1111,0.1111,0.1111,497,0
KWMWW.US,5,20251002,175000,0.1495,0.1495,0.1495,0.1495,100,0
KWMWW.US,5,20251002,213500,0.1301,0.1301,0.1301,0.1301,100,0
KWMWW.US,5,20251003,162500,0.15,0.15,0.1499,0.1499,200,0
KWMWW.US,5,20251003,175500,0.1495,0.1496,0.1495,0.1495,400,0
KWMWW.US,5,20251003,183000,0.14,0.14,0.14,0.14,2396,0
KWMWW.US,5,20251003,183500,0.14,0.1424,0.14,0.1424,2200,0
KWMWW.US,5,20251003,190000,0.15,0.15,0.1424,0.1424,200,0
KWMWW.US,5,20251003,191000,0.14,0.15,0.14,0.142701,5700,0
KWMWW.US,5,20251003,191500,0.15,0.15,0.15,0.15,100,0
KWMWW.US,5,20251003,192500,0.13,0.13,0.13,0.13,100,0
KWMWW.US,5,20251003,193500,0.15,0.15,0.15,0.15,100,0
KWMWW.US,5,20251003,195500,0.15,0.15,0.1499,0.1499,4000,0
KWMWW.US,5,20251003,201000,0.15,0.15,0.15,0.15,10400,0
KWMWW.US,5,20251003,201500,0.15,0.15,0.15,0.15,2000,0
KWMWW.US,5,20251003,203000,0.15,0.15,0.1499,0.1499,6000,0
KWMWW.US,5,20251003,204000,0.15,0.15,0.15,0.15,100,0
KWMWW.US,5,20251003,205500,0.1498,0.1498,0.1498,0.1498,600,0
KWMWW.US,5,20251003,211000,0.1498,0.1498,0.1498,0.1498,100,0
KWMWW.US,5,20251003,214500,0.1488,0.1488,0.1488,0.1488,1000,0
KWMWW.US,5,20251003,215500,0.1488,0.1498,0.1488,0.1498,10000,0
KWMWW.US,5,20251006,153000,0.15,0.15,0.15,0.15,11233,0
KWMWW.US,5,20251006,155000,0.165,0.165,0.165,0.165,900,0
KWMWW.US,5,20251006,162500,0.17,0.17,0.17,0.17,497,0
KWMWW.US,5,20251006,163000,0.17,0.17,0.17,0.17,2503,0
KWMWW.US,5,20251006,170500,0.1698,0.1698,0.1698,0.1698,500,0
KWMWW.US,5,20251006,172500,0.1846,0.1846,0.1846,0.1846,100,0
KWMWW.US,5,20251006,184000,0.15,0.1501,0.15,0.1501,500,0
KWMWW.US,5,20251006,195500,0.1637,0.1637,0.1637,0.1637,100,0
KWMWW.US,5,20251006,200500,0.165,0.165,0.165,0.165,7500,0
KWMWW.US,5,20251006,205500,0.1675,0.1675,0.1675,0.1675,100,0
KWMWW.US,5,20251007,153000,0.18,0.18,0.166,0.18,1200,0
KWMWW.US,5,20251007,153500,0.18,0.18,0.18,0.18,14902,0
KWMWW.US,5,20251007,155500,0.1775,0.1775,0.1775,0.1775,100,0
KWMWW.US,5,20251007,160000,0.1775,0.1775,0.1775,0.1775,100,0
KWMWW.US,5,20251007,173000,0.17,0.17,0.17,0.17,100,0
KWMWW.US,5,20251007,173500,0.1516,0.17,0.1516,0.17,1232,0
KWMWW.US,5,20251007,201000,0.17,0.17,0.17,0.17,2500,0
KWMWW.US,5,20251007,202000,0.17,0.17,0.17,0.17,4505,0
KWMWW.US,5,20251007,204500,0.15,0.15,0.15,0.15,7500,0
KWMWW.US,5,20251007,213000,0.17,0.17,0.17,0.17,100,0
KWMWW.US,5,20251007,214000,0.17,0.17,0.17,0.17,100,0
KWMWW.US,5,20251008,175000,0.13,0.1515,0.13,0.13,2100,0
KWMWW.US,5,20251008,192000,0.149999,0.149999,0.149999,0.149999,100,0
KWMWW.US,5,20251008,213500,0.1498,0.1498,0.1498,0.1498,400,0
KWMWW.US,5,20251009,185500,0.1665,0.1675,0.1665,0.1675,300,0
KWMWW.US,5,20251009,194500,0.141833,0.141833,0.141833,0.141833,144,0
KWMWW.US,5,20251009,214500,0.1461,0.1461,0.1461,0.1461,100,0
KWMWW.US,5,20251010,153000,0.16,0.16,0.16,0.16,134,0
KWMWW.US,5,20251013,154500,0.1575,0.1575,0.1575,0.1575,1000,0
KWMWW.US,5,20251013,160000,0.16,0.16,0.16,0.16,100,0
KWMWW.US,5,20251013,213000,0.1556,0.1556,0.1556,0.1556,100,0
KWMWW.US,5,20251014,154500,0.15785,0.16,0.15785,0.16,700,0
KWMWW.US,5,20251014,161500,0.16,0.16,0.16,0.16,9836,0
KWMWW.US,5,20251014,162500,0.17,0.17,0.17,0.17,100,0
KWMWW.US,5,20251014,172000,0.17,0.17,0.17,0.17,1222,0
KWMWW.US,5,20251014,173000,0.177,0.177,0.177,0.177,100,0
KWMWW.US,5,20251014,190000,0.1799,0.18,0.1799,0.18,1000,0
KWMWW.US,5,20251014,193500,0.16785,0.16785,0.16785,0.16785,500,0
KWMWW.US,5,20251014,201500,0.1673,0.168,0.1673,0.16785,600,0
KWMWW.US,5,20251014,202500,0.16785,0.16785,0.16785,0.16785,5000,0
KWMWW.US,5,20251014,204000,0.1558,0.165,0.1557,0.160351,10172,0
KWMWW.US,5,20251014,204500,0.16,0.16,0.16,0.16,100,0
KWMWW.US,5,20251014,205000,0.1598,0.1598,0.1598,0.1598,528,0
KWMWW.US,5,20251015,155500,0.16,0.16,0.16,0.16,17041,0
KWMWW.US,5,20251015,175000,0.17,0.17,0.17,0.17,2000,0
KWMWW.US,5,20251016,153000,0.2,0.2,0.2,0.2,187,0
KWMWW.US,5,20251016,182500,0.18,0.18,0.18,0.18,250,0
KWMWW.US,5,20251016,185000,0.18125,0.18125,0.17,0.17,5000,0
KWMWW.US,5,20251016,193500,0.170101,0.18125,0.170101,0.18125,400,0
KWMWW.US,5,20251016,194500,0.17,0.17,0.1326,0.1394,1981,0
KWMWW.US,5,20251016,195000,0.1394,0.1394,0.1394,0.1394,16255,0
KWMWW.US,5,20251016,202000,0.14,0.14,0.14,0.14,500,0
KWMWW.US,5,20251017,162500,0.1565,0.1565,0.1565,0.1565,1500,0
KWMWW.US,5,20251017,194500,0.145,0.145,0.1425,0.1425,1107,0
KWMWW.US,5,20251020,193000,0.1326,0.1328,0.1326,0.1328,400,0
KWMWW.US,5,20251020,210500,0.1351,0.1351,0.1351,0.1351,15555,0
KWMWW.US,5,20251021,212000,0.1331,0.1331,0.1331,0.1331,200,0
KWMWW.US,5,20251022,162000,0.1326,0.1326,0.1326,0.1326,766,0
KWMWW.US,5,20251022,172000,0.1301,0.1301,0.13,0.13,12186,0
KWMWW.US,5,20251022,173000,0.13,0.13,0.13,0.13,100,0
KWMWW.US,5,20251022,174000,0.13,0.130001,0.13,0.13,5665,0
KWMWW.US,5,20251022,181500,0.1301,0.1301,0.1301,0.1301,489,0
KWMWW.US,5,20251022,182000,0.1301,0.1301,0.1301,0.1301,500,0
KWMWW.US,5,20251022,185500,0.13,0.1301,0.13,0.1301,1224,0
KWMWW.US,5,20251023,161000,0.1222,0.1222,0.1222,0.1222,4688,0
KWMWW.US,5,20251024,161500,0.13,0.13,0.13,0.13,194,0
KWMWW.US,5,20251024,162500,0.1303,0.1303,0.1303,0.1303,7800,0
KWMWW.US,5,20251024,165500,0.13,0.13,0.13,0.13,100,0
KWMWW.US,5,20251027,190500,0.12,0.1352,0.12,0.1352,650,0
KWMWW.US,5,20251027,191000,0.115,0.1178,0.11,0.11,1434,0
KWMWW.US,5,20251027,193000,0.12,0.12,0.12,0.12,100,0
KWMWW.US,5,20251028,152500,0.13,0.13,0.13,0.13,7700,0
KWMWW.US,5,20251028,153000,0.13,0.13,0.13,0.13,200,0
KWMWW.US,5,20251028,154500,0.13,0.13,0.129,0.13,2930,0
KWMWW.US,5,20251028,155000,0.13,0.13,0.13,0.13,184,0
KWMWW.US,5,20251028,182500,0.13,0.13,0.13,0.13,2371,0
KWMWW.US,5,20251028,191500,0.13,0.13,0.13,0.13,100,0
KWMWW.US,5,20251029,145000,0.1287,0.1287,0.1287,0.1287,200,0
KWMWW.US,5,20251029,180000,0.13,0.13,0.13,0.13,1020,0
KWMWW.US,5,20251029,190000,0.13,0.13,0.13,0.13,100,0
KWMWW.US,5,20251030,175500,0.1374,0.1374,0.12,0.12,300,0
KWMWW.US,5,20251031,143000,0.12,0.12,0.12,0.12,200,0
KWMWW.US,5,20251031,150500,0.13,0.13,0.12,0.1247,7860,0
KWMWW.US,5,20251031,151500,0.13,0.13,0.13,0.13,100,0
KWMWW.US,5,20251031,152000,0.13,0.13,0.13,0.13,200,0
KWMWW.US,5,20251031,155500,0.13,0.1302,0.13,0.13,6970,0
KWMWW.US,5,20251031,160500,0.13,0.13,0.13,0.13,100,0
KWMWW.US,5,20251031,172500,0.13,0.13,0.13,0.13,200,0
KWMWW.US,5,20251031,173500,0.125,0.125,0.125,0.125,100,0
KWMWW.US,5,20251031,205500,0.1251,0.1251,0.1251,0.1251,100,0
KWMWW.US,5,20251103,163000,0.13,0.13,0.13,0.13,13659,0
KWMWW.US,5,20251103,163500,0.13,0.13,0.13,0.13,1206,0
KWMWW.US,5,20251103,172000,0.13,0.13,0.13,0.13,1659,0
KWMWW.US,5,20251103,185500,0.130001,0.1301,0.13,0.1301,3369,0
KWMWW.US,5,20251103,192000,0.13,0.13,0.13,0.13,100,0
KWMWW.US,5,20251103,194500,0.13,0.13,0.1102,0.1102,22409,0
KWMWW.US,5,20251103,202500,0.1102,0.1102,0.1102,0.1102,100,0
KWMWW.US,5,20251103,203000,0.1103,0.1103,0.1103,0.1103,600,0
KWMWW.US,5,20251103,203500,0.1104,0.1159,0.1102,0.1102,683,0
KWMWW.US,5,20251103,213500,0.1103,0.1103,0.1103,0.1103,200,0
KWMWW.US,5,20251103,214500,0.1103,0.1103,0.1102,0.1102,510,0
KWMWW.US,5,20251104,153000,0.0901,0.0901,0.0901,0.0901,500,0
KWMWW.US,5,20251104,182500,0.0937,0.0937,0.0937,0.0937,350,0
KWMWW.US,5,20251104,214000,0.094,0.094,0.0702,0.0899,13400,0
KWMWW.US,5,20251105,165000,0.09,0.09,0.09,0.09,1500,0
KWMWW.US,5,20251105,172000,0.09,0.09,0.09,0.09,100,0
KWMWW.US,5,20251105,212000,0.094999,0.094999,0.094999,0.094999,475,0
KWMWW.US,5,20251106,154000,0.089999,0.089999,0.089999,0.089999,126,0
KWMWW.US,5,20251106,160500,0.0805,0.0805,0.0805,0.0805,100,0
KWMWW.US,5,20251106,180500,0.0805,0.0805,0.0753,0.0753,7200,0
KWMWW.US,5,20251106,181500,0.075,0.075,0.0749,0.0749,13700,0
KWMWW.US,5,20251106,184500,0.0759,0.0759,0.075,0.075,63969,0
KWMWW.US,5,20251106,202500,0.0706,0.071,0.0703,0.071,1700,0
KWMWW.US,5,20251106,203000,0.071,0.0711,0.071,0.071,22351,0
KWMWW.US,5,20251106,203500,0.0705,0.070501,0.0703,0.0705,10300,0
KWMWW.US,5,20251106,205500,0.0705,0.0705,0.0705,0.0705,800,0
KWMWW.US,5,20251106,211000,0.0706,0.073,0.0706,0.073,3800,0
KWMWW.US,5,20251106,211500,0.0704,0.0704,0.0704,0.0704,100,0
KWMWW.US,5,20251106,212500,0.073,0.073,0.0704,0.0704,1600,0
KWMWW.US,5,20251106,214500,0.073,0.073,0.0717,0.0717,2100,0
KWMWW.US,5,20251107,154000,0.0722,0.0723,0.0722,0.0723,1000,0
KWMWW.US,5,20251107,162500,0.0722,0.0722,0.0722,0.0722,1300,0
KWMWW.US,5,20251107,163500,0.0701,0.0701,0.07,0.0701,3170,0
KWMWW.US,5,20251107,164500,0.0701,0.0701,0.0701,0.0701,100,0
KWMWW.US,5,20251107,170000,0.0701,0.0701,0.0701,0.0701,500,0
KWMWW.US,5,20251107,170500,0.07,0.07,0.0698,0.0698,600,0
KWMWW.US,5,20251107,171000,0.0684,0.08,0.0684,0.08,400,0
KWMWW.US,5,20251107,182500,0.069,0.0692,0.069,0.0692,400,0
KWMWW.US,5,20251107,212000,0.0739,0.0739,0.0739,0.0739,100,0
KWMWW.US,5,20251110,153000,0.0739,0.0739,0.0739,0.0739,255,0
KWMWW.US,5,20251112,171000,0.08,0.08,0.08,0.08,100,0
KWMWW.US,5,20251112,173000,0.0756,0.0756,0.0756,0.0756,100,0
KWMWW.US,5,20251112,201500,0.076949,0.076949,0.076949,0.076949,200,0
KWMWW.US,5,20251113,205500,0.0801,0.0801,0.0801,0.0801,500,0
KWMWW.US,5,20251113,212000,0.0813,0.0813,0.0702,0.0813,1800,0
KWMWW.US,5,20251113,212500,0.080251,0.080251,0.080251,0.080251,1000,0
KWMWW.US,5,20251114,173500,0.07,0.07,0.0667,0.0667,8433,0
KWMWW.US,5,20251114,175500,0.0626,0.0627,0.0626,0.0627,1100,0
KWMWW.US,5,20251114,180000,0.0627,0.0627,0.0626,0.0626,1000,0
KWMWW.US,5,20251114,181000,0.0627,0.0627,0.0627,0.0627,200,0
KWMWW.US,5,20251114,181500,0.0627,0.0627,0.0626,0.0627,2767,0
KWMWW.US,5,20251114,182500,0.0627,0.0627,0.0627,0.0627,200,0
KWMWW.US,5,20251114,201000,0.062,0.062101,0.062,0.062101,2000,0
KWMWW.US,5,20251114,201500,0.062,0.062,0.062,0.062,1000,0
KWMWW.US,5,20251114,212000,0.0621,0.0621,0.0621,0.0621,100,0
KWMWW.US,5,20251114,215500,0.062,0.06825,0.0537,0.0537,6700,0
KWMWW.US,5,20251117,154500,0.0522,0.0524,0.0522,0.0524,8600,0
KWMWW.US,5,20251117,182000,0.0535,0.0755,0.0535,0.0535,2000,0
KWMWW.US,5,20251117,183000,0.0535,0.0535,0.0532,0.0532,1000,0
KWMWW.US,5,20251117,191000,0.0651,0.0651,0.0651,0.0651,100,0
KWMWW.US,5,20251117,192000,0.061599,0.061599,0.061599,0.061599,100,0
KWMWW.US,5,20251117,203500,0.066249,0.0699,0.066249,0.0699,1000,0
KWMWW.US,5,20251117,204000,0.0699,0.07,0.0699,0.07,509,0
KWMWW.US,5,20251117,210000,0.069999,0.069999,0.069999,0.069999,100,0
KWMWW.US,5,20251117,214000,0.06625,0.06625,0.06625,0.06625,1000,0
KWMWW.US,5,20251118,162000,0.052,0.052,0.052,0.052,3500,0
KWMWW.US,5,20251118,171500,0.0771,0.0771,0.0771,0.0771,100,0
KWMWW.US,5,20251118,201500,0.07,0.07,0.0572,0.0686,53000,0
KWMWW.US,5,20251118,202000,0.07,0.07,0.07,0.07,4945,0
KWMWW.US,5,20251118,204000,0.0771,0.0771,0.0771,0.0771,200,0
KWMWW.US,5,20251119,153000,0.0521,0.0521,0.0521,0.0521,500,0
KWMWW.US,5,20251120,160000,0.07,0.07,0.07,0.07,1653,0
KWMWW.US,5,20251120,160500,0.07,0.07,0.0568,0.0568,42200,0
KWMWW.US,5,20251120,191000,0.0586,0.0586,0.0586,0.0586,700,0
KWMWW.US,5,20251120,202000,0.0586,0.0586,0.0586,0.0586,100,0
KWMWW.US,5,20251120,210000,0.0548,0.0548,0.054798,0.0548,300,0
KWMWW.US,5,20251120,214000,0.0597,0.0597,0.0597,0.0597,100,0
KWMWW.US,5,20251121,153000,0.0511,0.0511,0.0511,0.0511,238,0
KWMWW.US,5,20251121,193500,0.0512,0.0512,0.05,0.0505,2375,0
KWMWW.US,5,20251124,202500,0.06,0.06,0.06,0.06,2100,0
KWMWW.US,5,20251125,195500,0.055,0.055,0.055,0.055,141,0
KWMWW.US,5,20251126,215500,0.06,0.06,0.06,0.06,2620,0
KWMWW.US,5,20251128,172000,0.063751,0.0675,0.063751,0.0675,1100,0
KWMWW.US,5,20251128,175000,0.0675,0.0675,0.0675,0.0675,100,0
KWMWW.US,5,20251128,180500,0.06,0.06,0.05,0.05,2010,0
KWMWW.US,5,20251201,154000,0.0649,0.0649,0.0649,0.0649,220,0
KWMWW.US,5,20251201,173000,0.0649,0.0649,0.0649,0.0649,310,0
KWMWW.US,5,20251201,181000,0.0675,0.0675,0.0675,0.0675,100,0
KWMWW.US,5,20251201,190000,0.06,0.06,0.06,0.06,1000,0
KWMWW.US,5,20251201,201500,0.0598,0.0598,0.0598,0.0598,100,0
KWMWW.US,5,20251202,165000,0.065,0.075,0.0624,0.075,6078,0
KWMWW.US,5,20251202,165500,0.07,0.070001,0.0602,0.070001,18956,0
KWMWW.US,5,20251202,170000,0.07,0.0725,0.07,0.07,25013,0
KWMWW.US,5,20251202,170500,0.07,0.07,0.07,0.07,34886,0
KWMWW.US,5,20251202,173000,0.0799,0.0799,0.07,0.0701,2100,0
KWMWW.US,5,20251202,184000,0.075,0.075,0.075,0.075,100,0
KWMWW.US,5,20251202,212500,0.0725,0.0725,0.0725,0.0725,1202,0
KWMWW.US,5,20251202,215000,0.0701,0.0715,0.0701,0.0701,3640,0
KWMWW.US,5,20251203,153000,0.0701,0.0701,0.0701,0.0701,885,0
KWMWW.US,5,20251203,195000,0.0725,0.0725,0.0725,0.0725,100,0
KWMWW.US,5,20251203,205500,0.0725,0.0725,0.0702,0.0702,3838,0
KWMWW.US,5,20251203,213500,0.0703,0.0703,0.0703,0.0703,100,0
KWMWW.US,5,20251204,204000,0.0749,0.0749,0.0749,0.0749,100,0
KWMWW.US,5,20251204,214000,0.07625,0.07625,0.07625,0.07625,1000,0
KWMWW.US,5,20251204,214500,0.0701,0.0701,0.07,0.07,995,0
KWMWW.US,5,20251205,173000,0.079999,0.08,0.079999,0.079999,1000,0
KWMWW.US,5,20251205,184000,0.075,0.075,0.075,0.075,1000,0
KWMWW.US,5,20251208,172500,0.0712,0.0712,0.0712,0.0712,100,0
KWMWW.US,5,20251208,181500,0.071,0.0712,0.0709,0.071,3687,0
KWMWW.US,5,20251208,185000,0.07,0.0701,0.07,0.07,3400,0
KWMWW.US,5,20251209,170000,0.07,0.0725,0.07,0.0725,3100,0
KWMWW.US,5,20251209,174000,0.0737,0.0737,0.0737,0.0737,200,0
KWMWW.US,5,20251209,180000,0.07,0.07325,0.07,0.07325,3600,0
KWMWW.US,5,20251209,181000,0.07,0.0701,0.07,0.07,4000,0
KWMWW.US,5,20251209,182500,0.07,0.0701,0.07,0.0701,500,0
KWMWW.US,5,20251209,183000,0.07005,0.07005,0.07005,0.07005,100,0
KWMWW.US,5,20251209,185000,0.0701,0.0701,0.0701,0.0701,100,0
KWMWW.US,5,20251210,182500,0.07,0.07,0.07,0.07,112,0
KWMWW.US,5,20251211,215500,0.07,0.070026,0.07,0.070026,2000,0
KWMWW.US,5,20251212,153000,0.07,0.07,0.07,0.07,900,0
KWMWW.US,5,20251212,162500,0.07,0.07,0.07,0.07,500,0
KWMWW.US,5,20251212,210000,0.07,0.0714,0.07,0.0714,2000,0
KWMWW.US,5,20251215,153000,0.07,0.07,0.07,0.07,359,0
KWMWW.US,5,20251215,175500,0.0713,0.0725,0.07,0.07,3408,0
KWMWW.US,5,20251215,180000,0.07,0.07,0.07,0.07,20773,0
KWMWW.US,5,20251215,180500,0.07,0.07,0.07,0.07,137884,0
KWMWW.US,5,20251215,181000,0.0725,0.0725,0.0725,0.0725,100,0
KWMWW.US,5,20251215,183000,0.0704,0.0704,0.0704,0.0704,8500,0
KWMWW.US,5,20251215,183500,0.07,0.07,0.07,0.07,449,0
KWMWW.US,5,20251217,153000,0.07,0.07,0.07,0.07,755,0
KWMWW.US,5,20251217,180500,0.075,0.075,0.075,0.075,657,0
KWMWW.US,5,20251217,181000,0.075,0.075,0.075,0.075,1709,0
KWMWW.US,5,20251217,190500,0.0701,0.0701,0.0701,0.0701,100,0
KWMWW.US,5,20251217,214000,0.0701,0.0701,0.07,0.07,19627,0
KWMWW.US,5,20251218,185500,0.0501,0.0501,0.05,0.05,12500,0
KWMWW.US,5,20251218,202000,0.0455,0.0455,0.04,0.04,2000,0
KWMWW.US,5,20251218,205500,0.04,0.04,0.04,0.04,3999,0
KWMWW.US,5,20251218,210000,0.0413,0.0413,0.0413,0.0413,150,0
KWMWW.US,5,20251218,210500,0.038,0.038,0.035,0.035,21700,0
KWMWW.US,5,20251218,211500,0.035,0.035,0.035,0.035,15334,0
KWMWW.US,5,20251218,213000,0.0351,0.0351,0.0351,0.0351,100,0
KWMWW.US,5,20251218,215500,0.038299,0.038299,0.0351,0.0351,1454,0
KWMWW.US,5,20251222,154000,0.054242,0.054242,0.054242,0.054242,100,0
KWMWW.US,5,20251222,162000,0.055,0.055,0.055,0.055,350,0
KWMWW.US,5,20251222,192000,0.0487,0.0487,0.0487,0.0487,190,0
KWMWW.US,5,20251222,194500,0.0388,0.0388,0.0378,0.0378,3000,0
KWMWW.US,5,20251222,195500,0.0358,0.0399,0.0358,0.0358,1741,0
KWMWW.US,5,20251222,201000,0.0355,0.0355,0.0351,0.0351,26046,0
KWMWW.US,5,20251222,201500,0.03305,0.03305,0.0311,0.0311,3800,0
KWMWW.US,5,20251222,202000,0.03,0.03,0.03,0.03,7940,0
KWMWW.US,5,20251222,215500,0.033,0.0334,0.033,0.0334,7219,0
KWMWW.US,5,20251223,170500,0.027,0.027,0.027,0.027,1000,0
KWMWW.US,5,20251223,171000,0.027,0.027,0.027,0.027,1900,0
KWMWW.US,5,20251223,171500,0.027,0.027,0.027,0.027,900,0
KWMWW.US,5,20251223,172000,0.027,0.027,0.027,0.027,900,0
KWMWW.US,5,20251223,172500,0.027,0.027,0.024,0.024,900,0
KWMWW.US,5,20251223,173000,0.024,0.024,0.024,0.024,1900,0
KWMWW.US,5,20251223,173500,0.024,0.024,0.024,0.024,900,0
KWMWW.US,5,20251223,174000,0.024,0.024,0.024,0.024,900,0
KWMWW.US,5,20251223,174500,0.024,0.024,0.023,0.023,900,0
KWMWW.US,5,20251223,175000,0.023,0.023,0.023,0.023,1900,0
KWMWW.US,5,20251223,175500,0.023,0.023,0.023,0.023,900,0
KWMWW.US,5,20251223,180000,0.023,0.023,0.023,0.023,900,0
KWMWW.US,5,20251223,180500,0.023,0.023,0.0225,0.0225,1900,0
KWMWW.US,5,20251223,181000,0.0225,0.0225,0.0225,0.0225,900,0
KWMWW.US,5,20251223,181500,0.0225,0.0225,0.0225,0.0225,900,0
KWMWW.US,5,20251223,182000,0.0225,0.0225,0.0225,0.0225,900,0
KWMWW.US,5,20251223,182500,0.0225,0.0225,0.0222,0.0222,1900,0
KWMWW.US,5,20251223,183000,0.0222,0.0222,0.0222,0.0222,900,0
KWMWW.US,5,20251223,183500,0.0222,0.0222,0.0222,0.0222,900,0
KWMWW.US,5,20251223,184000,0.0222,0.0222,0.0222,0.0222,900,0
KWMWW.US,5,20251223,184500,0.0222,0.0222,0.0222,0.0222,1900,0
KWMWW.US,5,20251223,185000,0.0222,0.0222,0.02,0.02,7232,0
KWMWW.US,5,20251223,185500,0.02,0.02,0.02,0.02,900,0
KWMWW.US,5,20251223,190000,0.02,0.02,0.02,0.02,900,0
KWMWW.US,5,20251223,190500,0.02,0.02,0.02,0.02,1900,0
KWMWW.US,5,20251223,191000,0.02,0.02,0.02,0.02,900,0
KWMWW.US,5,20251223,191500,0.0201,0.0201,0.02,0.02,900,0
KWMWW.US,5,20251223,192000,0.02,0.02,0.02,0.02,1800,0
KWMWW.US,5,20251223,192500,0.02,0.02,0.02,0.02,1000,0
KWMWW.US,5,20251223,193000,0.02,0.02,0.02,0.02,900,0
KWMWW.US,5,20251223,193500,0.02,0.02,0.02,0.02,900,0
KWMWW.US,5,20251223,194000,0.02,0.02,0.02,0.02,1800,0
KWMWW.US,5,20251223,194500,0.0201,0.0201,0.0201,0.0201,1000,0
KWMWW.US,5,20251223,195000,0.0201,0.0201,0.0201,0.0201,900,0
KWMWW.US,5,20251223,195500,0.0201,0.0201,0.0201,0.0201,900,0
KWMWW.US,5,20251223,200000,0.0201,0.0201,0.0201,0.0201,1800,0
KWMWW.US,5,20251223,200500,0.0201,0.0201,0.0201,0.0201,1000,0
KWMWW.US,5,20251223,201000,0.0201,0.0201,0.02,0.02,900,0
KWMWW.US,5,20251223,201500,0.02,0.02,0.02,0.02,1800,0
KWMWW.US,5,20251223,202000,0.02,0.02,0.02,0.02,900,0
KWMWW.US,5,20251223,202500,0.02,0.02,0.02,0.02,1000,0
KWMWW.US,5,20251223,203000,0.02,0.02,0.02,0.02,900,0
KWMWW.US,5,20251223,203500,0.02,0.02,0.02,0.02,1800,0
KWMWW.US,5,20251223,204000,0.02,0.02,0.02,0.02,900,0
KWMWW.US,5,20251223,204500,0.02,0.02,0.02,0.02,1000,0
KWMWW.US,5,20251223,205000,0.02,0.02,0.02,0.02,1800,0
KWMWW.US,5,20251223,205500,0.02,0.02,0.02,0.02,900,0
KWMWW.US,5,20251223,210000,0.02,0.02,0.02,0.02,900,0
KWMWW.US,5,20251223,210500,0.0202,0.0202,0.0202,0.0202,1000,0
KWMWW.US,5,20251223,211000,0.0216,0.0233,0.02,0.02,6322,0
KWMWW.US,5,20251223,211500,0.02,0.0201,0.02,0.0201,2590,0
KWMWW.US,5,20251223,212000,0.02,0.0201,0.02,0.02,2965,0
KWMWW.US,5,20251223,212500,0.02,0.0211,0.02,0.0211,2700,0
KWMWW.US,5,20251223,213000,0.021,0.022,0.021,0.022,1800,0
KWMWW.US,5,20251223,213500,0.022,0.022,0.022,0.022,900,0
KWMWW.US,5,20251223,214000,0.022,0.022,0.022,0.022,900,0
KWMWW.US,5,20251223,214500,0.022,0.022,0.02,0.02,1000,0
KWMWW.US,5,20251223,215000,0.02,0.0219,0.02,0.0219,1800,0
KWMWW.US,5,20251223,215500,0.022,0.022,0.022,0.022,1800,0
KWMWW.US,5,20251224,153000,0.022,0.022,0.022,0.022,118,0
KWMWW.US,5,20251226,165000,0.06505,0.06505,0.0299,0.04,2638,0
KWMWW.US,5,20251226,171500,0.0301,0.0301,0.028,0.028,2000,0
KWMWW.US,5,20251226,174000,0.0226,0.0226,0.0226,0.0226,500,0
KWMWW.US,5,20251226,174500,0.0227,0.0227,0.0227,0.0227,100,0
KWMWW.US,5,20251226,175500,0.0227,0.0227,0.0227,0.0227,100,0
KWMWW.US,5,20251226,184500,0.0226,0.0226,0.0226,0.0226,500,0
KWMWW.US,5,20251226,194000,0.0226,0.0226,0.0226,0.0226,500,0
KWMWW.US,5,20251226,194500,0.0226,0.0226,0.0226,0.0226,298,0
KWMWW.US,5,20251226,195000,0.0226,0.0226,0.0226,0.0226,302,0
KWMWW.US,5,20251226,195500,0.0243,0.0243,0.0226,0.0226,1700,0
KWMWW.US,5,20251226,200500,0.0226,0.0226,0.0226,0.0226,1098,0
KWMWW.US,5,20251226,202000,0.0226,0.0226,0.0226,0.0226,1500,0
KWMWW.US,5,20251226,202500,0.0241,0.027,0.0241,0.027,300,0
KWMWW.US,5,20251226,203000,0.027,0.027,0.027,0.027,356,0
KWMWW.US,5,20251226,203500,0.0241,0.0241,0.0226,0.0226,1500,0
KWMWW.US,5,20251226,204000,0.0226,0.0226,0.0226,0.0226,600,0
KWMWW.US,5,20251226,204500,0.0226,0.0226,0.0226,0.0226,266,0
KWMWW.US,5,20251226,205000,0.0226,0.0226,0.022,0.022,636,0
KWMWW.US,5,20251226,205500,0.022,0.022,0.021,0.021,10300,0
KWMWW.US,5,20251226,210000,0.021,0.021,0.021,0.021,200,0
KWMWW.US,5,20251226,210500,0.0211,0.0211,0.0211,0.0211,300,0
KWMWW.US,5,20251226,211000,0.0211,0.0211,0.0211,0.0211,500,0
KWMWW.US,5,20251226,212000,0.0211,0.0211,0.0211,0.0211,600,0
KWMWW.US,5,20251226,213000,0.0211,0.0211,0.0211,0.0211,700,0
KWMWW.US,5,20251226,213500,0.0211,0.0211,0.0211,0.0211,800,0
KWMWW.US,5,20251226,214000,0.0211,0.0211,0.0211,0.0211,800,0
KWMWW.US,5,20251226,214500,0.0211,0.0211,0.0211,0.0211,700,0
KWMWW.US,5,20251226,215000,0.0211,0.0211,0.0211,0.0211,1800,0
KWMWW.US,5,20251226,215500,0.02195,0.02195,0.0206,0.0211,3000,0
KWMWW.US,5,20251231,155500,0.03,0.03,0.0299,0.0299,200,0
KWMWW.US,5,20251231,160000,0.03,0.03,0.0299,0.0299,658,0
KWMWW.US,5,20251231,160500,0.03,0.03,0.03,0.03,450,0
KWMWW.US,5,20251231,162000,0.03,0.03,0.03,0.03,685,0
KWMWW.US,5,20251231,163500,0.03,0.03,0.03,0.03,1000,0
KWMWW.US,5,20251231,164000,0.029899,0.029899,0.029899,0.029899,855,0
KWMWW.US,5,20251231,164500,0.03,0.03,0.0299,0.0299,200,0
KWMWW.US,5,20251231,170500,0.03,0.03,0.0206,0.0267,3100,0
KWMWW.US,5,20251231,171000,0.0208,0.027,0.0208,0.027,600,0
KWMWW.US,5,20251231,171500,0.03,0.03,0.03,0.03,299,0
KWMWW.US,5,20251231,172000,0.03,0.03,0.03,0.03,3000,0
KWMWW.US,5,20251231,174000,0.03,0.03,0.03,0.03,100,0
KWMWW.US,5,20251231,175500,0.03,0.03,0.0209,0.0218,12500,0
KWMWW.US,5,20251231,180000,0.03,0.03,0.03,0.03,100,0
KWMWW.US,5,20251231,181000,0.03,0.03,0.03,0.03,250,0
KWMWW.US,5,20251231,183500,0.03,0.03,0.03,0.03,1943,0
KWMWW.US,5,20251231,184000,0.03,0.03,0.026,0.03,1607,0
KWMWW.US,5,20251231,185000,0.03,0.03,0.03,0.03,1000,0
KWMWW.US,5,20251231,185500,0.0299,0.0299,0.0299,0.0299,500,0
KWMWW.US,5,20251231,190500,0.0299,0.0299,0.0299,0.0299,100,0
KWMWW.US,5,20251231,191000,0.03,0.03,0.03,0.03,1000,0
KWMWW.US,5,20251231,192500,0.0299,0.03,0.0299,0.03,1500,0
KWMWW.US,5,20251231,193000,0.03,0.03,0.03,0.03,250,0
KWMWW.US,5,20251231,194000,0.03,0.03,0.03,0.03,666,0
KWMWW.US,5,20251231,194500,0.03,0.03,0.026,0.03,18451,0
KWMWW.US,5,20251231,200500,0.030752,0.030752,0.0301,0.0301,896,0
KWMWW.US,5,20251231,202000,0.0301,0.0301,0.0301,0.0301,100,0
KWMWW.US,5,20251231,213500,0.030101,0.030101,0.030101,0.030101,1000,0
KWMWW.US,5,20251231,214000,0.0301,0.0301,0.0301,0.0301,215,0
KWMWW.US,5,20260102,153000,0.0301,0.0301,0.0301,0.0301,489,0
KWMWW.US,5,20260102,155000,0.032427,0.032427,0.032427,0.032427,100,0
KWMWW.US,5,20260102,162500,0.0324,0.0324,0.0323,0.0323,200,0
KWMWW.US,5,20260102,163000,0.0301,0.0301,0.0301,0.0301,100,0
KWMWW.US,5,20260102,164500,0.0324,0.0324,0.0323,0.0323,200,0
KWMWW.US,5,20260102,170500,0.0301,0.0301,0.0301,0.0301,100,0
KWMWW.US,5,20260105,154500,0.0301,0.0301,0.0301,0.0301,329,0
KWMWW.US,5,20260105,174000,0.04,0.04,0.04,0.04,105,0
KWMWW.US,5,20260106,153500,0.05,0.05,0.05,0.05,306,0
KWMWW.US,5,20260106,163500,0.06,0.0649,0.06,0.0648,705,0
KWMWW.US,5,20260106,192500,0.058906,0.058906,0.058906,0.058906,500,0
KWMWW.US,5,20260106,194000,0.062899,0.062899,0.062899,0.062899,500,0
KWMWW.US,5,20260107,153000,0.08,0.08,0.0682,0.0682,700,0
KWMWW.US,5,20260107,154000,0.075,0.075,0.074351,0.074351,200,0
KWMWW.US,5,20260107,155000,0.07,0.07,0.069476,0.0699,13418,0
KWMWW.US,5,20260107,155500,0.0555,0.0555,0.05315,0.05315,375,0
KWMWW.US,5,20260107,163500,0.0363,0.0363,0.0363,0.0363,6572,0
KWMWW.US,5,20260107,173000,0.07,0.07,0.07,0.07,150,0
KWMWW.US,5,20260107,174000,0.05315,0.05315,0.05315,0.05315,1000,0
KWMWW.US,5,20260107,174500,0.07,0.07,0.07,0.07,950,0
KWMWW.US,5,20260107,175500,0.07,0.07,0.0699,0.07,4900,0
KWMWW.US,5,20260107,180500,0.0665,0.0665,0.0665,0.0665,250,0
KWMWW.US,5,20260107,181500,0.0665,0.0665,0.0665,0.0665,250,0
KWMWW.US,5,20260107,182500,0.07,0.07,0.07,0.07,5000,0
KWMWW.US,5,20260107,183000,0.0698,0.0698,0.0698,0.0698,500,0
KWMWW.US,5,20260107,210000,0.050101,0.050101,0.050101,0.050101,400,0
KWMWW.US,5,20260107,213000,0.05,0.05,0.05,0.05,1000,0
KWMWW.US,5,20260108,160000,0.035,0.0351,0.035,0.0351,280,0
KWMWW.US,5,20260108,160500,0.07,0.07,0.0699,0.07,1000,0
KWMWW.US,5,20260108,161000,0.07,0.07,0.035,0.035,3109,0
KWMWW.US,5,20260108,172000,0.07,0.07,0.07,0.07,100,0
KWMWW.US,5,20260108,181000,0.0649,0.07,0.0649,0.07,4979,0
KWMWW.US,5,20260108,185000,0.07,0.07,0.07,0.07,300,0
KWMWW.US,5,20260108,192000,0.065639,0.065639,0.065639,0.065639,300,0
KWMWW.US,5,20260108,195500,0.07,0.07,0.0699,0.0699,260,0
KWMWW.US,5,20260109,153000,0.04,0.04,0.04,0.04,500,0
KWMWW.US,5,20260109,161000,0.075,0.075,0.075,0.075,100,0
KWMWW.US,5,20260109,163500,0.07,0.07,0.07,0.07,545,0
KWMWW.US,5,20260109,165000,0.07,0.07,0.0699,0.0699,200,0
KWMWW.US,5,20260109,193000,0.0401,0.0402,0.0401,0.0402,274,0
KWMWW.US,5,20260109,204500,0.0697,0.0697,0.0697,0.0697,575,0
KWMWW.US,5,20260109,205000,0.07,0.07,0.0698,0.0698,5000,0
KWMWW.US,5,20260109,210000,0.07,0.07,0.0698,0.0698,2500,0
KWMWW.US,5,20260109,210500,0.0525,0.07,0.0525,0.07,1300,0
KWMWW.US,5,20260109,211500,0.07,0.07,0.07,0.07,750,0
KWMWW.US,5,20260109,212000,0.07,0.07,0.07,0.07,250,0
KWMWW.US,5,20260109,212500,0.0675,0.07,0.0675,0.07,370,0
KWMWW.US,5,20260109,213000,0.0698,0.07,0.0698,0.07,525,0
KWMWW.US,5,20260112,153000,0.05,0.05,0.05,0.05,300,0
KWMWW.US,5,20260112,154500,0.0699,0.0699,0.0699,0.0699,137,0
KWMWW.US,5,20260112,163500,0.07,0.07,0.07,0.07,205,0
KWMWW.US,5,20260112,164000,0.07,0.07,0.07,0.07,141,0
KWMWW.US,5,20260112,170000,0.050101,0.050101,0.050101,0.050101,140,0
KWMWW.US,5,20260112,190500,0.05,0.05,0.05,0.05,1099,0
KWMWW.US,5,20260112,215000,0.0501,0.0501,0.0501,0.0501,1901,0
KWMWW.US,5,20260113,153000,0.068,0.068,0.068,0.068,100,0
KWMWW.US,5,20260113,161000,0.068,0.068,0.068,0.068,100,0
KWMWW.US,5,20260113,161500,0.068,0.068,0.068,0.068,500,0
KWMWW.US,5,20260113,172500,0.0415,0.0415,0.0415,0.0415,999,0
KWMWW.US,5,20260113,183000,0.0531,0.0531,0.0531,0.0531,2500,0
KWMWW.US,5,20260113,185000,0.0416,0.0416,0.0416,0.0416,200,0
KWMWW.US,5,20260113,185500,0.0611,0.068,0.0448,0.0448,3550,0
KWMWW.US,5,20260113,190000,0.058,0.068,0.0481,0.068,300,0
KWMWW.US,5,20260113,190500,0.0677,0.0677,0.0677,0.0677,100,0
KWMWW.US,5,20260113,191000,0.068,0.068,0.0677,0.0677,1050,0
KWMWW.US,5,20260114,171000,0.0674,0.0674,0.0674,0.0674,500,0
KWMWW.US,5,20260114,171500,0.0677,0.0677,0.0677,0.0677,125,0
KWMWW.US,5,20260114,172000,0.0677,0.0677,0.0677,0.0677,100,0
KWMWW.US,5,20260114,172500,0.0677,0.0677,0.0677,0.0677,1000,0
KWMWW.US,5,20260114,175000,0.0677,0.0677,0.0677,0.0677,146,0
KWMWW.US,5,20260114,175500,0.0569,0.0569,0.0569,0.0569,250,0
KWMWW.US,5,20260114,180500,0.0677,0.0677,0.0677,0.0677,500,0
KWMWW.US,5,20260114,181000,0.0677,0.0677,0.0677,0.0677,2000,0
KWMWW.US,5,20260115,160000,0.0677,0.0678,0.0609,0.0609,300,0
KWMWW.US,5,20260115,170000,0.06,0.0601,0.06,0.0601,200,0
KWMWW.US,5,20260115,215000,0.06,0.06,0.06,0.06,3455,0
KWMWW.US,5,20260116,155000,0.045,0.045,0.045,0.045,685,0
KWMWW.US,5,20260116,162500,0.045,0.045,0.045,0.045,1537,0
KWMWW.US,5,20260116,163000,0.045,0.068,0.0432,0.0598,16854,0
KWMWW.US,5,20260116,184000,0.042,0.042,0.042,0.042,200,0
KWMWW.US,5,20260116,195500,0.067399,0.067399,0.0672,0.0672,335,0
KWMWW.US,5,20260120,153000,0.068,0.068,0.068,0.068,337,0
KWMWW.US,5,20260120,153500,0.067899,0.067899,0.067899,0.067899,312,0
KWMWW.US,5,20260120,163500,0.0618,0.0618,0.0618,0.0618,100,0
KWMWW.US,5,20260121,170000,0.0609,0.0609,0.0609,0.0609,569,0
KWMWW.US,5,20260121,205500,0.051,0.051,0.051,0.051,200,0
KWMWW.US,5,20260122,164000,0.05,0.05,0.049796,0.049796,700,0
KWMWW.US,5,20260123,153000,0.068,0.068,0.068,0.068,300,0
KWMWW.US,5,20260123,154000,0.068,0.068,0.0679,0.0679,800,0
KWMWW.US,5,20260123,155500,0.068,0.068,0.0419,0.044,550,0
KWMWW.US,5,20260123,181000,0.047006,0.047006,0.042,0.042,479,0
KWMWW.US,5,20260123,184500,0.0678,0.0678,0.0677,0.0677,200,0
KWMWW.US,5,20260123,193000,0.066,0.066,0.0659,0.0659,200,0
KWMWW.US,5,20260123,204500,0.054,0.054,0.054,0.054,150,0
