<TICKER>,<PER>,<DATE>,<TIME>,<OPEN>,<HIGH>,<LOW>,<CLOSE>,<VOL>,<OPENINT>
PBFS.US,5,20250829,153000,12.88,12.88,12.88,12.88,216,0
PBFS.US,5,20250829,153500,13.0692,13.0692,13.0692,13.0692,125,0
PBFS.US,5,20250829,154500,12.88,13.039,12.88,13.039,325,0
PBFS.US,5,20250829,155000,12.98,12.99,12.98,12.99,550,0
PBFS.US,5,20250829,172000,12.95,12.95,12.95,12.95,855,0
PBFS.US,5,20250829,200500,12.9418,12.9418,12.9418,12.9418,250,0
PBFS.US,5,20250829,204500,12.97,12.97,12.97,12.97,435,0
PBFS.US,5,20250829,214500,13.02,13.02,13.02,13.02,102,0
PBFS.US,5,20250829,215500,13.11,13.11,13.11,13.11,2679,0
PBFS.US,5,20250902,153000,12.94,13.1,12.94,13.1,225,0
PBFS.US,5,20250902,161000,13.05,13.05,13.05,13.05,300,0
PBFS.US,5,20250902,174500,13.06,13.06,13.06,13.06,100,0
PBFS.US,5,20250902,192000,13.1519,13.1662,13.1,13.1662,377,0
PBFS.US,5,20250902,193000,12.9692,13.1491,12.9692,13.1491,3120,0
PBFS.US,5,20250902,211500,13.067278,13.085,13.05,13.05,348,0
PBFS.US,5,20250902,212500,13.165,13.165,13.165,13.165,100,0
PBFS.US,5,20250902,214500,13.1,13.1,13.1,13.1,100,0
PBFS.US,5,20250902,215500,13.095,13.095,13.03,13.05,5630,0
PBFS.US,5,20250903,153000,12.92,12.92,12.92,12.92,142,0
PBFS.US,5,20250903,154500,13.01,13.01,13.01,13.01,200,0
PBFS.US,5,20250903,162000,13.06,13.06,13.06,13.06,100,0
PBFS.US,5,20250903,170500,13.02,13.02,13.02,13.02,100,0
PBFS.US,5,20250903,182000,12.9301,12.9301,12.9301,12.9301,200,0
PBFS.US,5,20250903,184500,12.93,12.93,12.91,12.91,1583,0
PBFS.US,5,20250903,185500,12.98,12.98,12.98,12.98,300,0
PBFS.US,5,20250903,191000,13.04,13.04,13.04,13.04,100,0
PBFS.US,5,20250903,204000,12.938,12.938,12.938,12.938,250,0
PBFS.US,5,20250903,214000,13.01,13.01,12.99,12.99,500,0
PBFS.US,5,20250903,215000,12.96,13.03,12.95,13.03,400,0
PBFS.US,5,20250903,215500,13.03,13.1,13,13.1,2196,0
PBFS.US,5,20250904,153500,13.105,13.105,13.105,13.105,100,0
PBFS.US,5,20250904,155000,13.2572,13.2572,13.2572,13.2572,148,0
PBFS.US,5,20250904,181000,13.215,13.215,13.215,13.215,100,0
PBFS.US,5,20250904,202500,13.13,13.16,13.13,13.13,2000,0
PBFS.US,5,20250904,210000,13.18,13.18,13.145,13.145,388,0
PBFS.US,5,20250904,211500,13.13,13.13,13.13,13.13,100,0
PBFS.US,5,20250904,213500,13.13,13.13,13.13,13.13,100,0
PBFS.US,5,20250904,215500,13.08,13.2,13.07,13.2,3715,0
PBFS.US,5,20250905,170000,13.15,13.15,13.15,13.15,100,0
PBFS.US,5,20250905,202500,13.25,13.25,13.25,13.25,100,0
PBFS.US,5,20250905,211000,13.2,13.2,13.2,13.2,100,0
PBFS.US,5,20250905,211500,13.22,13.22,13.22,13.22,100,0
PBFS.US,5,20250905,215000,13.2,13.2,13.2,13.2,200,0
PBFS.US,5,20250905,215500,13.23,13.23,13.23,13.23,2521,0
PBFS.US,5,20250908,154000,13.285,13.285,13.285,13.285,100,0
PBFS.US,5,20250908,181000,13.17,13.17,13.16,13.16,200,0
PBFS.US,5,20250908,182500,13.15,13.3,13.14,13.3,3527,0
PBFS.US,5,20250908,202500,13.16,13.19,13.16,13.19,300,0
PBFS.US,5,20250908,211000,13.23,13.23,13.23,13.23,100,0
PBFS.US,5,20250908,212000,13.1636,13.1636,13.1636,13.1636,250,0
PBFS.US,5,20250908,214000,13.17,13.23,13.17,13.23,300,0
PBFS.US,5,20250908,215500,13.15,13.18,13.14,13.18,795,0
PBFS.US,5,20250909,163500,13.2125,13.3,13.185,13.3,323,0
PBFS.US,5,20250909,170000,13.28,13.28,13.28,13.28,200000,0
PBFS.US,5,20250909,190000,13.21,13.21,13.21,13.21,100,0
PBFS.US,5,20250909,190500,13.2,13.2,13.2,13.2,1575,0
PBFS.US,5,20250909,212500,13.2,13.2,13.2,13.2,100,0
PBFS.US,5,20250909,214000,13.2,13.2,13.2,13.2,400,0
PBFS.US,5,20250909,215000,13.23,13.23,13.23,13.23,100,0
PBFS.US,5,20250909,215500,13.23,13.28,13.23,13.28,1603,0
PBFS.US,5,20250910,153000,13.28,13.28,13.28,13.28,164,0
PBFS.US,5,20250910,161000,13.2442,13.2442,13.2442,13.2442,868,0
PBFS.US,5,20250910,162500,13.3,13.3,13.29,13.29,587,0
PBFS.US,5,20250910,170000,13.33,13.33,13.33,13.33,548,0
PBFS.US,5,20250910,174000,13.275,13.275,13.275,13.275,250,0
PBFS.US,5,20250910,185500,13.22,13.22,13.22,13.22,1000,0
PBFS.US,5,20250910,191500,13.2337,13.275,13.2337,13.275,220,0
PBFS.US,5,20250910,194500,13.26,13.26,13.26,13.26,1000,0
PBFS.US,5,20250910,213500,13.27,13.28,13.27,13.28,300,0
PBFS.US,5,20250910,215500,13.33,13.35,13.3,13.3,4508,0
PBFS.US,5,20250911,160000,13.2,13.2,13.2,13.2,867,0
PBFS.US,5,20250911,163500,13.32,13.32,13.32,13.32,867,0
PBFS.US,5,20250911,170500,13.25,13.25,13.25,13.25,100,0
PBFS.US,5,20250911,182000,13.3,13.3,13.3,13.3,100,0
PBFS.US,5,20250911,205500,13.39,13.39,13.39,13.39,100,0
PBFS.US,5,20250911,213000,13.3352,13.41,13.3352,13.41,600,0
PBFS.US,5,20250911,214500,13.42,13.42,13.33,13.34,500,0
PBFS.US,5,20250911,215500,13.31,13.37,13.31,13.37,2779,0
PBFS.US,5,20250912,160000,13.1673,13.25,13.1673,13.25,962,0
PBFS.US,5,20250912,173000,13.23,13.23,13.23,13.23,230,0
PBFS.US,5,20250912,174000,13.26,13.35,13.26,13.35,826,0
PBFS.US,5,20250912,183000,13.335,13.335,13.335,13.335,100,0
PBFS.US,5,20250912,185500,13.44,13.44,13.44,13.44,100,0
PBFS.US,5,20250912,205000,13.44,13.44,13.345,13.345,544,0
PBFS.US,5,20250912,210500,13.42,13.42,13.307,13.36,550,0
PBFS.US,5,20250912,215500,13.35,13.35,13.35,13.35,1242,0
PBFS.US,5,20250915,195500,13.355,13.355,13.355,13.355,200,0
PBFS.US,5,20250915,212500,13.3,13.3729,13.29,13.3729,367,0
PBFS.US,5,20250915,214500,13.39,13.39,13.39,13.39,100,0
PBFS.US,5,20250915,215000,13.42,13.42,13.3,13.3,319,0
PBFS.US,5,20250915,215500,13.35,13.37,13.35,13.37,3353,0
PBFS.US,5,20250916,153000,13.33,13.33,13.33,13.33,173,0
PBFS.US,5,20250916,162500,13.3201,13.38,13.3201,13.38,221,0
PBFS.US,5,20250916,182000,13.375,13.375,13.375,13.375,300,0
PBFS.US,5,20250916,190000,13.345,13.345,13.345,13.345,100,0
PBFS.US,5,20250916,192000,13.36,13.36,13.36,13.36,188,0
PBFS.US,5,20250916,192500,13.37,13.37,13.37,13.37,712,0
PBFS.US,5,20250916,194500,13.355,13.44,13.355,13.41,2170,0
PBFS.US,5,20250916,210500,13.42,13.42,13.42,13.42,100,0
PBFS.US,5,20250916,211500,13.38,13.38,13.38,13.38,205,0
PBFS.US,5,20250916,212500,13.3601,13.45,13.3601,13.45,250,0
PBFS.US,5,20250916,213500,13.36,13.36,13.36,13.36,100,0
PBFS.US,5,20250916,214000,13.31,13.31,13.31,13.31,100,0
PBFS.US,5,20250916,215500,13.315,13.34,13.315,13.34,2747,0
PBFS.US,5,20250917,171000,13.38,13.38,13.38,13.38,100,0
PBFS.US,5,20250917,172000,13.38,13.43,13.38,13.38,400,0
PBFS.US,5,20250917,180500,13.5,13.5,13.5,13.5,200,0
PBFS.US,5,20250917,190500,13.435,13.435,13.435,13.435,250,0
PBFS.US,5,20250917,194000,13.2801,13.2801,13.2801,13.2801,1000,0
PBFS.US,5,20250917,200000,13.48,13.48,13.36,13.43,775,0
PBFS.US,5,20250917,200500,13.5,13.5,13.5,13.5,1311,0
PBFS.US,5,20250917,201500,13.5,13.58,13.5,13.505,419,0
PBFS.US,5,20250917,202000,13.54,13.59,13.49,13.49,329,0
PBFS.US,5,20250917,203000,13.58,13.625,13.56,13.625,621,0
PBFS.US,5,20250917,213500,13.44,13.44,13.44,13.44,303,0
PBFS.US,5,20250917,214000,13.39,13.39,13.39,13.39,100,0
PBFS.US,5,20250917,215000,13.37,13.37,13.16,13.25,23377,0
PBFS.US,5,20250917,215500,13.4499,13.4499,13.25,13.26,8386,0
PBFS.US,5,20250918,153000,13.25,13.25,13.25,13.25,985,0
PBFS.US,5,20250918,153500,13.438,13.438,13.438,13.438,125,0
PBFS.US,5,20250918,183500,13.37,13.37,13.37,13.37,100,0
PBFS.US,5,20250918,184500,13.49,13.49,13.39,13.4425,740,0
PBFS.US,5,20250918,185000,13.33,13.33,13.33,13.33,100,0
PBFS.US,5,20250918,190000,13.5,13.57,13.41,13.41,1187,0
PBFS.US,5,20250918,190500,13.4167,13.4167,13.4167,13.4167,230,0
PBFS.US,5,20250918,193000,13.495,13.58,13.495,13.58,314,0
PBFS.US,5,20250918,194000,13.47,13.47,13.47,13.47,100,0
PBFS.US,5,20250918,203000,13.505,13.6,13.505,13.515,898,0
PBFS.US,5,20250918,205000,13.515,13.515,13.515,13.515,100,0
PBFS.US,5,20250918,210000,13.525,13.6,13.525,13.6,200,0
PBFS.US,5,20250918,210500,13.53,13.53,13.51,13.51,360,0
PBFS.US,5,20250918,211500,13.52,13.52,13.52,13.52,100,0
PBFS.US,5,20250918,212000,13.45,13.46,13.45,13.46,200,0
PBFS.US,5,20250918,212500,13.52,13.52,13.34,13.48,488,0
PBFS.US,5,20250918,213000,13.5,13.5,13.5,13.5,1500,0
PBFS.US,5,20250918,214500,13.44,13.44,13.44,13.44,100,0
PBFS.US,5,20250918,215000,13.62,13.62,13.48,13.54,534,0
PBFS.US,5,20250918,215500,13.61,13.61,13.46,13.58,6816,0
PBFS.US,5,20250919,153000,13.54,13.54,13.54,13.54,14717,0
PBFS.US,5,20250919,162000,13.5,13.5,13.5,13.5,400,0
PBFS.US,5,20250919,170000,13.56,13.56,13.56,13.56,100,0
PBFS.US,5,20250919,180500,13.57,13.57,13.57,13.57,600,0
PBFS.US,5,20250919,191500,13.65,13.65,13.65,13.65,100,0
PBFS.US,5,20250919,202000,13.62,13.62,13.55,13.55,200,0
PBFS.US,5,20250919,210500,13.5,13.5,13.5,13.5,107,0
PBFS.US,5,20250919,211000,13.544,13.544,13.544,13.544,125,0
PBFS.US,5,20250919,211500,13.52,13.52,13.52,13.52,150,0
PBFS.US,5,20250919,212000,13.46,13.46,13.46,13.46,100,0
PBFS.US,5,20250919,215000,13.27,13.3,13,13.25,18527,0
PBFS.US,5,20250919,215500,13.35,13.35,13.3,13.3,2129,0
PBFS.US,5,20250922,153000,13.27,13.3,13.27,13.3,1062,0
PBFS.US,5,20250922,153500,13.465,13.465,13.44,13.44,1077,0
PBFS.US,5,20250922,170000,13.42,13.43,13.42,13.43,200,0
PBFS.US,5,20250922,174000,13.48,13.48,13.47,13.47,326,0
PBFS.US,5,20250922,191000,13.4,13.4,13.4,13.4,1320,0
PBFS.US,5,20250922,194000,13.46,13.46,13.46,13.46,100,0
PBFS.US,5,20250922,201500,13.438,13.438,13.438,13.438,250,0
PBFS.US,5,20250922,204000,13.46,13.46,13.46,13.46,243,0
PBFS.US,5,20250922,204500,13.46,13.46,13.38,13.38,2478,0
PBFS.US,5,20250922,211000,13.46,13.46,13.46,13.46,200,0
PBFS.US,5,20250922,212000,13.46,13.46,13.46,13.46,100,0
PBFS.US,5,20250922,214000,13.475,13.475,13.475,13.475,100,0
PBFS.US,5,20250922,215000,13.38,13.4,13.24,13.24,8587,0
PBFS.US,5,20250922,215500,13.4,13.4,13.27,13.35,14056,0
PBFS.US,5,20250923,154000,13.57,13.57,13.57,13.57,125,0
PBFS.US,5,20250923,165000,13.485,13.485,13.485,13.485,100,0
PBFS.US,5,20250923,181000,13.48,13.48,13.48,13.48,100,0
PBFS.US,5,20250923,185000,13.4,13.4,13.32,13.32,549,0
PBFS.US,5,20250923,191000,13.41,13.41,13.41,13.41,100,0
PBFS.US,5,20250923,192500,13.32,13.32,13.32,13.32,200,0
PBFS.US,5,20250923,200500,13.35,13.38,13.35,13.38,200,0
PBFS.US,5,20250923,202500,13.38,13.38,13.29,13.29,803,0
PBFS.US,5,20250923,203000,13.29,13.29,13.26,13.26,1097,0
PBFS.US,5,20250923,214500,13.385,13.385,13.385,13.385,100,0
PBFS.US,5,20250923,215000,13.24,13.36,13.22,13.245,12241,0
PBFS.US,5,20250923,215500,13.31,13.31,13.3,13.3,14004,0
PBFS.US,5,20250924,153000,13.31,13.31,13.31,13.31,309,0
PBFS.US,5,20250924,160500,13.4885,13.4885,13.4885,13.4885,125,0
PBFS.US,5,20250924,172000,13.51,13.51,13.51,13.51,100,0
PBFS.US,5,20250924,182500,13.415,13.415,13.415,13.415,200,0
PBFS.US,5,20250924,184500,13.385,13.385,13.385,13.385,160,0
PBFS.US,5,20250924,185000,13.37,13.37,13.37,13.37,100,0
PBFS.US,5,20250924,190500,13.33,13.33,13.33,13.33,200,0
PBFS.US,5,20250924,201500,13.35,13.35,13.35,13.35,100,0
PBFS.US,5,20250924,204500,13.3,13.3,13.24,13.25,1551,0
PBFS.US,5,20250924,210500,13.29,13.29,13.265,13.265,300,0
PBFS.US,5,20250924,211000,13.26,13.26,13.26,13.26,1000,0
PBFS.US,5,20250924,211500,13.29,13.31,13.28,13.31,400,0
PBFS.US,5,20250924,215000,13.24,13.24,13.24,13.24,100,0
PBFS.US,5,20250924,215500,13.245,13.34,13.24,13.34,2719,0
PBFS.US,5,20250925,153000,13.31,13.31,13.31,13.31,161,0
PBFS.US,5,20250925,153500,13.4732,13.4732,13.4732,13.4732,125,0
PBFS.US,5,20250925,162500,13.35,13.35,13.345,13.345,300,0
PBFS.US,5,20250925,173500,13.26,13.26,13.26,13.26,100,0
PBFS.US,5,20250925,182500,13.34,13.34,13.34,13.34,228,0
PBFS.US,5,20250925,193000,13.2151,13.2151,13.2151,13.2151,160,0
PBFS.US,5,20250925,215500,13.11,13.17,13.11,13.17,1976,0
PBFS.US,5,20250926,153000,13.21,13.21,13.21,13.21,129,0
PBFS.US,5,20250926,162000,13.195,13.195,13.195,13.195,127,0
PBFS.US,5,20250926,165000,13.11,13.11,13.11,13.11,100,0
PBFS.US,5,20250926,172500,13.1,13.1,13.1,13.1,100,0
PBFS.US,5,20250926,185000,13.1,13.1,13.1,13.1,100,0
PBFS.US,5,20250926,193500,13.1,13.1,13.1,13.1,100,0
PBFS.US,5,20250926,203000,13.13,13.13,13.13,13.13,200,0
PBFS.US,5,20250926,205500,13.16,13.16,13,13.1,3944,0
PBFS.US,5,20250926,210000,13.06,13.06,12.82,12.985,3517,0
PBFS.US,5,20250926,210500,12.95,12.97,12.95,12.97,700,0
PBFS.US,5,20250926,212500,13.01,13.01,13.01,13.01,100,0
PBFS.US,5,20250926,214000,13.0392,13.0392,13.01,13.01,600,0
PBFS.US,5,20250926,214500,13,13.01,13,13,565,0
PBFS.US,5,20250926,215000,13,13,13,13,300,0
PBFS.US,5,20250926,215500,13.01,13.07,13.01,13.07,4766,0
PBFS.US,5,20250929,153000,13,13.02,13,13,2233,0
PBFS.US,5,20250929,162000,13.02,13.02,13.01,13.01,500,0
PBFS.US,5,20250929,172000,12.92,12.92,12.92,12.92,100,0
PBFS.US,5,20250929,174000,12.92,13.1121,12.92,13.1121,293,0
PBFS.US,5,20250929,184500,12.91,12.91,12.91,12.91,400,0
PBFS.US,5,20250929,200000,12.91,12.91,12.91,12.91,200,0
PBFS.US,5,20250929,201000,12.91,12.91,12.91,12.91,200,0
PBFS.US,5,20250929,202500,12.94,12.97,12.94,12.97,400,0
PBFS.US,5,20250929,205500,12.91,12.91,12.91,12.91,300,0
PBFS.US,5,20250929,212500,12.83,12.83,12.81,12.81,200,0
PBFS.US,5,20250929,213000,12.81,12.81,12.81,12.81,200,0
PBFS.US,5,20250929,213500,12.84,12.88,12.8369,12.8369,2200,0
PBFS.US,5,20250929,214500,12.82,12.82,12.82,12.82,100,0
PBFS.US,5,20250929,215500,12.81,12.85,12.81,12.84,2333,0
PBFS.US,5,20250930,153000,12.76,12.76,12.76,12.76,253,0
PBFS.US,5,20250930,154500,12.81,12.81,12.8,12.8,800,0
PBFS.US,5,20250930,160000,12.84,12.84,12.76,12.77,700,0
PBFS.US,5,20250930,161000,12.76,12.76,12.72,12.75,1000,0
PBFS.US,5,20250930,162000,12.78,12.78,12.73,12.73,302,0
PBFS.US,5,20250930,165000,12.77,12.77,12.77,12.77,97612,0
PBFS.US,5,20250930,172000,12.75,12.78,12.74,12.78,1000,0
PBFS.US,5,20250930,182500,12.78,12.78,12.78,12.78,100,0
PBFS.US,5,20250930,183000,12.84,12.85,12.84,12.85,311,0
PBFS.US,5,20250930,191000,12.91,12.91,12.91,12.91,988,0
PBFS.US,5,20250930,194000,12.95,12.95,12.95,12.95,100,0
PBFS.US,5,20250930,210000,12.95,12.95,12.95,12.95,200,0
PBFS.US,5,20250930,210500,12.995,12.995,12.995,12.995,273,0
PBFS.US,5,20250930,212000,12.99,12.99,12.99,12.99,100,0
PBFS.US,5,20250930,212500,12.95,12.95,12.95,12.95,700,0
PBFS.US,5,20250930,213500,12.98,12.98,12.98,12.98,100,0
PBFS.US,5,20250930,214500,13.01,13.01,13.01,13.01,200,0
PBFS.US,5,20250930,215000,13.01,13.03,13.01,13.01,1100,0
PBFS.US,5,20250930,215500,13.01,13.01,13.01,13.01,200,0
PBFS.US,5,20251001,153000,13.01,13.03,13.01,13.03,279,0
PBFS.US,5,20251001,155000,13.01,13.01,13.01,13.01,100,0
PBFS.US,5,20251001,160500,13.05,13.05,13.05,13.05,126,0
PBFS.US,5,20251001,161000,13.05,13.05,13.05,13.05,100,0
PBFS.US,5,20251001,162000,13.115,13.115,13.115,13.115,653,0
PBFS.US,5,20251001,162500,13.02,13.02,13.02,13.02,100,0
PBFS.US,5,20251001,163000,13.01,13.06,13.01,13.015,400,0
PBFS.US,5,20251001,163500,13.13,13.13,13.13,13.13,300,0
PBFS.US,5,20251001,164000,13.1153,13.1153,13.1153,13.1153,127,0
PBFS.US,5,20251001,190000,13.02,13.055,13.02,13.02,700,0
PBFS.US,5,20251001,191500,13.02,13.02,13.02,13.02,100,0
PBFS.US,5,20251001,193500,13.04,13.06,13.04,13.06,868,0
PBFS.US,5,20251001,194000,13.14,13.14,13.14,13.14,100,0
PBFS.US,5,20251001,202500,13.07,13.07,13.07,13.07,100,0
PBFS.US,5,20251001,213500,13.115,13.115,13.11,13.11,400,0
PBFS.US,5,20251001,214500,13.1,13.1,13.1,13.1,200,0
PBFS.US,5,20251001,215000,13.11,13.11,13.11,13.11,123,0
PBFS.US,5,20251001,215500,13.11,13.14,13.11,13.14,9979,0
PBFS.US,5,20251002,153000,13.05,13.206,13.05,13.206,248,0
PBFS.US,5,20251002,154000,13.07,13.07,13.05,13.05,628,0
PBFS.US,5,20251002,155000,13.0716,13.0716,13.0716,13.0716,125,0
PBFS.US,5,20251002,162000,13.13,13.13,13.13,13.13,456,0
PBFS.US,5,20251002,163000,13.055,13.055,13.05,13.05,1129,0
PBFS.US,5,20251002,163500,13.05,13.05,13.05,13.05,1000,0
PBFS.US,5,20251002,164000,13.01,13.01,13.01,13.01,100,0
PBFS.US,5,20251002,165000,13.01,13.01,13.01,13.01,200,0
PBFS.US,5,20251002,170000,13.03,13.04,13.03,13.04,200,0
PBFS.US,5,20251002,171000,13.04,13.05,13.04,13.05,200,0
PBFS.US,5,20251002,173500,13.01,13.03,13.01,13.03,300,0
PBFS.US,5,20251002,175500,13.04,13.04,13.04,13.04,100,0
PBFS.US,5,20251002,180500,13.0685,13.0685,13.0685,13.0685,100,0
PBFS.US,5,20251002,181000,13.02,13.02,13.02,13.02,100,0
PBFS.US,5,20251002,182000,13.065,13.065,13.065,13.065,100,0
PBFS.US,5,20251002,190000,13.04,13.04,13.04,13.04,100,0
PBFS.US,5,20251002,194000,13.01,13.01,13.01,13.01,700,0
PBFS.US,5,20251002,195000,13.02,13.02,13.02,13.02,100,0
PBFS.US,5,20251002,201000,13.03,13.05,13.03,13.05,200,0
PBFS.US,5,20251002,210500,13.02,13.02,13.02,13.02,100,0
PBFS.US,5,20251002,212500,13.02,13.02,13.02,13.02,100,0
PBFS.US,5,20251002,214000,13.01,13.01,13.01,13.01,200,0
PBFS.US,5,20251002,214500,13.01,13.01,13.01,13.01,828,0
PBFS.US,5,20251002,215000,13.02,13.02,13.02,13.02,200,0
PBFS.US,5,20251002,215500,13.02,13.1,13.02,13.1,10277,0
PBFS.US,5,20251003,153000,13.06,13.06,13.06,13.06,165,0
PBFS.US,5,20251003,154000,13.29,13.29,13.29,13.29,152,0
PBFS.US,5,20251003,203000,13.11,13.13,13.11,13.12,300,0
PBFS.US,5,20251003,204000,13.14,13.14,13.14,13.14,100,0
PBFS.US,5,20251003,205000,13.11,13.11,13.11,13.11,335,0
PBFS.US,5,20251003,212500,13.12,13.12,13.11,13.11,847,0
PBFS.US,5,20251003,213500,13.11,13.11,13.11,13.11,100,0
PBFS.US,5,20251003,215000,13.11,13.11,13.11,13.11,500,0
PBFS.US,5,20251003,215500,13.11,13.12,13.11,13.11,3424,0
PBFS.US,5,20251006,154000,13.11,13.11,13.11,13.11,100,0
PBFS.US,5,20251006,155000,13.16,13.16,13.16,13.16,100,0
PBFS.US,5,20251006,161000,13.07,13.09,13.07,13.07,500,0
PBFS.US,5,20251006,161500,13.07,13.07,13.07,13.07,300,0
PBFS.US,5,20251006,162000,13.06,13.06,13.06,13.06,397,0
PBFS.US,5,20251006,162500,13.05,13.0673,13.05,13.0673,200,0
PBFS.US,5,20251006,163500,13.09,13.09,13.09,13.09,152,0
PBFS.US,5,20251006,165000,13.05,13.08,13.05,13.07,1023,0
PBFS.US,5,20251006,165500,13.07,13.07,13.06,13.06,377,0
PBFS.US,5,20251006,170500,13.11,13.11,13.11,13.11,100,0
PBFS.US,5,20251006,182500,13.125,13.125,13.125,13.125,100,0
PBFS.US,5,20251006,183000,13.195,13.195,13.195,13.195,100,0
PBFS.US,5,20251006,190000,13.05,13.05,13.05,13.05,169,0
PBFS.US,5,20251006,192000,13.06,13.06,13.06,13.06,100,0
PBFS.US,5,20251006,193000,13.05,13.075,13.05,13.05,915,0
PBFS.US,5,20251006,195000,13.05,13.05,13.05,13.05,300,0
PBFS.US,5,20251006,195500,13.085,13.085,13.085,13.085,100,0
PBFS.US,5,20251006,200500,13.08,13.08,13.05,13.05,200,0
PBFS.US,5,20251006,201000,13.0501,13.0501,13.0501,13.0501,172,0
PBFS.US,5,20251006,202000,13.08,13.08,13.08,13.08,160,0
PBFS.US,5,20251006,203500,13.05,13.05,13.05,13.05,700,0
PBFS.US,5,20251006,205000,13.05,13.05,13.05,13.05,200,0
PBFS.US,5,20251006,210000,13.05,13.05,13.05,13.05,100,0
PBFS.US,5,20251006,211000,13.05,13.05,13.05,13.05,116,0
PBFS.US,5,20251006,212000,13.05,13.05,13.05,13.05,300,0
PBFS.US,5,20251006,212500,13.05,13.05,13.05,13.05,100,0
PBFS.US,5,20251006,213500,13.07,13.07,13.05,13.05,1487,0
PBFS.US,5,20251006,215000,13.05,13.09,13.05,13.07,600,0
PBFS.US,5,20251006,215500,13.07,13.09,13.05,13.06,4143,0
PBFS.US,5,20251007,155500,13.11,13.11,13.11,13.11,125,0
PBFS.US,5,20251007,171500,13.04,13.04,13.04,13.04,125,0
PBFS.US,5,20251007,172000,13.065,13.065,13.065,13.065,160,0
PBFS.US,5,20251007,175000,13.02,13.02,13.02,13.02,100,0
PBFS.US,5,20251007,180000,13.0595,13.0595,13.0595,13.0595,125,0
PBFS.US,5,20251007,191000,13.045,13.045,13.045,13.045,100,0
PBFS.US,5,20251007,192500,13.01,13.01,13.01,13.01,800,0
PBFS.US,5,20251007,193000,13.01,13.04,13.01,13.04,500,0
PBFS.US,5,20251007,194000,13.02,13.02,13.02,13.02,100,0
PBFS.US,5,20251007,194500,13.05,13.05,13.05,13.05,100,0
PBFS.US,5,20251007,200500,13.01,13.01,13.01,13.01,700,0
PBFS.US,5,20251007,201000,13.01,13.01,13.01,13.01,100,0
PBFS.US,5,20251007,205000,13.01,13.01,13.01,13.01,200,0
PBFS.US,5,20251007,210000,13.01,13.025,13.01,13.025,500,0
PBFS.US,5,20251007,210500,13.03,13.06,13.03,13.06,400,0
PBFS.US,5,20251007,211500,13.02,13.02,13.02,13.02,100,0
PBFS.US,5,20251007,212000,13.01,13.01,13.01,13.01,200,0
PBFS.US,5,20251007,212500,13.01,13.01,13.01,13.01,100,0
PBFS.US,5,20251007,213000,13.01,13.03,13.01,13.015,472,0
PBFS.US,5,20251007,213500,13.02,13.095,13.02,13.09,1288,0
PBFS.US,5,20251007,214000,13.015,13.04,13.01,13.01,1877,0
PBFS.US,5,20251007,214500,13.04,13.04,13.02,13.02,400,0
PBFS.US,5,20251007,215000,13.045,13.045,13.01,13.01,400,0
PBFS.US,5,20251007,215500,13.01,13.01,13.01,13.01,3851,0
PBFS.US,5,20251008,153000,13.01,13.01,13.01,13.01,104,0
PBFS.US,5,20251008,154000,13.035,13.192,13.01,13.01,550,0
PBFS.US,5,20251008,154500,13.192,13.192,13.192,13.192,125,0
PBFS.US,5,20251008,171500,13.105,13.105,13.105,13.105,500,0
PBFS.US,5,20251008,172000,13.105,13.105,13.105,13.105,100,0
PBFS.US,5,20251008,172500,13.105,13.105,13.105,13.105,100,0
PBFS.US,5,20251008,182000,13.06,13.06,13.06,13.06,100,0
PBFS.US,5,20251008,182500,13.11,13.11,13.11,13.11,600,0
PBFS.US,5,20251008,185000,13.08,13.08,13.08,13.08,400,0
PBFS.US,5,20251008,185500,13.08,13.085,13.08,13.085,700,0
PBFS.US,5,20251008,190500,13.08,13.08,13.08,13.08,100,0
PBFS.US,5,20251008,193000,13.07,13.14,13.07,13.14,911,0
PBFS.US,5,20251008,195500,13.1,13.1,13.1,13.1,250,0
PBFS.US,5,20251008,201500,13.16,13.16,13.16,13.16,500,0
PBFS.US,5,20251008,202500,13.155,13.155,13.155,13.155,103,0
PBFS.US,5,20251008,204500,13.155,13.155,13.155,13.155,300,0
PBFS.US,5,20251008,210500,13.15,13.28,13.15,13.28,600,0
PBFS.US,5,20251008,211000,13.27,13.27,13.27,13.27,200,0
PBFS.US,5,20251008,211500,13.21,13.28,13.16,13.28,819,0
PBFS.US,5,20251008,215000,13.19,13.19,13.19,13.19,300,0
PBFS.US,5,20251008,215500,13.15,13.16,13.12,13.12,3802,0
PBFS.US,5,20251009,153000,13.06,13.127,13.06,13.127,277,0
PBFS.US,5,20251009,155500,13.07,13.07,13.05,13.05,532,0
PBFS.US,5,20251009,160000,13.05,13.05,13.05,13.05,342,0
PBFS.US,5,20251009,160500,13.05,13.05,13.05,13.05,700,0
PBFS.US,5,20251009,161000,13.05,13.06,13.05,13.06,252,0
PBFS.US,5,20251009,161500,13.07,13.07,13.07,13.07,100,0
PBFS.US,5,20251009,173500,13.15,13.15,13.09,13.09,200,0
PBFS.US,5,20251009,184500,13.1,13.1,13.1,13.1,100,0
PBFS.US,5,20251009,185000,13.15,13.15,13.15,13.15,100,0
PBFS.US,5,20251009,185500,13.085,13.085,13.085,13.085,100,0
PBFS.US,5,20251009,191000,13.1,13.1,13.1,13.1,100,0
PBFS.US,5,20251009,202500,13.0801,13.0801,13.0801,13.0801,750,0
PBFS.US,5,20251009,203000,13.08,13.08,13.08,13.08,300,0
PBFS.US,5,20251009,205000,13.08,13.08,13.08,13.08,300,0
PBFS.US,5,20251009,205500,13.1,13.1,13.1,13.1,100,0
PBFS.US,5,20251009,215500,13.08,13.12,13.08,13.12,3706,0
PBFS.US,5,20251010,153000,13.05,13.05,13.05,13.05,157,0
PBFS.US,5,20251010,155000,13.16,13.16,13.16,13.16,100,0
PBFS.US,5,20251010,163500,13.09,13.09,13.09,13.09,100,0
PBFS.US,5,20251010,170000,13.05,13.05,13.05,13.05,600,0
PBFS.US,5,20251010,170500,13.05,13.05,13.05,13.05,300,0
PBFS.US,5,20251010,172000,13.05,13.05,13.05,13.05,200,0
PBFS.US,5,20251010,174000,13.05,13.05,13.05,13.05,905,0
PBFS.US,5,20251010,183500,13.05,13.05,13.05,13.05,100,0
PBFS.US,5,20251010,185000,13.05,13.05,13.05,13.05,100,0
PBFS.US,5,20251010,190000,13.05,13.05,13.05,13.05,100,0
PBFS.US,5,20251010,193500,13.07,13.07,13.07,13.07,200,0
PBFS.US,5,20251010,201000,13.1,13.1,13.1,13.1,126,0
PBFS.US,5,20251010,204500,13.1,13.12,13.1,13.12,411,0
PBFS.US,5,20251010,210000,13.12,13.12,13.12,13.12,100,0
PBFS.US,5,20251010,210500,13.12,13.12,13.12,13.12,100,0
PBFS.US,5,20251010,212000,13.05,13.05,13.05,13.05,200,0
PBFS.US,5,20251010,212500,13.05,13.05,13.05,13.05,100,0
PBFS.US,5,20251010,213000,13.05,13.05,13.05,13.05,100,0
PBFS.US,5,20251010,214500,13.05,13.05,13.05,13.05,605,0
PBFS.US,5,20251010,215000,13.05,13.05,13.05,13.05,500,0
PBFS.US,5,20251010,215500,13.05,13.05,12.97,13.01,2115,0
PBFS.US,5,20251013,153000,13.1855,13.1855,13.1855,13.1855,125,0
PBFS.US,5,20251013,163500,13.01,13.02,13.01,13.0101,537,0
PBFS.US,5,20251013,183500,13.02,13.02,13.02,13.02,164,0
PBFS.US,5,20251013,184000,13.01,13.01,13.01,13.01,400,0
PBFS.US,5,20251013,184500,13.01,13.01,13.01,13.01,100,0
PBFS.US,5,20251013,195500,13.03,13.03,13.02,13.03,700,0
PBFS.US,5,20251013,203500,13.1,13.1,13.1,13.1,1748,0
PBFS.US,5,20251013,204000,13.06,13.06,13.06,13.06,100,0
PBFS.US,5,20251013,213000,13.06,13.135,13.06,13.135,300,0
PBFS.US,5,20251013,214500,13.06,13.06,13.06,13.06,100,0
PBFS.US,5,20251013,215000,13.08,13.095,13.07,13.07,1100,0
PBFS.US,5,20251013,215500,13.07,13.08,13.07,13.07,4203,0
PBFS.US,5,20251014,153000,13.01,13.01,13.01,13.01,111,0
PBFS.US,5,20251014,161000,13.05,13.11,13.04,13.11,1238,0
PBFS.US,5,20251014,174000,13.11,13.11,13.1,13.1,500,0
PBFS.US,5,20251014,175500,13.1796,13.1796,13.1796,13.1796,100,0
PBFS.US,5,20251014,183000,13.13,13.14,13.06,13.06,800,0
PBFS.US,5,20251014,184000,13.17,13.17,13.17,13.17,100,0
PBFS.US,5,20251014,201000,13.13,13.13,13.13,13.13,113,0
PBFS.US,5,20251014,202500,13.1755,13.1755,13.1755,13.1755,125,0
PBFS.US,5,20251014,205000,13.12,13.12,13.12,13.12,100,0
PBFS.US,5,20251014,211500,13.14,13.14,13.14,13.14,300,0
PBFS.US,5,20251014,212000,13.18,13.18,13.145,13.145,1845,0
PBFS.US,5,20251014,213000,13.14,13.14,13.14,13.14,395,0
PBFS.US,5,20251014,213500,13.075,13.1,13.075,13.1,200,0
PBFS.US,5,20251014,214500,13.1,13.1,13.09,13.09,271,0
PBFS.US,5,20251014,215500,13.06,13.13,13.06,13.13,7105,0
PBFS.US,5,20251015,153000,13.11,13.1749,13.08,13.1749,310,0
PBFS.US,5,20251015,160000,13.17,13.17,13.17,13.17,100,0
PBFS.US,5,20251015,163500,13.07,13.07,13.07,13.07,100,0
PBFS.US,5,20251015,164000,13.06,13.1749,13.06,13.1588,851,0
PBFS.US,5,20251015,165000,13.05,13.09,13.05,13.09,200,0
PBFS.US,5,20251015,171000,13.09,13.09,13.09,13.09,100,0
PBFS.US,5,20251015,173000,13.06,13.1,13.06,13.1,200,0
PBFS.US,5,20251015,173500,13.1,13.1,13.1,13.1,160,0
PBFS.US,5,20251015,181000,13.13,13.13,13.13,13.13,210,0
PBFS.US,5,20251015,182500,13.09,13.09,13.09,13.09,100,0
PBFS.US,5,20251015,183000,13.12,13.12,13.05,13.05,3868,0
PBFS.US,5,20251015,183500,13.1025,13.1025,13.1025,13.1025,125,0
PBFS.US,5,20251015,184500,13.14,13.14,13.14,13.14,203,0
PBFS.US,5,20251015,190500,13.135,13.135,13.135,13.135,200,0
PBFS.US,5,20251015,194000,13.145,13.145,13.145,13.145,300,0
PBFS.US,5,20251015,201000,13.15,13.15,13.15,13.15,100,0
PBFS.US,5,20251015,205500,13.15,13.15,13.15,13.15,100,0
PBFS.US,5,20251015,213000,13.11,13.11,13.07,13.07,611,0
PBFS.US,5,20251015,214500,13.08,13.08,13.05,13.05,955,0
PBFS.US,5,20251015,215000,13.05,13.05,13.05,13.05,100,0
PBFS.US,5,20251015,215500,13.05,13.05,13.05,13.05,609,0
PBFS.US,5,20251016,153500,13.03,13.03,13.03,13.03,100,0
PBFS.US,5,20251016,161000,13.07,13.07,13.01,13.01,925,0
PBFS.US,5,20251016,161500,13.02,13.02,13.02,13.02,131,0
PBFS.US,5,20251016,162000,13.03,13.03,13.03,13.03,200,0
PBFS.US,5,20251016,162500,13.02,13.02,13.02,13.02,100,0
PBFS.US,5,20251016,172000,13.02,13.02,13.02,13.02,100,0
PBFS.US,5,20251016,180000,13.085,13.085,13.085,13.085,100,0
PBFS.US,5,20251016,180500,13.02,13.02,13.02,13.02,100,0
PBFS.US,5,20251016,181500,13.08,13.08,13.08,13.08,100,0
PBFS.US,5,20251016,191000,13.1,13.11,13.1,13.11,300,0
PBFS.US,5,20251016,192000,13.06,13.06,13.06,13.06,100,0
PBFS.US,5,20251016,200500,13.01,13.01,13.01,13.01,446,0
PBFS.US,5,20251016,201000,13.01,13.01,13.01,13.01,700,0
PBFS.US,5,20251016,201500,13.01,13.01,13.01,13.01,100,0
PBFS.US,5,20251016,202000,13.01,13.01,13.01,13.01,200,0
PBFS.US,5,20251016,205000,13.01,13.01,13.01,13.01,700,0
PBFS.US,5,20251016,210000,12.96,12.99,12.92,12.96,1200,0
PBFS.US,5,20251016,211000,12.99,12.99,12.99,12.99,100,0
PBFS.US,5,20251016,212000,12.96,12.96,12.96,12.96,1169,0
PBFS.US,5,20251016,212500,12.96,12.96,12.96,12.96,100,0
PBFS.US,5,20251016,213000,12.96,12.96,12.96,12.96,200,0
PBFS.US,5,20251016,213500,12.96,12.96,12.96,12.96,100,0
PBFS.US,5,20251016,215000,13.01,13.01,13.01,13.01,600,0
PBFS.US,5,20251016,215500,13.02,13.03,13.01,13.01,4694,0
PBFS.US,5,20251017,153000,13.01,13.01,13.01,13.01,1387,0
PBFS.US,5,20251017,153500,13.01,13.1335,13.01,13.1335,750,0
PBFS.US,5,20251017,154000,13.07,13.07,13.07,13.07,100,0
PBFS.US,5,20251017,163000,13.05,13.05,13.05,13.05,460,0
PBFS.US,5,20251017,170500,13.05,13.05,13.05,13.05,100,0
PBFS.US,5,20251017,174500,13.08,13.08,13.08,13.08,162,0
PBFS.US,5,20251017,175000,13.08,13.08,13.08,13.08,100,0
PBFS.US,5,20251017,183000,13.065,13.065,13.065,13.065,300,0
PBFS.US,5,20251017,192000,13.055,13.055,13.055,13.055,100,0
PBFS.US,5,20251017,195000,13.05,13.05,13.01,13.01,200,0
PBFS.US,5,20251017,200500,13.08,13.08,13.08,13.08,125,0
PBFS.US,5,20251017,202000,13.01,13.04,13.01,13.01,898,0
PBFS.US,5,20251017,202500,13.01,13.02,13.01,13.01,694,0
PBFS.US,5,20251017,203500,13.01,13.05,13.01,13.01,1630,0
PBFS.US,5,20251017,204500,13.01,13.01,13.01,13.01,357,0
PBFS.US,5,20251017,205000,13.01,13.01,12.96,12.99,1197,0
PBFS.US,5,20251017,205500,12.96,12.97,12.89,12.92,4700,0
PBFS.US,5,20251017,210000,12.9,12.9,12.86,12.86,528,0
PBFS.US,5,20251017,210500,12.86,12.87,12.86,12.87,1475,0
PBFS.US,5,20251017,211000,12.86,12.91,12.81,12.86,6454,0
PBFS.US,5,20251017,211500,12.86,12.88,12.81,12.88,2816,0
PBFS.US,5,20251017,212000,12.895,12.895,12.86,12.86,1132,0
PBFS.US,5,20251017,212500,12.86,12.86,12.86,12.86,100,0
PBFS.US,5,20251017,213500,12.9,12.9,12.9,12.9,300,0
PBFS.US,5,20251017,214500,12.91,12.95,12.91,12.95,505,0
PBFS.US,5,20251017,215000,12.95,13,12.95,13,1145,0
PBFS.US,5,20251017,215500,13,13.01,13,13.01,3198,0
PBFS.US,5,20251020,153000,12.64,13.106,12.64,13.106,279,0
PBFS.US,5,20251020,154500,12.95,12.95,12.95,12.95,100,0
PBFS.US,5,20251020,155000,13.131,13.131,13.131,13.131,125,0
PBFS.US,5,20251020,200500,13.13,13.13,13.1,13.13,600,0
PBFS.US,5,20251020,201500,13.13,13.13,13.12,13.12,1400,0
PBFS.US,5,20251020,203000,13.11,13.11,13.11,13.11,100,0
PBFS.US,5,20251020,204000,13.158,13.158,13.158,13.158,125,0
PBFS.US,5,20251020,210000,13.08,13.08,13.08,13.08,100,0
PBFS.US,5,20251020,210500,13.025,13.025,12.975,12.975,300,0
PBFS.US,5,20251020,213000,12.98,13.11,12.98,13.11,600,0
PBFS.US,5,20251020,214000,13.02,13.02,13.02,13.02,143,0
PBFS.US,5,20251020,214500,13.02,13.02,13.02,13.02,100,0
PBFS.US,5,20251020,215000,13.01,13.05,13.01,13.04,1200,0
PBFS.US,5,20251020,215500,13.02,13.05,13.02,13.05,4513,0
PBFS.US,5,20251021,153500,13.13,13.13,13.13,13.13,125,0
PBFS.US,5,20251021,160000,13.01,13.01,13.01,13.01,100,0
PBFS.US,5,20251021,161500,13.0724,13.0724,13.0724,13.0724,100,0
PBFS.US,5,20251021,212500,13.03,13.06,13.03,13.06,1152,0
PBFS.US,5,20251021,214000,13.03,13.03,13.03,13.03,500,0
PBFS.US,5,20251021,214500,13.05,13.05,13.05,13.05,499,0
PBFS.US,5,20251021,215500,13.055,13.13,13.055,13.13,6314,0
PBFS.US,5,20251022,165500,13.24,13.24,13.24,13.24,165,0
PBFS.US,5,20251022,170000,13.23,13.23,13.23,13.23,171,0
PBFS.US,5,20251022,173500,13.24,13.3,13.24,13.29,900,0
PBFS.US,5,20251022,184000,13.345,13.345,13.21,13.21,200,0
PBFS.US,5,20251022,185000,13.345,13.345,13.345,13.345,125,0
PBFS.US,5,20251022,185500,13.205,13.205,13.205,13.205,100,0
PBFS.US,5,20251022,191000,13.345,13.345,13.345,13.345,125,0
PBFS.US,5,20251022,191500,13.21,13.27,13.2,13.205,1800,0
PBFS.US,5,20251022,192000,13.2025,13.2025,13.185,13.185,211,0
PBFS.US,5,20251022,192500,13.185,13.185,13.185,13.185,100,0
PBFS.US,5,20251022,201000,13.21,13.22,13.21,13.21,300,0
PBFS.US,5,20251022,211000,13.185,13.185,13.185,13.185,100,0
PBFS.US,5,20251022,211500,13.185,13.185,13.185,13.185,100,0
PBFS.US,5,20251022,212500,13.2,13.49,13.07,13.49,368,0
PBFS.US,5,20251022,213500,13.2,13.2,13.2,13.2,100,0
PBFS.US,5,20251022,214000,13.2025,13.2025,13.2025,13.2025,100,0
PBFS.US,5,20251022,214500,13.06,13.06,13.06,13.06,100,0
PBFS.US,5,20251022,215000,13.11,13.11,13.09,13.11,820,0
PBFS.US,5,20251022,215500,13.07,13.17,13.07,13.17,5498,0
PBFS.US,5,20251023,153000,13.15,13.15,13.15,13.15,262,0
PBFS.US,5,20251023,182000,13.08,13.08,13.03,13.03,720,0
PBFS.US,5,20251023,191500,13.1,13.11,13.1,13.11,300,0
PBFS.US,5,20251023,203500,13.05,13.05,13.05,13.05,177,0
PBFS.US,5,20251023,212000,13.05,13.06,13.05,13.05,569,0
PBFS.US,5,20251023,212500,13.09,13.09,13.09,13.09,100,0
PBFS.US,5,20251023,214000,13.05,13.06,13.05,13.06,200,0
PBFS.US,5,20251023,215000,13.1,13.11,13.1,13.11,300,0
PBFS.US,5,20251023,215500,13.12,13.12,13.12,13.12,1916,0
PBFS.US,5,20251024,153000,13.275,13.275,13.275,13.275,125,0
PBFS.US,5,20251024,160500,13.275,13.275,13.275,13.275,100,0
PBFS.US,5,20251024,161500,13.25,13.25,13.25,13.25,200,0
PBFS.US,5,20251024,162000,13.29,13.29,13.29,13.29,125,0
PBFS.US,5,20251024,172000,13.3,13.3,13.3,13.3,100,0
PBFS.US,5,20251024,175500,13.11,13.11,13.11,13.11,106,0
PBFS.US,5,20251024,181000,13.28,13.28,13.28,13.28,100,0
PBFS.US,5,20251024,194000,13.2,13.3555,13.1827,13.3555,571,0
PBFS.US,5,20251024,205000,13.315,13.315,13.315,13.315,236,0
PBFS.US,5,20251024,215500,13.265,13.27,13.21,13.24,2551,0
PBFS.US,5,20251027,143000,13.23,13.23,13.23,13.23,206,0
PBFS.US,5,20251027,154000,13.15,13.15,13.15,13.15,100,0
PBFS.US,5,20251027,155500,13.12,13.15,13.12,13.15,914,0
PBFS.US,5,20251027,160500,13.15,13.15,13.15,13.15,112,0
PBFS.US,5,20251027,172000,13.03,13.03,13.03,13.03,110,0
PBFS.US,5,20251027,173500,13.06,13.15,13.06,13.15,1322,0
PBFS.US,5,20251027,175500,13.06,13.06,13.06,13.06,100,0
PBFS.US,5,20251027,180000,13.245,13.245,13.245,13.245,100,0
PBFS.US,5,20251027,185000,13.06,13.06,13.06,13.06,100,0
PBFS.US,5,20251027,185500,13.1,13.1,13.1,13.1,125,0
PBFS.US,5,20251027,194000,13.06,13.08,13.06,13.08,200,0
PBFS.US,5,20251027,195000,13.13,13.13,13.13,13.13,100,0
PBFS.US,5,20251027,201000,13.06,13.06,13.06,13.06,100,0
PBFS.US,5,20251027,202000,13.19,13.19,13.19,13.19,125,0
PBFS.US,5,20251027,204000,13.06,13.06,13.06,13.06,100,0
PBFS.US,5,20251027,205000,13.07,13.12,13.07,13.12,300,0
PBFS.US,5,20251027,205500,13.16,13.16,13.12,13.16,2992,0
PBFS.US,5,20251028,143000,13.16,13.255,13.1108,13.255,421,0
PBFS.US,5,20251028,203000,13.12,13.12,13.12,13.12,100,0
PBFS.US,5,20251028,204500,13.08,13.08,13.08,13.08,189,0
PBFS.US,5,20251028,205000,13.14,13.14,13.11,13.11,463,0
PBFS.US,5,20251028,205500,13.1625,13.1625,13.13,13.16,3722,0
PBFS.US,5,20251029,143000,13.13,13.13,13.13,13.13,141,0
PBFS.US,5,20251029,160500,13.025,13.025,13.025,13.025,100,0
PBFS.US,5,20251029,162500,13.094,13.094,13.01,13.01,552,0
PBFS.US,5,20251029,163000,13.02,13.076,13.02,13.076,1040,0
PBFS.US,5,20251029,163500,13.14,13.15,13.13,13.15,400,0
PBFS.US,5,20251029,172000,13.05,13.05,13.05,13.05,200,0
PBFS.US,5,20251029,173500,13.1255,13.1255,13.1255,13.1255,125,0
PBFS.US,5,20251029,193500,13.02,13.02,13,13,1268,0
PBFS.US,5,20251029,194000,12.95,12.95,12.95,12.95,250,0
PBFS.US,5,20251029,200000,12.92,12.945,12.91,12.91,593,0
PBFS.US,5,20251029,201000,12.9,12.9,12.9,12.9,100,0
PBFS.US,5,20251029,201500,12.9,12.92,12.9,12.92,600,0
PBFS.US,5,20251029,202000,12.9,12.9,12.9,12.9,100,0
PBFS.US,5,20251029,202500,12.9,12.9,12.9,12.9,300,0
PBFS.US,5,20251029,203000,12.9,12.9,12.9,12.9,300,0
PBFS.US,5,20251029,203500,12.9,12.9,12.9,12.9,705,0
PBFS.US,5,20251029,204000,12.9,12.9,12.9,12.9,200,0
PBFS.US,5,20251029,204500,12.91,12.91,12.91,12.91,100,0
PBFS.US,5,20251029,205000,12.95,12.95,12.94,12.94,200,0
PBFS.US,5,20251029,205500,12.95,13.07,12.95,13.07,4396,0
PBFS.US,5,20251030,143000,13.06,13.06,13.06,13.06,801,0
PBFS.US,5,20251030,144000,13.0695,13.105,13.0695,13.105,249,0
PBFS.US,5,20251030,154500,13.1,13.1,13.1,13.1,100,0
PBFS.US,5,20251030,160500,13.07,13.125,13.07,13.125,250,0
PBFS.US,5,20251030,162000,13.115,13.115,13.115,13.115,100,0
PBFS.US,5,20251030,163500,13.12,13.12,13.12,13.12,323,0
PBFS.US,5,20251030,170500,13.152,13.152,13.152,13.152,125,0
PBFS.US,5,20251030,172000,13.14,13.14,13.14,13.14,1195,0
PBFS.US,5,20251030,184500,13.1,13.11,13.1,13.1001,300,0
PBFS.US,5,20251030,190500,13.11,13.11,13.11,13.11,200,0
PBFS.US,5,20251030,202000,13.1,13.1,13.1,13.1,620,0
PBFS.US,5,20251030,203000,13.1,13.1,13.1,13.1,300,0
PBFS.US,5,20251030,203500,13.1,13.1,13.1,13.1,700,0
PBFS.US,5,20251030,205000,13.1,13.1,13.1,13.1,100,0
PBFS.US,5,20251030,205500,13.195,13.195,13.195,13.195,100,0
PBFS.US,5,20251031,143000,13.01,13.01,13.01,13.01,1158,0
PBFS.US,5,20251031,143500,13.05,13.05,13.05,13.05,309,0
PBFS.US,5,20251031,170500,13.05,13.05,13.05,13.05,264,0
PBFS.US,5,20251031,184000,13.05,13.07,13.05,13.07,419,0
PBFS.US,5,20251031,185000,13.1,13.1,13.09,13.1,400,0
PBFS.US,5,20251031,195000,13.06,13.07,13.05,13.07,400,0
PBFS.US,5,20251031,201500,13.09,13.09,13.05,13.05,202,0
PBFS.US,5,20251031,203000,13.1041,13.1041,13.1041,13.1041,263,0
PBFS.US,5,20251031,205500,13.14,13.14,13.14,13.14,2812,0
PBFS.US,5,20251103,190000,13.2499,13.2499,13.2499,13.2499,250,0
PBFS.US,5,20251103,193500,13.155,13.155,13.155,13.155,100,0
PBFS.US,5,20251103,213500,13.14,13.14,13.14,13.14,100,0
PBFS.US,5,20251103,215500,13.12,13.12,13.11,13.11,2635,0
PBFS.US,5,20251104,161500,13.13,13.13,13.13,13.13,100,0
PBFS.US,5,20251104,191000,13.0101,13.0101,13.0101,13.0101,500,0
PBFS.US,5,20251104,191500,13.02,13.02,13.02,13.02,100,0
PBFS.US,5,20251104,192500,13.0119,13.0945,13.0119,13.0945,250,0
PBFS.US,5,20251104,205000,13.02,13.02,13.02,13.02,155,0
PBFS.US,5,20251104,215000,13.02,13.02,13.02,13.02,300,0
PBFS.US,5,20251104,215500,13.06,13.17,13.06,13.17,300,0
PBFS.US,5,20251105,153000,13.12,13.187,13.12,13.187,225,0
PBFS.US,5,20251105,160500,13.24,13.25,13.24,13.25,820,0
PBFS.US,5,20251105,163500,13.1392,13.1392,13.1392,13.1392,2482,0
PBFS.US,5,20251105,165000,13.2855,13.2855,13.2855,13.2855,125,0
PBFS.US,5,20251105,180000,13.27,13.27,13.27,13.27,100,0
PBFS.US,5,20251105,181000,13.14,13.25,13.14,13.25,503,0
PBFS.US,5,20251105,191000,13.25,13.25,13.25,13.25,100,0
PBFS.US,5,20251105,202500,13.12,13.19,13.12,13.19,200,0
PBFS.US,5,20251105,210000,13.23,13.28,13.23,13.28,302,0
PBFS.US,5,20251105,214000,13.19,13.3537,13.16,13.3537,325,0
PBFS.US,5,20251105,215500,13.15,13.15,13.15,13.15,100,0
PBFS.US,5,20251106,153000,13.29,13.33,13.29,13.33,288,0
PBFS.US,5,20251106,164000,13.3625,13.3625,13.3625,13.3625,100,0
PBFS.US,5,20251106,192500,13.23,13.23,13.23,13.23,100,0
PBFS.US,5,20251106,195000,13.275,13.275,13.275,13.275,119,0
PBFS.US,5,20251106,201000,13.22,13.22,13.21,13.21,300,0
PBFS.US,5,20251106,201500,13.21,13.22,13.21,13.21,800,0
PBFS.US,5,20251106,202000,13.23,13.23,13.12,13.12,400,0
PBFS.US,5,20251106,202500,13.13,13.175,13.12,13.17,500,0
PBFS.US,5,20251106,203000,13.11,13.11,13.11,13.11,100,0
PBFS.US,5,20251106,203500,13.15,13.215,13.11,13.13,634,0
PBFS.US,5,20251106,204000,13.11,13.17,13.11,13.13,500,0
PBFS.US,5,20251106,204500,13.14,13.14,13.12,13.12,472,0
PBFS.US,5,20251106,205000,13.21,13.24,13.11,13.17,893,0
PBFS.US,5,20251106,205500,13.18,13.18,13.13,13.13,545,0
PBFS.US,5,20251106,210000,13.13,13.2,13.12,13.13,695,0
PBFS.US,5,20251106,210500,13.13,13.19,13.11,13.19,400,0
PBFS.US,5,20251106,211000,13.13,13.17,13.12,13.17,861,0
PBFS.US,5,20251106,211500,13.16,13.19,13.13,13.19,500,0
PBFS.US,5,20251106,212000,13.12,13.15,13.11,13.14,700,0
PBFS.US,5,20251106,212500,13.15,13.155,13.11,13.155,500,0
PBFS.US,5,20251106,213000,13.14,13.14,13.14,13.14,100,0
PBFS.US,5,20251106,213500,13.14,13.14,13.14,13.14,102,0
PBFS.US,5,20251106,214500,13.07,13.07,13.07,13.07,100,0
PBFS.US,5,20251106,215000,13.07,13.07,13.07,13.07,100,0
PBFS.US,5,20251106,215500,13.07,13.17,13.07,13.16,2177,0
PBFS.US,5,20251107,153000,13.21,13.21,13.21,13.21,144,0
PBFS.US,5,20251107,160500,13.29,13.29,13.27,13.27,200,0
PBFS.US,5,20251107,165000,13.3394,13.3394,13.3394,13.3394,100,0
PBFS.US,5,20251107,172500,13.26,13.26,13.26,13.26,200,0
PBFS.US,5,20251107,181000,13.185,13.185,13.185,13.185,200,0
PBFS.US,5,20251107,182500,13.23,13.23,13.23,13.23,100,0
PBFS.US,5,20251107,183000,13.205,13.205,13.205,13.205,100,0
PBFS.US,5,20251107,185000,13.23,13.23,13.23,13.23,100,0
PBFS.US,5,20251107,191500,13.28,13.29,13.28,13.29,300,0
PBFS.US,5,20251107,192500,13.255,13.255,13.255,13.255,100,0
PBFS.US,5,20251107,193500,13.34,13.34,13.34,13.34,100,0
PBFS.US,5,20251107,195000,13.34,13.34,13.34,13.34,100,0
PBFS.US,5,20251107,201000,13.34,13.34,13.34,13.34,100,0
PBFS.US,5,20251107,201500,13.31,13.31,13.31,13.31,100,0
PBFS.US,5,20251107,202500,13.295,13.295,13.295,13.295,100,0
PBFS.US,5,20251107,203500,13.39,13.39,13.39,13.39,100,0
PBFS.US,5,20251107,204500,13.33,13.34,13.33,13.335,300,0
PBFS.US,5,20251107,205500,13.34,13.34,13.34,13.34,100,0
PBFS.US,5,20251107,210500,13.26,13.26,13.21,13.26,300,0
PBFS.US,5,20251107,212000,13.23,13.23,13.23,13.23,100,0
PBFS.US,5,20251107,215000,13.25,13.31,13.25,13.25,612,0
PBFS.US,5,20251107,215500,13.42,13.42,13.34,13.34,3490,0
PBFS.US,5,20251110,153000,13.36,13.36,13.3,13.3,331,0
PBFS.US,5,20251110,154000,13.27,13.27,13.27,13.27,100,0
PBFS.US,5,20251110,174500,13.35,13.35,13.35,13.35,100,0
PBFS.US,5,20251110,185000,13.38,13.38,13.38,13.38,391,0
PBFS.US,5,20251110,191500,13.4,13.4,13.4,13.4,700,0
PBFS.US,5,20251110,195500,13.45,13.45,13.45,13.45,500,0
PBFS.US,5,20251110,201000,13.45,13.45,13.45,13.45,100,0
PBFS.US,5,20251110,211000,13.45,13.45,13.45,13.45,100,0
PBFS.US,5,20251110,213500,13.41,13.41,13.41,13.41,100,0
PBFS.US,5,20251110,215000,13.28,13.28,13.26,13.26,200,0
PBFS.US,5,20251110,215500,13.27,13.27,13.27,13.27,100,0
PBFS.US,5,20251111,161500,13.35,13.35,13.35,13.35,100,0
PBFS.US,5,20251111,215500,13.37,13.49,13.37,13.47,2415,0
PBFS.US,5,20251112,180000,13.32,13.32,13.31,13.31,800,0
PBFS.US,5,20251112,180500,13.305,13.305,13.305,13.305,100,0
PBFS.US,5,20251112,184500,13.29,13.29,13.29,13.29,225,0
PBFS.US,5,20251112,201500,13.305,13.305,13.305,13.305,100,0
PBFS.US,5,20251112,213500,13.25,13.25,13.25,13.25,100,0
PBFS.US,5,20251112,214500,13.24,13.24,13.23,13.23,1148,0
PBFS.US,5,20251112,215000,13.3,13.31,13.3,13.31,361,0
PBFS.US,5,20251112,215500,13.34,13.34,13.34,13.34,100,0
PBFS.US,5,20251113,154500,13.28,13.3475,13.28,13.3475,210,0
PBFS.US,5,20251113,162000,13.355,13.355,13.355,13.355,166,0
PBFS.US,5,20251113,172500,13.44,13.495,13.44,13.495,200,0
PBFS.US,5,20251113,174000,13.45,13.45,13.45,13.45,100,0
PBFS.US,5,20251113,184500,13.35,13.35,13.35,13.35,1192,0
PBFS.US,5,20251113,191000,13.3307,13.44,13.3307,13.43,350,0
PBFS.US,5,20251113,191500,13.52,13.52,13.52,13.52,100,0
PBFS.US,5,20251113,193000,13.5,13.505,13.5,13.505,200,0
PBFS.US,5,20251113,194000,13.4631,13.4631,13.4631,13.4631,100,0
PBFS.US,5,20251113,200000,13.445,13.445,13.445,13.445,100,0
PBFS.US,5,20251113,204000,13.28,13.28,13.28,13.28,100,0
PBFS.US,5,20251113,205500,13.403,13.403,13.403,13.403,125,0
PBFS.US,5,20251113,213500,13.25,13.25,13.25,13.25,100,0
PBFS.US,5,20251113,214000,13.361,13.361,13.361,13.361,125,0
PBFS.US,5,20251113,215500,13.43,13.43,13.43,13.43,2663,0
PBFS.US,5,20251114,165000,13.34,13.34,13.34,13.34,163,0
PBFS.US,5,20251114,183500,13.3725,13.3725,13.3725,13.3725,125,0
PBFS.US,5,20251114,213000,13.33,13.33,13.27,13.27,305,0
PBFS.US,5,20251114,214000,13.3545,13.3545,13.3545,13.3545,125,0
PBFS.US,5,20251117,153000,13.25,13.25,13.25,13.25,3043,0
PBFS.US,5,20251117,173500,13.27,13.288,13.27,13.288,307,0
PBFS.US,5,20251117,212500,13.17,13.17,13.17,13.17,102,0
PBFS.US,5,20251117,213500,13.16,13.2,13.16,13.2,500,0
PBFS.US,5,20251117,214000,13.18,13.185,13.175,13.185,816,0
PBFS.US,5,20251117,214500,13.16,13.16,13.16,13.16,200,0
PBFS.US,5,20251117,215000,13.17,13.17,13.16,13.16,400,0
PBFS.US,5,20251117,215500,13.17,13.26,13.16,13.26,9357,0
PBFS.US,5,20251118,155500,13.2,13.26,13.2,13.26,300,0
PBFS.US,5,20251118,171500,13.215,13.215,13.215,13.215,500,0
PBFS.US,5,20251118,172000,13.26,13.26,13.26,13.26,200,0
PBFS.US,5,20251118,181000,13.285,13.285,13.285,13.285,100,0
PBFS.US,5,20251118,191500,13.24,13.24,13.24,13.24,100,0
PBFS.US,5,20251118,192500,13.23,13.23,13.23,13.23,100,0
PBFS.US,5,20251118,202000,13.19,13.22,13.19,13.22,363,0
PBFS.US,5,20251118,212500,13.17,13.17,13.17,13.17,176,0
PBFS.US,5,20251118,213000,13.185,13.185,13.13,13.13,305,0
PBFS.US,5,20251118,214000,13.17,13.17,13.17,13.17,231,0
PBFS.US,5,20251118,215500,13.12,13.24,13.12,13.24,916,0
PBFS.US,5,20251119,153000,13.52,13.52,13.52,13.52,141,0
PBFS.US,5,20251119,155500,13.18,13.3525,13.18,13.3525,323,0
PBFS.US,5,20251119,181500,13.285,13.285,13.285,13.285,100,0
PBFS.US,5,20251119,183500,13.19,13.19,13.19,13.19,100,0
PBFS.US,5,20251119,191000,13.2,13.2,13.2,13.2,390,0
PBFS.US,5,20251119,192000,13.27,13.27,13.27,13.27,126,0
PBFS.US,5,20251119,192500,13.18,13.22,13.18,13.22,206,0
PBFS.US,5,20251119,193000,13.19,13.19,13.17,13.17,200,0
PBFS.US,5,20251119,195500,13.16,13.16,13.16,13.16,100,0
PBFS.US,5,20251119,200000,13.16,13.16,13.16,13.16,100,0
PBFS.US,5,20251119,201500,13.16,13.16,13.16,13.16,100,0
PBFS.US,5,20251119,203000,13.16,13.16,13.16,13.16,100,0
PBFS.US,5,20251119,204000,13.17,13.17,13.16,13.16,200,0
PBFS.US,5,20251119,205500,13.16,13.16,13.115,13.115,1160,0
PBFS.US,5,20251119,210000,13.11,13.11,13.11,13.11,100,0
PBFS.US,5,20251119,211000,13.14,13.14,13.11,13.13,1074,0
PBFS.US,5,20251119,213000,13.11,13.11,13.11,13.11,240,0
PBFS.US,5,20251119,214000,13.115,13.115,13.115,13.115,100,0
PBFS.US,5,20251119,215000,13.16,13.16,13.16,13.16,400,0
PBFS.US,5,20251119,215500,13.16,13.16,13.11,13.11,6990,0
PBFS.US,5,20251120,153000,13.25,13.25,13.25,13.25,152,0
PBFS.US,5,20251120,162500,13.08,13.08,13.07,13.07,200,0
PBFS.US,5,20251120,163000,13.24,13.24,13.24,13.24,125,0
PBFS.US,5,20251120,183000,13.065,13.065,13.065,13.065,223,0
PBFS.US,5,20251120,192500,13.06,13.06,13.06,13.06,100,0
PBFS.US,5,20251120,193000,13.06,13.06,13.06,13.06,1446,0
PBFS.US,5,20251120,195000,13.06,13.06,13.06,13.06,100,0
PBFS.US,5,20251120,195500,13.06,13.06,13.06,13.06,113,0
PBFS.US,5,20251120,200000,13.06,13.06,13.06,13.06,100,0
PBFS.US,5,20251120,200500,13.07,13.07,13.07,13.07,200,0
PBFS.US,5,20251120,203500,13.06,13.06,13.06,13.06,100,0
PBFS.US,5,20251120,205500,13.06,13.06,13.05,13.05,200,0
PBFS.US,5,20251120,210000,13.05,13.05,13.05,13.05,200,0
PBFS.US,5,20251120,213000,13.01,13.01,13.01,13.01,100,0
PBFS.US,5,20251120,214500,13.01,13.01,13.01,13.01,100,0
PBFS.US,5,20251120,215500,13.01,13.03,13,13.02,5135,0
PBFS.US,5,20251121,153000,13,13,13,13,3816,0
PBFS.US,5,20251121,154000,13.0272,13.0272,13.0272,13.0272,120,0
PBFS.US,5,20251121,155000,13.13,13.14,13.12,13.13,646,0
PBFS.US,5,20251121,160000,13.14,13.14,13.14,13.14,159,0
PBFS.US,5,20251121,160500,13.3,13.31,13.3,13.31,440,0
PBFS.US,5,20251121,164500,13.45,13.46,13.382,13.382,500,0
PBFS.US,5,20251121,173000,13.41,13.41,13.41,13.41,100,0
PBFS.US,5,20251121,174500,13.44,13.45,13.44,13.44,400,0
PBFS.US,5,20251121,182000,13.375,13.375,13.375,13.375,117,0
PBFS.US,5,20251121,183000,13.39,13.39,13.39,13.39,100,0
PBFS.US,5,20251121,184500,13.45,13.45,13.4,13.44,300,0
PBFS.US,5,20251121,190000,13.43,13.43,13.43,13.43,200,0
PBFS.US,5,20251121,191500,13.42,13.42,13.42,13.42,100,0
PBFS.US,5,20251121,193000,13.41,13.43,13.41,13.43,200,0
PBFS.US,5,20251121,194500,13.43,13.44,13.43,13.44,200,0
PBFS.US,5,20251121,200500,13.44,13.44,13.4,13.435,300,0
PBFS.US,5,20251121,203500,13.44,13.44,13.44,13.44,100,0
PBFS.US,5,20251121,210500,13.43,13.43,13.43,13.43,200,0
PBFS.US,5,20251121,211000,13.4,13.4,13.4,13.4,100,0
PBFS.US,5,20251121,212000,13.395,13.395,13.395,13.395,200,0
PBFS.US,5,20251121,213500,13.37,13.37,13.2613,13.325,1675,0
PBFS.US,5,20251121,214000,13.325,13.325,13.325,13.325,100,0
PBFS.US,5,20251121,215500,13.33,13.33,13.33,13.33,100,0
PBFS.US,5,20251124,153000,13.23,13.3015,13.23,13.3015,220,0
PBFS.US,5,20251124,160000,13.319,13.319,13.319,13.319,125,0
PBFS.US,5,20251124,161000,13.4166,13.4166,13.4166,13.4166,115,0
PBFS.US,5,20251124,163000,13.37,13.37,13.37,13.37,100,0
PBFS.US,5,20251124,163500,13.39,13.39,13.39,13.39,1000,0
PBFS.US,5,20251124,175500,13.2258,13.2258,13.2258,13.2258,172,0
PBFS.US,5,20251124,181000,13.21,13.21,13.21,13.21,100,0
PBFS.US,5,20251124,181500,13.26,13.26,13.26,13.26,120,0
PBFS.US,5,20251124,193500,13.25,13.25,13.25,13.25,725,0
PBFS.US,5,20251124,212000,13.22,13.22,13.16,13.16,300,0
PBFS.US,5,20251124,215500,13.155,13.21,13.13,13.19,592,0
PBFS.US,5,20251125,153000,13.15,13.25,13.05,13.25,989,0
PBFS.US,5,20251125,160500,13.25,13.25,13.25,13.25,100,0
PBFS.US,5,20251125,164500,13.32,13.32,13.32,13.32,100,0
PBFS.US,5,20251125,170500,13.32,13.32,13.15,13.15,2394,0
PBFS.US,5,20251125,171000,13.1997,13.1997,13.1997,13.1997,100,0
PBFS.US,5,20251125,171500,13.32,13.32,13.32,13.32,100,0
PBFS.US,5,20251125,174500,13.325,13.325,13.325,13.325,100,0
PBFS.US,5,20251125,175500,13.325,13.325,13.325,13.325,100,0
PBFS.US,5,20251125,180000,13.325,13.325,13.325,13.325,100,0
PBFS.US,5,20251125,180500,13.325,13.325,13.325,13.325,100,0
PBFS.US,5,20251125,182500,13.325,13.325,13.325,13.325,100,0
PBFS.US,5,20251125,184500,13.325,13.325,13.325,13.325,100,0
PBFS.US,5,20251125,191500,13.37,13.37,13.37,13.37,100,0
PBFS.US,5,20251125,192500,13.31,13.36,13.31,13.36,200,0
PBFS.US,5,20251125,193500,13.38,13.38,13.38,13.38,100,0
PBFS.US,5,20251125,195500,13.33,13.39,13.33,13.39,200,0
PBFS.US,5,20251125,200000,13.355,13.355,13.355,13.355,100,0
PBFS.US,5,20251125,203000,13.4,13.4,13.4,13.4,1679,0
PBFS.US,5,20251125,203500,13.4,13.4,13.4,13.4,125,0
PBFS.US,5,20251125,210500,13.39,13.39,13.39,13.39,100,0
PBFS.US,5,20251125,212500,13.45,13.45,13.45,13.45,100,0
PBFS.US,5,20251125,213500,13.36,13.45,13.36,13.45,200,0
PBFS.US,5,20251125,214000,13.445,13.445,13.445,13.445,100,0
PBFS.US,5,20251125,214500,13.395,13.395,13.35,13.35,259,0
PBFS.US,5,20251125,215500,13.28,13.42,13.28,13.42,3808,0
PBFS.US,5,20251126,153000,13.35,13.35,13.35,13.35,178,0
PBFS.US,5,20251126,164000,13.26,13.26,13.26,13.26,100,0
PBFS.US,5,20251126,170500,13.29,13.29,13.29,13.29,209,0
PBFS.US,5,20251126,171500,13.42,13.42,13.42,13.42,100,0
PBFS.US,5,20251126,175500,13.3639,13.3639,13.3639,13.3639,100,0
PBFS.US,5,20251126,182000,13.46,13.46,13.46,13.46,100,0
PBFS.US,5,20251126,185500,13.45,13.45,13.45,13.45,100,0
PBFS.US,5,20251126,192500,13.47,13.47,13.47,13.47,100,0
PBFS.US,5,20251126,194500,13.46,13.46,13.46,13.46,100,0
PBFS.US,5,20251126,203500,13.46,13.46,13.46,13.46,100,0
PBFS.US,5,20251126,205000,13.32,13.32,13.31,13.31,202,0
PBFS.US,5,20251126,205500,13.395,13.395,13.395,13.395,125,0
PBFS.US,5,20251126,211500,13.37,13.37,13.37,13.37,100,0
PBFS.US,5,20251126,212500,13.405,13.405,13.405,13.405,125,0
PBFS.US,5,20251126,215000,13.49,13.49,13.475,13.485,400,0
PBFS.US,5,20251126,215500,13.405,13.41,13.39,13.39,6646,0
PBFS.US,5,20251128,153000,13.48,13.48,13.48,13.48,146,0
PBFS.US,5,20251128,164000,13.26,13.26,13.26,13.26,100,0
PBFS.US,5,20251128,164500,13.275,13.4036,13.275,13.4036,475,0
PBFS.US,5,20251128,174500,13.32,13.3515,13.31,13.3515,450,0
PBFS.US,5,20251128,181500,13.33,13.33,13.33,13.33,100,0
PBFS.US,5,20251128,184000,13.31,13.31,13.31,13.31,100,0
PBFS.US,5,20251128,185000,13.35,13.35,13.33,13.33,350,0
PBFS.US,5,20251128,185500,13.3,13.3,13.3,13.3,111,0
PBFS.US,5,20251128,190000,13.3,13.3,13.3,13.3,2569,0
PBFS.US,5,20251201,153000,13.26,13.26,13.26,13.26,446,0
PBFS.US,5,20251201,153500,13.392,13.392,13.392,13.392,124,0
PBFS.US,5,20251201,163500,13.41,13.41,13.41,13.41,125,0
PBFS.US,5,20251201,211500,13.3581,13.3581,13.3581,13.3581,217,0
PBFS.US,5,20251201,212500,13.26,13.315,13.26,13.315,225,0
PBFS.US,5,20251201,215000,13.335,13.335,13.335,13.335,100,0
PBFS.US,5,20251202,153000,13.26,13.26,13.26,13.26,100,0
PBFS.US,5,20251202,215500,13.26,13.26,13.26,13.26,3399,0
PBFS.US,5,20251203,153000,13.38,13.38,13.38,13.38,102,0
PBFS.US,5,20251203,154500,13.42,13.42,13.42,13.42,100,0
PBFS.US,5,20251203,161500,13.42,13.42,13.42,13.42,185,0
PBFS.US,5,20251203,170500,13.35,13.35,13.35,13.35,100,0
PBFS.US,5,20251203,182500,13.44,13.44,13.44,13.44,133,0
PBFS.US,5,20251203,195500,13.49,13.49,13.49,13.49,522,0
PBFS.US,5,20251203,200000,13.49,13.49,13.49,13.49,100,0
PBFS.US,5,20251203,213500,13.47,13.47,13.41,13.41,285,0
PBFS.US,5,20251203,215000,13.41,13.41,13.41,13.41,100,0
PBFS.US,5,20251203,215500,13.49,13.49,13.49,13.49,300,0
PBFS.US,5,20251204,153000,13.425,13.425,13.425,13.425,230,0
PBFS.US,5,20251204,172500,13.37,13.37,13.37,13.37,160,0
PBFS.US,5,20251204,174500,13.425,13.425,13.425,13.425,150,0
PBFS.US,5,20251204,215000,13.4,13.4,13.4,13.4,172,0
PBFS.US,5,20251204,215500,13.52,13.52,13.52,13.52,2233,0
PBFS.US,5,20251205,164000,13.45,13.45,13.45,13.45,200,0
PBFS.US,5,20251205,205000,13.52,13.52,13.51,13.51,303,0
PBFS.US,5,20251205,214000,13.5,13.5,13.5,13.5,300,0
PBFS.US,5,20251205,215000,13.455,13.455,13.455,13.455,150,0
PBFS.US,5,20251205,215500,13.5,13.5,13.47,13.47,3122,0
PBFS.US,5,20251208,203500,13.52,13.52,13.52,13.52,108,0
PBFS.US,5,20251208,210000,13.54,13.54,13.54,13.54,100,0
PBFS.US,5,20251208,210500,13.5499,13.5499,13.5499,13.5499,295,0
PBFS.US,5,20251208,215500,13.52,13.52,13.52,13.52,1563,0
PBFS.US,5,20251209,160000,13.62,13.62,13.62,13.62,100,0
PBFS.US,5,20251209,161500,13.59,13.59,13.59,13.59,300,0
PBFS.US,5,20251209,165500,13.65,13.65,13.65,13.65,260,0
PBFS.US,5,20251209,171500,13.65,13.65,13.59,13.63,300,0
PBFS.US,5,20251209,174000,13.71,13.71,13.71,13.71,100,0
PBFS.US,5,20251209,181500,13.69,13.69,13.69,13.69,100,0
PBFS.US,5,20251209,182500,13.69,13.69,13.69,13.69,100,0
PBFS.US,5,20251209,184500,13.65,13.65,13.65,13.65,110,0
PBFS.US,5,20251209,185500,13.73,13.73,13.73,13.73,200,0
PBFS.US,5,20251209,192000,13.72,13.72,13.72,13.72,100,0
PBFS.US,5,20251209,202000,13.7,13.7,13.7,13.7,100,0
PBFS.US,5,20251209,204500,13.69,13.69,13.69,13.69,100,0
PBFS.US,5,20251209,212000,13.7,13.7,13.7,13.7,199,0
PBFS.US,5,20251209,213500,13.73,13.73,13.73,13.73,100,0
PBFS.US,5,20251209,214500,13.68,13.68,13.68,13.68,200,0
PBFS.US,5,20251209,215500,13.74,13.75,13.66,13.66,1798,0
PBFS.US,5,20251210,162500,13.595,13.595,13.595,13.595,200,0
PBFS.US,5,20251210,164000,13.72,13.72,13.72,13.72,100,0
PBFS.US,5,20251210,190500,13.84,13.84,13.84,13.84,100,0
PBFS.US,5,20251210,200500,13.88,13.88,13.88,13.88,500,0
PBFS.US,5,20251210,203500,13.88,13.88,13.88,13.88,800,0
PBFS.US,5,20251210,205500,13.89,13.94,13.87,13.895,1100,0
PBFS.US,5,20251210,212000,13.96,13.96,13.96,13.96,100,0
PBFS.US,5,20251210,212500,13.99,13.99,13.97,13.97,300,0
PBFS.US,5,20251210,213000,13.99,14.085,13.99,14.085,1554,0
PBFS.US,5,20251210,214500,14.22,14.22,14.22,14.22,100,0
PBFS.US,5,20251210,215000,13.99,13.99,13.99,13.99,100,0
PBFS.US,5,20251210,215500,14.06,14.06,13.89,13.89,9820,0
PBFS.US,5,20251211,153000,14.02,14.02,14.02,14.02,190,0
PBFS.US,5,20251211,170500,14.2,14.2,14.2,14.2,258,0
PBFS.US,5,20251211,172500,14.22,14.22,14.21,14.21,206,0
PBFS.US,5,20251211,174500,14.1,14.105,14.1,14.105,900,0
PBFS.US,5,20251211,175500,14.105,14.11,14.105,14.11,1200,0
PBFS.US,5,20251211,180000,14.21,14.23,14.21,14.23,366,0
PBFS.US,5,20251211,182500,14.24,14.24,14.24,14.24,100,0
PBFS.US,5,20251211,200000,14.33,14.33,14.33,14.33,100,0
PBFS.US,5,20251211,205500,14.34,14.38,14.29,14.38,700,0
PBFS.US,5,20251211,214000,14.38,14.38,14.38,14.38,100,0
PBFS.US,5,20251211,214500,14.38,14.38,14.38,14.38,192,0
PBFS.US,5,20251211,215500,14.46,14.46,14.46,14.46,4310,0
PBFS.US,5,20251212,154500,14.5,14.5,14.49,14.5,700,0
PBFS.US,5,20251212,155000,14.53,14.53,14.53,14.53,100,0
PBFS.US,5,20251212,162500,14.455,14.455,14.455,14.455,100,0
PBFS.US,5,20251212,163500,14.54,14.54,14.54,14.54,100,0
PBFS.US,5,20251212,170500,14.54,14.54,14.54,14.54,800,0
PBFS.US,5,20251212,172000,14.7,14.7,14.7,14.7,100,0
PBFS.US,5,20251212,174000,14.82,14.82,14.82,14.82,100,0
PBFS.US,5,20251212,174500,14.78,14.84,14.74,14.74,300,0
PBFS.US,5,20251212,183000,14.76,14.76,14.74,14.74,300,0
PBFS.US,5,20251212,183500,14.73,14.73,14.73,14.73,100,0
PBFS.US,5,20251212,184500,14.78,14.78,14.78,14.78,200,0
PBFS.US,5,20251212,191000,14.65,14.65,14.65,14.65,141,0
PBFS.US,5,20251212,193500,14.645,14.645,14.645,14.645,186,0
PBFS.US,5,20251212,200000,14.69,14.71,14.69,14.71,300,0
PBFS.US,5,20251212,203000,14.7,14.7,14.7,14.7,169,0
PBFS.US,5,20251212,205000,14.82,14.82,14.82,14.82,100,0
PBFS.US,5,20251212,210500,14.93,14.93,14.93,14.93,250,0
PBFS.US,5,20251212,211500,14.745,14.745,14.745,14.745,103,0
PBFS.US,5,20251212,212500,14.92,14.93,14.755,14.755,400,0
PBFS.US,5,20251212,215500,14.81,14.85,14.71,14.71,7536,0
PBFS.US,5,20251215,153000,14.74,14.74,14.74,14.74,651,0
PBFS.US,5,20251215,160500,14.9422,14.9422,14.9422,14.9422,105,0
PBFS.US,5,20251215,163000,14.7321,14.7321,14.68,14.68,362,0
PBFS.US,5,20251215,163500,14.65,14.65,14.65,14.65,100,0
PBFS.US,5,20251215,172000,14.68,14.68,14.68,14.68,100,0
PBFS.US,5,20251215,183500,14.6,14.6,14.6,14.6,100,0
PBFS.US,5,20251215,185000,14.61,14.68,14.61,14.68,300,0
PBFS.US,5,20251215,213500,14.61,14.65,14.5,14.5,1992,0
PBFS.US,5,20251215,215000,14.52,14.52,14.52,14.52,724,0
PBFS.US,5,20251215,215500,14.52,14.56,14.52,14.56,730,0
PBFS.US,5,20251216,161000,14.56,14.56,14.56,14.56,100,0
PBFS.US,5,20251216,162500,14.666,14.666,14.666,14.666,125,0
PBFS.US,5,20251216,163000,14.62,14.62,14.62,14.62,100,0
PBFS.US,5,20251216,164500,14.5766,14.5766,14.5766,14.5766,100,0
PBFS.US,5,20251216,173000,14.57,14.57,14.57,14.57,100,0
PBFS.US,5,20251216,175500,14.53,14.53,14.53,14.53,152,0
PBFS.US,5,20251216,181500,14.63,14.63,14.575,14.575,300,0
PBFS.US,5,20251216,182000,14.56,14.6,14.56,14.6,250,0
PBFS.US,5,20251216,191500,14.545,14.545,14.54,14.54,300,0
PBFS.US,5,20251216,192000,14.55,14.55,14.55,14.55,100,0
PBFS.US,5,20251216,194000,14.53,14.53,14.53,14.53,100,0
PBFS.US,5,20251216,205500,14.51,14.51,14.51,14.51,28333,0
PBFS.US,5,20251216,210000,14.4,14.495,14.4,14.495,300,0
PBFS.US,5,20251216,211500,14.49,14.49,14.49,14.49,200,0
PBFS.US,5,20251216,213500,14.4875,14.4875,14.43,14.43,1000,0
PBFS.US,5,20251216,214000,14.4,14.4,14.3,14.365,979,0
PBFS.US,5,20251216,214500,14.365,14.365,14.365,14.365,100,0
PBFS.US,5,20251216,215000,14.39,14.39,14.39,14.39,322,0
PBFS.US,5,20251216,215500,14.365,14.52,14.365,14.52,10124,0
PBFS.US,5,20251217,153000,14.6,14.6,14.6,14.6,300,0
PBFS.US,5,20251217,160500,14.62,14.62,14.5,14.5,600,0
PBFS.US,5,20251217,171500,14.52,14.52,14.51,14.51,300,0
PBFS.US,5,20251217,183500,14.41,14.41,14.41,14.41,100,0
PBFS.US,5,20251217,184500,14.41,14.41,14.41,14.41,100,0
PBFS.US,5,20251217,185500,14.45,14.5,14.45,14.5,1396,0
PBFS.US,5,20251217,191000,14.4827,14.495,14.4827,14.495,300,0
PBFS.US,5,20251217,191500,14.41,14.41,14.41,14.41,100,0
PBFS.US,5,20251217,192500,14.4217,14.4217,14.4217,14.4217,100,0
PBFS.US,5,20251217,193500,14.41,14.41,14.41,14.41,100,0
PBFS.US,5,20251217,195000,14.41,14.4855,14.41,14.4855,229,0
PBFS.US,5,20251217,200500,14.36,14.36,14.36,14.36,100,0
PBFS.US,5,20251217,201500,14.44,14.44,14.44,14.44,100,0
PBFS.US,5,20251217,202500,14.36,14.36,14.36,14.36,100,0
PBFS.US,5,20251217,204000,14.36,14.36,14.36,14.36,100,0
PBFS.US,5,20251217,205500,14.36,14.36,14.36,14.36,100,0
PBFS.US,5,20251217,210000,14.4112,14.46,14.4112,14.46,327,0
PBFS.US,5,20251217,212000,14.45,14.45,14.45,14.45,100,0
PBFS.US,5,20251217,213000,14.23,14.23,14.23,14.23,100,0
PBFS.US,5,20251217,214500,14.38,14.38,14.32,14.35,322,0
PBFS.US,5,20251217,215000,14.345,14.37,14.31,14.37,1393,0
PBFS.US,5,20251217,215500,14.28,14.42,14.28,14.375,2079,0
PBFS.US,5,20251218,153000,14.39,14.41,14.39,14.41,351,0
PBFS.US,5,20251218,163500,14.52,14.5212,14.5,14.5,1461,0
PBFS.US,5,20251218,170500,14.51,14.51,14.51,14.51,100,0
PBFS.US,5,20251218,172500,14.55,14.55,14.5,14.5,300,0
PBFS.US,5,20251218,175000,14.545,14.545,14.48,14.48,272,0
PBFS.US,5,20251218,181000,14.45,14.45,14.45,14.45,344,0
PBFS.US,5,20251218,183500,14.45,14.46,14.45,14.46,274,0
PBFS.US,5,20251218,190000,14.39,14.39,14.39,14.39,100,0
PBFS.US,5,20251218,190500,14.37,14.37,14.37,14.37,224,0
PBFS.US,5,20251218,193500,14.39,14.39,14.39,14.39,100,0
PBFS.US,5,20251218,195000,14.35,14.35,14.35,14.35,100,0
PBFS.US,5,20251218,195500,14.33,14.33,14.33,14.33,100,0
PBFS.US,5,20251218,201500,14.335,14.335,14.31,14.33,631,0
PBFS.US,5,20251218,203000,14.32,14.32,14.32,14.32,100,0
PBFS.US,5,20251218,205500,14.17,14.17,14.17,14.17,211,0
PBFS.US,5,20251218,212000,14.41,14.41,14.41,14.41,171,0
PBFS.US,5,20251218,213000,14.305,14.305,14.305,14.305,100,0
PBFS.US,5,20251218,213500,14.29,14.3728,14.29,14.36,939,0
PBFS.US,5,20251218,214000,14.3,14.36,14.3,14.35,534,0
PBFS.US,5,20251218,214500,14.375,14.375,14.375,14.375,100,0
PBFS.US,5,20251218,215000,14.3,14.34,14.3,14.32,939,0
PBFS.US,5,20251218,215500,14.36,14.36,14.31,14.32,1780,0
PBFS.US,5,20251219,153000,14.32,14.32,14.32,14.32,4264,0
PBFS.US,5,20251219,183000,14.39,14.39,14.39,14.39,100,0
PBFS.US,5,20251219,190000,14.28,14.28,14.28,14.28,144,0
PBFS.US,5,20251219,192500,14.185,14.185,14.185,14.185,100,0
PBFS.US,5,20251219,201000,14.17,14.17,14.17,14.17,810,0
PBFS.US,5,20251219,205000,14.17,14.17,14.17,14.17,200,0
PBFS.US,5,20251219,205500,14.17,14.17,14.065,14.065,1586,0
PBFS.US,5,20251219,214000,14.07,14.07,14.07,14.07,100,0
PBFS.US,5,20251219,214500,14.09,14.09,14.09,14.09,100,0
PBFS.US,5,20251219,215000,14.2,14.6,14.12,14.6,9310,0
PBFS.US,5,20251219,215500,14.65,14.65,14.52,14.63,42583,0
PBFS.US,5,20251222,153000,14.48,14.538,14.35,14.538,2450,0
PBFS.US,5,20251222,153500,14.53,14.535,14.255,14.255,300,0
PBFS.US,5,20251222,154500,14.34,14.34,14.25,14.25,200,0
PBFS.US,5,20251222,155000,14.38,14.38,14.215,14.215,225,0
PBFS.US,5,20251222,155500,14.58,14.58,14.58,14.58,125,0
PBFS.US,5,20251222,161500,14.3,14.3,14.3,14.3,100,0
PBFS.US,5,20251222,163500,14.28,14.28,14.28,14.28,300,0
PBFS.US,5,20251222,164500,14.3,14.3,14.3,14.3,100,0
PBFS.US,5,20251222,165000,14.28,14.28,14.28,14.28,100,0
PBFS.US,5,20251222,183500,14.315,14.315,14.315,14.315,1600,0
PBFS.US,5,20251222,184000,14.235,14.24,14.23,14.24,300,0
PBFS.US,5,20251222,184500,14.3143,14.3143,14.3143,14.3143,125,0
PBFS.US,5,20251222,185000,14.41,14.41,14.41,14.41,450,0
PBFS.US,5,20251222,190500,14.25,14.25,14.25,14.25,500,0
PBFS.US,5,20251222,191000,14.07,14.155,14.07,14.155,722,0
PBFS.US,5,20251222,193500,14.09,14.09,14.09,14.09,100,0
PBFS.US,5,20251222,194000,14.1387,14.1387,14.1387,14.1387,125,0
PBFS.US,5,20251222,194500,14.08,14.1,14.06,14.06,500,0
PBFS.US,5,20251222,200000,14.06,14.09,14.06,14.09,200,0
PBFS.US,5,20251222,200500,14.09,14.09,14.09,14.09,100,0
PBFS.US,5,20251222,204500,14.06,14.06,14.05,14.05,1166,0
PBFS.US,5,20251222,205500,14.05,14.05,14.05,14.05,200,0
PBFS.US,5,20251222,210500,14.05,14.05,14.03,14.03,402,0
PBFS.US,5,20251222,212500,13.93,13.94,13.915,13.94,1370,0
PBFS.US,5,20251222,213000,13.99,13.99,13.97,13.97,232,0
PBFS.US,5,20251222,213500,13.97,13.97,13.96,13.96,846,0
PBFS.US,5,20251222,214500,13.95,13.95,13.95,13.95,300,0
PBFS.US,5,20251222,215000,13.95,14.01,13.95,14,1813,0
PBFS.US,5,20251222,215500,14.02,14.02,14,14,3569,0
PBFS.US,5,20251223,153000,13.93,14.04,13.93,14.04,315,0
PBFS.US,5,20251223,153500,13.9,14.0596,13.9,14.0596,225,0
PBFS.US,5,20251223,154500,14.04,14.04,13.9,13.9,210,0
PBFS.US,5,20251223,155000,13.91,14.0311,13.91,13.91,325,0
PBFS.US,5,20251223,155500,14.0102,14.0102,14.0102,14.0102,109,0
PBFS.US,5,20251223,160500,13.995,13.995,13.995,13.995,140,0
PBFS.US,5,20251223,184500,13.901,13.901,13.901,13.901,191,0
PBFS.US,5,20251223,194500,13.9855,13.9855,13.9855,13.9855,125,0
PBFS.US,5,20251223,205500,13.965,13.965,13.965,13.965,100,0
PBFS.US,5,20251223,211000,13.9,13.94,13.87,13.94,617,0
PBFS.US,5,20251223,211500,13.94,13.94,13.94,13.94,400,0
PBFS.US,5,20251223,212500,13.93,13.93,13.93,13.93,100,0
PBFS.US,5,20251223,213500,13.92,13.92,13.92,13.92,100,0
PBFS.US,5,20251223,214000,13.92,13.92,13.9,13.9,300,0
PBFS.US,5,20251223,215000,13.9,13.9,13.9,13.9,200,0
PBFS.US,5,20251223,215500,13.83,13.895,13.83,13.88,5222,0
PBFS.US,5,20251224,183000,13.8,13.8,13.8,13.8,207,0
PBFS.US,5,20251224,185500,13.86,13.86,13.82,13.84,500,0
PBFS.US,5,20251224,190000,13.83,13.83,13.82,13.82,2259,0
PBFS.US,5,20251226,153000,13.88,13.88,13.88,13.88,114,0
PBFS.US,5,20251226,153500,14.3305,14.3305,14.3305,14.3305,125,0
PBFS.US,5,20251226,171000,14.005,14.005,14.005,14.005,100,0
PBFS.US,5,20251226,182000,13.985,13.985,13.985,13.985,147,0
PBFS.US,5,20251226,190000,13.905,13.905,13.875,13.875,400,0
PBFS.US,5,20251226,204000,13.8084,13.815,13.765,13.815,1193,0
PBFS.US,5,20251226,205000,13.765,13.765,13.765,13.765,100,0
PBFS.US,5,20251226,211500,13.81,13.81,13.81,13.81,100,0
PBFS.US,5,20251226,213000,13.77,13.8,13.76,13.8,309,0
PBFS.US,5,20251226,215500,13.82,13.86,13.82,13.86,1783,0
PBFS.US,5,20251229,160500,13.8053,13.8053,13.8053,13.8053,297,0
PBFS.US,5,20251229,161500,13.94,13.94,13.94,13.94,100,0
PBFS.US,5,20251229,190000,13.89,13.91,13.89,13.91,500,0
PBFS.US,5,20251229,213500,13.76,13.76,13.76,13.76,145,0
PBFS.US,5,20251229,214000,13.78,13.78,13.78,13.78,100,0
PBFS.US,5,20251229,214500,13.71,13.74,13.71,13.74,200,0
PBFS.US,5,20251229,215500,13.59,13.74,13.59,13.74,3283,0
PBFS.US,5,20251230,153000,13.74,13.74,13.74,13.74,364,0
PBFS.US,5,20251230,172500,13.705,13.705,13.705,13.705,100,0
PBFS.US,5,20251230,191000,13.68,13.695,13.66,13.695,500,0
PBFS.US,5,20251230,191500,13.64,13.64,13.64,13.64,100,0
PBFS.US,5,20251230,192500,13.7067,13.7067,13.7067,13.7067,126,0
PBFS.US,5,20251230,195000,13.705,13.705,13.705,13.705,100,0
PBFS.US,5,20251230,202000,13.52,13.546,13.52,13.546,205,0
PBFS.US,5,20251230,210000,13.53,13.53,13.53,13.53,100,0
PBFS.US,5,20251230,210500,13.53,13.615,13.53,13.615,394,0
PBFS.US,5,20251230,212500,13.52,13.53,13.51,13.53,990,0
PBFS.US,5,20251230,213000,13.55,13.55,13.55,13.55,300,0
PBFS.US,5,20251230,213500,13.57,13.57,13.55,13.55,918,0
PBFS.US,5,20251230,214000,13.545,13.545,13.545,13.545,100,0
PBFS.US,5,20251230,214500,13.51,13.52,13.49,13.49,400,0
PBFS.US,5,20251230,215000,13.45,13.4739,13.42,13.45,1300,0
PBFS.US,5,20251230,215500,13.4,13.42,13.4,13.41,2030,0
PBFS.US,5,20251231,153500,13.62,13.62,13.62,13.62,125,0
PBFS.US,5,20251231,180500,13.49,13.49,13.49,13.49,100,0
PBFS.US,5,20251231,182000,13.395,13.395,13.395,13.395,104,0
PBFS.US,5,20251231,190000,13.36,13.36,13.36,13.36,100,0
PBFS.US,5,20251231,190500,13.36,13.36,13.36,13.36,100,0
PBFS.US,5,20251231,212500,13.41,13.41,13.41,13.41,212,0
PBFS.US,5,20251231,215500,13.49,13.49,13.435,13.48,4423,0
PBFS.US,5,20260102,153000,13.48,13.48,13.48,13.48,178,0
PBFS.US,5,20260102,171000,13.36,13.4,13.36,13.4,600,0
PBFS.US,5,20260102,171500,13.38,13.38,13.365,13.365,294,0
PBFS.US,5,20260102,172000,13.32,13.32,13.32,13.32,100,0
PBFS.US,5,20260102,174000,13.36,13.36,13.36,13.36,100,0
PBFS.US,5,20260102,180000,13.36,13.36,13.36,13.36,100,0
PBFS.US,5,20260102,183000,13.43,13.43,13.43,13.43,180,0
PBFS.US,5,20260102,195500,13.25,13.25,13.25,13.25,200,0
PBFS.US,5,20260102,204500,13.27,13.35,13.25,13.35,1820,0
PBFS.US,5,20260102,211000,13.25,13.25,13.25,13.25,400,0
PBFS.US,5,20260102,213000,13.28,13.28,13.28,13.28,125,0
PBFS.US,5,20260102,214500,13.25,13.25,13.25,13.25,139,0
PBFS.US,5,20260102,215000,13.25,13.25,13.25,13.25,300,0
PBFS.US,5,20260102,215500,13.17,13.31,13.17,13.31,3907,0
PBFS.US,5,20260105,153000,13.22,13.52,13.22,13.52,265,0
PBFS.US,5,20260105,162500,13.33,13.33,13.33,13.33,225,0
PBFS.US,5,20260105,170000,13.335,13.335,13.335,13.335,100,0
PBFS.US,5,20260105,181000,13.612,13.677,13.39,13.677,623,0
PBFS.US,5,20260105,184000,13.48,13.48,13.48,13.48,100,0
PBFS.US,5,20260105,193500,13.33,13.33,13.33,13.33,100,0
PBFS.US,5,20260105,210500,13.455,13.455,13.455,13.455,125,0
PBFS.US,5,20260105,214000,13.32,13.32,13.28,13.285,500,0
PBFS.US,5,20260106,153000,13.36,13.5517,13.36,13.5517,324,0
PBFS.US,5,20260106,154500,13.53,13.53,13.53,13.53,100,0
PBFS.US,5,20260106,163500,13.27,13.27,13.27,13.27,100,0
PBFS.US,5,20260106,165000,13.29,13.29,13.29,13.29,100,0
PBFS.US,5,20260106,170000,13.28,13.28,13.275,13.275,375,0
PBFS.US,5,20260106,171000,13.24,13.25,13.24,13.25,200,0
PBFS.US,5,20260106,175500,13.2,13.2,13.12,13.12,745,0
PBFS.US,5,20260106,180000,13.16,13.2,13.16,13.2,600,0
PBFS.US,5,20260106,182000,13.1801,13.1801,13.1801,13.1801,948,0
PBFS.US,5,20260106,183500,13.24,13.24,13.23,13.235,400,0
PBFS.US,5,20260106,185500,13.21,13.21,13.21,13.21,200,0
PBFS.US,5,20260106,200500,13.24,13.24,13.24,13.24,100,0
PBFS.US,5,20260106,203000,13.23,13.23,13.23,13.23,200,0
PBFS.US,5,20260106,205000,13.26,13.26,13.26,13.26,100,0
PBFS.US,5,20260106,210500,13.27,13.28,13.27,13.27,300,0
PBFS.US,5,20260106,212500,13.3049,13.3049,13.3049,13.3049,103,0
PBFS.US,5,20260106,213000,13.26,13.3032,13.26,13.3032,284,0
PBFS.US,5,20260106,213500,13.26,13.26,13.26,13.26,611,0
PBFS.US,5,20260106,215000,13.29,13.33,13.29,13.33,400,0
PBFS.US,5,20260107,165000,13.23,13.23,13.23,13.23,225,0
PBFS.US,5,20260107,171500,13.21,13.21,13.21,13.21,1929,0
PBFS.US,5,20260107,180500,13.2,13.25,13.2,13.2,300,0
PBFS.US,5,20260107,181000,13.23,13.23,13.23,13.23,100,0
PBFS.US,5,20260107,191000,13.19,13.19,13.17,13.17,421,0
PBFS.US,5,20260107,203000,13.18,13.18,13.18,13.18,1000,0
PBFS.US,5,20260107,204000,13.18,13.18,13.18,13.18,100,0
PBFS.US,5,20260107,204500,13.17,13.17,13.17,13.17,100,0
PBFS.US,5,20260107,205500,13.19,13.2,13.19,13.2,500,0
PBFS.US,5,20260107,215500,13.18,13.18,13.18,13.18,3163,0
PBFS.US,5,20260108,153000,13.14,13.555,13.14,13.555,280,0
PBFS.US,5,20260108,163000,13.56,13.56,13.56,13.56,130,0
PBFS.US,5,20260108,202500,13.33,13.33,13.33,13.33,100,0
PBFS.US,5,20260108,210000,13.6,13.6,13.6,13.6,121,0
PBFS.US,5,20260108,212500,13.5,13.5,13.5,13.5,100,0
PBFS.US,5,20260108,213500,13.49,13.49,13.49,13.49,100,0
PBFS.US,5,20260108,214000,13.42,13.485,13.42,13.485,220,0
PBFS.US,5,20260108,215000,13.41,13.41,13.41,13.41,100,0
PBFS.US,5,20260108,215500,13.43,13.49,13.43,13.49,3887,0
PBFS.US,5,20260109,154000,13.4201,14.045,13.42,14.045,325,0
PBFS.US,5,20260109,161000,13.615,13.615,13.615,13.615,125,0
PBFS.US,5,20260109,194500,13.44,13.44,13.44,13.44,100,0
PBFS.US,5,20260109,200000,13.3601,13.5058,13.3601,13.5058,245,0
PBFS.US,5,20260109,215500,13.37,13.39,13.37,13.38,3469,0
PBFS.US,5,20260112,153000,13.625,13.625,13.625,13.625,130,0
PBFS.US,5,20260112,203000,13.5016,13.5016,13.5016,13.5016,111,0
PBFS.US,5,20260112,210000,13.4475,13.45,13.4475,13.45,200,0
PBFS.US,5,20260112,211500,13.42,13.42,13.42,13.42,100,0
PBFS.US,5,20260112,212500,13.29,13.405,13.29,13.405,1500,0
PBFS.US,5,20260112,215000,13.605,13.605,13.605,13.605,100,0
PBFS.US,5,20260112,215500,13.43,13.47,13.28,13.47,2636,0
PBFS.US,5,20260113,153000,13.49,13.49,13.49,13.49,102,0
PBFS.US,5,20260113,170500,13.495,13.495,13.495,13.495,200,0
PBFS.US,5,20260113,181500,13.32,13.32,13.32,13.32,100,0
PBFS.US,5,20260113,192000,13.415,13.415,13.415,13.415,100,0
PBFS.US,5,20260113,215500,13.42,13.42,13.42,13.42,1952,0
PBFS.US,5,20260114,153000,13.42,13.98,13.32,13.98,452,0
PBFS.US,5,20260114,154000,13.32,13.32,13.32,13.32,300,0
PBFS.US,5,20260114,155000,13.7038,13.7038,13.7038,13.7038,612,0
PBFS.US,5,20260114,173000,13.41,13.41,13.41,13.41,100,0
PBFS.US,5,20260114,183000,13.5992,13.5992,13.5992,13.5992,125,0
PBFS.US,5,20260114,194000,13.42,13.42,13.42,13.42,100,0
PBFS.US,5,20260114,195500,13.35,13.35,13.35,13.35,100,0
PBFS.US,5,20260114,201500,13.455,13.455,13.455,13.455,125,0
PBFS.US,5,20260114,205500,13.34,13.34,13.34,13.34,112,0
PBFS.US,5,20260114,213000,13.36,13.36,13.33,13.33,200,0
PBFS.US,5,20260114,213500,13.3964,13.3964,13.3964,13.3964,125,0
PBFS.US,5,20260114,215500,13.38,13.38,13.36,13.38,2543,0
PBFS.US,5,20260115,153000,13.36,13.4747,13.36,13.36,1023,0
PBFS.US,5,20260115,160500,13.51,13.51,13.5,13.5,215,0
PBFS.US,5,20260115,174000,13.5,13.5,13.41,13.41,831,0
PBFS.US,5,20260115,195000,13.515,13.515,13.515,13.515,100,0
PBFS.US,5,20260115,204500,13.44,13.44,13.44,13.44,100,0
PBFS.US,5,20260115,211500,13.45,13.45,13.45,13.45,100,0
PBFS.US,5,20260115,214000,13.5064,13.5064,13.5064,13.5064,125,0
PBFS.US,5,20260115,214500,13.435,13.435,13.435,13.435,100,0
PBFS.US,5,20260115,215000,13.48,13.48,13.48,13.48,526,0
PBFS.US,5,20260115,215500,13.42,13.53,13.42,13.53,2081,0
PBFS.US,5,20260116,153000,13.54,13.54,13.54,13.54,1815,0
PBFS.US,5,20260116,161500,13.69,13.69,13.69,13.69,125,0
PBFS.US,5,20260116,204500,13.565,13.67,13.565,13.58,400,0
PBFS.US,5,20260116,211000,13.47,13.47,13.47,13.47,100,0
PBFS.US,5,20260116,211500,13.47,13.47,13.47,13.47,100,0
PBFS.US,5,20260116,212000,13.46,13.46,13.43,13.43,562,0
PBFS.US,5,20260116,212500,13.42,13.5585,13.42,13.5585,200,0
PBFS.US,5,20260116,213000,13.41,13.41,13.41,13.41,100,0
PBFS.US,5,20260116,213500,13.41,13.41,13.41,13.41,200,0
PBFS.US,5,20260116,215000,13.42,13.42,13.42,13.42,100,0
PBFS.US,5,20260116,215500,13.41,13.42,13.41,13.42,6028,0
PBFS.US,5,20260120,153000,13.4,13.4,13.4,13.4,730,0
PBFS.US,5,20260120,164500,13.22,13.22,13.0784,13.0784,355,0
PBFS.US,5,20260120,165000,13.13,13.495,13.13,13.495,800,0
PBFS.US,5,20260120,165500,13.36,13.36,13.36,13.36,210,0
PBFS.US,5,20260120,170500,13.435,13.435,13.36,13.36,200,0
PBFS.US,5,20260120,171000,13.36,13.4349,13.36,13.4349,774,0
PBFS.US,5,20260120,180000,13.19,13.19,13.19,13.19,200,0
PBFS.US,5,20260120,181500,13.185,13.185,13.185,13.185,200,0
PBFS.US,5,20260120,185000,13.17,13.19,13.16,13.16,1187,0
PBFS.US,5,20260120,200000,13.16,13.255,13.16,13.255,560,0
PBFS.US,5,20260120,201000,13.21,13.355,13.21,13.355,643,0
PBFS.US,5,20260120,210000,13.19,13.19,13.19,13.19,100,0
PBFS.US,5,20260121,153000,13.51,13.51,13.51,13.51,122,0
PBFS.US,5,20260121,185500,13.716432,13.716432,13.716432,13.716432,110,0
PBFS.US,5,20260121,190000,13.7,13.7,13.7,13.7,145,0
PBFS.US,5,20260121,193500,13.69,13.69,13.69,13.69,100,0
PBFS.US,5,20260121,202500,13.695,13.695,13.695,13.695,100,0
PBFS.US,5,20260121,205000,13.85,13.85,13.85,13.85,196,0
PBFS.US,5,20260121,211000,13.81,13.81,13.81,13.81,100,0
PBFS.US,5,20260121,212500,13.725,13.725,13.725,13.725,100,0
PBFS.US,5,20260121,213000,13.755,13.755,13.755,13.755,100,0
PBFS.US,5,20260121,213500,13.715,13.715,13.715,13.715,100,0
PBFS.US,5,20260121,214000,13.77,13.77,13.77,13.77,100,0
PBFS.US,5,20260121,214500,13.715,13.83,13.69,13.83,700,0
PBFS.US,5,20260121,215000,13.72,13.72,13.7,13.7,400,0
PBFS.US,5,20260121,215500,13.755,13.755,13.75,13.75,200,0
PBFS.US,5,20260122,191500,13.9641,13.9641,13.9641,13.9641,128,0
PBFS.US,5,20260122,202500,14.1133,14.1133,14.1133,14.1133,323,0
PBFS.US,5,20260122,215000,13.9,14.03,13.9,14.03,500,0
PBFS.US,5,20260122,215500,13.9,14.02,13.9,13.9,819,0
PBFS.US,5,20260123,154500,13.875,13.875,13.875,13.875,100,0
PBFS.US,5,20260123,192500,13.67,13.67,13.67,13.67,100,0
PBFS.US,5,20260123,195500,13.55,13.55,13.55,13.55,3898,0
PBFS.US,5,20260123,202500,13.65,13.71,13.65,13.71,300,0
PBFS.US,5,20260123,203000,13.77,13.78,13.77,13.77,400,0
PBFS.US,5,20260123,215500,13.86,13.86,13.55,13.55,3488,0
