<TICKER>,<PER>,<DATE>,<TIME>,<OPEN>,<HIGH>,<LOW>,<CLOSE>,<VOL>,<OPENINT>
PGYWW.US,5,20250829,153500,0.5149,0.5149,0.5149,0.5149,650,0
PGYWW.US,5,20250829,154000,0.515,0.52,0.5114,0.52,9747,0
PGYWW.US,5,20250829,154500,0.5125,0.5125,0.5125,0.5125,1800,0
PGYWW.US,5,20250829,155000,0.515,0.52,0.5051,0.5199,13764,0
PGYWW.US,5,20250829,160000,0.5202,0.5202,0.5202,0.5202,3147,0
PGYWW.US,5,20250829,160500,0.520201,0.520201,0.520201,0.520201,600,0
PGYWW.US,5,20250829,164000,0.53,0.53,0.53,0.53,100,0
PGYWW.US,5,20250829,164500,0.5301,0.5301,0.53,0.53,500,0
PGYWW.US,5,20250829,165500,0.53,0.53,0.53,0.53,100,0
PGYWW.US,5,20250829,170500,0.53,0.537264,0.53,0.537264,1100,0
PGYWW.US,5,20250829,171500,0.535,0.535,0.490701,0.490701,15000,0
PGYWW.US,5,20250829,182000,0.50927,0.52,0.505299,0.505299,2400,0
PGYWW.US,5,20250829,185000,0.5098,0.5098,0.5098,0.5098,500,0
PGYWW.US,5,20250829,191500,0.4906,0.4906,0.4906,0.4906,6357,0
PGYWW.US,5,20250829,195000,0.4905,0.4906,0.4905,0.4906,600,0
PGYWW.US,5,20250829,200000,0.4905,0.4905,0.4905,0.4905,100,0
PGYWW.US,5,20250829,201500,0.4903,0.4903,0.4903,0.4903,550,0
PGYWW.US,5,20250829,212000,0.4909,0.4909,0.4909,0.4909,600,0
PGYWW.US,5,20250829,214500,0.4902,0.4902,0.4902,0.4902,400,0
PGYWW.US,5,20250902,153000,0.4902,0.4902,0.4902,0.4902,626,0
PGYWW.US,5,20250902,163000,0.5,0.5,0.5,0.5,9909,0
PGYWW.US,5,20250902,164000,0.49,0.49,0.49,0.49,11400,0
PGYWW.US,5,20250902,170500,0.49,0.49,0.49,0.49,100,0
PGYWW.US,5,20250902,172000,0.49,0.49,0.49,0.49,2900,0
PGYWW.US,5,20250902,173500,0.51,0.51,0.51,0.51,100,0
PGYWW.US,5,20250902,180500,0.5049,0.5049,0.5,0.5,500,0
PGYWW.US,5,20250902,182500,0.5,0.5,0.5,0.5,1331,0
PGYWW.US,5,20250902,184500,0.5,0.5,0.5,0.5,3406,0
PGYWW.US,5,20250902,185000,0.51,0.51,0.51,0.51,1900,0
PGYWW.US,5,20250902,190500,0.5198,0.5198,0.5197,0.5198,700,0
PGYWW.US,5,20250902,210500,0.5001,0.5001,0.5001,0.5001,500,0
PGYWW.US,5,20250903,154500,0.5197,0.5197,0.4899,0.4899,5227,0
PGYWW.US,5,20250903,155000,0.49,0.49,0.49,0.49,100,0
PGYWW.US,5,20250903,162000,0.49,0.49,0.49,0.49,100,0
PGYWW.US,5,20250903,171000,0.49,0.49,0.49,0.49,300,0
PGYWW.US,5,20250903,202000,0.49,0.49,0.49,0.49,1565,0
PGYWW.US,5,20250903,203500,0.4899,0.4899,0.4899,0.4899,1200,0
PGYWW.US,5,20250903,204000,0.48,0.48,0.48,0.48,1777,0
PGYWW.US,5,20250903,211500,0.49,0.49,0.48,0.48,3596,0
PGYWW.US,5,20250904,160500,0.4631,0.4631,0.46,0.46,10500,0
PGYWW.US,5,20250904,161000,0.46,0.46,0.46,0.46,1269,0
PGYWW.US,5,20250904,162000,0.4599,0.46,0.45,0.45,1400,0
PGYWW.US,5,20250904,162500,0.4499,0.4863,0.44515,0.4863,8200,0
PGYWW.US,5,20250904,173000,0.4425,0.4425,0.4418,0.4418,8000,0
PGYWW.US,5,20250904,173500,0.441801,0.441801,0.441801,0.441801,4000,0
PGYWW.US,5,20250904,174500,0.4415,0.4417,0.4415,0.4417,550,0
PGYWW.US,5,20250904,193500,0.46005,0.46005,0.46005,0.46005,500,0
PGYWW.US,5,20250904,194000,0.47,0.47,0.4699,0.4699,1000,0
PGYWW.US,5,20250904,200000,0.465,0.465,0.465,0.465,400,0
PGYWW.US,5,20250904,205500,0.46,0.46,0.46,0.46,462,0
PGYWW.US,5,20250905,153000,0.5109,0.5109,0.5109,0.5109,200,0
PGYWW.US,5,20250905,161500,0.4937,0.4937,0.4937,0.4937,2000,0
PGYWW.US,5,20250905,163500,0.49,0.49,0.49,0.49,1000,0
PGYWW.US,5,20250905,164000,0.47,0.47,0.47,0.47,1000,0
PGYWW.US,5,20250905,170000,0.47,0.47,0.47,0.47,300,0
PGYWW.US,5,20250905,171500,0.47,0.47,0.47,0.47,100,0
PGYWW.US,5,20250905,172500,0.47,0.485,0.4699,0.485,12200,0
PGYWW.US,5,20250905,173000,0.48989,0.48989,0.479,0.479,2000,0
PGYWW.US,5,20250905,182500,0.4703,0.4703,0.4703,0.4703,4000,0
PGYWW.US,5,20250905,190500,0.48,0.48,0.48,0.48,100,0
PGYWW.US,5,20250905,195000,0.48,0.48,0.48,0.48,302,0
PGYWW.US,5,20250905,200000,0.48,0.48,0.4799,0.479937,2900,0
PGYWW.US,5,20250905,201500,0.48,0.48,0.48,0.48,100,0
PGYWW.US,5,20250905,205500,0.4799,0.4799,0.4799,0.4799,500,0
PGYWW.US,5,20250908,164500,0.5,0.5,0.5,0.5,100,0
PGYWW.US,5,20250908,201500,0.4735,0.4735,0.4735,0.4735,100,0
PGYWW.US,5,20250908,210000,0.4701,0.48,0.4701,0.48,2206,0
PGYWW.US,5,20250908,213000,0.48,0.48,0.48,0.48,1468,0
PGYWW.US,5,20250908,213500,0.4799,0.4799,0.4799,0.4799,1000,0
PGYWW.US,5,20250908,214500,0.48,0.48,0.48,0.48,529,0
PGYWW.US,5,20250908,215500,0.4809,0.4809,0.4809,0.4809,500,0
PGYWW.US,5,20250909,161000,0.4749,0.475,0.4749,0.475,200,0
PGYWW.US,5,20250909,173500,0.4725,0.4725,0.4601,0.4601,3694,0
PGYWW.US,5,20250909,175000,0.4749,0.4749,0.4601,0.4601,1000,0
PGYWW.US,5,20250909,182000,0.475,0.475,0.475,0.475,100,0
PGYWW.US,5,20250909,190500,0.475,0.475,0.475,0.475,100,0
PGYWW.US,5,20250909,210500,0.474999,0.475,0.474999,0.475,2500,0
PGYWW.US,5,20250909,211000,0.4749,0.4749,0.4749,0.4749,200,0
PGYWW.US,5,20250909,211500,0.475,0.475,0.4675,0.4675,700,0
PGYWW.US,5,20250909,214000,0.47,0.47,0.47,0.47,380,0
PGYWW.US,5,20250909,214500,0.475,0.475,0.475,0.475,100,0
PGYWW.US,5,20250910,153500,0.5109,0.5109,0.5109,0.5109,1000,0
PGYWW.US,5,20250910,155000,0.5,0.507191,0.5,0.507191,3480,0
PGYWW.US,5,20250910,160000,0.49,0.49,0.49,0.49,204,0
PGYWW.US,5,20250910,163500,0.51,0.51,0.51,0.51,100,0
PGYWW.US,5,20250910,170000,0.4879,0.4879,0.4879,0.4879,2100,0
PGYWW.US,5,20250910,171000,0.48775,0.48775,0.48775,0.48775,104,0
PGYWW.US,5,20250910,172000,0.4896,0.4999,0.4896,0.4999,2100,0
PGYWW.US,5,20250910,174000,0.4999,0.4999,0.4999,0.4999,100,0
PGYWW.US,5,20250910,175000,0.4793,0.4794,0.4793,0.4794,3500,0
PGYWW.US,5,20250910,180000,0.4999,0.4999,0.4999,0.4999,100,0
PGYWW.US,5,20250910,180500,0.4796,0.4796,0.47,0.47,1152,0
PGYWW.US,5,20250910,181500,0.47,0.47,0.47,0.47,100,0
PGYWW.US,5,20250910,192000,0.469999,0.4813,0.469999,0.4813,4796,0
PGYWW.US,5,20250910,193000,0.4866,0.4866,0.4866,0.4866,2000,0
PGYWW.US,5,20250910,212000,0.485,0.485,0.485,0.485,4439,0
PGYWW.US,5,20250910,215500,0.475,0.475,0.475,0.475,100,0
PGYWW.US,5,20250911,161000,0.4725,0.4725,0.4725,0.4725,100,0
PGYWW.US,5,20250911,170500,0.49,0.49,0.49,0.49,5100,0
PGYWW.US,5,20250911,171500,0.4899,0.5085,0.4899,0.505,8196,0
PGYWW.US,5,20250911,172500,0.49,0.5048,0.49,0.4901,7998,0
PGYWW.US,5,20250911,175500,0.49,0.49,0.49,0.49,100,0
PGYWW.US,5,20250911,181000,0.5053,0.5053,0.4901,0.4901,2658,0
PGYWW.US,5,20250911,182500,0.4901,0.4901,0.4901,0.4901,100,0
PGYWW.US,5,20250911,183500,0.498,0.498,0.4955,0.4955,2700,0
PGYWW.US,5,20250911,185000,0.4901,0.4901,0.4901,0.4901,100,0
PGYWW.US,5,20250911,211000,0.4903,0.4903,0.4903,0.4903,2500,0
PGYWW.US,5,20250911,213500,0.4901,0.4901,0.4857,0.49,6400,0
PGYWW.US,5,20250911,215500,0.5,0.501935,0.5,0.501935,9100,0
PGYWW.US,5,20250912,171000,0.5,0.5,0.5,0.5,158,0
PGYWW.US,5,20250912,182500,0.5037,0.5037,0.5037,0.5037,100,0
PGYWW.US,5,20250912,184000,0.515,0.515,0.515,0.515,2500,0
PGYWW.US,5,20250912,185500,0.4825,0.4825,0.4825,0.4825,100,0
PGYWW.US,5,20250912,192000,0.514999,0.514999,0.5149,0.5149,2500,0
PGYWW.US,5,20250912,192500,0.485,0.4901,0.485,0.49,2552,0
PGYWW.US,5,20250912,194000,0.485,0.485,0.485,0.485,200,0
PGYWW.US,5,20250912,200000,0.4985,0.4985,0.4985,0.4985,1000,0
PGYWW.US,5,20250912,202000,0.485,0.485,0.485,0.485,100,0
PGYWW.US,5,20250912,204500,0.5,0.5,0.485,0.485,1400,0
PGYWW.US,5,20250912,205500,0.5064,0.5064,0.5025,0.5025,3300,0
PGYWW.US,5,20250912,212500,0.485,0.485,0.485,0.485,100,0
PGYWW.US,5,20250912,213500,0.49,0.49,0.49,0.49,800,0
PGYWW.US,5,20250912,214500,0.485,0.485,0.485,0.485,100,0
PGYWW.US,5,20250912,215000,0.485,0.49,0.4826,0.49,7400,0
PGYWW.US,5,20250912,215500,0.495,0.495,0.495,0.495,1600,0
PGYWW.US,5,20250915,153500,0.4827,0.4827,0.4725,0.4725,456,0
PGYWW.US,5,20250915,155500,0.49,0.495,0.49,0.495,1443,0
PGYWW.US,5,20250915,160000,0.503749,0.503749,0.5025,0.5025,700,0
PGYWW.US,5,20250915,160500,0.505,0.5094,0.5049,0.5094,6816,0
PGYWW.US,5,20250915,161500,0.5149,0.5149,0.5149,0.5149,529,0
PGYWW.US,5,20250915,162500,0.505,0.505,0.505,0.505,100,0
PGYWW.US,5,20250915,164500,0.5025,0.5025,0.5025,0.5025,100,0
PGYWW.US,5,20250915,165500,0.506249,0.514799,0.506249,0.514799,7100,0
PGYWW.US,5,20250915,170000,0.51,0.51,0.51,0.51,100,0
PGYWW.US,5,20250915,170500,0.513112,0.513112,0.512449,0.512449,2500,0
PGYWW.US,5,20250915,171000,0.51,0.51,0.51,0.51,100,0
PGYWW.US,5,20250915,171500,0.511199,0.5122,0.5075,0.5112,1400,0
PGYWW.US,5,20250915,172500,0.4951,0.4951,0.495,0.495,1006,0
PGYWW.US,5,20250915,175000,0.495,0.495,0.495,0.495,100,0
PGYWW.US,5,20250915,181000,0.51,0.51,0.51,0.51,1553,0
PGYWW.US,5,20250915,181500,0.51,0.51,0.51,0.51,100,0
PGYWW.US,5,20250915,182000,0.5149,0.5149,0.51489,0.51489,400,0
PGYWW.US,5,20250915,182500,0.537,0.5439,0.537,0.5439,11300,0
PGYWW.US,5,20250915,183500,0.5498,0.549837,0.5498,0.549837,1000,0
PGYWW.US,5,20250915,184000,0.544,0.544,0.544,0.544,400,0
PGYWW.US,5,20250915,185500,0.5439,0.5485,0.5439,0.5484,1284,0
PGYWW.US,5,20250915,190500,0.5458,0.5458,0.5149,0.5149,52119,0
PGYWW.US,5,20250915,191500,0.549799,0.55,0.549799,0.55,17563,0
PGYWW.US,5,20250915,192000,0.5499,0.5499,0.5499,0.5499,100,0
PGYWW.US,5,20250915,192500,0.5499,0.55,0.5499,0.5499,1000,0
PGYWW.US,5,20250915,201000,0.5149,0.5341,0.5149,0.5149,6000,0
PGYWW.US,5,20250915,202000,0.53235,0.53235,0.53235,0.53235,1000,0
PGYWW.US,5,20250915,203000,0.5497,0.5497,0.5149,0.5149,5812,0
PGYWW.US,5,20250915,204000,0.5497,0.5497,0.5497,0.5497,300,0
PGYWW.US,5,20250915,210000,0.5499,0.5499,0.5324,0.5324,4000,0
PGYWW.US,5,20250915,210500,0.5497,0.5498,0.5497,0.5498,200,0
PGYWW.US,5,20250915,211000,0.5498,0.5498,0.5498,0.5498,100,0
PGYWW.US,5,20250915,211500,0.5498,0.5498,0.5498,0.5498,100,0
PGYWW.US,5,20250915,213500,0.5498,0.55,0.5498,0.5499,1300,0
PGYWW.US,5,20250915,214000,0.55,0.55,0.5499,0.5499,200,0
PGYWW.US,5,20250915,215500,0.5499,0.55015,0.5499,0.5501,7139,0
PGYWW.US,5,20250916,153000,0.5339,0.56,0.5339,0.56,4966,0
PGYWW.US,5,20250916,155500,0.5501,0.5699,0.55,0.55,2000,0
PGYWW.US,5,20250916,160500,0.56,0.56,0.56,0.56,100,0
PGYWW.US,5,20250916,162500,0.5698,0.5698,0.5698,0.5698,919,0
PGYWW.US,5,20250916,163500,0.552499,0.56,0.552499,0.5599,3000,0
PGYWW.US,5,20250916,165000,0.56,0.5656,0.56,0.5656,1095,0
PGYWW.US,5,20250916,165500,0.5699,0.5699,0.5699,0.5699,150,0
PGYWW.US,5,20250916,170500,0.5699,0.5699,0.5699,0.5699,100,0
PGYWW.US,5,20250916,173000,0.5793,0.5793,0.5793,0.5793,100,0
PGYWW.US,5,20250916,173500,0.57,0.57,0.57,0.57,1100,0
PGYWW.US,5,20250916,174000,0.5897,0.5897,0.5897,0.5897,430,0
PGYWW.US,5,20250916,174500,0.5699,0.5699,0.5699,0.5699,100,0
PGYWW.US,5,20250916,175000,0.575,0.575,0.5699,0.5699,246,0
PGYWW.US,5,20250916,180500,0.575,0.5898,0.575,0.5867,5200,0
PGYWW.US,5,20250916,181000,0.5898,0.6,0.5898,0.5972,15965,0
PGYWW.US,5,20250916,182000,0.62,0.62,0.604999,0.606351,13440,0
PGYWW.US,5,20250916,183000,0.61,0.61,0.61,0.61,104,0
PGYWW.US,5,20250916,185000,0.6099,0.6099,0.6,0.6001,864,0
PGYWW.US,5,20250916,191500,0.6001,0.6001,0.6,0.6,1666,0
PGYWW.US,5,20250916,193000,0.5871,0.5871,0.5871,0.5871,100,0
PGYWW.US,5,20250916,201500,0.5998,0.5998,0.5998,0.5998,100,0
PGYWW.US,5,20250916,202500,0.5998,0.5998,0.5998,0.5998,200,0
PGYWW.US,5,20250916,203000,0.59,0.5995,0.59,0.5995,300,0
PGYWW.US,5,20250916,205500,0.5996,0.599647,0.5995,0.5995,2800,0
PGYWW.US,5,20250916,210000,0.592,0.595,0.59,0.5902,2678,0
PGYWW.US,5,20250916,210500,0.5998,0.5998,0.5998,0.5998,100,0
PGYWW.US,5,20250917,153500,0.59,0.59,0.5899,0.5899,400,0
PGYWW.US,5,20250917,161000,0.5699,0.5699,0.5699,0.5699,2500,0
PGYWW.US,5,20250917,161500,0.59,0.5999,0.59,0.5999,2551,0
PGYWW.US,5,20250917,162500,0.604951,0.604951,0.604951,0.604951,758,0
PGYWW.US,5,20250917,163500,0.6,0.6,0.6,0.6,100,0
PGYWW.US,5,20250917,164000,0.6033,0.6033,0.6,0.6,4698,0
PGYWW.US,5,20250917,165500,0.59,0.5902,0.59,0.59,5421,0
PGYWW.US,5,20250917,170000,0.5941,0.5941,0.5941,0.5941,2000,0
PGYWW.US,5,20250917,185000,0.59,0.590001,0.59,0.59,36777,0
PGYWW.US,5,20250917,203500,0.59,0.59,0.5899,0.59,24487,0
PGYWW.US,5,20250917,204000,0.59,0.5901,0.59,0.59,24205,0
PGYWW.US,5,20250917,213000,0.599999,0.599999,0.599999,0.599999,13556,0
PGYWW.US,5,20250917,214500,0.5751,0.6,0.5751,0.6,1332,0
PGYWW.US,5,20250918,153000,0.6199,0.62,0.6199,0.62,3929,0
PGYWW.US,5,20250918,153500,0.6199,0.62,0.6199,0.6199,500,0
PGYWW.US,5,20250918,154000,0.6199,0.62,0.6199,0.62,11750,0
PGYWW.US,5,20250918,154500,0.62,0.62,0.6199,0.6199,2266,0
PGYWW.US,5,20250918,161000,0.62,0.62,0.62,0.62,151,0
PGYWW.US,5,20250918,165000,0.6201,0.625,0.6199,0.62,9447,0
PGYWW.US,5,20250918,170500,0.6249,0.6249,0.6249,0.6249,1100,0
PGYWW.US,5,20250918,173500,0.62,0.62,0.62,0.62,200,0
PGYWW.US,5,20250918,174500,0.62,0.62,0.6199,0.6199,1100,0
PGYWW.US,5,20250918,175500,0.6199,0.6199,0.6199,0.6199,1806,0
PGYWW.US,5,20250918,180000,0.62,0.62,0.62,0.62,115,0
PGYWW.US,5,20250918,180500,0.62,0.62,0.62,0.62,100,0
PGYWW.US,5,20250918,183000,0.62,0.62,0.62,0.62,2000,0
PGYWW.US,5,20250918,184000,0.62,0.62,0.6199,0.62,3877,0
PGYWW.US,5,20250918,184500,0.62,0.62,0.62,0.62,308,0
PGYWW.US,5,20250918,185000,0.62,0.62,0.6199,0.62,2038,0
PGYWW.US,5,20250918,185500,0.620001,0.620001,0.620001,0.620001,200,0
PGYWW.US,5,20250918,191500,0.620001,0.620001,0.620001,0.620001,1000,0
PGYWW.US,5,20250918,192500,0.63,0.63,0.63,0.63,100,0
PGYWW.US,5,20250918,195000,0.62245,0.625,0.62245,0.625,4149,0
PGYWW.US,5,20250918,201000,0.62,0.62,0.62,0.62,100,0
PGYWW.US,5,20250918,211500,0.61995,0.61995,0.6199,0.6199,600,0
PGYWW.US,5,20250918,214000,0.62,0.62,0.62,0.62,1000,0
PGYWW.US,5,20250918,214500,0.6199,0.6199,0.6199,0.6199,125,0
PGYWW.US,5,20250918,215500,0.6199,0.62,0.6199,0.6199,2589,0
PGYWW.US,5,20250919,153000,0.7,0.7,0.649899,0.649899,2492,0
PGYWW.US,5,20250919,154000,0.6144,0.62,0.6144,0.62,961,0
PGYWW.US,5,20250919,155500,0.62,0.62,0.62,0.62,100,0
PGYWW.US,5,20250919,162000,0.6001,0.6001,0.6,0.6,648,0
PGYWW.US,5,20250919,162500,0.62,0.62,0.6199,0.6199,200,0
PGYWW.US,5,20250919,163500,0.630001,0.630001,0.620101,0.620101,3000,0
PGYWW.US,5,20250919,164000,0.630001,0.630001,0.630001,0.630001,1000,0
PGYWW.US,5,20250919,164500,0.6286,0.6286,0.6286,0.6286,1000,0
PGYWW.US,5,20250919,165500,0.64,0.65,0.64,0.6499,10118,0
PGYWW.US,5,20250919,170500,0.650001,0.650001,0.65,0.65,4920,0
PGYWW.US,5,20250919,171000,0.64,0.64,0.64,0.64,3000,0
PGYWW.US,5,20250919,180500,0.6499,0.65,0.6499,0.65,200,0
PGYWW.US,5,20250919,184500,0.65,0.65,0.65,0.65,100,0
PGYWW.US,5,20250919,185500,0.6497,0.65,0.6497,0.65,200,0
PGYWW.US,5,20250919,200000,0.6287,0.6287,0.6287,0.6287,500,0
PGYWW.US,5,20250919,211000,0.6308,0.6308,0.6308,0.6308,2500,0
PGYWW.US,5,20250922,153000,0.68,0.68,0.6498,0.6498,1952,0
PGYWW.US,5,20250922,153500,0.6775,0.6775,0.6775,0.6775,300,0
PGYWW.US,5,20250922,154500,0.675,0.675,0.675,0.675,500,0
PGYWW.US,5,20250922,155000,0.6776,0.677601,0.675301,0.677601,3000,0
PGYWW.US,5,20250922,155500,0.677601,0.677601,0.6752,0.6775,12100,0
PGYWW.US,5,20250922,160500,0.6775,0.6775,0.6775,0.6775,200,0
PGYWW.US,5,20250922,162000,0.6725,0.6725,0.6725,0.6725,300,0
PGYWW.US,5,20250922,163500,0.6725,0.6825,0.6725,0.6825,6806,0
PGYWW.US,5,20250922,164000,0.68,0.6801,0.68,0.6801,9320,0
PGYWW.US,5,20250922,164500,0.67,0.675,0.67,0.675,6350,0
PGYWW.US,5,20250922,165000,0.6712,0.68,0.6712,0.68,1740,0
PGYWW.US,5,20250922,170000,0.69,0.69,0.6884,0.6884,900,0
PGYWW.US,5,20250922,170500,0.6975,0.699,0.6975,0.699,3210,0
PGYWW.US,5,20250922,173500,0.6941,0.6941,0.6941,0.6941,100,0
PGYWW.US,5,20250922,174000,0.6941,0.6941,0.6941,0.6941,100,0
PGYWW.US,5,20250922,175000,0.685,0.6989,0.685,0.6989,3316,0
PGYWW.US,5,20250922,182500,0.6989,0.6989,0.69,0.69,300,0
PGYWW.US,5,20250922,190000,0.6975,0.6975,0.6974,0.6974,200,0
PGYWW.US,5,20250922,203500,0.68875,0.68875,0.68875,0.68875,119,0
PGYWW.US,5,20250922,205500,0.6844,0.6844,0.680101,0.680101,5000,0
PGYWW.US,5,20250922,210000,0.6844,0.6844,0.6811,0.6811,2200,0
PGYWW.US,5,20250922,212000,0.6801,0.6801,0.6787,0.6787,14192,0
PGYWW.US,5,20250923,153000,0.6975,0.6975,0.6974,0.6974,200,0
PGYWW.US,5,20250923,162500,0.6775,0.6775,0.6775,0.6775,200,0
PGYWW.US,5,20250923,163500,0.6775,0.6775,0.6775,0.6775,100,0
PGYWW.US,5,20250923,165500,0.6799,0.6799,0.675,0.675,6623,0
PGYWW.US,5,20250923,170000,0.675,0.675,0.675,0.675,500,0
PGYWW.US,5,20250923,171000,0.6701,0.6701,0.6701,0.6701,100,0
PGYWW.US,5,20250923,173000,0.67,0.67,0.67,0.67,802,0
PGYWW.US,5,20250923,173500,0.6701,0.68,0.6701,0.68,1500,0
PGYWW.US,5,20250923,175500,0.68,0.68,0.6799,0.6799,2000,0
PGYWW.US,5,20250923,180000,0.6975,0.6975,0.6974,0.6974,400,0
PGYWW.US,5,20250923,181000,0.68,0.6801,0.68,0.6801,2700,0
PGYWW.US,5,20250923,182500,0.6937,0.6937,0.6937,0.6937,1000,0
PGYWW.US,5,20250923,183500,0.6975,0.6975,0.6974,0.6975,800,0
PGYWW.US,5,20250923,184000,0.6975,0.708,0.6975,0.7,1846,0
PGYWW.US,5,20250923,184500,0.7,0.708,0.6962,0.708,7833,0
PGYWW.US,5,20250923,190000,0.6943,0.6943,0.6943,0.6943,2500,0
PGYWW.US,5,20250923,190500,0.69,0.7025,0.69,0.6968,1100,0
PGYWW.US,5,20250923,191500,0.7073,0.7075,0.7061,0.7061,2911,0
PGYWW.US,5,20250923,192000,0.6981,0.6981,0.6723,0.6813,13900,0
PGYWW.US,5,20250923,193000,0.68,0.68,0.68,0.68,100,0
PGYWW.US,5,20250923,193500,0.67,0.67,0.67,0.67,2000,0
PGYWW.US,5,20250923,194000,0.6875,0.6875,0.67,0.67,800,0
PGYWW.US,5,20250923,194500,0.67,0.67,0.67,0.67,2500,0
PGYWW.US,5,20250923,200000,0.67,0.6762,0.6418,0.6468,104576,0
PGYWW.US,5,20250923,202500,0.67,0.6725,0.67,0.6725,600,0
PGYWW.US,5,20250923,203500,0.6725,0.68,0.6725,0.68,1000,0
PGYWW.US,5,20250923,204000,0.7068,0.7068,0.7068,0.7068,7794,0
PGYWW.US,5,20250923,210000,0.6875,0.6875,0.6875,0.6875,600,0
PGYWW.US,5,20250923,214000,0.6925,0.6925,0.6925,0.6925,300,0
PGYWW.US,5,20250923,214500,0.6925,0.6925,0.69,0.69,600,0
PGYWW.US,5,20250923,215000,0.695,0.7025,0.695,0.7025,1700,0
PGYWW.US,5,20250923,215500,0.7068,0.713,0.7068,0.713,15968,0
PGYWW.US,5,20250924,153000,0.7175,0.7175,0.7175,0.7175,2500,0
PGYWW.US,5,20250924,154000,0.7136,0.7175,0.7136,0.7175,400,0
PGYWW.US,5,20250924,154500,0.7175,0.7175,0.7175,0.7175,500,0
PGYWW.US,5,20250924,161000,0.6974,0.6974,0.675,0.675,200,0
PGYWW.US,5,20250924,161500,0.6974,0.6975,0.6662,0.6713,1476,0
PGYWW.US,5,20250924,165500,0.6975,0.6975,0.6975,0.6975,100,0
PGYWW.US,5,20250924,181000,0.6711,0.6711,0.6711,0.6711,1000,0
PGYWW.US,5,20250924,181500,0.67,0.67,0.67,0.67,1000,0
PGYWW.US,5,20250924,183500,0.6825,0.6825,0.670638,0.670638,400,0
PGYWW.US,5,20250924,184500,0.6825,0.6825,0.6825,0.6825,100,0
PGYWW.US,5,20250924,185000,0.66,0.66,0.66,0.66,100,0
PGYWW.US,5,20250924,190500,0.6575,0.6575,0.6575,0.6575,100,0
PGYWW.US,5,20250924,192000,0.65,0.65,0.65,0.65,1103,0
PGYWW.US,5,20250924,193500,0.67,0.67,0.67,0.67,100,0
PGYWW.US,5,20250924,200500,0.65,0.65,0.63,0.63,6500,0
PGYWW.US,5,20250924,201000,0.6253,0.6255,0.6253,0.6253,1740,0
PGYWW.US,5,20250924,201500,0.624,0.624,0.621,0.621,4699,0
PGYWW.US,5,20250924,202000,0.5971,0.5971,0.5971,0.5971,200,0
PGYWW.US,5,20250924,203000,0.5915,0.5915,0.57,0.57,3700,0
PGYWW.US,5,20250924,204500,0.5938,0.5938,0.5709,0.5709,3100,0
PGYWW.US,5,20250924,205000,0.57,0.57,0.57,0.57,100,0
PGYWW.US,5,20250924,211000,0.5636,0.5636,0.5636,0.5636,2000,0
PGYWW.US,5,20250924,211500,0.56,0.56,0.56,0.56,101,0
PGYWW.US,5,20250924,212000,0.5503,0.5503,0.55,0.5501,3778,0
PGYWW.US,5,20250924,214500,0.5544,0.569,0.5544,0.569,3600,0
PGYWW.US,5,20250924,215000,0.569,0.569,0.569,0.569,2100,0
PGYWW.US,5,20250924,215500,0.569,0.569,0.5622,0.569,12183,0
PGYWW.US,5,20250925,153000,0.56,0.56,0.56,0.56,100,0
PGYWW.US,5,20250925,155000,0.6167,0.6167,0.6167,0.6167,100,0
PGYWW.US,5,20250925,155500,0.61,0.61,0.61,0.61,100,0
PGYWW.US,5,20250925,161500,0.615,0.615,0.615,0.615,100,0
PGYWW.US,5,20250925,162000,0.569,0.5992,0.569,0.5992,350,0
PGYWW.US,5,20250925,162500,0.640199,0.640199,0.640199,0.640199,130,0
PGYWW.US,5,20250925,170000,0.64,0.64,0.64,0.64,200,0
PGYWW.US,5,20250925,182500,0.5691,0.5691,0.5691,0.5691,228,0
PGYWW.US,5,20250925,183000,0.6051,0.6051,0.6051,0.6051,100,0
PGYWW.US,5,20250925,185000,0.58,0.58,0.58,0.58,200,0
PGYWW.US,5,20250925,191500,0.6331,0.6331,0.6331,0.6331,2000,0
PGYWW.US,5,20250925,193000,0.58,0.58,0.58,0.58,150,0
PGYWW.US,5,20250925,194000,0.5973,0.5973,0.5973,0.5973,200,0
PGYWW.US,5,20250925,210000,0.595,0.597,0.595,0.595,600,0
PGYWW.US,5,20250925,214500,0.6,0.6,0.6,0.6,2700,0
PGYWW.US,5,20250926,154500,0.6875,0.6875,0.6875,0.6875,990,0
PGYWW.US,5,20250926,155000,0.6963,0.6963,0.6963,0.6963,5000,0
PGYWW.US,5,20250926,161500,0.59,0.59,0.59,0.59,200,0
PGYWW.US,5,20250926,162000,0.6433,0.6433,0.6433,0.6433,100,0
PGYWW.US,5,20250926,173500,0.6675,0.6675,0.6675,0.6675,5000,0
PGYWW.US,5,20250926,180500,0.5902,0.5902,0.5901,0.5901,400,0
PGYWW.US,5,20250926,185500,0.629,0.629,0.629,0.629,2500,0
PGYWW.US,5,20250926,194500,0.6775,0.6775,0.6674,0.6674,7500,0
PGYWW.US,5,20250926,201500,0.6475,0.6475,0.6475,0.6475,100,0
PGYWW.US,5,20250926,203000,0.6247,0.6247,0.6247,0.6247,3000,0
PGYWW.US,5,20250926,203500,0.6247,0.6247,0.6247,0.6247,100,0
PGYWW.US,5,20250926,215500,0.624,0.624,0.624,0.624,400,0
PGYWW.US,5,20250929,153000,0.63,0.63,0.6,0.6,5103,0
PGYWW.US,5,20250929,153500,0.6,0.6,0.6,0.6,5000,0
PGYWW.US,5,20250929,154000,0.651251,0.651251,0.648749,0.648749,1300,0
PGYWW.US,5,20250929,160000,0.61,0.6101,0.61,0.6101,600,0
PGYWW.US,5,20250929,160500,0.6275,0.6275,0.6275,0.6275,100,0
PGYWW.US,5,20250929,161500,0.6144,0.6175,0.61,0.61,2238,0
PGYWW.US,5,20250929,162500,0.610101,0.6175,0.610101,0.6175,600,0
PGYWW.US,5,20250929,163000,0.6101,0.6175,0.61,0.6102,2918,0
PGYWW.US,5,20250929,164500,0.6,0.6,0.6,0.6,1157,0
PGYWW.US,5,20250929,165000,0.6075,0.6075,0.6075,0.6075,200,0
PGYWW.US,5,20250929,170500,0.6075,0.6075,0.6075,0.6075,100,0
PGYWW.US,5,20250929,171000,0.607399,0.607399,0.6,0.6,1500,0
PGYWW.US,5,20250929,174000,0.6,0.6,0.6,0.6,100,0
PGYWW.US,5,20250929,174500,0.5806,0.580601,0.55,0.55,11851,0
PGYWW.US,5,20250929,175000,0.540001,0.540001,0.5251,0.53,5200,0
PGYWW.US,5,20250929,180000,0.545,0.55,0.5405,0.5405,10709,0
PGYWW.US,5,20250929,180500,0.5402,0.5402,0.5402,0.5402,150,0
PGYWW.US,5,20250929,181000,0.544,0.544,0.544,0.544,1168,0
PGYWW.US,5,20250929,182000,0.54,0.54,0.54,0.54,294,0
PGYWW.US,5,20250929,182500,0.542,0.542,0.542,0.542,100,0
PGYWW.US,5,20250929,183000,0.542,0.542,0.542,0.542,200,0
PGYWW.US,5,20250929,184500,0.540201,0.5411,0.5401,0.5401,8996,0
PGYWW.US,5,20250929,185000,0.5401,0.5401,0.539,0.539,1388,0
PGYWW.US,5,20250929,190000,0.5312,0.5312,0.5312,0.5312,100,0
PGYWW.US,5,20250929,190500,0.5312,0.5314,0.5312,0.5314,296,0
PGYWW.US,5,20250929,191000,0.5311,0.5311,0.5311,0.5311,975,0
PGYWW.US,5,20250929,193000,0.5362,0.5362,0.5362,0.5362,301,0
PGYWW.US,5,20250929,193500,0.535,0.539,0.5311,0.5389,3293,0
PGYWW.US,5,20250929,194500,0.535,0.535,0.5349,0.5349,372,0
PGYWW.US,5,20250929,195000,0.535,0.535,0.53419,0.534672,3441,0
PGYWW.US,5,20250929,195500,0.5349,0.535,0.53485,0.5349,8691,0
PGYWW.US,5,20250929,200000,0.53485,0.535,0.53485,0.535,1316,0
PGYWW.US,5,20250929,200500,0.535,0.535,0.535,0.535,767,0
PGYWW.US,5,20250929,201500,0.535,0.535,0.535,0.535,17581,0
PGYWW.US,5,20250929,202000,0.535,0.535,0.535,0.535,100,0
PGYWW.US,5,20250929,202500,0.535,0.535,0.535,0.535,248,0
PGYWW.US,5,20250929,203000,0.535,0.535,0.535,0.535,100,0
PGYWW.US,5,20250929,203500,0.53438,0.535,0.53438,0.535,599,0
PGYWW.US,5,20250929,205000,0.535,0.535,0.5349,0.535,1300,0
PGYWW.US,5,20250929,205500,0.535,0.535,0.535,0.535,200,0
PGYWW.US,5,20250929,210000,0.535,0.535,0.535,0.535,100,0
PGYWW.US,5,20250929,211000,0.535,0.535,0.5302,0.5302,2798,0
PGYWW.US,5,20250929,211500,0.5302,0.5302,0.5281,0.5281,221,0
PGYWW.US,5,20250929,213000,0.5245,0.5245,0.5174,0.5174,599,0
PGYWW.US,5,20250929,213500,0.521,0.521,0.521,0.521,1000,0
PGYWW.US,5,20250929,214500,0.5341,0.535,0.5341,0.5349,3742,0
PGYWW.US,5,20250929,215000,0.5287,0.5287,0.5287,0.5287,200,0
PGYWW.US,5,20250929,215500,0.535,0.535,0.535,0.535,200,0
PGYWW.US,5,20250930,153000,0.547,0.5511,0.547,0.5511,1103,0
PGYWW.US,5,20250930,155000,0.5511,0.5511,0.551,0.551,362,0
PGYWW.US,5,20250930,161000,0.5101,0.5101,0.4957,0.5,111612,0
PGYWW.US,5,20250930,165000,0.520002,0.520002,0.51,0.51,5200,0
PGYWW.US,5,20250930,165500,0.490501,0.490503,0.49,0.49,13000,0
PGYWW.US,5,20250930,170500,0.4737,0.48,0.4737,0.478,23508,0
PGYWW.US,5,20250930,172000,0.483,0.483,0.483,0.483,1675,0
PGYWW.US,5,20250930,172500,0.48,0.48,0.48,0.48,100,0
PGYWW.US,5,20250930,173000,0.479,0.479,0.4726,0.4726,5492,0
PGYWW.US,5,20250930,173500,0.4717,0.4732,0.4704,0.4732,5700,0
PGYWW.US,5,20250930,174000,0.47015,0.4706,0.47015,0.4706,2000,0
PGYWW.US,5,20250930,174500,0.4701,0.4701,0.4701,0.4701,2857,0
PGYWW.US,5,20250930,175000,0.4701,0.4701,0.47,0.4701,141455,0
PGYWW.US,5,20250930,175500,0.4701,0.4701,0.4701,0.4701,2994,0
PGYWW.US,5,20250930,181500,0.470203,0.470203,0.47,0.47,14025,0
PGYWW.US,5,20250930,182000,0.470199,0.470199,0.470199,0.470199,531,0
PGYWW.US,5,20250930,182500,0.470001,0.4701,0.470001,0.470064,4400,0
PGYWW.US,5,20250930,183500,0.474,0.474,0.474,0.474,2127,0
PGYWW.US,5,20250930,184000,0.470264,0.4703,0.470264,0.4703,200,0
PGYWW.US,5,20250930,184500,0.474,0.474,0.4711,0.474,8946,0
PGYWW.US,5,20250930,185000,0.4901,0.5,0.4901,0.5,200,0
PGYWW.US,5,20250930,191000,0.4981,0.5,0.4981,0.5,2400,0
PGYWW.US,5,20250930,203500,0.4728,0.4728,0.47,0.47,18946,0
PGYWW.US,5,20250930,204000,0.4745,0.4745,0.47,0.47,2600,0
PGYWW.US,5,20250930,204500,0.4701,0.4701,0.4701,0.4701,500,0
PGYWW.US,5,20250930,210000,0.47,0.47,0.47,0.47,500,0
PGYWW.US,5,20250930,214000,0.4976,0.5,0.4976,0.5,1339,0
PGYWW.US,5,20250930,214500,0.5,0.5003,0.5,0.5,2500,0
PGYWW.US,5,20250930,215000,0.5001,0.5001,0.5001,0.5001,200,0
PGYWW.US,5,20250930,215500,0.5001,0.5001,0.5001,0.5001,200,0
PGYWW.US,5,20251001,153000,0.59,0.61,0.59,0.61,3000,0
PGYWW.US,5,20251001,154000,0.61,0.61,0.61,0.61,2000,0
PGYWW.US,5,20251001,154500,0.6101,0.6101,0.6074,0.6074,5500,0
PGYWW.US,5,20251001,155000,0.5599,0.5599,0.55,0.55,6600,0
PGYWW.US,5,20251001,155500,0.5599,0.56,0.5599,0.56,200,0
PGYWW.US,5,20251001,160000,0.5542,0.5542,0.5542,0.5542,500,0
PGYWW.US,5,20251001,160500,0.5469,0.5469,0.5469,0.5469,500,0
PGYWW.US,5,20251001,161500,0.5347,0.5347,0.5347,0.5347,3000,0
PGYWW.US,5,20251001,162000,0.5398,0.5398,0.5398,0.5398,350,0
PGYWW.US,5,20251001,164000,0.5211,0.5211,0.5211,0.5211,750,0
PGYWW.US,5,20251001,171000,0.531,0.531,0.5244,0.5244,1300,0
PGYWW.US,5,20251001,171500,0.5211,0.5211,0.5211,0.5211,300,0
PGYWW.US,5,20251001,174000,0.525,0.5325,0.525,0.5325,1585,0
PGYWW.US,5,20251001,175000,0.53375,0.53375,0.53375,0.53375,1000,0
PGYWW.US,5,20251001,181000,0.53625,0.53625,0.53625,0.53625,990,0
PGYWW.US,5,20251001,184000,0.5362,0.5362,0.5362,0.5362,1500,0
PGYWW.US,5,20251001,184500,0.539,0.539,0.539,0.539,754,0
PGYWW.US,5,20251001,190500,0.5375,0.539,0.5337,0.539,1054,0
PGYWW.US,5,20251001,191000,0.539,0.54,0.539,0.54,1246,0
PGYWW.US,5,20251001,192000,0.5838,0.5838,0.5838,0.5838,3000,0
PGYWW.US,5,20251001,193500,0.5687,0.5725,0.5687,0.5724,5300,0
PGYWW.US,5,20251001,195000,0.55,0.55,0.55,0.55,750,0
PGYWW.US,5,20251001,195500,0.54,0.54,0.54,0.54,1000,0
PGYWW.US,5,20251001,200000,0.5461,0.5461,0.5461,0.5461,2000,0
PGYWW.US,5,20251001,201500,0.54,0.54,0.54,0.54,100,0
PGYWW.US,5,20251001,202000,0.5401,0.5401,0.540051,0.5401,1100,0
PGYWW.US,5,20251001,204500,0.55375,0.55375,0.55375,0.55375,136,0
PGYWW.US,5,20251001,210500,0.55,0.55,0.55,0.55,2600,0
PGYWW.US,5,20251001,213500,0.5401,0.5401,0.5401,0.5401,7700,0
PGYWW.US,5,20251001,214000,0.5501,0.5501,0.55,0.55,484,0
PGYWW.US,5,20251001,214500,0.55,0.55,0.55,0.55,2000,0
PGYWW.US,5,20251001,215000,0.5401,0.5401,0.5401,0.5401,100,0
PGYWW.US,5,20251001,215500,0.5401,0.5401,0.5387,0.5387,6717,0
PGYWW.US,5,20251002,153000,0.57875,0.57875,0.57875,0.57875,1000,0
PGYWW.US,5,20251002,154000,0.597399,0.597399,0.597399,0.597399,900,0
PGYWW.US,5,20251002,155000,0.5975,0.5975,0.578,0.5975,2000,0
PGYWW.US,5,20251002,155500,0.5632,0.5632,0.5632,0.5632,567,0
PGYWW.US,5,20251002,161500,0.5579,0.5579,0.5579,0.5579,3100,0
PGYWW.US,5,20251002,163000,0.55375,0.55375,0.55375,0.55375,555,0
PGYWW.US,5,20251002,171000,0.5526,0.5526,0.5526,0.5526,800,0
PGYWW.US,5,20251002,173000,0.5476,0.5476,0.5476,0.5476,500,0
PGYWW.US,5,20251002,175000,0.55,0.55,0.54,0.5401,1567,0
PGYWW.US,5,20251002,185000,0.5675,0.5675,0.5675,0.5675,200,0
PGYWW.US,5,20251002,192500,0.5675,0.5675,0.5675,0.5675,1578,0
PGYWW.US,5,20251002,195000,0.5675,0.5675,0.5675,0.5675,200,0
PGYWW.US,5,20251002,205000,0.5599,0.5599,0.5599,0.5599,200,0
PGYWW.US,5,20251002,210000,0.5599,0.56,0.5599,0.56,2902,0
PGYWW.US,5,20251002,215000,0.56,0.56,0.56,0.56,200,0
PGYWW.US,5,20251002,215500,0.56,0.56,0.56,0.56,200,0
PGYWW.US,5,20251003,155000,0.6,0.6,0.6,0.6,833,0
PGYWW.US,5,20251003,170000,0.58,0.58,0.58,0.58,1200,0
PGYWW.US,5,20251003,170500,0.59,0.59749,0.59,0.59749,2350,0
PGYWW.US,5,20251003,175000,0.58,0.5974,0.58,0.58,7866,0
PGYWW.US,5,20251003,175500,0.58,0.58,0.5604,0.5626,317,0
PGYWW.US,5,20251003,181000,0.5597,0.563,0.55,0.55,2083,0
PGYWW.US,5,20251003,183500,0.544999,0.544999,0.544999,0.544999,450,0
PGYWW.US,5,20251003,184500,0.55,0.55,0.545,0.5461,1517,0
PGYWW.US,5,20251003,193500,0.55,0.55,0.55,0.55,1836,0
PGYWW.US,5,20251003,202000,0.5451,0.5451,0.5451,0.5451,1245,0
PGYWW.US,5,20251003,203000,0.5408,0.5408,0.5408,0.5408,1000,0
PGYWW.US,5,20251003,203500,0.5408,0.5408,0.5408,0.5408,100,0
PGYWW.US,5,20251003,205000,0.5408,0.5408,0.5408,0.5408,100,0
PGYWW.US,5,20251003,205500,0.5407,0.5407,0.54,0.54,2350,0
PGYWW.US,5,20251003,211000,0.53,0.5301,0.53,0.5301,200,0
PGYWW.US,5,20251003,212000,0.5213,0.5213,0.512,0.512,1287,0
PGYWW.US,5,20251003,213000,0.512098,0.5121,0.512,0.512,2600,0
PGYWW.US,5,20251003,213500,0.512,0.52,0.512,0.52,1800,0
PGYWW.US,5,20251003,214500,0.520001,0.520001,0.52,0.52,3200,0
PGYWW.US,5,20251003,215000,0.5121,0.5121,0.5014,0.5014,1955,0
PGYWW.US,5,20251003,215500,0.5002,0.512,0.500164,0.512,1648,0
PGYWW.US,5,20251006,160000,0.52,0.52,0.52,0.52,700,0
PGYWW.US,5,20251006,170000,0.5725,0.5725,0.5725,0.5725,400,0
PGYWW.US,5,20251006,174000,0.5325,0.54,0.510101,0.510101,2350,0
PGYWW.US,5,20251006,175500,0.5108,0.5108,0.5108,0.5108,800,0
PGYWW.US,5,20251006,185000,0.52,0.52,0.52,0.52,100,0
PGYWW.US,5,20251006,193500,0.5201,0.5201,0.5201,0.5201,1954,0
PGYWW.US,5,20251006,200000,0.527239,0.527239,0.527239,0.527239,900,0
PGYWW.US,5,20251006,211000,0.5207,0.5207,0.5207,0.5207,3000,0
PGYWW.US,5,20251006,214000,0.57,0.57,0.529501,0.529501,1100,0
PGYWW.US,5,20251007,155000,0.5905,0.5905,0.5905,0.5905,400,0
PGYWW.US,5,20251007,155500,0.5665,0.5665,0.5665,0.5665,200,0
PGYWW.US,5,20251007,162500,0.55,0.55,0.55,0.55,100,0
PGYWW.US,5,20251007,175000,0.5728,0.5728,0.5728,0.5728,2700,0
PGYWW.US,5,20251007,175500,0.55,0.5501,0.55,0.5501,2000,0
PGYWW.US,5,20251007,180500,0.5588,0.5588,0.5203,0.5203,12528,0
PGYWW.US,5,20251007,181000,0.5172,0.5203,0.5112,0.5203,1200,0
PGYWW.US,5,20251007,182500,0.5462,0.5462,0.5462,0.5462,100,0
PGYWW.US,5,20251007,183000,0.564899,0.564899,0.510001,0.510001,3550,0
PGYWW.US,5,20251007,195000,0.5105,0.5105,0.5105,0.5105,100,0
PGYWW.US,5,20251007,200000,0.5112,0.512,0.51,0.51,4963,0
PGYWW.US,5,20251007,200500,0.515,0.515,0.5112,0.514,1200,0
PGYWW.US,5,20251007,201000,0.5102,0.5102,0.5102,0.5102,200,0
PGYWW.US,5,20251007,204500,0.5112,0.5699,0.5101,0.5432,2000,0
PGYWW.US,5,20251007,210000,0.559,0.575,0.5428,0.5548,1750,0
PGYWW.US,5,20251007,212000,0.5123,0.513,0.5101,0.5101,3392,0
PGYWW.US,5,20251007,213000,0.528,0.528,0.5101,0.5101,7260,0
PGYWW.US,5,20251007,215000,0.5101,0.5101,0.5101,0.5101,100,0
PGYWW.US,5,20251007,215500,0.515,0.515,0.5101,0.5101,2239,0
PGYWW.US,5,20251008,155000,0.5476,0.5476,0.545,0.545,5840,0
PGYWW.US,5,20251008,160000,0.5623,0.5623,0.5623,0.5623,100,0
PGYWW.US,5,20251008,160500,0.545,0.5451,0.545,0.545,1000,0
PGYWW.US,5,20251008,162000,0.5123,0.5123,0.5114,0.5121,2000,0
PGYWW.US,5,20251008,162500,0.515,0.515,0.515,0.515,100,0
PGYWW.US,5,20251008,164500,0.515,0.515,0.515,0.515,100,0
PGYWW.US,5,20251008,165000,0.54,0.54,0.54,0.54,200,0
PGYWW.US,5,20251008,165500,0.515,0.515,0.515,0.515,100,0
PGYWW.US,5,20251008,175000,0.54,0.54,0.5374,0.5374,200,0
PGYWW.US,5,20251008,185000,0.5369,0.5369,0.5262,0.5262,300,0
PGYWW.US,5,20251008,195500,0.5262,0.5262,0.5262,0.5262,101,0
PGYWW.US,5,20251008,201000,0.532181,0.532181,0.532181,0.532181,500,0
PGYWW.US,5,20251008,202500,0.537,0.537,0.537,0.537,100,0
PGYWW.US,5,20251008,205000,0.534,0.534,0.534,0.534,200,0
PGYWW.US,5,20251008,211500,0.5382,0.5382,0.5382,0.5382,875,0
PGYWW.US,5,20251008,212000,0.52,0.52,0.5151,0.5169,917,0
PGYWW.US,5,20251008,212500,0.5152,0.5152,0.5152,0.5152,300,0
PGYWW.US,5,20251008,213500,0.515,0.515,0.515,0.515,100,0
PGYWW.US,5,20251008,214500,0.5151,0.5151,0.5151,0.5151,599,0
PGYWW.US,5,20251008,215500,0.5151,0.5152,0.5151,0.5151,914,0
PGYWW.US,5,20251009,161500,0.5301,0.5301,0.5103,0.5103,533,0
PGYWW.US,5,20251009,163000,0.5103,0.5104,0.5103,0.5104,200,0
PGYWW.US,5,20251009,164500,0.52,0.52,0.52,0.52,300,0
PGYWW.US,5,20251009,170000,0.52,0.52,0.52,0.52,100,0
PGYWW.US,5,20251009,180000,0.5201,0.5201,0.5201,0.5201,346,0
PGYWW.US,5,20251009,182500,0.5304,0.5304,0.5304,0.5304,1000,0
PGYWW.US,5,20251009,190000,0.52,0.52,0.52,0.52,100,0
PGYWW.US,5,20251009,191000,0.5201,0.5201,0.5104,0.5104,2012,0
PGYWW.US,5,20251009,191500,0.5104,0.5105,0.5104,0.5104,2276,0
PGYWW.US,5,20251009,194000,0.5105,0.5105,0.5105,0.5105,600,0
PGYWW.US,5,20251009,195500,0.52,0.52,0.5104,0.5104,9509,0
PGYWW.US,5,20251009,201500,0.5105,0.5105,0.5104,0.5104,2000,0
PGYWW.US,5,20251009,205500,0.5104,0.5104,0.5104,0.5104,100,0
PGYWW.US,5,20251009,215500,0.537,0.537,0.537,0.537,200,0
PGYWW.US,5,20251010,153000,0.5397,0.5397,0.5397,0.5397,600,0
PGYWW.US,5,20251010,154500,0.5142,0.5142,0.5142,0.5142,600,0
PGYWW.US,5,20251010,155000,0.5311,0.5311,0.5311,0.5311,251,0
PGYWW.US,5,20251010,155500,0.511301,0.511301,0.511301,0.511301,700,0
PGYWW.US,5,20251010,160000,0.5113,0.5113,0.5113,0.5113,100,0
PGYWW.US,5,20251010,160500,0.5113,0.5113,0.5113,0.5113,100,0
PGYWW.US,5,20251010,162500,0.5111,0.52,0.511,0.5199,8798,0
PGYWW.US,5,20251010,163500,0.52,0.52,0.52,0.52,100,0
PGYWW.US,5,20251010,165000,0.5309,0.55,0.5159,0.5159,6378,0
PGYWW.US,5,20251010,165500,0.5208,0.5208,0.5208,0.5208,200,0
PGYWW.US,5,20251010,171500,0.549899,0.549899,0.549899,0.549899,1000,0
PGYWW.US,5,20251010,173000,0.511101,0.530551,0.511101,0.530551,3300,0
PGYWW.US,5,20251010,174000,0.5325,0.5325,0.5111,0.5111,3650,0
PGYWW.US,5,20251010,174500,0.5298,0.5298,0.52,0.52,1467,0
PGYWW.US,5,20251010,175000,0.53,0.53,0.53,0.53,200,0
PGYWW.US,5,20251010,175500,0.52,0.52,0.52,0.52,100,0
PGYWW.US,5,20251010,185000,0.5297,0.5297,0.5297,0.5297,200,0
PGYWW.US,5,20251010,185500,0.52,0.521,0.52,0.52,8800,0
PGYWW.US,5,20251010,190000,0.5112,0.5112,0.5112,0.5112,1100,0
PGYWW.US,5,20251010,190500,0.5111,0.5111,0.5111,0.5111,1167,0
PGYWW.US,5,20251010,191000,0.5111,0.5111,0.511,0.511,3609,0
PGYWW.US,5,20251010,192000,0.5111,0.5111,0.5111,0.5111,366,0
PGYWW.US,5,20251010,192500,0.5111,0.5889,0.5111,0.5889,9900,0
PGYWW.US,5,20251010,193000,0.5126,0.5126,0.5126,0.5126,700,0
PGYWW.US,5,20251010,201500,0.521,0.521,0.52,0.521,500,0
PGYWW.US,5,20251010,203500,0.53,0.53,0.53,0.53,700,0
PGYWW.US,5,20251010,204500,0.53,0.53,0.53,0.53,100,0
PGYWW.US,5,20251010,205500,0.53,0.53,0.53,0.53,766,0
PGYWW.US,5,20251010,213500,0.5427,0.5488,0.54,0.5488,363,0
PGYWW.US,5,20251010,214000,0.54,0.54,0.54,0.54,300,0
PGYWW.US,5,20251010,215000,0.545,0.545,0.545,0.545,100,0
PGYWW.US,5,20251010,215500,0.545,0.549,0.511,0.511,16600,0
PGYWW.US,5,20251013,160000,0.53,0.53,0.5,0.527499,2176,0
PGYWW.US,5,20251013,164500,0.5,0.5,0.5,0.5,324,0
PGYWW.US,5,20251013,165000,0.4975,0.4975,0.4975,0.4975,200,0
PGYWW.US,5,20251013,165500,0.4972,0.4972,0.4972,0.4972,100,0
PGYWW.US,5,20251013,172000,0.4894,0.4894,0.4894,0.4894,100,0
PGYWW.US,5,20251013,174000,0.4851,0.4851,0.485,0.485,4100,0
PGYWW.US,5,20251013,174500,0.4848,0.4849,0.4802,0.4849,1930,0
PGYWW.US,5,20251013,175000,0.4849,0.4849,0.4849,0.4849,200,0
PGYWW.US,5,20251013,175500,0.4849,0.4849,0.4849,0.4849,600,0
PGYWW.US,5,20251013,181500,0.4827,0.4827,0.4827,0.4827,222,0
PGYWW.US,5,20251013,185000,0.4875,0.4875,0.4875,0.4875,200,0
PGYWW.US,5,20251013,190500,0.4837,0.4837,0.4837,0.4837,100,0
PGYWW.US,5,20251013,194000,0.489,0.5,0.4889,0.5,13222,0
PGYWW.US,5,20251013,194500,0.5,0.5001,0.5,0.5001,1000,0
PGYWW.US,5,20251013,201000,0.5,0.5,0.5,0.5,3000,0
PGYWW.US,5,20251014,154000,0.505,0.505,0.5,0.5,694,0
PGYWW.US,5,20251014,154500,0.48,0.4801,0.48,0.4801,510,0
PGYWW.US,5,20251014,160000,0.5039,0.5039,0.5039,0.5039,449,0
PGYWW.US,5,20251014,161500,0.5038,0.5038,0.5038,0.5038,480,0
PGYWW.US,5,20251014,162000,0.5078,0.5375,0.5078,0.5375,14848,0
PGYWW.US,5,20251014,164000,0.5001,0.5051,0.4851,0.5051,15000,0
PGYWW.US,5,20251014,165500,0.516299,0.516299,0.516299,0.516299,1000,0
PGYWW.US,5,20251014,172500,0.4953,0.4953,0.4953,0.4953,100,0
PGYWW.US,5,20251014,185500,0.5275,0.5275,0.5275,0.5275,1000,0
PGYWW.US,5,20251014,192000,0.51,0.51,0.51,0.51,200,0
PGYWW.US,5,20251014,192500,0.5499,0.5499,0.5263,0.5498,16100,0
PGYWW.US,5,20251014,193000,0.5494,0.555,0.5125,0.5151,31841,0
PGYWW.US,5,20251014,201500,0.53,0.53,0.53,0.53,900,0
PGYWW.US,5,20251014,202000,0.53,0.53,0.53,0.53,200,0
PGYWW.US,5,20251014,202500,0.5205,0.55,0.5205,0.55,4393,0
PGYWW.US,5,20251014,211000,0.55,0.55,0.5226,0.5226,600,0
PGYWW.US,5,20251014,211500,0.55,0.55,0.5499,0.5499,10000,0
PGYWW.US,5,20251014,213500,0.5105,0.5105,0.5105,0.5105,1215,0
PGYWW.US,5,20251014,215000,0.54,0.54,0.54,0.54,200,0
PGYWW.US,5,20251014,215500,0.54,0.54,0.54,0.54,200,0
PGYWW.US,5,20251015,155000,0.594899,0.594899,0.594899,0.594899,350,0
PGYWW.US,5,20251015,162500,0.57,0.57,0.5699,0.5699,6000,0
PGYWW.US,5,20251015,182000,0.5031,0.5031,0.5011,0.5018,2944,0
PGYWW.US,5,20251015,182500,0.5018,0.5018,0.5011,0.5018,6309,0
PGYWW.US,5,20251015,184000,0.5044,0.5044,0.5015,0.5015,4948,0
PGYWW.US,5,20251015,191000,0.5366,0.5366,0.5366,0.5366,100,0
PGYWW.US,5,20251015,213000,0.5098,0.52,0.5062,0.52,5000,0
PGYWW.US,5,20251016,154000,0.5765,0.5765,0.5765,0.5765,250,0
PGYWW.US,5,20251016,161000,0.5124,0.5124,0.5124,0.5124,100,0
PGYWW.US,5,20251016,164500,0.5008,0.5008,0.5008,0.5008,809,0
PGYWW.US,5,20251016,165000,0.5287,0.5287,0.5287,0.5287,114,0
PGYWW.US,5,20251016,182500,0.5008,0.5008,0.5008,0.5008,3000,0
PGYWW.US,5,20251016,184000,0.5008,0.5008,0.5008,0.5008,2155,0
PGYWW.US,5,20251016,201500,0.5008,0.5008,0.5008,0.5008,400,0
PGYWW.US,5,20251016,213000,0.5008,0.5008,0.5008,0.5008,386,0
PGYWW.US,5,20251017,163500,0.5005,0.5005,0.5005,0.5005,265,0
PGYWW.US,5,20251017,164000,0.4921,0.4921,0.49,0.4901,300,0
PGYWW.US,5,20251017,164500,0.4806,0.49,0.4725,0.49,5689,0
PGYWW.US,5,20251017,171500,0.48,0.48,0.48,0.48,300,0
PGYWW.US,5,20251017,172500,0.47,0.47,0.47,0.47,110,0
PGYWW.US,5,20251017,175000,0.479999,0.479999,0.479999,0.479999,500,0
PGYWW.US,5,20251017,182000,0.4788,0.4788,0.4788,0.4788,3000,0
PGYWW.US,5,20251017,182500,0.4701,0.4703,0.4701,0.4703,500,0
PGYWW.US,5,20251017,191000,0.47,0.47,0.47,0.47,100,0
PGYWW.US,5,20251017,195500,0.4701,0.4701,0.4701,0.4701,300,0
PGYWW.US,5,20251017,200000,0.4701,0.4701,0.4701,0.4701,900,0
PGYWW.US,5,20251017,202500,0.489,0.506,0.4877,0.495,39192,0
PGYWW.US,5,20251017,210000,0.4901,0.4901,0.4901,0.4901,100,0
PGYWW.US,5,20251017,210500,0.4901,0.4901,0.4901,0.4901,400,0
PGYWW.US,5,20251017,212500,0.4901,0.4901,0.4901,0.4901,7100,0
PGYWW.US,5,20251017,213000,0.4901,0.4901,0.4901,0.4901,300,0
PGYWW.US,5,20251017,213500,0.4902,0.4902,0.4902,0.4902,100,0
PGYWW.US,5,20251020,153500,0.4902,0.5099,0.4901,0.5098,6503,0
PGYWW.US,5,20251020,154000,0.51,0.51,0.51,0.51,4241,0
PGYWW.US,5,20251020,155000,0.534999,0.535,0.534999,0.535,1905,0
PGYWW.US,5,20251020,171000,0.535,0.535,0.535,0.535,300,0
PGYWW.US,5,20251020,180500,0.529899,0.53,0.5187,0.5187,3569,0
PGYWW.US,5,20251020,184500,0.5151,0.5151,0.5151,0.5151,100,0
PGYWW.US,5,20251020,190500,0.5151,0.5151,0.5151,0.5151,200,0
PGYWW.US,5,20251020,204000,0.53,0.53,0.5299,0.5299,200,0
PGYWW.US,5,20251020,205000,0.522499,0.53,0.5187,0.5225,4090,0
PGYWW.US,5,20251020,205500,0.5231,0.5231,0.5168,0.5168,1500,0
PGYWW.US,5,20251020,211500,0.5203,0.525,0.5203,0.5206,1300,0
PGYWW.US,5,20251020,214500,0.52,0.52,0.52,0.52,200,0
PGYWW.US,5,20251020,215000,0.52,0.52,0.52,0.52,500,0
PGYWW.US,5,20251021,155000,0.511001,0.511001,0.503,0.503,4092,0
PGYWW.US,5,20251021,161500,0.505,0.5056,0.505,0.5056,3126,0
PGYWW.US,5,20251021,171000,0.5284,0.5284,0.5284,0.5284,5000,0
PGYWW.US,5,20251021,172500,0.53,0.53,0.53,0.53,200,0
PGYWW.US,5,20251021,174000,0.53,0.53,0.53,0.53,748,0
PGYWW.US,5,20251021,184000,0.535,0.535,0.53,0.53,7665,0
PGYWW.US,5,20251021,192500,0.5301,0.5301,0.5301,0.5301,352,0
PGYWW.US,5,20251021,202500,0.53,0.5301,0.53,0.5301,202,0
PGYWW.US,5,20251021,211000,0.53,0.5301,0.53,0.5301,3372,0
PGYWW.US,5,20251021,212500,0.52,0.5201,0.51,0.51,24000,0
PGYWW.US,5,20251021,215500,0.5101,0.5101,0.51,0.51,1000,0
PGYWW.US,5,20251022,155000,0.5051,0.5051,0.5,0.5,496,0
PGYWW.US,5,20251022,161000,0.49,0.4901,0.49,0.49,6800,0
PGYWW.US,5,20251022,161500,0.49,0.4901,0.49,0.4901,200,0
PGYWW.US,5,20251022,163000,0.494928,0.494928,0.494928,0.494928,900,0
PGYWW.US,5,20251022,180000,0.51,0.51,0.5099,0.5099,1400,0
PGYWW.US,5,20251022,181500,0.5001,0.5001,0.5,0.5001,2218,0
PGYWW.US,5,20251022,184000,0.4902,0.4903,0.4901,0.4901,3400,0
PGYWW.US,5,20251022,190500,0.4958,0.4958,0.4958,0.4958,2000,0
PGYWW.US,5,20251022,192000,0.4901,0.4901,0.4901,0.4901,100,0
PGYWW.US,5,20251022,203500,0.4901,0.495,0.4901,0.4902,4200,0
PGYWW.US,5,20251022,211500,0.49035,0.49035,0.49035,0.49035,157,0
PGYWW.US,5,20251022,212000,0.4904,0.5001,0.4904,0.5,10850,0
PGYWW.US,5,20251022,212500,0.4959,0.4959,0.4924,0.493004,2500,0
PGYWW.US,5,20251022,214500,0.5,0.5,0.5,0.5,200,0
PGYWW.US,5,20251023,155000,0.5099,0.5099,0.5021,0.5021,493,0
PGYWW.US,5,20251023,190000,0.5021,0.5021,0.4902,0.4902,2000,0
PGYWW.US,5,20251023,191500,0.4905,0.4906,0.4902,0.4902,7910,0
PGYWW.US,5,20251023,194500,0.4901,0.4902,0.4901,0.4901,4265,0
PGYWW.US,5,20251023,201500,0.5039,0.5039,0.5039,0.5039,650,0
PGYWW.US,5,20251023,203500,0.524,0.525,0.524,0.5249,3800,0
PGYWW.US,5,20251023,213000,0.4903,0.4903,0.4901,0.4901,1078,0
PGYWW.US,5,20251024,154500,0.51,0.51,0.51,0.51,755,0
PGYWW.US,5,20251024,164000,0.51,0.51,0.4955,0.4956,8084,0
PGYWW.US,5,20251024,181500,0.5,0.5,0.5,0.5,356,0
PGYWW.US,5,20251027,143500,0.517501,0.517501,0.517501,0.517501,1000,0
PGYWW.US,5,20251027,144000,0.5167,0.5167,0.5167,0.5167,200,0
PGYWW.US,5,20251027,152000,0.52,0.52,0.52,0.52,1600,0
PGYWW.US,5,20251027,152500,0.52,0.5201,0.511,0.511,18800,0
PGYWW.US,5,20251027,153000,0.51,0.51,0.51,0.51,100,0
PGYWW.US,5,20251027,153500,0.51,0.51,0.51,0.51,100,0
PGYWW.US,5,20251027,155000,0.5101,0.5101,0.51,0.51,1000,0
PGYWW.US,5,20251027,161000,0.5101,0.5101,0.51,0.51,15700,0
PGYWW.US,5,20251027,201500,0.510001,0.510001,0.510001,0.510001,3000,0
PGYWW.US,5,20251027,202500,0.51,0.51,0.51,0.51,2000,0
PGYWW.US,5,20251027,203000,0.51,0.5146,0.51,0.5146,8000,0
PGYWW.US,5,20251027,203500,0.51,0.5124,0.4963,0.4963,6474,0
PGYWW.US,5,20251027,204500,0.4961,0.496137,0.4956,0.4957,2900,0
PGYWW.US,5,20251028,143000,0.5198,0.5198,0.5198,0.5198,100,0
PGYWW.US,5,20251028,150000,0.52,0.52,0.52,0.52,100,0
PGYWW.US,5,20251028,154000,0.530001,0.530001,0.525,0.525,6801,0
PGYWW.US,5,20251028,160500,0.52,0.5244,0.52,0.5244,5100,0
PGYWW.US,5,20251028,163500,0.52,0.52,0.52,0.52,100,0
PGYWW.US,5,20251028,164000,0.5275,0.5275,0.5275,0.5275,173,0
PGYWW.US,5,20251028,165000,0.52,0.52,0.52,0.52,100,0
PGYWW.US,5,20251028,165500,0.52,0.520001,0.52,0.520001,9400,0
PGYWW.US,5,20251028,172500,0.5,0.5113,0.5,0.5001,30000,0
PGYWW.US,5,20251028,175500,0.5128,0.5128,0.5127,0.5127,2430,0
PGYWW.US,5,20251028,181000,0.4961,0.4961,0.4961,0.4961,100,0
PGYWW.US,5,20251028,191500,0.5,0.5001,0.4958,0.4958,1453,0
PGYWW.US,5,20251028,193500,0.4959,0.4959,0.4901,0.4901,3594,0
PGYWW.US,5,20251028,194000,0.49,0.49,0.49,0.49,219,0
PGYWW.US,5,20251028,194500,0.4901,0.4901,0.4901,0.4901,124,0
PGYWW.US,5,20251028,195500,0.49,0.49,0.49,0.49,14789,0
PGYWW.US,5,20251028,201000,0.49005,0.4901,0.49005,0.49009,1000,0
PGYWW.US,5,20251028,201500,0.4902,0.5,0.4901,0.5,1406,0
PGYWW.US,5,20251028,205000,0.5096,0.5096,0.5,0.5,17347,0
PGYWW.US,5,20251028,205500,0.4949,0.4949,0.4949,0.4949,1000,0
PGYWW.US,5,20251029,145000,0.5,0.5,0.5,0.5,100,0
PGYWW.US,5,20251029,151000,0.5125,0.5125,0.5125,0.5125,3000,0
PGYWW.US,5,20251029,151500,0.54,0.54,0.54,0.54,100,0
PGYWW.US,5,20251029,153500,0.4906,0.4906,0.4902,0.4902,3000,0
PGYWW.US,5,20251029,154000,0.4903,0.4903,0.4903,0.4903,100,0
PGYWW.US,5,20251029,154500,0.4902,0.4902,0.4902,0.4902,250,0
PGYWW.US,5,20251029,162500,0.4902,0.4903,0.4902,0.4902,1900,0
PGYWW.US,5,20251029,163500,0.4904,0.515098,0.4901,0.490201,6700,0
PGYWW.US,5,20251029,175500,0.4901,0.4902,0.4901,0.4901,2778,0
PGYWW.US,5,20251029,180500,0.4901,0.4901,0.4901,0.4901,250,0
PGYWW.US,5,20251029,184000,0.4901,0.4902,0.4901,0.4902,500,0
PGYWW.US,5,20251029,184500,0.4902,0.4902,0.4901,0.4902,1000,0
PGYWW.US,5,20251029,192500,0.5169,0.5169,0.5169,0.5169,100,0
PGYWW.US,5,20251029,200000,0.5,0.5,0.49,0.4901,10066,0
PGYWW.US,5,20251029,201500,0.5069,0.5069,0.5069,0.5069,7801,0
PGYWW.US,5,20251029,202000,0.4901,0.4901,0.4901,0.4901,2488,0
PGYWW.US,5,20251029,202500,0.4901,0.4902,0.49,0.4902,12000,0
PGYWW.US,5,20251029,203000,0.4901,0.4901,0.4901,0.4901,164,0
PGYWW.US,5,20251029,204000,0.49,0.49,0.49,0.49,400,0
PGYWW.US,5,20251029,204500,0.4901,0.4901,0.49,0.49,18000,0
PGYWW.US,5,20251029,205000,0.4901,0.4901,0.49,0.490064,2000,0
PGYWW.US,5,20251029,205500,0.4901,0.525,0.49,0.4951,10796,0
PGYWW.US,5,20251030,150000,0.5194,0.5194,0.5194,0.5194,500,0
PGYWW.US,5,20251030,164500,0.5006,0.5006,0.4911,0.5006,2361,0
PGYWW.US,5,20251030,165000,0.491201,0.491201,0.491201,0.491201,704,0
PGYWW.US,5,20251030,183500,0.49,0.4901,0.49,0.4901,804,0
PGYWW.US,5,20251030,193000,0.4901,0.4902,0.4901,0.4902,1800,0
PGYWW.US,5,20251031,150000,0.4902,0.4902,0.4902,0.4902,5000,0
PGYWW.US,5,20251031,150500,0.4901,0.4901,0.4901,0.4901,100,0
PGYWW.US,5,20251031,151500,0.4902,0.4902,0.49015,0.49019,800,0
PGYWW.US,5,20251031,164000,0.5225,0.5225,0.5073,0.5073,2000,0
PGYWW.US,5,20251031,165500,0.5225,0.5225,0.5224,0.5224,700,0
PGYWW.US,5,20251031,180000,0.51,0.51,0.51,0.51,1000,0
PGYWW.US,5,20251031,180500,0.5101,0.5101,0.5101,0.5101,2000,0
PGYWW.US,5,20251031,183500,0.5034,0.5034,0.5,0.5002,9250,0
PGYWW.US,5,20251031,190000,0.495,0.4951,0.495,0.4951,2093,0
PGYWW.US,5,20251031,191500,0.496,0.496,0.496,0.496,400,0
PGYWW.US,5,20251031,193000,0.4961,0.4961,0.496,0.496,2263,0
PGYWW.US,5,20251031,194000,0.496,0.4961,0.496,0.4961,2400,0
PGYWW.US,5,20251031,195000,0.496,0.496,0.496,0.496,100,0
PGYWW.US,5,20251031,195500,0.496,0.496,0.496,0.496,100,0
PGYWW.US,5,20251031,200500,0.4942,0.4951,0.4942,0.4942,1659,0
PGYWW.US,5,20251031,203500,0.497,0.497,0.497,0.497,100,0
PGYWW.US,5,20251103,153000,0.5225,0.5225,0.5225,0.5225,2000,0
PGYWW.US,5,20251103,162000,0.4955,0.4955,0.4955,0.4955,100,0
PGYWW.US,5,20251103,165000,0.5041,0.5041,0.5041,0.5041,400,0
PGYWW.US,5,20251103,180500,0.4975,0.4975,0.4975,0.4975,200,0
PGYWW.US,5,20251103,215000,0.4954,0.4955,0.49,0.4901,4956,0
PGYWW.US,5,20251104,153000,0.53,0.53,0.49,0.490001,8136,0
PGYWW.US,5,20251104,153500,0.49,0.497538,0.49,0.49,218994,0
PGYWW.US,5,20251104,154000,0.48,0.4801,0.475,0.475,450,0
PGYWW.US,5,20251104,154500,0.473,0.4786,0.471,0.4786,5480,0
PGYWW.US,5,20251104,160000,0.4855,0.4855,0.4855,0.4855,5000,0
PGYWW.US,5,20251104,183500,0.4936,0.4936,0.4936,0.4936,1000,0
PGYWW.US,5,20251104,191500,0.48,0.4801,0.4701,0.4701,9722,0
PGYWW.US,5,20251104,193000,0.4715,0.4715,0.4701,0.4701,391,0
PGYWW.US,5,20251104,193500,0.4701,0.4701,0.45,0.4555,5508,0
PGYWW.US,5,20251104,202000,0.4504,0.4504,0.4504,0.4504,100,0
PGYWW.US,5,20251105,160000,0.4505,0.4506,0.43,0.43,1620,0
PGYWW.US,5,20251105,162500,0.427499,0.427499,0.427499,0.427499,250,0
PGYWW.US,5,20251105,163000,0.42999,0.43,0.425,0.4275,9108,0
PGYWW.US,5,20251105,172500,0.452,0.452,0.452,0.452,500,0
PGYWW.US,5,20251105,175000,0.4361,0.4361,0.4302,0.4302,200,0
PGYWW.US,5,20251105,180500,0.4302,0.4302,0.4302,0.4302,100,0
PGYWW.US,5,20251105,183000,0.465,0.465,0.465,0.465,2000,0
PGYWW.US,5,20251105,185000,0.43,0.43,0.43,0.43,100,0
PGYWW.US,5,20251105,194500,0.455,0.455,0.455,0.455,100,0
PGYWW.US,5,20251105,195500,0.455,0.455,0.455,0.455,200,0
PGYWW.US,5,20251105,201500,0.431,0.431,0.431,0.431,100,0
PGYWW.US,5,20251105,205000,0.454,0.491,0.43,0.43,10771,0
PGYWW.US,5,20251105,205500,0.431,0.431,0.4301,0.4301,200,0
PGYWW.US,5,20251105,210000,0.4301,0.4301,0.43,0.43,600,0
PGYWW.US,5,20251105,210500,0.4301,0.4301,0.41,0.415,3318,0
PGYWW.US,5,20251105,211000,0.44,0.44,0.44,0.44,100,0
PGYWW.US,5,20251106,154500,0.4435,0.4435,0.4435,0.4435,250,0
PGYWW.US,5,20251106,164500,0.44,0.44,0.44,0.44,100,0
PGYWW.US,5,20251106,171500,0.4055,0.4132,0.4005,0.4132,2100,0
PGYWW.US,5,20251106,172500,0.400501,0.42,0.4005,0.42,5168,0
PGYWW.US,5,20251106,173000,0.42,0.42,0.4199,0.4199,400,0
PGYWW.US,5,20251106,173500,0.42,0.42,0.42,0.42,100,0
PGYWW.US,5,20251106,183500,0.4007,0.4007,0.4005,0.4005,14000,0
PGYWW.US,5,20251106,190000,0.405,0.405,0.4005,0.4005,965,0
PGYWW.US,5,20251106,194500,0.40975,0.418899,0.4005,0.4005,650,0
PGYWW.US,5,20251106,200500,0.4145,0.4145,0.4026,0.4026,1449,0
PGYWW.US,5,20251106,201000,0.4111,0.4111,0.411,0.411,200,0
PGYWW.US,5,20251106,210000,0.411,0.411,0.411,0.411,100,0
PGYWW.US,5,20251106,210500,0.411,0.411,0.411,0.411,100,0
PGYWW.US,5,20251106,211500,0.411,0.411,0.41,0.41,600,0
PGYWW.US,5,20251106,212000,0.4008,0.4008,0.4006,0.4007,3683,0
PGYWW.US,5,20251106,212500,0.4007,0.4007,0.400667,0.400667,200,0
PGYWW.US,5,20251106,213000,0.405,0.405,0.405,0.405,200,0
PGYWW.US,5,20251106,215500,0.405,0.405,0.405,0.405,100,0
PGYWW.US,5,20251107,153500,0.4,0.4,0.4,0.4,2299,0
PGYWW.US,5,20251107,160000,0.4,0.4,0.389951,0.389951,3050,0
PGYWW.US,5,20251107,161500,0.39,0.395,0.39,0.395,200,0
PGYWW.US,5,20251107,162000,0.3995,0.4,0.371065,0.371065,6124,0
PGYWW.US,5,20251107,165000,0.4,0.4,0.3969,0.4,1200,0
PGYWW.US,5,20251107,165500,0.39001,0.4,0.39001,0.4,2000,0
PGYWW.US,5,20251107,172000,0.39,0.39,0.39,0.39,100,0
PGYWW.US,5,20251107,173000,0.398,0.398,0.3979,0.3979,200,0
PGYWW.US,5,20251107,173500,0.398,0.398,0.398,0.398,150,0
PGYWW.US,5,20251107,174000,0.3941,0.3941,0.3941,0.3941,100,0
PGYWW.US,5,20251107,174500,0.39,0.39,0.39,0.39,100,0
PGYWW.US,5,20251107,175000,0.3901,0.3901,0.39,0.39001,500,0
PGYWW.US,5,20251107,175500,0.39,0.39001,0.3711,0.39,21002,0
PGYWW.US,5,20251107,181000,0.393499,0.393499,0.393499,0.393499,500,0
PGYWW.US,5,20251107,181500,0.3901,0.3901,0.39,0.39,1559,0
PGYWW.US,5,20251107,182000,0.3901,0.3901,0.3901,0.3901,100,0
PGYWW.US,5,20251107,185500,0.3712,0.3715,0.3601,0.3601,9353,0
PGYWW.US,5,20251107,191500,0.371999,0.39,0.371999,0.39,1600,0
PGYWW.US,5,20251107,194500,0.4,0.4,0.396684,0.396684,4272,0
PGYWW.US,5,20251107,205000,0.4001,0.4001,0.4001,0.4001,200,0
PGYWW.US,5,20251110,153000,0.4601,0.4601,0.4601,0.4601,400,0
PGYWW.US,5,20251110,153500,0.47,0.47,0.47,0.47,2000,0
PGYWW.US,5,20251110,154500,0.47,0.47,0.47,0.47,2600,0
PGYWW.US,5,20251110,155500,0.489,0.489,0.4755,0.4755,250,0
PGYWW.US,5,20251110,161000,0.4849,0.4849,0.4849,0.4849,4427,0
PGYWW.US,5,20251110,161500,0.4875,0.4876,0.4875,0.4876,5948,0
PGYWW.US,5,20251110,162000,0.4529,0.4529,0.4493,0.4529,700,0
PGYWW.US,5,20251110,163000,0.4749,0.4749,0.4749,0.4749,1000,0
PGYWW.US,5,20251110,163500,0.4749,0.4749,0.4749,0.4749,1500,0
PGYWW.US,5,20251110,164000,0.4601,0.4675,0.4601,0.4675,400,0
PGYWW.US,5,20251110,165000,0.46,0.46,0.46,0.46,3500,0
PGYWW.US,5,20251110,165500,0.46,0.46,0.46,0.46,5000,0
PGYWW.US,5,20251110,170000,0.46,0.46,0.46,0.46,428,0
PGYWW.US,5,20251110,171000,0.4601,0.4601,0.4601,0.4601,559,0
PGYWW.US,5,20251110,171500,0.46,0.46,0.46,0.46,200,0
PGYWW.US,5,20251110,174000,0.4601,0.4601,0.4601,0.4601,200,0
PGYWW.US,5,20251110,175500,0.46,0.46,0.46,0.46,864,0
PGYWW.US,5,20251110,180500,0.4458,0.4458,0.4458,0.4458,200,0
PGYWW.US,5,20251110,181500,0.4457,0.4457,0.4457,0.4457,100,0
PGYWW.US,5,20251110,185000,0.458,0.458,0.458,0.458,100,0
PGYWW.US,5,20251110,191000,0.4748,0.4748,0.4411,0.4411,1876,0
PGYWW.US,5,20251110,191500,0.4411,0.4411,0.4411,0.4411,3000,0
PGYWW.US,5,20251110,193000,0.458,0.458,0.458,0.458,250,0
PGYWW.US,5,20251110,195000,0.4635,0.4635,0.4635,0.4635,2000,0
PGYWW.US,5,20251110,203500,0.46,0.46,0.46,0.46,5000,0
PGYWW.US,5,20251110,204000,0.4431,0.4431,0.4431,0.4431,500,0
PGYWW.US,5,20251110,204500,0.4624,0.4624,0.45,0.45,5000,0
PGYWW.US,5,20251110,205500,0.4501,0.4501,0.4501,0.4501,600,0
PGYWW.US,5,20251110,210500,0.450001,0.450001,0.450001,0.450001,117,0
PGYWW.US,5,20251110,211000,0.450001,0.4501,0.450001,0.4501,248,0
PGYWW.US,5,20251110,212000,0.4501,0.4501,0.45,0.45,1800,0
PGYWW.US,5,20251110,212500,0.4411,0.45,0.441067,0.441067,4100,0
PGYWW.US,5,20251110,214000,0.45,0.45,0.4499,0.4499,300,0
PGYWW.US,5,20251111,170000,0.4401,0.4412,0.4125,0.4125,9700,0
PGYWW.US,5,20251111,171000,0.4667,0.4667,0.4667,0.4667,200,0
PGYWW.US,5,20251111,173500,0.466,0.466,0.4659,0.4659,10000,0
PGYWW.US,5,20251111,175500,0.4553,0.4553,0.4553,0.4553,1000,0
PGYWW.US,5,20251111,191500,0.45,0.45,0.45,0.45,100,0
PGYWW.US,5,20251112,154000,0.46,0.46,0.456,0.456,5246,0
PGYWW.US,5,20251112,154500,0.4667,0.4667,0.4667,0.4667,100,0
PGYWW.US,5,20251112,161500,0.4601,0.4667,0.45,0.45,5648,0
PGYWW.US,5,20251112,171000,0.4319,0.44,0.4319,0.44,453,0
PGYWW.US,5,20251112,180500,0.46,0.46,0.46,0.46,100,0
PGYWW.US,5,20251112,192500,0.4319,0.4319,0.4319,0.4319,2000,0
PGYWW.US,5,20251112,195000,0.43,0.4349,0.43,0.4332,300,0
PGYWW.US,5,20251112,210500,0.4599,0.4599,0.4599,0.4599,100,0
PGYWW.US,5,20251112,214500,0.4499,0.4599,0.4499,0.4599,200,0
PGYWW.US,5,20251112,215000,0.45,0.4599,0.45,0.45,1108,0
PGYWW.US,5,20251113,154500,0.465,0.465,0.462401,0.465,1200,0
PGYWW.US,5,20251113,155500,0.4623,0.4623,0.4598,0.4623,1500,0
PGYWW.US,5,20251113,165000,0.4337,0.4392,0.43,0.43,16421,0
PGYWW.US,5,20251113,165500,0.42,0.42,0.36,0.3601,1354,0
PGYWW.US,5,20251113,172500,0.37,0.3701,0.37,0.3701,67297,0
PGYWW.US,5,20251113,173000,0.37,0.379299,0.37,0.3702,144432,0
PGYWW.US,5,20251113,175000,0.38,0.38,0.38,0.38,100,0
PGYWW.US,5,20251113,175500,0.39,0.39,0.39,0.39,500,0
PGYWW.US,5,20251113,180000,0.39,0.39,0.39,0.39,2000,0
PGYWW.US,5,20251113,181000,0.39,0.39,0.39,0.39,2000,0
PGYWW.US,5,20251113,202000,0.39,0.39,0.3864,0.3864,600,0
PGYWW.US,5,20251113,212500,0.3701,0.3701,0.3701,0.3701,800,0
PGYWW.US,5,20251113,215500,0.4,0.4,0.4,0.4,100,0
PGYWW.US,5,20251114,154000,0.39,0.39,0.3701,0.3701,12320,0
PGYWW.US,5,20251114,154500,0.375,0.375,0.3709,0.371,9200,0
PGYWW.US,5,20251114,155000,0.371,0.371,0.371,0.371,6200,0
PGYWW.US,5,20251114,160000,0.371,0.371,0.371,0.371,29645,0
PGYWW.US,5,20251114,160500,0.371,0.371,0.37,0.37,16600,0
PGYWW.US,5,20251114,161500,0.3701,0.3701,0.37,0.37,35650,0
PGYWW.US,5,20251114,162000,0.37,0.37,0.37,0.37,1300,0
PGYWW.US,5,20251114,163000,0.3701,0.3708,0.3701,0.3701,12100,0
PGYWW.US,5,20251114,163500,0.3701,0.3701,0.3701,0.3701,100,0
PGYWW.US,5,20251114,164000,0.3702,0.3702,0.3702,0.3702,400,0
PGYWW.US,5,20251114,164500,0.3702,0.3702,0.3702,0.3702,5150,0
PGYWW.US,5,20251114,165000,0.3702,0.3702,0.3702,0.3702,5000,0
PGYWW.US,5,20251114,165500,0.3702,0.3702,0.3702,0.3702,500,0
PGYWW.US,5,20251114,170500,0.37015,0.37015,0.37015,0.37015,200,0
PGYWW.US,5,20251114,171000,0.3702,0.3706,0.3702,0.3706,8800,0
PGYWW.US,5,20251114,171500,0.375,0.375,0.3715,0.3715,800,0
PGYWW.US,5,20251114,173000,0.3801,0.3801,0.3801,0.3801,100,0
PGYWW.US,5,20251114,181000,0.371,0.371,0.3701,0.3707,10412,0
PGYWW.US,5,20251114,190000,0.3708,0.3708,0.3708,0.3708,100,0
PGYWW.US,5,20251114,211000,0.3701,0.3701,0.3701,0.3701,500,0
PGYWW.US,5,20251114,212000,0.409999,0.409999,0.409999,0.409999,200,0
PGYWW.US,5,20251114,214000,0.3701,0.3701,0.3701,0.3701,800,0
PGYWW.US,5,20251114,215000,0.3701,0.3701,0.3701,0.3701,3600,0
PGYWW.US,5,20251114,215500,0.37,0.37,0.37,0.37,4090,0
PGYWW.US,5,20251117,155000,0.3901,0.3901,0.3901,0.3901,100,0
PGYWW.US,5,20251117,165500,0.3801,0.3801,0.3801,0.3801,100,0
PGYWW.US,5,20251117,200500,0.3843,0.3843,0.3843,0.3843,3000,0
PGYWW.US,5,20251117,203500,0.3801,0.3801,0.3801,0.3801,200,0
PGYWW.US,5,20251117,204500,0.3701,0.375,0.37,0.37,48112,0
PGYWW.US,5,20251117,205000,0.37,0.3701,0.37,0.37,6439,0
PGYWW.US,5,20251117,205500,0.3701,0.3701,0.3701,0.3701,700,0
PGYWW.US,5,20251117,210000,0.3701,0.3703,0.3701,0.3702,1400,0
PGYWW.US,5,20251117,214000,0.3701,0.3701,0.37,0.37,3625,0
PGYWW.US,5,20251117,214500,0.36005,0.3601,0.36,0.3601,602,0
PGYWW.US,5,20251117,215000,0.3601,0.3601,0.360066,0.360066,400,0
PGYWW.US,5,20251117,215500,0.3602,0.3602,0.3602,0.3602,133,0
PGYWW.US,5,20251118,173500,0.3703,0.3703,0.3703,0.3703,1000,0
PGYWW.US,5,20251118,182000,0.3705,0.3705,0.3705,0.3705,700,0
PGYWW.US,5,20251118,212000,0.3713,0.3713,0.3711,0.3711,2000,0
PGYWW.US,5,20251119,160000,0.41,0.41,0.41,0.41,500,0
PGYWW.US,5,20251119,161500,0.408,0.408,0.408,0.408,1500,0
PGYWW.US,5,20251119,163000,0.4064,0.4064,0.4064,0.4064,400,0
PGYWW.US,5,20251119,163500,0.408,0.408,0.4072,0.4072,2600,0
PGYWW.US,5,20251119,170000,0.3821,0.3821,0.38,0.38,4100,0
PGYWW.US,5,20251119,170500,0.38,0.3802,0.3721,0.38,4400,0
PGYWW.US,5,20251119,171000,0.3723,0.3723,0.3721,0.3721,2130,0
PGYWW.US,5,20251119,171500,0.3721,0.3721,0.36,0.3609,27900,0
PGYWW.US,5,20251119,172000,0.36,0.3601,0.36,0.36,40600,0
PGYWW.US,5,20251119,172500,0.36,0.3601,0.36,0.36,8400,0
PGYWW.US,5,20251119,173000,0.36,0.3601,0.36,0.36,1050,0
PGYWW.US,5,20251119,173500,0.3601,0.3601,0.36,0.36,400,0
PGYWW.US,5,20251119,174000,0.360099,0.3601,0.36,0.36,650,0
PGYWW.US,5,20251119,174500,0.3601,0.3601,0.36,0.36,500,0
PGYWW.US,5,20251119,175000,0.36,0.36,0.36,0.36,700,0
PGYWW.US,5,20251119,175500,0.36,0.3622,0.36,0.3603,5809,0
PGYWW.US,5,20251119,180500,0.3658,0.3658,0.3658,0.3658,500,0
PGYWW.US,5,20251119,182000,0.3656,0.3656,0.3656,0.3656,400,0
PGYWW.US,5,20251119,182500,0.36565,0.36565,0.3601,0.3602,1335,0
PGYWW.US,5,20251119,183000,0.36,0.3601,0.36,0.3601,3700,0
PGYWW.US,5,20251119,183500,0.3602,0.3602,0.3601,0.3601,200,0
PGYWW.US,5,20251119,193500,0.3601,0.3601,0.3601,0.3601,100,0
PGYWW.US,5,20251119,200000,0.3601,0.3601,0.3601,0.3601,100,0
PGYWW.US,5,20251119,200500,0.3712,0.3712,0.3712,0.3712,1600,0
PGYWW.US,5,20251119,202000,0.3618,0.3618,0.36,0.36,6700,0
PGYWW.US,5,20251119,202500,0.36,0.36,0.36,0.36,100,0
PGYWW.US,5,20251119,204500,0.3655,0.3655,0.3601,0.3601,200,0
PGYWW.US,5,20251119,211500,0.3656,0.3656,0.3656,0.3656,158,0
PGYWW.US,5,20251119,213500,0.3656,0.3656,0.3656,0.3656,100,0
PGYWW.US,5,20251120,160500,0.419799,0.419799,0.419799,0.419799,112,0
PGYWW.US,5,20251120,161500,0.39,0.39,0.39,0.39,100,0
PGYWW.US,5,20251120,171000,0.39,0.4049,0.39,0.4049,20000,0
PGYWW.US,5,20251120,175500,0.3701,0.3703,0.3701,0.3703,3700,0
PGYWW.US,5,20251120,180000,0.3846,0.3846,0.3771,0.3771,6600,0
PGYWW.US,5,20251120,182500,0.3701,0.3771,0.3701,0.3701,6586,0
PGYWW.US,5,20251120,183000,0.3701,0.3701,0.3701,0.3701,100,0
PGYWW.US,5,20251120,183500,0.3701,0.3701,0.3641,0.3641,2755,0
PGYWW.US,5,20251120,184500,0.3642,0.3642,0.3641,0.3642,800,0
PGYWW.US,5,20251120,195000,0.3642,0.3642,0.3642,0.3642,100,0
PGYWW.US,5,20251120,214000,0.3642,0.3642,0.3642,0.3642,1000,0
PGYWW.US,5,20251121,153000,0.3642,0.3834,0.36,0.3834,8000,0
PGYWW.US,5,20251121,154500,0.3833,0.3834,0.3833,0.3834,10902,0
PGYWW.US,5,20251121,155000,0.36,0.3613,0.36,0.36,34554,0
PGYWW.US,5,20251121,163500,0.36,0.36,0.36,0.36,100,0
PGYWW.US,5,20251121,165000,0.36,0.36,0.35,0.35,2885,0
PGYWW.US,5,20251121,170000,0.35,0.35,0.35,0.35,1615,0
PGYWW.US,5,20251121,175000,0.35,0.377999,0.35,0.36,20200,0
PGYWW.US,5,20251121,181000,0.36,0.36,0.3599,0.36,500,0
PGYWW.US,5,20251121,181500,0.359899,0.359899,0.359899,0.359899,150,0
PGYWW.US,5,20251121,182000,0.3442,0.3539,0.3442,0.3539,300,0
PGYWW.US,5,20251121,183000,0.3546,0.3546,0.35,0.35,3617,0
PGYWW.US,5,20251121,183500,0.36,0.36,0.36,0.36,200,0
PGYWW.US,5,20251121,190500,0.3515,0.3515,0.3515,0.3515,100,0
PGYWW.US,5,20251121,213000,0.365,0.365,0.365,0.365,300,0
PGYWW.US,5,20251121,214500,0.365,0.365,0.365,0.365,100,0
PGYWW.US,5,20251124,161500,0.35,0.35,0.3499,0.3499,300,0
PGYWW.US,5,20251124,162500,0.3387,0.34,0.3387,0.34,250,0
PGYWW.US,5,20251124,163000,0.3458,0.3458,0.34,0.34,200,0
PGYWW.US,5,20251124,165000,0.35,0.35,0.3499,0.3499,200,0
PGYWW.US,5,20251124,165500,0.35,0.3975,0.3499,0.3833,851,0
PGYWW.US,5,20251124,193500,0.38,0.38,0.38,0.38,3000,0
PGYWW.US,5,20251124,212500,0.3577,0.3577,0.3577,0.3577,600,0
PGYWW.US,5,20251124,214500,0.3452,0.3452,0.3452,0.3452,4500,0
PGYWW.US,5,20251124,215000,0.36,0.4,0.3599,0.4,14201,0
PGYWW.US,5,20251125,162500,0.3581,0.3581,0.3581,0.3581,305,0
PGYWW.US,5,20251125,164500,0.35,0.35,0.35,0.35,5000,0
PGYWW.US,5,20251125,172500,0.4099,0.4099,0.4099,0.4099,2000,0
PGYWW.US,5,20251125,183500,0.3937,0.3937,0.3937,0.3937,1800,0
PGYWW.US,5,20251126,162500,0.4,0.4,0.4,0.4,7400,0
PGYWW.US,5,20251126,203000,0.3856,0.3856,0.3856,0.3856,5000,0
PGYWW.US,5,20251126,214500,0.3755,0.3755,0.3755,0.3755,400,0
PGYWW.US,5,20251128,164500,0.4,0.4212,0.39785,0.4212,2500,0
PGYWW.US,5,20251201,155500,0.3756,0.3756,0.373697,0.373697,2127,0
PGYWW.US,5,20251201,163000,0.3701,0.3701,0.3701,0.3701,100,0
PGYWW.US,5,20251201,185000,0.3748,0.3748,0.3748,0.3748,5100,0
PGYWW.US,5,20251201,190000,0.3702,0.3702,0.3701,0.3701,201,0
PGYWW.US,5,20251201,190500,0.3701,0.3701,0.3701,0.3701,200,0
PGYWW.US,5,20251201,191000,0.3755,0.3755,0.3714,0.3715,10900,0
PGYWW.US,5,20251201,193000,0.3756,0.3756,0.375,0.3756,21844,0
PGYWW.US,5,20251201,195000,0.3756,0.3756,0.3756,0.3756,100,0
PGYWW.US,5,20251201,200000,0.3756,0.3756,0.3756,0.3756,100,0
PGYWW.US,5,20251201,200500,0.375567,0.3756,0.375567,0.3756,2385,0
PGYWW.US,5,20251201,201500,0.3756,0.3756,0.3756,0.3756,100,0
PGYWW.US,5,20251201,204500,0.3756,0.3756,0.375555,0.375555,200,0
PGYWW.US,5,20251201,205000,0.3756,0.3756,0.3756,0.3756,100,0
PGYWW.US,5,20251201,210000,0.3756,0.3756,0.3756,0.3756,100,0
PGYWW.US,5,20251201,211000,0.3756,0.3756,0.3756,0.3756,100,0
PGYWW.US,5,20251201,213000,0.375396,0.3756,0.375396,0.3756,200,0
PGYWW.US,5,20251201,215000,0.3756,0.3756,0.3756,0.3756,100,0
PGYWW.US,5,20251202,165000,0.3717,0.3717,0.3717,0.3717,2500,0
PGYWW.US,5,20251202,170000,0.3599,0.36,0.3544,0.3599,2200,0
PGYWW.US,5,20251202,171500,0.368251,0.368251,0.368251,0.368251,1000,0
PGYWW.US,5,20251202,172500,0.3755,0.3755,0.3755,0.3755,100,0
PGYWW.US,5,20251202,195000,0.3755,0.3755,0.3755,0.3755,100,0
PGYWW.US,5,20251202,205500,0.3755,0.3755,0.3755,0.3755,332,0
PGYWW.US,5,20251202,210500,0.4,0.4074,0.4,0.4074,3800,0
PGYWW.US,5,20251202,212000,0.4,0.4,0.4,0.4,100,0
PGYWW.US,5,20251203,153000,0.45,0.45,0.45,0.45,1000,0
PGYWW.US,5,20251203,154500,0.390991,0.42,0.38505,0.38505,3500,0
PGYWW.US,5,20251203,155000,0.3659,0.3659,0.3659,0.3659,1000,0
PGYWW.US,5,20251203,161000,0.375,0.375,0.375,0.375,1000,0
PGYWW.US,5,20251203,170000,0.4399,0.4399,0.4399,0.4399,2000,0
PGYWW.US,5,20251203,173000,0.3984,0.3984,0.3984,0.3984,100,0
PGYWW.US,5,20251203,174000,0.398399,0.398399,0.398399,0.398399,100,0
PGYWW.US,5,20251203,204000,0.364,0.378,0.358,0.378,10070,0
PGYWW.US,5,20251203,205500,0.3823,0.3823,0.3823,0.3823,100,0
PGYWW.US,5,20251203,210500,0.4009,0.4009,0.4009,0.4009,100,0
PGYWW.US,5,20251203,214500,0.3621,0.3621,0.3621,0.3621,100,0
PGYWW.US,5,20251203,215000,0.37,0.37,0.3686,0.3686,500,0
PGYWW.US,5,20251203,215500,0.3686,0.37,0.3621,0.3621,2200,0
PGYWW.US,5,20251204,154500,0.37,0.37,0.37,0.37,200,0
PGYWW.US,5,20251204,162500,0.37,0.37,0.37,0.37,300,0
PGYWW.US,5,20251204,180500,0.4385,0.4385,0.4385,0.4385,100,0
PGYWW.US,5,20251204,183500,0.4385,0.4385,0.4385,0.4385,100,0
PGYWW.US,5,20251204,193500,0.4,0.4,0.4,0.4,200,0
PGYWW.US,5,20251204,202500,0.42,0.42,0.4188,0.42,900,0
PGYWW.US,5,20251204,204500,0.42,0.42,0.42,0.42,100,0
PGYWW.US,5,20251205,155000,0.385,0.385,0.385,0.385,2000,0
PGYWW.US,5,20251205,160000,0.42,0.42,0.42,0.42,100,0
PGYWW.US,5,20251205,172500,0.42,0.42,0.42,0.42,1000,0
PGYWW.US,5,20251205,173000,0.42,0.42,0.42,0.42,100,0
PGYWW.US,5,20251205,183500,0.39,0.42,0.39,0.42,200,0
PGYWW.US,5,20251205,202000,0.4199,0.4199,0.4199,0.4199,900,0
PGYWW.US,5,20251205,203500,0.42,0.42,0.42,0.42,1355,0
PGYWW.US,5,20251205,215500,0.39,0.39,0.39,0.39,545,0
PGYWW.US,5,20251208,160000,0.45,0.45,0.45,0.45,2100,0
PGYWW.US,5,20251208,162000,0.435,0.435,0.435,0.435,100,0
PGYWW.US,5,20251208,165000,0.4479,0.4479,0.4479,0.4479,900,0
PGYWW.US,5,20251208,172500,0.4478,0.4478,0.4478,0.4478,100,0
PGYWW.US,5,20251208,181500,0.4478,0.4478,0.4478,0.4478,152,0
PGYWW.US,5,20251208,184500,0.4478,0.4478,0.4478,0.4478,100,0
PGYWW.US,5,20251208,205500,0.39,0.3901,0.39,0.3901,800,0
PGYWW.US,5,20251208,211500,0.4,0.4,0.4,0.4,100,0
PGYWW.US,5,20251209,155000,0.44,0.44,0.44,0.44,100,0
PGYWW.US,5,20251209,181000,0.439,0.439,0.439,0.439,900,0
PGYWW.US,5,20251209,184000,0.439,0.439,0.439,0.439,100,0
PGYWW.US,5,20251209,201000,0.41,0.41,0.4,0.4001,12072,0
PGYWW.US,5,20251209,202000,0.385,0.38505,0.385,0.38505,1464,0
PGYWW.US,5,20251209,202500,0.3851,0.3851,0.3851,0.3851,300,0
PGYWW.US,5,20251209,203000,0.3851,0.3851,0.3851,0.3851,100,0
PGYWW.US,5,20251209,204000,0.385,0.3851,0.385,0.3851,200,0
PGYWW.US,5,20251209,204500,0.385,0.385,0.385,0.385,100,0
PGYWW.US,5,20251209,205500,0.439,0.439,0.439,0.439,500,0
PGYWW.US,5,20251209,211000,0.439,0.439,0.439,0.439,100,0
PGYWW.US,5,20251210,155500,0.4,0.4195,0.4,0.4,17500,0
PGYWW.US,5,20251210,160000,0.439,0.439,0.439,0.439,1000,0
PGYWW.US,5,20251210,160500,0.439,0.439,0.439,0.439,200,0
PGYWW.US,5,20251210,162000,0.439,0.439,0.439,0.439,2265,0
PGYWW.US,5,20251210,170000,0.439,0.439,0.439,0.439,100,0
PGYWW.US,5,20251210,194000,0.4005,0.4005,0.4005,0.4005,500,0
PGYWW.US,5,20251210,200500,0.439,0.439,0.439,0.439,2755,0
PGYWW.US,5,20251210,201000,0.4022,0.4022,0.4022,0.4022,1552,0
PGYWW.US,5,20251210,202000,0.439,0.439,0.439,0.439,100,0
PGYWW.US,5,20251210,205000,0.439,0.439,0.439,0.439,100,0
PGYWW.US,5,20251210,212500,0.439,0.439,0.439,0.439,900,0
PGYWW.US,5,20251210,214500,0.439,0.439,0.439,0.439,100,0
PGYWW.US,5,20251211,154500,0.420251,0.420251,0.420251,0.420251,1000,0
PGYWW.US,5,20251211,155000,0.42025,0.42025,0.42025,0.42025,2000,0
PGYWW.US,5,20251211,161500,0.402,0.4324,0.3643,0.3714,17386,0
PGYWW.US,5,20251211,170500,0.4261,0.4386,0.3751,0.3751,11100,0
PGYWW.US,5,20251211,171000,0.3787,0.3787,0.3786,0.3786,800,0
PGYWW.US,5,20251211,171500,0.3972,0.3972,0.3972,0.3972,100,0
PGYWW.US,5,20251211,172000,0.387,0.387,0.3869,0.3869,650,0
PGYWW.US,5,20251211,172500,0.38699,0.38699,0.38699,0.38699,200,0
PGYWW.US,5,20251211,173500,0.387,0.387,0.387,0.387,100,0
PGYWW.US,5,20251211,175000,0.387,0.387,0.3865,0.3865,1750,0
PGYWW.US,5,20251211,180500,0.3972,0.3972,0.3972,0.3972,100,0
PGYWW.US,5,20251211,203500,0.4,0.4,0.4,0.4,3000,0
PGYWW.US,5,20251211,211500,0.4022,0.4022,0.4022,0.4022,2500,0
PGYWW.US,5,20251212,161500,0.3917,0.3917,0.3917,0.3917,100,0
PGYWW.US,5,20251212,175000,0.3917,0.3917,0.3917,0.3917,100,0
PGYWW.US,5,20251212,213500,0.384,0.384,0.3515,0.3515,2320,0
PGYWW.US,5,20251212,214000,0.3786,0.3786,0.3786,0.3786,221,0
PGYWW.US,5,20251212,214500,0.3516,0.3539,0.3513,0.3513,850,0
PGYWW.US,5,20251212,215500,0.3795,0.3795,0.3795,0.3795,100,0
PGYWW.US,5,20251215,162500,0.3653,0.41,0.35,0.35,25737,0
PGYWW.US,5,20251215,163500,0.3502,0.3502,0.3502,0.3502,200,0
PGYWW.US,5,20251215,164000,0.350199,0.3722,0.3501,0.3545,23924,0
PGYWW.US,5,20251215,164500,0.3526,0.3545,0.3524,0.353,1300,0
PGYWW.US,5,20251215,165500,0.4,0.4,0.4,0.4,200,0
PGYWW.US,5,20251215,180000,0.3951,0.3951,0.3951,0.3951,100,0
PGYWW.US,5,20251215,183000,0.372751,0.372751,0.372751,0.372751,987,0
PGYWW.US,5,20251215,192500,0.36,0.36,0.36,0.36,400,0
PGYWW.US,5,20251215,193000,0.355,0.36,0.3503,0.36,1650,0
PGYWW.US,5,20251215,215500,0.3503,0.3503,0.3501,0.3501,522,0
PGYWW.US,5,20251216,153500,0.38,0.38,0.38,0.38,1100,0
PGYWW.US,5,20251216,173500,0.385,0.3952,0.385,0.3862,12250,0
PGYWW.US,5,20251216,175000,0.3851,0.3851,0.38,0.3802,1592,0
PGYWW.US,5,20251216,184500,0.3801,0.3801,0.3573,0.3573,1900,0
PGYWW.US,5,20251216,194500,0.363,0.363,0.363,0.363,400,0
PGYWW.US,5,20251216,204500,0.35,0.3525,0.35,0.3501,45808,0
PGYWW.US,5,20251216,210000,0.3501,0.3501,0.35,0.3501,1850,0
PGYWW.US,5,20251216,210500,0.35,0.3501,0.35,0.35,1100,0
PGYWW.US,5,20251216,211000,0.3501,0.3501,0.3501,0.3501,100,0
PGYWW.US,5,20251216,211500,0.3501,0.3501,0.3501,0.3501,400,0
PGYWW.US,5,20251216,213000,0.3508,0.3508,0.3508,0.3508,200,0
PGYWW.US,5,20251217,161000,0.38,0.38,0.38,0.38,600,0
PGYWW.US,5,20251217,171500,0.3698,0.3698,0.3698,0.3698,150,0
PGYWW.US,5,20251218,160000,0.3786,0.3786,0.3786,0.3786,3000,0
PGYWW.US,5,20251218,173500,0.378,0.378,0.37,0.37,900,0
PGYWW.US,5,20251218,181500,0.3701,0.3701,0.3701,0.3701,100,0
PGYWW.US,5,20251218,183500,0.37,0.37005,0.353,0.3531,3000,0
PGYWW.US,5,20251218,185500,0.3531,0.3531,0.3531,0.3531,100,0
PGYWW.US,5,20251218,192500,0.3531,0.3531,0.3531,0.3531,100,0
PGYWW.US,5,20251219,170000,0.37,0.3701,0.35,0.35,10200,0
PGYWW.US,5,20251219,192000,0.3601,0.3601,0.3601,0.3601,400,0
PGYWW.US,5,20251219,202500,0.3687,0.3687,0.3603,0.3687,1205,0
PGYWW.US,5,20251219,203500,0.350102,0.350102,0.35,0.35,10000,0
PGYWW.US,5,20251219,210000,0.35,0.3501,0.35,0.3501,3000,0
PGYWW.US,5,20251219,210500,0.35,0.35,0.35,0.35,224,0
PGYWW.US,5,20251219,212500,0.35,0.35,0.35,0.35,100,0
PGYWW.US,5,20251219,214000,0.35,0.35,0.35,0.35,31000,0
PGYWW.US,5,20251219,215500,0.3501,0.3501,0.3501,0.3501,500,0
PGYWW.US,5,20251222,153000,0.350501,0.350501,0.350501,0.350501,500,0
PGYWW.US,5,20251222,153500,0.351,0.351,0.3509,0.3509,2200,0
PGYWW.US,5,20251222,160500,0.35,0.3501,0.35,0.3501,10000,0
PGYWW.US,5,20251222,162000,0.35,0.35,0.32,0.3339,122859,0
PGYWW.US,5,20251222,164500,0.3417,0.3417,0.3402,0.3402,4000,0
PGYWW.US,5,20251222,172500,0.34,0.34,0.34,0.34,300,0
PGYWW.US,5,20251222,174500,0.34,0.34,0.34,0.34,300,0
PGYWW.US,5,20251222,193500,0.34,0.34,0.34,0.34,200,0
PGYWW.US,5,20251222,204500,0.34,0.34,0.34,0.34,3500,0
PGYWW.US,5,20251222,211000,0.3325,0.3325,0.3313,0.3313,800,0
PGYWW.US,5,20251222,211500,0.3329,0.3329,0.3329,0.3329,100,0
PGYWW.US,5,20251222,213500,0.34,0.34,0.3302,0.3361,3458,0
PGYWW.US,5,20251223,155000,0.353751,0.353751,0.353751,0.353751,100,0
PGYWW.US,5,20251223,162000,0.3305,0.3305,0.3305,0.3305,2400,0
PGYWW.US,5,20251223,174000,0.3305,0.3305,0.32,0.32,16460,0
PGYWW.US,5,20251223,191500,0.32,0.325,0.32,0.325,16976,0
PGYWW.US,5,20251223,210500,0.3201,0.3202,0.32,0.32,4071,0
PGYWW.US,5,20251223,211500,0.32,0.3201,0.32,0.320067,2000,0
PGYWW.US,5,20251224,154000,0.34,0.34,0.34,0.34,179,0
PGYWW.US,5,20251224,180000,0.34,0.34,0.34,0.34,556,0
PGYWW.US,5,20251224,183500,0.32,0.32,0.32,0.32,5000,0
PGYWW.US,5,20251224,184000,0.32,0.32,0.32,0.32,200,0
PGYWW.US,5,20251224,184500,0.32,0.3201,0.32,0.3201,1000,0
PGYWW.US,5,20251226,203000,0.3201,0.3201,0.3201,0.3201,1000,0
PGYWW.US,5,20251229,201000,0.3335,0.3335,0.3335,0.3335,200,0
PGYWW.US,5,20251230,162500,0.3201,0.3203,0.3201,0.3203,4000,0
PGYWW.US,5,20251230,183500,0.3368,0.3368,0.3368,0.3368,2565,0
PGYWW.US,5,20251230,190500,0.3206,0.3206,0.3201,0.3201,940,0
PGYWW.US,5,20251230,191000,0.3201,0.3202,0.3201,0.3202,300,0
PGYWW.US,5,20251230,191500,0.3202,0.3202,0.32,0.32,400,0
PGYWW.US,5,20251230,192500,0.3358,0.3358,0.3358,0.3358,100,0
PGYWW.US,5,20251230,211500,0.3203,0.3203,0.32,0.32,4000,0
PGYWW.US,5,20251230,213500,0.3443,0.3443,0.3443,0.3443,100,0
PGYWW.US,5,20251230,215500,0.3201,0.3201,0.3201,0.3201,100,0
PGYWW.US,5,20251231,182500,0.3201,0.3471,0.3201,0.346,2096,0
PGYWW.US,5,20251231,185000,0.346,0.346,0.346,0.346,100,0
PGYWW.US,5,20251231,191000,0.3287,0.3287,0.3287,0.3287,5666,0
PGYWW.US,5,20251231,194500,0.3201,0.3201,0.3201,0.3201,3000,0
PGYWW.US,5,20251231,214500,0.32,0.3201,0.32,0.3201,618,0
PGYWW.US,5,20260102,161000,0.32,0.345,0.32,0.32,9600,0
PGYWW.US,5,20260102,163000,0.3307,0.3325,0.3307,0.3325,880,0
PGYWW.US,5,20260102,163500,0.345,0.345,0.345,0.345,100,0
PGYWW.US,5,20260102,171500,0.33,0.3523,0.33,0.33,3050,0
PGYWW.US,5,20260102,172500,0.3301,0.3301,0.33,0.33,3700,0
PGYWW.US,5,20260102,173500,0.325,0.4,0.325,0.4,10300,0
PGYWW.US,5,20260102,204500,0.3412,0.3412,0.3411,0.3411,200,0
PGYWW.US,5,20260102,205000,0.3401,0.3401,0.3401,0.3401,100,0
PGYWW.US,5,20260102,210000,0.34,0.34,0.34,0.34,100,0
PGYWW.US,5,20260102,212000,0.34,0.3401,0.34,0.34,1600,0
PGYWW.US,5,20260102,213500,0.3401,0.3401,0.3401,0.3401,100,0
PGYWW.US,5,20260105,163500,0.383,0.3896,0.383,0.3837,5000,0
PGYWW.US,5,20260105,175000,0.36,0.38,0.36,0.38,500,0
PGYWW.US,5,20260105,182500,0.3799,0.3799,0.3799,0.3799,100,0
PGYWW.US,5,20260106,155000,0.3301,0.330101,0.3301,0.330101,2000,0
PGYWW.US,5,20260106,163500,0.3574,0.3574,0.3574,0.3574,1000,0
PGYWW.US,5,20260106,170000,0.3749,0.3749,0.3749,0.3749,100,0
PGYWW.US,5,20260106,170500,0.3574,0.3574,0.3574,0.3574,2000,0
PGYWW.US,5,20260106,174000,0.372,0.372,0.372,0.372,346,0
PGYWW.US,5,20260106,174500,0.34,0.372,0.34,0.34001,3560,0
PGYWW.US,5,20260106,181500,0.33019,0.3302,0.3301,0.3302,900,0
PGYWW.US,5,20260106,182500,0.3302,0.3302,0.3301,0.3301,800,0
PGYWW.US,5,20260107,164000,0.39,0.39,0.3899,0.3899,600,0
PGYWW.US,5,20260107,170000,0.3899,0.3899,0.3898,0.3898,600,0
PGYWW.US,5,20260107,181500,0.3312,0.3312,0.32,0.32,13764,0
PGYWW.US,5,20260107,182000,0.3246,0.3246,0.3246,0.3246,1000,0
PGYWW.US,5,20260107,182500,0.3201,0.3201,0.32,0.32,600,0
PGYWW.US,5,20260107,183000,0.32,0.3201,0.32,0.3201,1500,0
PGYWW.US,5,20260107,183500,0.3201,0.33,0.3201,0.3246,8500,0
PGYWW.US,5,20260107,184500,0.32009,0.3201,0.32005,0.320051,2000,0
PGYWW.US,5,20260107,185000,0.33,0.33,0.32,0.325,5071,0
PGYWW.US,5,20260107,190000,0.33,0.33,0.325,0.325,1529,0
PGYWW.US,5,20260107,191000,0.3246,0.3246,0.3246,0.3246,1000,0
PGYWW.US,5,20260107,201500,0.33,0.33,0.33,0.33,940,0
PGYWW.US,5,20260107,203500,0.33,0.33,0.3279,0.3279,2110,0
PGYWW.US,5,20260107,205000,0.3276,0.3899,0.3276,0.3899,662,0
PGYWW.US,5,20260107,213000,0.36,0.36,0.36,0.36,2000,0
PGYWW.US,5,20260108,164500,0.3601,0.3601,0.3601,0.3601,100,0
PGYWW.US,5,20260108,174000,0.358,0.358,0.355,0.355,3200,0
PGYWW.US,5,20260108,181000,0.37,0.37,0.37,0.37,100,0
PGYWW.US,5,20260108,195500,0.35,0.35,0.35,0.35,1100,0
PGYWW.US,5,20260108,201500,0.35,0.35,0.35,0.35,100,0
PGYWW.US,5,20260108,210500,0.35,0.35,0.35,0.35,1000,0
PGYWW.US,5,20260108,211000,0.35,0.35,0.35,0.35,100,0
PGYWW.US,5,20260108,215500,0.35,0.35,0.35,0.35,100,0
PGYWW.US,5,20260109,173500,0.3698,0.3698,0.3698,0.3698,100,0
PGYWW.US,5,20260109,174000,0.3697,0.3698,0.3611,0.3697,7034,0
PGYWW.US,5,20260109,184000,0.37,0.3702,0.37,0.3702,400,0
PGYWW.US,5,20260109,185500,0.3766,0.3841,0.37,0.376766,3900,0
PGYWW.US,5,20260109,190000,0.3704,0.3711,0.3704,0.3711,200,0
PGYWW.US,5,20260109,191500,0.3899,0.3899,0.3899,0.3899,439,0
PGYWW.US,5,20260109,192500,0.3899,0.3899,0.3899,0.3899,100,0
PGYWW.US,5,20260109,193500,0.38,0.3801,0.3713,0.3727,8723,0
PGYWW.US,5,20260109,210500,0.369876,0.3728,0.3698,0.3698,1000,0
PGYWW.US,5,20260109,211000,0.3699,0.3728,0.3699,0.3728,2000,0
PGYWW.US,5,20260109,212500,0.3698,0.3698,0.3698,0.3698,100,0
PGYWW.US,5,20260109,214000,0.3698,0.3699,0.3425,0.3435,2637,0
PGYWW.US,5,20260112,153000,0.3664,0.3664,0.35,0.3664,8475,0
PGYWW.US,5,20260112,160000,0.35,0.350101,0.35,0.35,5100,0
PGYWW.US,5,20260113,153000,0.35,0.35,0.35,0.35,241,0
PGYWW.US,5,20260113,183000,0.3899,0.3899,0.3899,0.3899,3900,0
PGYWW.US,5,20260113,190500,0.35,0.3539,0.34,0.3539,3648,0
PGYWW.US,5,20260113,193000,0.3361,0.3361,0.3361,0.3361,100,0
PGYWW.US,5,20260113,212500,0.34,0.34,0.34,0.34,1000,0
PGYWW.US,5,20260113,214500,0.3361,0.3361,0.3361,0.3361,100,0
PGYWW.US,5,20260114,155500,0.3629,0.3798,0.3628,0.3628,542,0
PGYWW.US,5,20260114,162500,0.33,0.33,0.33,0.33,100,0
PGYWW.US,5,20260114,163500,0.3336,0.335,0.3336,0.335,1700,0
PGYWW.US,5,20260114,170500,0.33499,0.33499,0.33499,0.33499,200,0
PGYWW.US,5,20260114,180000,0.33,0.33,0.33,0.33,100,0
PGYWW.US,5,20260114,183000,0.332499,0.332499,0.332499,0.332499,100,0
PGYWW.US,5,20260114,190500,0.335,0.335,0.3349,0.3349,200,0
PGYWW.US,5,20260114,194000,0.3566,0.3728,0.3539,0.3539,5661,0
PGYWW.US,5,20260115,160000,0.35,0.35,0.35,0.35,100,0
PGYWW.US,5,20260115,171500,0.3321,0.3321,0.3321,0.3321,100,0
PGYWW.US,5,20260115,172500,0.330001,0.330001,0.330001,0.330001,200,0
PGYWW.US,5,20260115,174500,0.34,0.34,0.34,0.34,500,0
PGYWW.US,5,20260115,180000,0.35,0.35,0.35,0.35,250,0
PGYWW.US,5,20260115,193000,0.35,0.35,0.35,0.35,1000,0
PGYWW.US,5,20260115,210500,0.3512,0.3512,0.3512,0.3512,750,0
PGYWW.US,5,20260115,212500,0.3525,0.3525,0.3525,0.3525,500,0
PGYWW.US,5,20260116,153000,0.34,0.34,0.33,0.33,1420,0
PGYWW.US,5,20260116,180000,0.35,0.36,0.3251,0.35999,6400,0
PGYWW.US,5,20260116,181000,0.36,0.36,0.3336,0.3425,2100,0
PGYWW.US,5,20260116,194000,0.3568,0.3568,0.3568,0.3568,1000,0
PGYWW.US,5,20260116,215500,0.355,0.36,0.355,0.36,580,0
PGYWW.US,5,20260120,160000,0.35,0.35,0.35,0.35,100,0
PGYWW.US,5,20260120,215500,0.3201,0.3202,0.32,0.3201,10800,0
PGYWW.US,5,20260121,155500,0.3536,0.3772,0.3536,0.3772,200,0
PGYWW.US,5,20260121,171500,0.35,0.35,0.35,0.35,364,0
PGYWW.US,5,20260121,172500,0.3699,0.3699,0.3528,0.3528,5400,0
PGYWW.US,5,20260121,175000,0.3501,0.3501,0.35009,0.3501,400,0
PGYWW.US,5,20260121,182500,0.3699,0.3699,0.3699,0.3699,100,0
PGYWW.US,5,20260122,154000,0.346,0.346,0.346,0.346,10000,0
PGYWW.US,5,20260122,160000,0.361,0.3624,0.361,0.3624,5211,0
PGYWW.US,5,20260122,160500,0.363,0.363001,0.363,0.363001,9578,0
PGYWW.US,5,20260122,170000,0.3362,0.3362,0.3361,0.3361,600,0
PGYWW.US,5,20260122,174500,0.34,0.34,0.3361,0.3361,15100,0
PGYWW.US,5,20260122,180000,0.3362,0.34,0.3361,0.34,1394,0
PGYWW.US,5,20260122,210000,0.3549,0.3599,0.3549,0.3599,5100,0
PGYWW.US,5,20260122,211500,0.356535,0.36,0.355,0.356535,4800,0
PGYWW.US,5,20260122,213500,0.36,0.36,0.35,0.36,36653,0
PGYWW.US,5,20260122,214000,0.3425,0.3425,0.3406,0.3425,2800,0
PGYWW.US,5,20260123,204000,0.36,0.36,0.36,0.36,917,0
