<TICKER>,<PER>,<DATE>,<TIME>,<OPEN>,<HIGH>,<LOW>,<CLOSE>,<VOL>,<OPENINT>
PMTR.US,5,20250902,171500,10.22,10.25,10.2,10.2365,7500,0
PMTR.US,5,20250903,155500,10.2,10.23,10.2,10.23,2352,0
PMTR.US,5,20250903,210500,10.22,10.22,10.22,10.22,243,0
PMTR.US,5,20250905,163000,10.28,10.3,10.28,10.3,4038,0
PMTR.US,5,20250908,190500,10.201,10.201,10.201,10.201,200,0
PMTR.US,5,20250908,210000,10.27,10.27,10.27,10.27,200,0
PMTR.US,5,20250910,161500,10.25,10.25,10.25,10.25,2400,0
PMTR.US,5,20250911,170000,10.2,10.2,10.15,10.16,500,0
PMTR.US,5,20250912,155500,10.2,10.2,10.2,10.2,3800,0
PMTR.US,5,20250912,160000,10.16,10.16,10.16,10.16,100,0
PMTR.US,5,20250912,162500,10.18,10.18,10.18,10.18,750000,0
PMTR.US,5,20250916,172500,10.24,10.24,10.24,10.24,200,0
PMTR.US,5,20250916,205500,10.196,10.196,10.19,10.19,2000,0
PMTR.US,5,20250917,171000,10.1966,10.1966,10.1966,10.1966,600,0
PMTR.US,5,20250918,155000,10.2439,10.2439,10.2439,10.2439,100,0
PMTR.US,5,20250918,165000,10.26,10.26,10.26,10.26,900,0
PMTR.US,5,20250918,213000,10.22,10.22,10.22,10.22,200,0
PMTR.US,5,20250919,162500,10.2399,10.24,10.2399,10.24,1000,0
PMTR.US,5,20250922,161000,10.2399,10.24,10.2399,10.24,200,0
PMTR.US,5,20250922,212500,10.2598,10.26,10.2598,10.26,2000,0
PMTR.US,5,20250922,215000,10.23,10.23,10.23,10.23,100,0
PMTR.US,5,20250923,195000,10.2348,10.26,10.2348,10.2599,9000,0
PMTR.US,5,20250924,154500,10.3,10.3,10.28,10.28,500,0
PMTR.US,5,20250924,160000,10.24,10.24,10.24,10.24,2700,0
PMTR.US,5,20250924,203500,10.2074,10.2074,10.2074,10.2074,194,0
PMTR.US,5,20250924,213500,10.21,10.21,10.21,10.21,100,0
PMTR.US,5,20250925,174000,10.2533,10.2533,10.2533,10.2533,100,0
PMTR.US,5,20250926,205500,10.2108,10.25,10.2108,10.2499,8040,0
PMTR.US,5,20250929,153500,10.32,10.32,10.32,10.32,1000,0
PMTR.US,5,20250929,174000,10.32,10.32,10.32,10.32,100,0
PMTR.US,5,20250929,210000,10.25,10.25,10.25,10.25,100,0
PMTR.US,5,20250930,175500,10.32,10.32,10.32,10.32,100,0
PMTR.US,5,20250930,184000,10.17,10.17,10.17,10.17,100,0
PMTR.US,5,20250930,185500,10.32,10.32,10.17,10.17,200,0
PMTR.US,5,20251001,154500,10.24,10.24,10.24,10.24,100,0
PMTR.US,5,20251002,160000,10.24,10.24,10.24,10.24,100,0
PMTR.US,5,20251002,164000,10.1601,10.1601,10.1601,10.1601,3000,0
PMTR.US,5,20251002,195500,10.19,10.24,10.19,10.24,200,0
PMTR.US,5,20251003,154500,10.24,10.24,10.24,10.24,100,0
PMTR.US,5,20251003,160500,10.24,10.24,10.24,10.24,100,0
PMTR.US,5,20251003,185000,10.24,10.24,10.24,10.24,100,0
PMTR.US,5,20251003,190000,10.24,10.24,10.24,10.24,100,0
PMTR.US,5,20251003,194000,10.22,10.22,10.2,10.2,500214,0
PMTR.US,5,20251003,194500,10.22,10.22,10.22,10.22,100,0
PMTR.US,5,20251003,195000,10.22,10.22,10.2,10.2,710,0
PMTR.US,5,20251003,200500,10.22,10.22,10.2,10.22,19329,0
PMTR.US,5,20251003,201000,10.22,10.22,10.22,10.22,300,0
PMTR.US,5,20251003,203500,10.22,10.22,10.22,10.22,100,0
PMTR.US,5,20251003,205000,10.22,10.22,10.2,10.2,200,0
PMTR.US,5,20251003,212500,10.22,10.22,10.22,10.22,100,0
PMTR.US,5,20251003,214000,10.22,10.22,10.22,10.22,300,0
PMTR.US,5,20251003,215500,10.22,10.22,10.22,10.22,229,0
PMTR.US,5,20251006,162000,10.2373,10.24,10.2373,10.24,1000,0
PMTR.US,5,20251006,171000,10.24,10.28,10.24,10.28,3350,0
PMTR.US,5,20251006,171500,10.28,10.28,10.28,10.28,1300,0
PMTR.US,5,20251006,201000,10.24,10.24,10.24,10.24,100,0
PMTR.US,5,20251006,204000,10.2424,10.2424,10.24,10.24,1200,0
PMTR.US,5,20251006,215500,10.28,10.3,10.24,10.25,30716,0
PMTR.US,5,20251007,155000,10.24,10.24,10.24,10.24,100,0
PMTR.US,5,20251007,181500,10.23,10.23,10.23,10.23,100,0
PMTR.US,5,20251007,184000,10.24,10.24,10.24,10.24,325,0
PMTR.US,5,20251007,202000,10.24,10.5,10.24,10.5,11244,0
PMTR.US,5,20251007,202500,10.42,10.45,10.24,10.45,17565,0
PMTR.US,5,20251007,203500,10.4,10.4,10.4,10.4,200,0
PMTR.US,5,20251007,204000,10.38,10.38,10.26,10.38,400,0
PMTR.US,5,20251007,204500,10.38,10.38,10.25,10.25,2000,0
PMTR.US,5,20251007,205000,10.25,10.25,10.25,10.25,400,0
PMTR.US,5,20251007,213500,10.275,10.32,10.275,10.32,3185,0
PMTR.US,5,20251007,215000,10.28,10.28,10.28,10.28,100,0
PMTR.US,5,20251007,215500,10.28,10.28,10.28,10.28,100,0
PMTR.US,5,20251008,155000,10.29,10.29,10.29,10.29,200,0
PMTR.US,5,20251008,165000,10.29,10.29,10.29,10.29,200,0
PMTR.US,5,20251008,175000,10.29,10.29,10.29,10.29,200,0
PMTR.US,5,20251008,175500,10.29,10.29,10.29,10.29,8000,0
PMTR.US,5,20251008,204500,10.29,10.29,10.29,10.29,1000,0
PMTR.US,5,20251008,215500,10.29,10.29,10.29,10.29,100,0
PMTR.US,5,20251009,193000,10.25,10.25,10.25,10.25,500,0
PMTR.US,5,20251010,173000,10.23,10.23,10.23,10.23,146,0
PMTR.US,5,20251010,174000,10.24,10.24,10.24,10.24,100,0
PMTR.US,5,20251013,161500,10.1501,10.1501,10.1501,10.1501,375,0
PMTR.US,5,20251013,162500,10.2146,10.2146,10.2146,10.2146,100,0
PMTR.US,5,20251013,213000,10.3,10.3,10.3,10.3,5000,0
PMTR.US,5,20251013,213500,10.25,10.25,10.25,10.25,100,0
PMTR.US,5,20251013,214000,10.3,10.3,10.3,10.3,1000,0
PMTR.US,5,20251014,160000,10.3,10.3,10.3,10.3,1100,0
PMTR.US,5,20251014,162500,10.3,10.3,10.3,10.3,100,0
PMTR.US,5,20251014,175500,10.3,10.31,10.3,10.31,4404,0
PMTR.US,5,20251014,184500,10.26,10.31,10.25,10.25,879,0
PMTR.US,5,20251014,193500,10.31,10.32,10.31,10.32,979,0
PMTR.US,5,20251014,195000,10.26,10.29,10.26,10.29,585,0
PMTR.US,5,20251014,203000,10.32,10.32,10.26,10.26,5100,0
PMTR.US,5,20251014,204500,10.3,10.3,10.3,10.3,200,0
PMTR.US,5,20251014,205000,10.3,10.3,10.3,10.3,2550,0
PMTR.US,5,20251014,205500,10.3,10.3,10.3,10.3,500300,0
PMTR.US,5,20251014,215000,10.3,10.3,10.3,10.3,200,0
PMTR.US,5,20251015,173000,10.3,10.3,10.3,10.3,400,0
PMTR.US,5,20251015,174500,10.3362,10.3499,10.3362,10.3499,607,0
PMTR.US,5,20251015,175000,10.3,10.3,10.3,10.3,900,0
PMTR.US,5,20251015,181000,10.3,10.3,10.3,10.3,107,0
PMTR.US,5,20251015,185500,10.3,10.3,10.3,10.3,800,0
PMTR.US,5,20251015,191500,10.35,10.35,10.3,10.3,900,0
PMTR.US,5,20251015,192000,10.3149,10.3149,10.3149,10.3149,200,0
PMTR.US,5,20251015,192500,10.3499,10.35,10.3,10.35,4075,0
PMTR.US,5,20251015,193500,10.35,10.35,10.3499,10.3499,2400,0
PMTR.US,5,20251015,204000,10.35,10.3588,10.35,10.35,2100,0
PMTR.US,5,20251016,153500,10.3285,10.3413,10.3,10.3,6700,0
PMTR.US,5,20251016,154000,10.3,10.3,10.3,10.3,475,0
PMTR.US,5,20251016,154500,10.3,10.3,10.3,10.3,150,0
PMTR.US,5,20251016,155000,10.3001,10.3001,10.3,10.3,2300,0
PMTR.US,5,20251016,155500,10.3499,10.35,10.3,10.3,13402,0
PMTR.US,5,20251016,161000,10.3,10.35,10.3,10.3,6600,0
PMTR.US,5,20251016,161500,10.3,10.35,10.3,10.3287,21500,0
PMTR.US,5,20251016,162000,10.35,10.35,10.325,10.35,14650,0
PMTR.US,5,20251016,163500,10.3503,10.3503,10.35,10.35,2000,0
PMTR.US,5,20251016,170000,10.3652,10.3652,10.3652,10.3652,500,0
PMTR.US,5,20251016,170500,10.38,10.38,10.38,10.38,1000,0
PMTR.US,5,20251016,171000,10.38,10.4,10.37,10.4,10135,0
PMTR.US,5,20251016,174500,10.4,10.4,10.3999,10.3999,5600,0
PMTR.US,5,20251016,182000,10.4,10.4,10.4,10.4,500,0
PMTR.US,5,20251016,182500,10.3933,10.3933,10.3933,10.3933,500,0
PMTR.US,5,20251016,184000,10.387,10.387,10.387,10.387,500,0
PMTR.US,5,20251016,193500,10.389,10.389,10.389,10.389,1000,0
PMTR.US,5,20251016,202000,10.3738,10.39,10.3738,10.39,2700,0
PMTR.US,5,20251016,202500,10.37,10.39,10.36,10.39,2200,0
PMTR.US,5,20251016,203500,10.3638,10.3638,10.3638,10.3638,525,0
PMTR.US,5,20251016,204500,10.3699,10.3699,10.36,10.3631,2701,0
PMTR.US,5,20251016,205000,10.35,10.35,10.35,10.35,1200,0
PMTR.US,5,20251016,211000,10.3499,10.3499,10.3499,10.3499,5000,0
PMTR.US,5,20251016,215500,10.3,10.35,10.3,10.3,29495,0
PMTR.US,5,20251017,153500,10.3357,10.3357,10.3357,10.3357,380,0
PMTR.US,5,20251017,155000,10.34,10.34,10.34,10.34,200,0
PMTR.US,5,20251017,172500,10.3001,10.35,10.3001,10.35,6050,0
PMTR.US,5,20251017,173000,10.3002,10.3202,10.3002,10.3202,3000,0
PMTR.US,5,20251017,200000,10.35,10.35,10.35,10.35,100,0
PMTR.US,5,20251017,214500,10.32,10.32,10.32,10.32,100,0
PMTR.US,5,20251017,215500,10.3,10.3,10.3,10.3,100,0
PMTR.US,5,20251020,155500,10.3,10.3,10.3,10.3,1100,0
PMTR.US,5,20251020,160000,10.3,10.3,10.3,10.3,1018,0
PMTR.US,5,20251020,172000,10.33,10.33,10.33,10.33,300,0
PMTR.US,5,20251020,172500,10.33,10.35,10.3233,10.35,960,0
PMTR.US,5,20251020,173000,10.35,10.3699,10.3456,10.3573,7550,0
PMTR.US,5,20251020,173500,10.35,10.4967,10.35,10.4845,73451,0
PMTR.US,5,20251020,174000,10.4801,10.49,10.3904,10.4586,52756,0
PMTR.US,5,20251020,174500,10.46,10.49,10.46,10.465,27941,0
PMTR.US,5,20251020,175000,10.46,10.5961,10.45,10.55,92769,0
PMTR.US,5,20251020,175500,10.5899,10.5899,10.45,10.47,42302,0
PMTR.US,5,20251020,180000,10.495,10.59,10.48,10.59,34646,0
PMTR.US,5,20251020,180500,10.545,10.583,10.5,10.535,80020,0
PMTR.US,5,20251020,181000,10.55,10.59,10.54,10.565,21001,0
PMTR.US,5,20251020,181500,10.57,10.57,10.54,10.54,10431,0
PMTR.US,5,20251020,182000,10.57,10.57,10.55,10.56,3751,0
PMTR.US,5,20251020,182500,10.56,10.57,10.555,10.56,4496,0
PMTR.US,5,20251020,183000,10.5699,10.57,10.55,10.555,7121,0
PMTR.US,5,20251020,183500,10.55,10.57,10.55,10.55,4125,0
PMTR.US,5,20251020,184000,10.555,10.57,10.555,10.565,18362,0
PMTR.US,5,20251020,184500,10.565,10.57,10.54,10.54,8714,0
PMTR.US,5,20251020,185000,10.5486,10.55,10.53,10.54,1100,0
PMTR.US,5,20251020,185500,10.55,10.56,10.53,10.56,5332,0
PMTR.US,5,20251020,190000,10.55,10.55,10.545,10.545,8014,0
PMTR.US,5,20251020,190500,10.545,10.55,10.54,10.545,2230,0
PMTR.US,5,20251020,191000,10.545,10.5456,10.53,10.5316,4285,0
PMTR.US,5,20251020,191500,10.535,10.54,10.52,10.53,4355,0
PMTR.US,5,20251020,192000,10.53,10.54,10.53,10.5304,1573,0
PMTR.US,5,20251020,192500,10.53,10.5385,10.53,10.53,3100,0
PMTR.US,5,20251020,193000,10.54,10.54,10.5344,10.5352,3000,0
PMTR.US,5,20251020,193500,10.535,10.54,10.535,10.54,4100,0
PMTR.US,5,20251020,194000,10.54,10.55,10.54,10.545,24093,0
PMTR.US,5,20251020,194500,10.545,10.545,10.54,10.545,1000,0
PMTR.US,5,20251020,195000,10.5468,10.5468,10.545,10.5457,3945,0
PMTR.US,5,20251020,195500,10.54,10.55,10.54,10.55,1219,0
PMTR.US,5,20251020,200000,10.55,10.555,10.53,10.53,48279,0
PMTR.US,5,20251020,200500,10.5564,10.5564,10.545,10.545,850,0
PMTR.US,5,20251020,201000,10.54,10.555,10.5,10.555,50100,0
PMTR.US,5,20251020,201500,10.55,10.555,10.55,10.55,1681,0
PMTR.US,5,20251020,202000,10.55,10.565,10.55,10.565,4430,0
PMTR.US,5,20251020,202500,10.565,10.57,10.55,10.57,3100,0
PMTR.US,5,20251020,203000,10.57,10.59,10.57,10.58,957,0
PMTR.US,5,20251020,203500,10.58,10.59,10.57,10.57,6200,0
PMTR.US,5,20251020,204000,10.58,10.59,10.575,10.58,3617,0
PMTR.US,5,20251020,204500,10.58,10.586,10.5739,10.58,4124,0
PMTR.US,5,20251020,205000,10.58,10.58,10.5788,10.5788,1718,0
PMTR.US,5,20251020,205500,10.58,10.58,10.57,10.58,160422,0
PMTR.US,5,20251020,210000,10.575,10.575,10.55,10.55,5191,0
PMTR.US,5,20251020,210500,10.5632,10.57,10.55,10.565,13201,0
PMTR.US,5,20251020,211000,10.57,10.57,10.55,10.565,21198,0
PMTR.US,5,20251020,211500,10.565,10.565,10.53,10.53,35570,0
PMTR.US,5,20251020,212000,10.555,10.555,10.555,10.555,363,0
PMTR.US,5,20251020,212500,10.58,10.58,10.555,10.555,540,0
PMTR.US,5,20251020,213000,10.545,10.56,10.53,10.54,1789,0
PMTR.US,5,20251020,213500,10.545,10.545,10.53,10.545,1137,0
PMTR.US,5,20251020,214000,10.53,10.56,10.53,10.545,2288,0
PMTR.US,5,20251020,214500,10.545,10.55,10.53,10.55,17521,0
PMTR.US,5,20251020,215000,10.55,10.55,10.51,10.51,4179,0
PMTR.US,5,20251020,215500,10.5301,10.555,10.53,10.53,2849,0
PMTR.US,5,20251021,153000,10.59,10.6,10.55,10.5712,15280,0
PMTR.US,5,20251021,153500,10.6,10.6,10.56,10.57,605,0
PMTR.US,5,20251021,154000,10.57,10.5928,10.55,10.5659,1200,0
PMTR.US,5,20251021,154500,10.57,10.57,10.54,10.54,6290,0
PMTR.US,5,20251021,155000,10.54,10.54,10.54,10.54,200,0
PMTR.US,5,20251021,155500,10.55,10.55,10.54,10.54,8000,0
PMTR.US,5,20251021,160000,10.56,10.5624,10.54,10.54,2400,0
PMTR.US,5,20251021,160500,10.54,10.54,10.54,10.54,11100,0
PMTR.US,5,20251021,161000,10.54,10.56,10.54,10.55,850,0
PMTR.US,5,20251021,161500,10.568,10.58,10.54,10.55,6556,0
PMTR.US,5,20251021,162000,10.55,10.58,10.55,10.58,1400,0
PMTR.US,5,20251021,162500,10.565,10.5799,10.565,10.57,12600,0
PMTR.US,5,20251021,163000,10.58,10.58,10.55,10.55,2630,0
PMTR.US,5,20251021,163500,10.55,10.57,10.55,10.55,1100,0
PMTR.US,5,20251021,164000,10.55,10.55,10.55,10.55,200,0
PMTR.US,5,20251021,164500,10.55,10.56,10.55,10.56,300,0
PMTR.US,5,20251021,165000,10.56,10.57,10.56,10.56,1300,0
PMTR.US,5,20251021,165500,10.56,10.5699,10.56,10.56,700,0
PMTR.US,5,20251021,170000,10.56,10.57,10.56,10.57,257,0
PMTR.US,5,20251021,170500,10.56,10.56,10.56,10.56,100,0
PMTR.US,5,20251021,171000,10.56,10.56,10.56,10.56,100,0
PMTR.US,5,20251021,171500,10.57,10.57,10.57,10.57,799,0
PMTR.US,5,20251021,172500,10.57,10.5797,10.565,10.57,1413,0
PMTR.US,5,20251021,173500,10.565,10.57,10.565,10.57,10795,0
PMTR.US,5,20251021,174000,10.58,10.58,10.56,10.56,2112,0
PMTR.US,5,20251021,174500,10.57,10.57,10.57,10.57,590,0
PMTR.US,5,20251021,175000,10.58,10.58,10.55,10.55,2450,0
PMTR.US,5,20251021,175500,10.55,10.55,10.5444,10.5444,400,0
PMTR.US,5,20251021,180000,10.5484,10.5484,10.545,10.545,574,0
PMTR.US,5,20251021,180500,10.5486,10.5486,10.5486,10.5486,100,0
PMTR.US,5,20251021,182000,10.5496,10.56,10.545,10.56,5784,0
PMTR.US,5,20251021,182500,10.57,10.57,10.55,10.55,1400,0
PMTR.US,5,20251021,183000,10.5711,10.5711,10.5498,10.55,2500,0
PMTR.US,5,20251021,183500,10.57,10.57,10.57,10.57,181,0
PMTR.US,5,20251021,191500,10.5424,10.5424,10.5424,10.5424,100,0
PMTR.US,5,20251021,194500,10.54,10.55,10.54,10.55,428,0
PMTR.US,5,20251021,195000,10.56,10.5799,10.54,10.55,25043,0
PMTR.US,5,20251021,195500,10.565,10.57,10.55,10.55,21700,0
PMTR.US,5,20251021,200000,10.571,10.58,10.5648,10.58,7744,0
PMTR.US,5,20251021,200500,10.57,10.57,10.57,10.57,400,0
PMTR.US,5,20251021,201000,10.57,10.57,10.5501,10.5501,400,0
PMTR.US,5,20251021,201500,10.57,10.57,10.57,10.57,100,0
PMTR.US,5,20251021,202500,10.57,10.58,10.57,10.58,25560,0
PMTR.US,5,20251021,203000,10.57,10.58,10.55,10.57,4962,0
PMTR.US,5,20251021,203500,10.57,10.57,10.57,10.57,1100,0
PMTR.US,5,20251021,204000,10.57,10.57,10.57,10.57,200,0
PMTR.US,5,20251021,204500,10.57,10.57,10.54,10.54,6300,0
PMTR.US,5,20251021,205000,10.535,10.535,10.535,10.535,100,0
PMTR.US,5,20251021,212000,10.5258,10.5258,10.5258,10.5258,390,0
PMTR.US,5,20251021,212500,10.5384,10.552,10.5384,10.552,530,0
PMTR.US,5,20251021,213500,10.53,10.5436,10.5,10.5001,4319,0
PMTR.US,5,20251021,214000,10.491009,10.505,10.48,10.4839,11736,0
PMTR.US,5,20251021,214500,10.5356,10.54,10.46,10.505,3900,0
PMTR.US,5,20251021,215000,10.505,10.53,10.46,10.505,14826,0
PMTR.US,5,20251021,215500,10.505,10.54,10.505,10.54,200,0
PMTR.US,5,20251022,153000,10.5,10.5,10.42,10.42,1036,0
PMTR.US,5,20251022,155500,10.5,10.5,10.46,10.5,1000,0
PMTR.US,5,20251022,161000,10.4615,10.4615,10.4615,10.4615,500,0
PMTR.US,5,20251022,162000,10.43,10.5105,10.43,10.5,540,0
PMTR.US,5,20251022,163500,10.505,10.505,10.505,10.505,746,0
PMTR.US,5,20251022,164000,10.505,10.505,10.465,10.465,1400,0
PMTR.US,5,20251022,165000,10.445,10.4631,10.445,10.4631,5950,0
PMTR.US,5,20251022,165500,10.43,10.465,10.43,10.43,3760,0
PMTR.US,5,20251022,170000,10.4351,10.455,10.4351,10.455,1855,0
PMTR.US,5,20251022,171000,10.46,10.46,10.46,10.46,200,0
PMTR.US,5,20251022,172000,10.47,10.47,10.45,10.47,1100,0
PMTR.US,5,20251022,172500,10.4724,10.4724,10.464,10.464,249,0
PMTR.US,5,20251022,174500,10.4501,10.4501,10.4501,10.4501,500,0
PMTR.US,5,20251022,184500,10.47,10.47,10.47,10.47,520,0
PMTR.US,5,20251022,185500,10.45,10.45,10.45,10.45,200,0
PMTR.US,5,20251022,190000,10.45,10.45,10.45,10.45,922,0
PMTR.US,5,20251022,191500,10.43,10.43,10.43,10.43,200,0
PMTR.US,5,20251022,192000,10.4412,10.4412,10.4412,10.4412,144,0
PMTR.US,5,20251022,202000,10.45,10.45,10.45,10.45,430,0
PMTR.US,5,20251022,202500,10.45,10.45,10.43,10.44,3860,0
PMTR.US,5,20251022,204000,10.45,10.45,10.45,10.45,1362,0
PMTR.US,5,20251022,205000,10.43,10.4301,10.43,10.43,5056,0
PMTR.US,5,20251022,210500,10.4499,10.4499,10.43,10.43,1100,0
PMTR.US,5,20251022,213000,10.4499,10.4499,10.4499,10.4499,1000,0
PMTR.US,5,20251022,213500,10.44,10.45,10.44,10.45,3113,0
PMTR.US,5,20251022,214000,10.44,10.45,10.44,10.4405,2997,0
PMTR.US,5,20251022,215500,10.45,10.45,10.45,10.45,4509,0
PMTR.US,5,20251023,160500,10.49,10.5,10.49,10.5,2150,0
PMTR.US,5,20251023,165500,10.539,10.539,10.5,10.5,12928,0
PMTR.US,5,20251023,170000,10.5018,10.5018,10.5,10.5,1100,0
PMTR.US,5,20251023,174500,10.5,10.5,10.5,10.5,100,0
PMTR.US,5,20251023,182000,10.525,10.54,10.525,10.54,300,0
PMTR.US,5,20251023,182500,10.54,10.54,10.51,10.51,11900,0
PMTR.US,5,20251023,183000,10.52,10.54,10.52,10.54,618,0
PMTR.US,5,20251023,183500,10.53,10.54,10.53,10.54,1500,0
PMTR.US,5,20251023,184000,10.54,10.54,10.54,10.54,100,0
PMTR.US,5,20251023,184500,10.54,10.54,10.54,10.54,1225,0
PMTR.US,5,20251023,185500,10.5511,10.5511,10.55,10.55,2400,0
PMTR.US,5,20251023,190000,10.55,10.56,10.545,10.56,43597,0
PMTR.US,5,20251023,190500,10.56,10.56,10.56,10.56,100,0
PMTR.US,5,20251023,191000,10.56,10.58,10.55,10.565,8297,0
PMTR.US,5,20251023,191500,10.565,10.58,10.565,10.57,1000,0
PMTR.US,5,20251023,192000,10.575,10.6,10.56,10.6,58833,0
PMTR.US,5,20251023,192500,10.6,10.61,10.6,10.6,29144,0
PMTR.US,5,20251023,193000,10.6,10.63,10.6,10.63,8392,0
PMTR.US,5,20251023,193500,10.62,10.63,10.6,10.62,27828,0
PMTR.US,5,20251023,194500,10.635,10.65,10.635,10.65,3400,0
PMTR.US,5,20251023,195000,10.65,10.65,10.6,10.6,28584,0
PMTR.US,5,20251023,195500,10.625,10.65,10.6,10.6,5200,0
PMTR.US,5,20251023,200000,10.6091,10.628,10.6,10.628,1300,0
PMTR.US,5,20251023,200500,10.625,10.625,10.6,10.6,9318,0
PMTR.US,5,20251023,204000,10.6,10.6,10.6,10.6,100,0
PMTR.US,5,20251023,204500,10.6,10.62,10.6,10.62,200,0
PMTR.US,5,20251023,205000,10.62,10.62,10.62,10.62,100,0
PMTR.US,5,20251023,205500,10.62,10.62,10.62,10.62,100,0
PMTR.US,5,20251023,210000,10.62,10.62,10.6,10.6,2000,0
PMTR.US,5,20251023,210500,10.6,10.6,10.6,10.6,1300,0
PMTR.US,5,20251023,211000,10.6,10.6,10.6,10.6,3600,0
PMTR.US,5,20251023,211500,10.6,10.6,10.6,10.6,200,0
PMTR.US,5,20251023,212000,10.6,10.6,10.6,10.6,100,0
PMTR.US,5,20251023,212500,10.6,10.64,10.6,10.6,300,0
PMTR.US,5,20251023,213000,10.6,10.635,10.6,10.6,7375,0
PMTR.US,5,20251023,213500,10.6699,10.6699,10.6699,10.6699,200,0
PMTR.US,5,20251023,214000,10.59,10.59,10.59,10.59,110,0
PMTR.US,5,20251023,214500,10.56,10.56,10.55,10.55,700,0
PMTR.US,5,20251023,215000,10.54,10.56,10.54,10.56,1840,0
PMTR.US,5,20251023,215500,10.56,10.57,10.55,10.55,4873,0
PMTR.US,5,20251024,153000,10.59,10.59,10.483,10.483,275,0
PMTR.US,5,20251024,161500,10.6,10.6,10.59,10.6,11695,0
PMTR.US,5,20251024,162500,10.645,10.645,10.645,10.645,100,0
PMTR.US,5,20251024,163000,10.6,10.6,10.6,10.6,350,0
PMTR.US,5,20251024,165000,10.541,10.541,10.541,10.541,472,0
PMTR.US,5,20251024,171500,10.54,10.54,10.54,10.54,399,0
PMTR.US,5,20251024,172000,10.5491,10.5491,10.5491,10.5491,500,0
PMTR.US,5,20251024,173500,10.56,10.56,10.56,10.56,200,0
PMTR.US,5,20251024,181000,10.56,10.56,10.56,10.56,1000,0
PMTR.US,5,20251024,182000,10.5696,10.5696,10.5696,10.5696,100,0
PMTR.US,5,20251024,183500,10.58,10.63,10.58,10.6,7850,0
PMTR.US,5,20251024,185000,10.6,10.6,10.545,10.545,310,0
PMTR.US,5,20251024,190500,10.6,10.6,10.6,10.6,100,0
PMTR.US,5,20251024,191500,10.6,10.6,10.6,10.6,600,0
PMTR.US,5,20251024,193000,10.6,10.6,10.6,10.6,300,0
PMTR.US,5,20251024,194500,10.6,10.6,10.6,10.6,700,0
PMTR.US,5,20251024,195500,10.625,10.64,10.6,10.64,5500,0
PMTR.US,5,20251024,200500,10.64,10.64,10.64,10.64,300,0
PMTR.US,5,20251024,202000,10.64,10.64,10.64,10.64,300,0
PMTR.US,5,20251024,202500,10.64,10.64,10.64,10.64,103,0
PMTR.US,5,20251024,203500,10.64,10.64,10.64,10.64,100,0
PMTR.US,5,20251024,204000,10.64,10.64,10.64,10.64,200,0
PMTR.US,5,20251024,204500,10.64,10.64,10.64,10.64,100,0
PMTR.US,5,20251024,205500,10.635,10.635,10.635,10.635,200,0
PMTR.US,5,20251024,210500,10.635,10.635,10.63,10.63,11038,0
PMTR.US,5,20251024,212000,10.63,10.63,10.59,10.59,4464,0
PMTR.US,5,20251024,213000,10.6,10.6,10.6,10.6,690,0
PMTR.US,5,20251024,214000,10.585,10.585,10.585,10.585,1000,0
PMTR.US,5,20251024,215500,10.6,10.63,10.5715,10.63,900,0
PMTR.US,5,20251027,143000,10.635,10.635,10.635,10.635,400,0
PMTR.US,5,20251027,143500,10.61,10.635,10.61,10.635,600,0
PMTR.US,5,20251027,144000,10.635,10.635,10.61,10.635,500,0
PMTR.US,5,20251027,144500,10.61,10.635,10.61,10.635,500,0
PMTR.US,5,20251027,145000,10.61,10.635,10.61,10.635,400,0
PMTR.US,5,20251027,145500,10.61,10.635,10.575,10.635,1400,0
PMTR.US,5,20251027,150000,10.6,10.64,10.6,10.64,2277,0
PMTR.US,5,20251027,150500,10.61,10.61,10.61,10.61,400,0
PMTR.US,5,20251027,151000,10.635,10.635,10.61,10.635,400,0
PMTR.US,5,20251027,151500,10.62,10.62,10.62,10.62,1840,0
PMTR.US,5,20251027,152000,10.62,10.62,10.62,10.62,300,0
PMTR.US,5,20251027,152500,10.62,10.62,10.62,10.62,400,0
PMTR.US,5,20251027,153000,10.62,10.62,10.5859,10.5859,400,0
PMTR.US,5,20251027,153500,10.635,10.635,10.635,10.635,200,0
PMTR.US,5,20251027,154000,10.635,10.635,10.635,10.635,300,0
PMTR.US,5,20251027,154500,10.635,10.635,10.635,10.635,300,0
PMTR.US,5,20251027,155000,10.635,10.635,10.635,10.635,300,0
PMTR.US,5,20251027,155500,10.635,10.635,10.61,10.61,400,0
PMTR.US,5,20251027,165000,10.635,10.635,10.635,10.635,100,0
PMTR.US,5,20251027,165500,10.635,10.635,10.635,10.635,100,0
PMTR.US,5,20251027,170000,10.615,10.62,10.6,10.62,5600,0
PMTR.US,5,20251027,170500,10.6186,10.6186,10.6186,10.6186,100,0
PMTR.US,5,20251027,171000,10.62,10.62,10.62,10.62,300,0
PMTR.US,5,20251027,180500,10.6194,10.6194,10.55,10.55,584,0
PMTR.US,5,20251027,182000,10.55,10.55,10.55,10.55,1000,0
PMTR.US,5,20251027,182500,10.55,10.55,10.55,10.55,7138,0
PMTR.US,5,20251027,183000,10.5499,10.5499,10.5495,10.5495,1100,0
PMTR.US,5,20251027,184500,10.525,10.525,10.47,10.48,1272,0
PMTR.US,5,20251027,185000,10.4912,10.4912,10.4912,10.4912,1000,0
PMTR.US,5,20251027,191000,10.54,10.55,10.54,10.55,1714,0
PMTR.US,5,20251027,194000,10.515,10.515,10.48,10.515,444,0
PMTR.US,5,20251027,200500,10.49,10.49,10.49,10.49,500,0
PMTR.US,5,20251028,143500,10.4799,10.4799,10.4799,10.4799,1000,0
PMTR.US,5,20251028,144000,10.4475,10.4475,10.4475,10.4475,100,0
PMTR.US,5,20251028,151000,10.455,10.455,10.455,10.455,200,0
PMTR.US,5,20251028,151500,10.4668,10.5,10.455,10.4799,3180,0
PMTR.US,5,20251028,174500,10.6,10.64,10.54,10.6,10010,0
PMTR.US,5,20251028,185500,10.5145,10.5145,10.5145,10.5145,382,0
PMTR.US,5,20251028,190000,10.5378,10.55,10.5378,10.55,1300,0
PMTR.US,5,20251028,190500,10.5378,10.5378,10.5378,10.5378,1200,0
PMTR.US,5,20251028,193000,10.55,10.55,10.55,10.55,100,0
PMTR.US,5,20251028,201000,10.6,10.6,10.6,10.6,1000,0
PMTR.US,5,20251028,204500,10.55,10.55,10.55,10.55,1700,0
PMTR.US,5,20251028,205000,10.55,10.555,10.55,10.555,2000,0
PMTR.US,5,20251028,205500,10.555,10.57,10.555,10.57,2319,0
PMTR.US,5,20251029,143000,10.6,10.6,10.6,10.6,1016,0
PMTR.US,5,20251029,144500,10.5331,10.5331,10.5331,10.5331,200,0
PMTR.US,5,20251029,162500,10.5548,10.5548,10.55,10.55,1100,0
PMTR.US,5,20251029,163500,10.55,10.55,10.5,10.5,28135,0
PMTR.US,5,20251029,165000,10.545,10.5475,10.545,10.5475,1200,0
PMTR.US,5,20251029,171500,10.5001,10.55,10.5001,10.55,2762,0
PMTR.US,5,20251029,173000,10.5475,10.55,10.5,10.5475,32300,0
PMTR.US,5,20251029,195500,10.53,10.53,10.53,10.53,100,0
PMTR.US,5,20251029,201000,10.53,10.53,10.53,10.53,300,0
PMTR.US,5,20251029,203000,10.53,10.53,10.53,10.53,200,0
PMTR.US,5,20251029,204500,10.5056,10.5056,10.5056,10.5056,500,0
PMTR.US,5,20251029,205000,10.53,10.56,10.53,10.55,4100,0
PMTR.US,5,20251030,143000,10.55,10.55,10.55,10.55,200,0
PMTR.US,5,20251030,143500,10.55,10.55,10.55,10.55,200,0
PMTR.US,5,20251030,144000,10.55,10.55,10.55,10.55,100,0
PMTR.US,5,20251030,144500,10.525,10.55,10.525,10.55,200,0
PMTR.US,5,20251030,145000,10.55,10.55,10.55,10.55,200,0
PMTR.US,5,20251030,145500,10.55,10.565,10.5301,10.565,3700,0
PMTR.US,5,20251030,150000,10.565,10.6,10.565,10.6,300,0
PMTR.US,5,20251030,150500,10.565,10.59,10.565,10.59,300,0
PMTR.US,5,20251030,151000,10.59,10.6,10.59,10.6,300,0
PMTR.US,5,20251030,151500,10.6,10.6,10.565,10.59,300,0
PMTR.US,5,20251030,152000,10.59,10.59,10.59,10.59,300,0
PMTR.US,5,20251030,152500,10.59,10.6,10.565,10.565,300,0
PMTR.US,5,20251030,153000,10.59,10.59,10.59,10.59,300,0
PMTR.US,5,20251030,153500,10.6,10.6,10.6,10.6,300,0
PMTR.US,5,20251030,154000,10.59,10.59,10.565,10.59,400,0
PMTR.US,5,20251030,154500,10.6,10.6,10.59,10.59,300,0
PMTR.US,5,20251030,155000,10.6,10.6,10.565,10.59,300,0
PMTR.US,5,20251030,155500,10.59,10.6,10.59,10.6,400,0
PMTR.US,5,20251030,173000,10.565,10.565,10.54,10.54,650,0
PMTR.US,5,20251030,173500,10.53,10.55,10.53,10.55,574,0
PMTR.US,5,20251030,174000,10.5301,10.55,10.52,10.53,1600,0
PMTR.US,5,20251030,174500,10.52,10.52,10.52,10.52,100,0
PMTR.US,5,20251030,180000,10.52,10.52,10.52,10.52,200,0
PMTR.US,5,20251030,181500,10.52,10.5494,10.52,10.5494,200,0
PMTR.US,5,20251030,182000,10.52,10.52,10.52,10.52,200,0
PMTR.US,5,20251030,182500,10.52,10.52,10.52,10.52,100,0
PMTR.US,5,20251030,190000,10.545,10.545,10.51,10.545,2202,0
PMTR.US,5,20251030,191500,10.51,10.51,10.51,10.51,100,0
PMTR.US,5,20251030,193500,10.51,10.51,10.51,10.51,100,0
PMTR.US,5,20251030,195000,10.5,10.5,10.5,10.5,100,0
PMTR.US,5,20251030,200500,10.5,10.5,10.5,10.5,100,0
PMTR.US,5,20251030,202000,10.5,10.5,10.5,10.5,100,0
PMTR.US,5,20251030,203500,10.5,10.5,10.5,10.5,100,0
PMTR.US,5,20251030,204000,10.5,10.5,10.5,10.5,100,0
PMTR.US,5,20251030,205500,10.5395,10.5395,10.52,10.52,214,0
PMTR.US,5,20251031,162000,10.4925,10.4925,10.4925,10.4925,100,0
PMTR.US,5,20251031,164500,10.58,10.61,10.57,10.61,14900,0
PMTR.US,5,20251031,192000,10.5,10.5,10.5,10.5,518,0
PMTR.US,5,20251031,205000,10.5,10.5,10.5,10.5,442,0
PMTR.US,5,20251103,153000,10.42,10.5,10.4001,10.5,2249,0
PMTR.US,5,20251103,153500,10.5,10.5,10.5,10.5,300,0
PMTR.US,5,20251103,154000,10.5,10.5,10.5,10.5,400,0
PMTR.US,5,20251103,154500,10.5,10.5,10.5,10.5,200,0
PMTR.US,5,20251103,155000,10.5,10.5,10.5,10.5,300,0
PMTR.US,5,20251103,155500,10.5,10.5,10.5,10.5,200,0
PMTR.US,5,20251103,160000,10.5,10.5,10.5,10.5,200,0
PMTR.US,5,20251103,160500,10.5,10.5431,10.5,10.5431,400,0
PMTR.US,5,20251103,161500,10.5,10.5,10.5,10.5,200,0
PMTR.US,5,20251103,162000,10.5,10.5216,10.5,10.5216,200,0
PMTR.US,5,20251103,163000,10.5,10.5182,10.5,10.5,2562,0
PMTR.US,5,20251103,163500,10.5,10.5,10.5,10.5,100,0
PMTR.US,5,20251103,170500,10.5,10.5001,10.5,10.5001,1668,0
PMTR.US,5,20251103,171000,10.5,10.5,10.415,10.415,27800,0
PMTR.US,5,20251103,171500,10.415,10.415,10.415,10.415,100,0
PMTR.US,5,20251103,172000,10.415,10.415,10.415,10.415,200,0
PMTR.US,5,20251103,172500,10.415,10.415,10.415,10.415,100,0
PMTR.US,5,20251103,173000,10.415,10.415,10.415,10.415,200,0
PMTR.US,5,20251103,173500,10.415,10.415,10.415,10.415,200,0
PMTR.US,5,20251103,174000,10.41,10.41,10.41,10.41,100,0
PMTR.US,5,20251103,174500,10.415,10.415,10.415,10.415,100,0
PMTR.US,5,20251103,175000,10.415,10.415,10.41,10.41,200,0
PMTR.US,5,20251103,175500,10.41,10.41,10.41,10.41,200,0
PMTR.US,5,20251103,184000,10.495,10.495,10.495,10.495,539,0
PMTR.US,5,20251103,201000,10.5,10.54,10.495,10.5,50200,0
PMTR.US,5,20251103,210500,10.472,10.472,10.472,10.472,200,0
PMTR.US,5,20251103,213500,10.43,10.43,10.42,10.42,1400,0
PMTR.US,5,20251103,214000,10.42,10.42,10.42,10.42,500,0
PMTR.US,5,20251103,215000,10.42,10.42,10.42,10.42,100,0
PMTR.US,5,20251103,215500,10.42,10.43,10.42,10.42,705,0
PMTR.US,5,20251104,153000,10.49,10.49,10.49,10.49,103,0
PMTR.US,5,20251104,173000,10.445,10.445,10.445,10.445,500,0
PMTR.US,5,20251104,201500,10.4,10.445,10.3,10.3,13280,0
PMTR.US,5,20251104,202000,10.29,10.29,10.26,10.26,2500,0
PMTR.US,5,20251104,202500,10.26,10.2891,10.2,10.2747,39650,0
PMTR.US,5,20251104,203000,10.265,10.3,10.265,10.3,13200,0
PMTR.US,5,20251104,203500,10.3,10.31,10.3,10.3,11000,0
PMTR.US,5,20251104,204500,10.3,10.3,10.3,10.3,5500,0
PMTR.US,5,20251104,205000,10.32,10.32,10.3063,10.3063,2320,0
PMTR.US,5,20251104,210000,10.309,10.309,10.309,10.309,100,0
PMTR.US,5,20251104,211000,10.35,10.385,10.35,10.385,1130,0
PMTR.US,5,20251104,211500,10.34,10.38,10.34,10.38,380,0
PMTR.US,5,20251104,213500,10.365,10.38,10.3401,10.3401,817,0
PMTR.US,5,20251104,214500,10.34,10.34,10.3,10.3,3516,0
PMTR.US,5,20251104,215000,10.3,10.34,10.3,10.3,4643,0
PMTR.US,5,20251104,215500,10.3,10.325,10.3,10.3101,6300,0
PMTR.US,5,20251105,153000,10.38,10.38,10.38,10.38,200,0
PMTR.US,5,20251105,153500,10.38,10.38,10.38,10.38,570,0
PMTR.US,5,20251105,154000,10.38,10.38,10.38,10.38,300,0
PMTR.US,5,20251105,154500,10.38,10.38,10.38,10.38,200,0
PMTR.US,5,20251105,155000,10.38,10.38,10.38,10.38,200,0
PMTR.US,5,20251105,155500,10.38,10.38,10.38,10.38,300,0
PMTR.US,5,20251105,160000,10.38,10.38,10.38,10.38,200,0
PMTR.US,5,20251105,160500,10.38,10.38,10.38,10.38,200,0
PMTR.US,5,20251105,161000,10.38,10.38,10.345,10.345,300,0
PMTR.US,5,20251105,161500,10.34,10.34,10.3,10.3,2680,0
PMTR.US,5,20251105,162000,10.34,10.34,10.34,10.34,300,0
PMTR.US,5,20251105,162500,10.34,10.34,10.34,10.34,200,0
PMTR.US,5,20251105,163000,10.34,10.38,10.34,10.38,200,0
PMTR.US,5,20251105,163500,10.38,10.38,10.37,10.37,200,0
PMTR.US,5,20251105,164000,10.38,10.38,10.38,10.38,100,0
PMTR.US,5,20251105,164500,10.38,10.38,10.38,10.38,200,0
PMTR.US,5,20251105,165000,10.38,10.38,10.38,10.38,100,0
PMTR.US,5,20251105,165500,10.38,10.38,10.38,10.38,300,0
PMTR.US,5,20251105,171500,10.318,10.39,10.31,10.38,880,0
PMTR.US,5,20251105,172500,10.38,10.39,10.38,10.39,300,0
PMTR.US,5,20251105,173500,10.332,10.332,10.332,10.332,209,0
PMTR.US,5,20251105,194000,10.35,10.35,10.35,10.35,100,0
PMTR.US,5,20251105,195000,10.38,10.39,10.38,10.39,999,0
PMTR.US,5,20251105,201000,10.39,10.49,10.39,10.49,9872,0
PMTR.US,5,20251105,204500,10.4,10.4,10.4,10.4,200,0
PMTR.US,5,20251105,205500,10.3851,10.405,10.3312,10.405,3000,0
PMTR.US,5,20251105,210000,10.3612,10.405,10.3612,10.405,1800,0
PMTR.US,5,20251105,211000,10.3936,10.48,10.3501,10.48,5198,0
PMTR.US,5,20251105,211500,10.3928,10.48,10.35,10.4496,24000,0
PMTR.US,5,20251105,212500,10.39,10.39,10.39,10.39,600,0
PMTR.US,5,20251105,214000,10.42,10.42,10.42,10.42,1320,0
PMTR.US,5,20251106,162500,10.42,10.42,10.42,10.42,29998,0
PMTR.US,5,20251106,164000,10.37,10.42,10.37,10.39,5919,0
PMTR.US,5,20251106,174500,10.3795,10.3795,10.3795,10.3795,150,0
PMTR.US,5,20251106,181500,10.4,10.42,10.4,10.415,1700,0
PMTR.US,5,20251106,182500,10.33,10.395,10.33,10.395,310,0
PMTR.US,5,20251106,183000,10.395,10.395,10.34,10.34,300,0
PMTR.US,5,20251106,183500,10.36,10.36,10.33,10.345,500,0
PMTR.US,5,20251106,184000,10.345,10.345,10.33,10.345,300,0
PMTR.US,5,20251106,184500,10.33,10.345,10.33,10.33,812,0
PMTR.US,5,20251106,185000,10.32,10.345,10.32,10.345,500,0
PMTR.US,5,20251106,185500,10.345,10.35,10.33,10.33,691,0
PMTR.US,5,20251106,190000,10.33,10.35,10.33,10.35,1005,0
PMTR.US,5,20251106,190500,10.33,10.345,10.33,10.345,300,0
PMTR.US,5,20251106,191000,10.32,10.345,10.32,10.345,424,0
PMTR.US,5,20251106,191500,10.32,10.345,10.32,10.345,300,0
PMTR.US,5,20251106,192000,10.34,10.34,10.32,10.34,576,0
PMTR.US,5,20251106,192500,10.32,10.34,10.32,10.32,2193,0
PMTR.US,5,20251106,193000,10.32,10.345,10.31,10.31,2053,0
PMTR.US,5,20251106,193500,10.34,10.3586,10.3,10.3501,11206,0
PMTR.US,5,20251106,194000,10.35,10.35,10.28,10.28,1998,0
PMTR.US,5,20251106,194500,10.29,10.3,10.27,10.27,7102,0
PMTR.US,5,20251106,195000,10.2712,10.3,10.27,10.3,600,0
PMTR.US,5,20251106,195500,10.2826,10.2826,10.2826,10.2826,200,0
PMTR.US,5,20251106,200000,10.2826,10.2826,10.2826,10.2826,100,0
PMTR.US,5,20251106,200500,10.313,10.313,10.313,10.313,200,0
PMTR.US,5,20251106,201000,10.2872,10.2872,10.2872,10.2872,100,0
PMTR.US,5,20251106,201500,10.31,10.33,10.31,10.33,3764,0
PMTR.US,5,20251106,202000,10.31,10.31,10.2884,10.31,1100,0
PMTR.US,5,20251106,202500,10.31,10.325,10.31,10.325,1484,0
PMTR.US,5,20251106,203000,10.31,10.31,10.31,10.31,300,0
PMTR.US,5,20251106,203500,10.325,10.325,10.325,10.325,3000,0
PMTR.US,5,20251106,204000,10.31,10.31,10.31,10.31,481,0
PMTR.US,5,20251106,204500,10.31,10.31,10.31,10.31,1007,0
PMTR.US,5,20251106,205000,10.31,10.31,10.31,10.31,758,0
PMTR.US,5,20251106,205500,10.31,10.32,10.31,10.31,4788,0
PMTR.US,5,20251106,210000,10.31,10.32,10.31,10.32,1317,0
PMTR.US,5,20251106,210500,10.3126,10.3126,10.3126,10.3126,100,0
PMTR.US,5,20251106,211500,10.31,10.31,10.31,10.31,446,0
PMTR.US,5,20251106,212000,10.31,10.31,10.31,10.31,100,0
PMTR.US,5,20251106,213000,10.31,10.31,10.31,10.31,2531,0
PMTR.US,5,20251106,213500,10.31,10.34,10.31,10.34,2157,0
PMTR.US,5,20251106,214000,10.3172,10.32,10.31,10.31,1167,0
PMTR.US,5,20251106,214500,10.31,10.31,10.3,10.3,1613,0
PMTR.US,5,20251106,215000,10.31,10.32,10.3,10.31,3073,0
PMTR.US,5,20251106,215500,10.3028,10.31,10.3,10.3049,6443,0
PMTR.US,5,20251107,153500,10.3385,10.3385,10.3385,10.3385,134,0
PMTR.US,5,20251107,154000,10.3112,10.3112,10.3001,10.3001,1410,0
PMTR.US,5,20251107,161000,10.3125,10.3125,10.3125,10.3125,400,0
PMTR.US,5,20251107,163500,10.31,10.31,10.3,10.3,1800,0
PMTR.US,5,20251107,171000,10.32,10.32,10.3,10.3,796,0
PMTR.US,5,20251107,181000,10.29,10.29,10.29,10.29,1000,0
PMTR.US,5,20251107,183000,10.3,10.3,10.29,10.29,2100,0
PMTR.US,5,20251107,183500,10.29,10.29,10.29,10.29,10776,0
PMTR.US,5,20251107,184000,10.29,10.29,10.29,10.29,100,0
PMTR.US,5,20251107,185500,10.3,10.3,10.29,10.3,33101,0
PMTR.US,5,20251107,193000,10.3345,10.3345,10.3345,10.3345,233,0
PMTR.US,5,20251107,195500,10.3,10.3,10.3,10.3,400,0
PMTR.US,5,20251107,201500,10.32,10.32,10.32,10.32,100,0
PMTR.US,5,20251107,213500,10.3,10.3,10.3,10.3,254,0
PMTR.US,5,20251107,215000,10.31,10.31,10.3,10.3,27894,0
PMTR.US,5,20251107,215500,10.305,10.305,10.3,10.3,263,0
PMTR.US,5,20251110,153000,10.34,10.34,10.3128,10.3128,693,0
PMTR.US,5,20251110,154000,10.3354,10.35,10.3354,10.35,1145,0
PMTR.US,5,20251110,154500,10.33,10.33,10.33,10.33,158,0
PMTR.US,5,20251110,160000,10.35,10.35,10.35,10.35,1500,0
PMTR.US,5,20251110,160500,10.35,10.35,10.35,10.35,100,0
PMTR.US,5,20251110,161000,10.3435,10.3435,10.3435,10.3435,1000,0
PMTR.US,5,20251110,162000,10.3435,10.3435,10.3435,10.3435,100,0
PMTR.US,5,20251110,164500,10.35,10.35,10.35,10.35,100,0
PMTR.US,5,20251110,190500,10.34,10.34,10.34,10.34,350,0
PMTR.US,5,20251110,192500,10.34,10.34,10.34,10.34,294,0
PMTR.US,5,20251110,202000,10.34,10.34,10.34,10.34,2382,0
PMTR.US,5,20251110,205500,10.33,10.33,10.33,10.33,660,0
PMTR.US,5,20251110,211500,10.34,10.34,10.34,10.34,100,0
PMTR.US,5,20251110,213000,10.33,10.33,10.33,10.33,273,0
PMTR.US,5,20251111,153500,10.35,10.35,10.33,10.33,298,0
PMTR.US,5,20251111,164000,10.35,10.385,10.35,10.385,2300,0
PMTR.US,5,20251111,164500,10.38,10.38,10.38,10.38,1000,0
PMTR.US,5,20251111,171500,10.37,10.37,10.37,10.37,123,0
PMTR.US,5,20251111,184500,10.38,10.38,10.38,10.38,100,0
PMTR.US,5,20251111,192500,10.37,10.37,10.33,10.33,4419,0
PMTR.US,5,20251111,205500,10.32,10.32,10.32,10.32,532,0
PMTR.US,5,20251111,212500,10.33,10.3399,10.33,10.3399,1100,0
PMTR.US,5,20251111,213000,10.3246,10.3246,10.3246,10.3246,100,0
PMTR.US,5,20251111,215000,10.3314,10.3314,10.3314,10.3314,1000,0
PMTR.US,5,20251112,153000,10.32,10.32,10.32,10.32,100,0
PMTR.US,5,20251112,153500,10.32,10.32,10.32,10.32,100,0
PMTR.US,5,20251112,154000,10.32,10.32,10.32,10.32,100,0
PMTR.US,5,20251112,155000,10.32,10.32,10.32,10.32,100,0
PMTR.US,5,20251112,155500,10.32,10.37,10.32,10.37,200,0
PMTR.US,5,20251112,160000,10.32,10.32,10.32,10.32,100,0
PMTR.US,5,20251112,160500,10.32,10.32,10.32,10.32,100,0
PMTR.US,5,20251112,161000,10.3326,10.3326,10.32,10.32,1100,0
PMTR.US,5,20251112,161500,10.32,10.345,10.32,10.345,200,0
PMTR.US,5,20251112,162000,10.32,10.32,10.32,10.32,100,0
PMTR.US,5,20251112,162500,10.32,10.32,10.32,10.32,100,0
PMTR.US,5,20251112,163000,10.32,10.32,10.32,10.32,100,0
PMTR.US,5,20251112,163500,10.32,10.32,10.32,10.32,100,0
PMTR.US,5,20251112,164000,10.32,10.32,10.32,10.32,100,0
PMTR.US,5,20251112,172500,10.32,10.32,10.32,10.32,300,0
PMTR.US,5,20251112,173000,10.32,10.32,10.32,10.32,100,0
PMTR.US,5,20251112,173500,10.32,10.32,10.32,10.32,100,0
PMTR.US,5,20251112,174000,10.32,10.32,10.32,10.32,100,0
PMTR.US,5,20251112,174500,10.32,10.32,10.32,10.32,100,0
PMTR.US,5,20251112,182000,10.31,10.31,10.31,10.31,200,0
PMTR.US,5,20251112,182500,10.31,10.31,10.31,10.31,100,0
PMTR.US,5,20251112,183000,10.31,10.31,10.31,10.31,100,0
PMTR.US,5,20251112,183500,10.31,10.31,10.31,10.31,100,0
PMTR.US,5,20251112,184000,10.31,10.31,10.31,10.31,100,0
PMTR.US,5,20251112,184500,10.31,10.31,10.31,10.31,100,0
PMTR.US,5,20251112,185000,10.31,10.31,10.31,10.31,200,0
PMTR.US,5,20251112,185500,10.31,10.31,10.31,10.31,100,0
PMTR.US,5,20251112,190000,10.31,10.31,10.31,10.31,100,0
PMTR.US,5,20251112,190500,10.31,10.31,10.31,10.31,100,0
PMTR.US,5,20251112,203500,10.3,10.33,10.28,10.33,25500,0
PMTR.US,5,20251112,204000,10.3,10.3,10.3,10.3,25100,0
PMTR.US,5,20251112,211000,10.33,10.33,10.33,10.33,100,0
PMTR.US,5,20251112,215000,10.29,10.29,10.29,10.29,100,0
PMTR.US,5,20251113,154500,10.2991,10.2991,10.2991,10.2991,100,0
PMTR.US,5,20251113,160000,10.33,10.33,10.3,10.315,1800,0
PMTR.US,5,20251113,164500,10.315,10.315,10.315,10.315,116,0
PMTR.US,5,20251113,165500,10.29,10.2902,10.29,10.29,3181,0
PMTR.US,5,20251113,174500,10.2882,10.31,10.2882,10.31,6589,0
PMTR.US,5,20251113,200000,10.2913,10.2992,10.29,10.2943,4000,0
PMTR.US,5,20251113,200500,10.29,10.29,10.29,10.29,100,0
PMTR.US,5,20251113,201500,10.29,10.2955,10.29,10.2955,2649,0
PMTR.US,5,20251113,202500,10.295,10.295,10.295,10.295,1600,0
PMTR.US,5,20251113,204000,10.29,10.29,10.29,10.29,200,0
PMTR.US,5,20251113,204500,10.29,10.29,10.29,10.29,152,0
PMTR.US,5,20251113,205500,10.28,10.28,10.27,10.275,10011,0
PMTR.US,5,20251113,212000,10.2701,10.2701,10.27,10.27,6500,0
PMTR.US,5,20251113,212500,10.27,10.271,10.27,10.27,10711,0
PMTR.US,5,20251113,213000,10.27,10.27,10.27,10.27,600,0
PMTR.US,5,20251113,213500,10.27,10.27,10.25,10.25,24264,0
PMTR.US,5,20251113,214000,10.25,10.25,10.25,10.25,600,0
PMTR.US,5,20251113,214500,10.25,10.2618,10.25,10.25,1300,0
PMTR.US,5,20251113,215500,10.265,10.27,10.25,10.25,11845,0
PMTR.US,5,20251114,153000,10.24,10.24,10.24,10.24,520,0
PMTR.US,5,20251114,153500,10.24,10.241,10.24,10.24,500,0
PMTR.US,5,20251114,154000,10.24,10.25,10.24,10.24,4529,0
PMTR.US,5,20251114,154500,10.24,10.24,10.24,10.24,300,0
PMTR.US,5,20251114,155000,10.24,10.2401,10.2,10.2,23746,0
PMTR.US,5,20251114,155500,10.2299,10.2299,10.2,10.215,10356,0
PMTR.US,5,20251114,160000,10.215,10.215,10.2,10.2,1755,0
PMTR.US,5,20251114,160500,10.2,10.2,10.2,10.2,200,0
PMTR.US,5,20251114,161000,10.2,10.2,10.2,10.2,200,0
PMTR.US,5,20251114,161500,10.2,10.21,10.2,10.21,200,0
PMTR.US,5,20251114,162000,10.21,10.23,10.2,10.2,500,0
PMTR.US,5,20251114,162500,10.2,10.2,10.2,10.2,200,0
PMTR.US,5,20251114,163000,10.2,10.2,10.2,10.2,100,0
PMTR.US,5,20251114,163500,10.2,10.22,10.2,10.22,10677,0
PMTR.US,5,20251114,164000,10.2,10.21,10.2,10.2,1697,0
PMTR.US,5,20251114,164500,10.2,10.2,10.2,10.2,200,0
PMTR.US,5,20251114,165000,10.2,10.22,10.2,10.2,2752,0
PMTR.US,5,20251114,165500,10.2,10.2,10.2,10.2,100,0
PMTR.US,5,20251114,170000,10.2,10.2,10.2,10.2,100,0
PMTR.US,5,20251114,170500,10.2,10.2,10.2,10.2,100,0
PMTR.US,5,20251114,171000,10.2,10.23,10.2,10.2275,21929,0
PMTR.US,5,20251114,171500,10.225,10.23,10.225,10.2285,10296,0
PMTR.US,5,20251114,172500,10.23,10.23,10.23,10.23,3000,0
PMTR.US,5,20251114,173000,10.23,10.26,10.23,10.26,10590,0
PMTR.US,5,20251114,173500,10.27,10.27,10.27,10.27,100,0
PMTR.US,5,20251114,174500,10.265,10.265,10.265,10.265,100,0
PMTR.US,5,20251114,175000,10.26,10.265,10.26,10.265,200,0
PMTR.US,5,20251114,175500,10.27,10.28,10.26,10.27,7600,0
PMTR.US,5,20251114,180500,10.26,10.26,10.26,10.26,200,0
PMTR.US,5,20251114,181000,10.26,10.26,10.26,10.26,100,0
PMTR.US,5,20251114,181500,10.26,10.285,10.26,10.28,26454,0
PMTR.US,5,20251114,182000,10.29,10.29,10.29,10.29,217,0
PMTR.US,5,20251114,183500,10.28,10.28,10.28,10.28,100,0
PMTR.US,5,20251114,184000,10.27,10.28,10.27,10.27,19260,0
PMTR.US,5,20251114,184500,10.27,10.27,10.27,10.27,100,0
PMTR.US,5,20251114,185000,10.27,10.2786,10.27,10.27,1200,0
PMTR.US,5,20251114,185500,10.27,10.2786,10.27,10.27,2151,0
PMTR.US,5,20251114,190500,10.27,10.27,10.27,10.27,200,0
PMTR.US,5,20251114,191500,10.27,10.27,10.27,10.27,254,0
PMTR.US,5,20251114,192000,10.27,10.29,10.27,10.29,300,0
PMTR.US,5,20251114,193000,10.27,10.27,10.27,10.27,3058,0
PMTR.US,5,20251114,193500,10.27,10.27,10.27,10.27,100,0
PMTR.US,5,20251114,194000,10.27,10.27,10.27,10.27,100,0
PMTR.US,5,20251114,194500,10.27,10.27,10.27,10.27,100,0
PMTR.US,5,20251114,195000,10.27,10.27,10.27,10.27,200,0
PMTR.US,5,20251114,195500,10.27,10.27,10.27,10.27,100,0
PMTR.US,5,20251114,200000,10.27,10.27,10.27,10.27,100,0
PMTR.US,5,20251114,200500,10.27,10.28,10.27,10.27,300,0
PMTR.US,5,20251114,201000,10.28,10.29,10.27,10.29,300,0
PMTR.US,5,20251114,201500,10.27,10.28,10.27,10.27,400,0
PMTR.US,5,20251114,202000,10.277,10.28,10.27,10.28,4500,0
PMTR.US,5,20251114,202500,10.27,10.2801,10.27,10.2801,7000,0
PMTR.US,5,20251114,203500,10.27,10.2751,10.27,10.27,2200,0
PMTR.US,5,20251114,204000,10.27,10.2705,10.26,10.26,5200,0
PMTR.US,5,20251114,204500,10.26,10.26,10.26,10.26,200,0
PMTR.US,5,20251114,205000,10.26,10.26,10.26,10.26,200,0
PMTR.US,5,20251114,205500,10.26,10.26,10.26,10.26,100,0
PMTR.US,5,20251114,210000,10.26,10.27,10.26,10.27,200,0
PMTR.US,5,20251114,210500,10.27,10.28,10.27,10.28,4173,0
PMTR.US,5,20251114,211000,10.27,10.27,10.27,10.27,651,0
PMTR.US,5,20251114,211500,10.27,10.2743,10.27,10.2743,500,0
PMTR.US,5,20251114,212000,10.27,10.28,10.27,10.28,10700,0
PMTR.US,5,20251114,212500,10.28,10.28,10.28,10.28,4012,0
PMTR.US,5,20251114,213000,10.28,10.28,10.28,10.28,200,0
PMTR.US,5,20251114,213500,10.28,10.28,10.28,10.28,200,0
PMTR.US,5,20251114,214000,10.28,10.29,10.2773,10.2773,4300,0
PMTR.US,5,20251114,214500,10.28,10.285,10.28,10.285,300,0
PMTR.US,5,20251114,215000,10.2848,10.285,10.28,10.28,6387,0
PMTR.US,5,20251114,215500,10.285,10.285,10.28,10.28,17100,0
PMTR.US,5,20251117,153000,10.28,10.28,10.28,10.28,144,0
PMTR.US,5,20251117,162500,10.26,10.26,10.26,10.26,100,0
PMTR.US,5,20251117,165500,10.265,10.265,10.26,10.26,800,0
PMTR.US,5,20251117,170000,10.265,10.265,10.265,10.265,400,0
PMTR.US,5,20251117,174000,10.265,10.265,10.265,10.265,778,0
PMTR.US,5,20251117,175000,10.26,10.26,10.26,10.26,3352,0
PMTR.US,5,20251117,181000,10.27,10.28,10.27,10.28,4700,0
PMTR.US,5,20251117,185000,10.28,10.28,10.28,10.28,800,0
PMTR.US,5,20251117,191500,10.2814,10.2814,10.2814,10.2814,400,0
PMTR.US,5,20251117,192000,10.2808,10.2808,10.2808,10.2808,3000,0
PMTR.US,5,20251117,192500,10.285,10.285,10.2803,10.2803,3528,0
PMTR.US,5,20251117,193000,10.285,10.285,10.27,10.275,9624,0
PMTR.US,5,20251117,193500,10.275,10.285,10.275,10.2796,11847,0
PMTR.US,5,20251117,194000,10.281,10.281,10.2704,10.2704,557,0
PMTR.US,5,20251117,194500,10.283,10.283,10.27,10.2801,7466,0
PMTR.US,5,20251117,195000,10.28,10.28,10.2,10.2,84389,0
PMTR.US,5,20251117,195500,10.25,10.27,10.25,10.251,27562,0
PMTR.US,5,20251117,200000,10.2428,10.25,10.24,10.25,1232,0
PMTR.US,5,20251117,200500,10.25,10.25,10.22,10.2277,59218,0
PMTR.US,5,20251117,201000,10.229,10.245,10.229,10.235,6578,0
PMTR.US,5,20251117,201500,10.23,10.237,10.23,10.237,1072,0
PMTR.US,5,20251117,202000,10.23,10.24,10.21,10.21,6151,0
PMTR.US,5,20251117,202500,10.21,10.21,10.2,10.2,800,0
PMTR.US,5,20251117,203000,10.2,10.2,10.2,10.2,400,0
PMTR.US,5,20251117,203500,10.2,10.2275,10.2,10.2275,752,0
PMTR.US,5,20251117,204000,10.2,10.225,10.2,10.2,2000,0
PMTR.US,5,20251117,204500,10.2,10.201,10.2,10.2,1662,0
PMTR.US,5,20251117,205000,10.2,10.215,10.2,10.2,7400,0
PMTR.US,5,20251117,205500,10.2,10.201,10.2,10.2,800,0
PMTR.US,5,20251117,210000,10.2,10.205,10.2,10.205,300,0
PMTR.US,5,20251117,210500,10.205,10.22,10.2,10.22,801,0
PMTR.US,5,20251117,211000,10.21,10.21,10.21,10.21,200,0
PMTR.US,5,20251117,211500,10.21,10.21,10.21,10.21,300,0
PMTR.US,5,20251117,212000,10.21,10.21,10.21,10.21,700,0
PMTR.US,5,20251117,212500,10.22,10.235,10.22,10.22,1300,0
PMTR.US,5,20251117,213000,10.22,10.25,10.22,10.2316,670,0
PMTR.US,5,20251117,213500,10.2282,10.2282,10.2254,10.2254,1100,0
PMTR.US,5,20251117,214000,10.22,10.22,10.22,10.22,100,0
PMTR.US,5,20251117,215000,10.235,10.2365,10.22,10.22,350,0
PMTR.US,5,20251117,215500,10.22,10.23,10.22,10.23,8754,0
PMTR.US,5,20251118,153000,10.2,10.221,10.2,10.2192,1237,0
PMTR.US,5,20251118,154000,10.23,10.23,10.23,10.23,300,0
PMTR.US,5,20251118,154500,10.21,10.221,10.21,10.221,938,0
PMTR.US,5,20251118,155000,10.2128,10.2128,10.2128,10.2128,100,0
PMTR.US,5,20251118,155500,10.212,10.2134,10.21,10.21,8563,0
PMTR.US,5,20251118,160000,10.2148,10.215,10.21,10.21,13352,0
PMTR.US,5,20251118,160500,10.21,10.21,10.2,10.2,7557,0
PMTR.US,5,20251118,161500,10.2,10.205,10.2,10.205,1100,0
PMTR.US,5,20251118,162000,10.2,10.2,10.2,10.2,333,0
PMTR.US,5,20251118,162500,10.2,10.2,10.2,10.2,100,0
PMTR.US,5,20251118,164000,10.205,10.21,10.205,10.21,15631,0
PMTR.US,5,20251118,165000,10.21,10.21,10.21,10.21,154,0
PMTR.US,5,20251118,170500,10.21,10.21,10.21,10.21,100,0
PMTR.US,5,20251118,173000,10.21,10.21,10.21,10.21,1101,0
PMTR.US,5,20251118,180500,10.21,10.21,10.21,10.21,745,0
PMTR.US,5,20251118,184000,10.21,10.21,10.21,10.21,300,0
PMTR.US,5,20251118,184500,10.21,10.21,10.21,10.21,264,0
PMTR.US,5,20251118,185000,10.22,10.22,10.22,10.22,4424,0
PMTR.US,5,20251118,190000,10.22,10.22,10.22,10.22,100,0
PMTR.US,5,20251118,191500,10.22,10.22,10.22,10.22,100,0
PMTR.US,5,20251118,193000,10.225,10.235,10.22,10.235,53385,0
PMTR.US,5,20251118,194500,10.24,10.24,10.24,10.24,500,0
PMTR.US,5,20251118,200000,10.23,10.241,10.23,10.241,413,0
PMTR.US,5,20251118,201500,10.23,10.23,10.23,10.23,100,0
PMTR.US,5,20251118,202000,10.24,10.24,10.24,10.24,1950,0
PMTR.US,5,20251118,202500,10.24,10.24,10.24,10.24,100,0
PMTR.US,5,20251118,203000,10.24,10.24,10.24,10.24,100,0
PMTR.US,5,20251118,203500,10.23,10.23,10.23,10.23,100,0
PMTR.US,5,20251118,204500,10.235,10.239,10.23,10.23,2357,0
PMTR.US,5,20251118,210000,10.23,10.23,10.23,10.23,100,0
PMTR.US,5,20251118,210500,10.23,10.23,10.23,10.23,243,0
PMTR.US,5,20251118,211000,10.231,10.231,10.23,10.23,315,0
PMTR.US,5,20251118,212500,10.24,10.24,10.235,10.24,12757,0
PMTR.US,5,20251118,213000,10.23,10.24,10.23,10.23,1814,0
PMTR.US,5,20251118,214000,10.23,10.23,10.23,10.23,100,0
PMTR.US,5,20251118,214500,10.24,10.24,10.24,10.24,250,0
PMTR.US,5,20251118,215000,10.23,10.23,10.23,10.23,472,0
PMTR.US,5,20251118,215500,10.25,10.25,10.25,10.25,500,0
PMTR.US,5,20251119,153000,10.215,10.215,10.215,10.215,5665,0
PMTR.US,5,20251119,155000,10.24,10.24,10.24,10.24,2022,0
PMTR.US,5,20251119,155500,10.242,10.242,10.242,10.242,100,0
PMTR.US,5,20251119,160500,10.2404,10.2404,10.2404,10.2404,100,0
PMTR.US,5,20251119,161500,10.2404,10.25,10.2404,10.2482,4150,0
PMTR.US,5,20251119,163000,10.2414,10.2414,10.2414,10.2414,100,0
PMTR.US,5,20251119,163500,10.24,10.24,10.24,10.24,800,0
PMTR.US,5,20251119,164500,10.249,10.249,10.249,10.249,900,0
PMTR.US,5,20251119,170000,10.25,10.25,10.25,10.25,12422,0
PMTR.US,5,20251119,171500,10.25,10.25,10.25,10.25,5618,0
PMTR.US,5,20251119,173000,10.25,10.25,10.2477,10.25,3500,0
PMTR.US,5,20251119,173500,10.2497,10.25,10.2497,10.25,1300,0
PMTR.US,5,20251119,181500,10.25,10.25,10.25,10.25,2700,0
PMTR.US,5,20251119,183500,10.25,10.25,10.25,10.25,100,0
PMTR.US,5,20251119,184000,10.25,10.25,10.25,10.25,100,0
PMTR.US,5,20251119,184500,10.25,10.2513,10.25,10.2513,5000,0
PMTR.US,5,20251119,185500,10.26,10.26,10.255,10.26,14095,0
PMTR.US,5,20251119,190000,10.275,10.2804,10.275,10.2804,999,0
PMTR.US,5,20251119,191500,10.27,10.27,10.27,10.27,100,0
PMTR.US,5,20251119,192500,10.26,10.26,10.25,10.25,43418,0
PMTR.US,5,20251119,200000,10.25,10.25,10.25,10.25,388,0
PMTR.US,5,20251119,200500,10.2535,10.2535,10.2535,10.2535,2500,0
PMTR.US,5,20251119,201000,10.25,10.25,10.25,10.25,194,0
PMTR.US,5,20251119,202000,10.25,10.2501,10.25,10.2501,4000,0
PMTR.US,5,20251119,202500,10.25,10.25,10.25,10.25,100,0
PMTR.US,5,20251119,210000,10.255,10.26,10.255,10.26,10621,0
PMTR.US,5,20251119,214000,10.26,10.2649,10.26,10.2649,28652,0
PMTR.US,5,20251119,215500,10.26,10.2601,10.26,10.26,2021,0
PMTR.US,5,20251120,153000,10.2494,10.2494,10.2494,10.2494,500,0
PMTR.US,5,20251120,174000,10.2659,10.2659,10.2659,10.2659,1000,0
PMTR.US,5,20251120,175000,10.2682,10.27,10.2682,10.27,2000,0
PMTR.US,5,20251120,181500,10.2672,10.2708,10.2672,10.2708,5000,0
PMTR.US,5,20251120,183000,10.27,10.27,10.27,10.27,200,0
PMTR.US,5,20251120,184000,10.26,10.26,10.2502,10.26,5124,0
PMTR.US,5,20251120,191500,10.25,10.25,10.25,10.25,130,0
PMTR.US,5,20251120,194000,10.26,10.26,10.25,10.25,10899,0
PMTR.US,5,20251120,194500,10.26,10.26,10.26,10.26,900,0
PMTR.US,5,20251120,195500,10.26,10.26,10.26,10.26,100,0
PMTR.US,5,20251120,200000,10.2536,10.255,10.23,10.23,9369,0
PMTR.US,5,20251120,200500,10.23,10.23,10.23,10.23,100,0
PMTR.US,5,20251120,210000,10.2396,10.2396,10.2396,10.2396,200,0
PMTR.US,5,20251120,211500,10.23,10.23,10.23,10.23,100,0
PMTR.US,5,20251120,212000,10.23,10.235,10.23,10.23,27975,0
PMTR.US,5,20251120,212500,10.225,10.225,10.225,10.225,400,0
PMTR.US,5,20251120,213000,10.22,10.22,10.21,10.215,9996,0
PMTR.US,5,20251120,213500,10.2004,10.2004,10.2004,10.2004,1500,0
PMTR.US,5,20251120,214000,10.22,10.22,10.2,10.2,35139,0
PMTR.US,5,20251120,214500,10.2,10.2,10.2,10.2,1300,0
PMTR.US,5,20251120,215000,10.2,10.2,10.2,10.2,200,0
PMTR.US,5,20251120,215500,10.2076,10.2076,10.2,10.2,12000,0
PMTR.US,5,20251121,153000,10.2,10.2,10.2,10.2,600,0
PMTR.US,5,20251121,155500,10.21,10.2218,10.21,10.22,4998,0
PMTR.US,5,20251121,160000,10.2245,10.23,10.22,10.23,54953,0
PMTR.US,5,20251121,160500,10.225,10.23,10.225,10.23,10969,0
PMTR.US,5,20251121,161000,10.23,10.243516,10.23,10.243415,14403,0
PMTR.US,5,20251121,162000,10.25,10.25,10.25,10.25,1100,0
PMTR.US,5,20251121,162500,10.3,10.375,10.26,10.37,19700,0
PMTR.US,5,20251121,163000,10.275,10.29,10.275,10.29,1000,0
PMTR.US,5,20251121,163500,10.3152,10.3152,10.25,10.26,5900,0
PMTR.US,5,20251121,164000,10.24,10.24,10.24,10.24,100,0
PMTR.US,5,20251121,164500,10.2452,10.25,10.2452,10.25,9917,0
PMTR.US,5,20251121,165500,10.25,10.26,10.25,10.25,57476,0
PMTR.US,5,20251121,170500,10.25,10.2501,10.235,10.235,5700,0
PMTR.US,5,20251121,171000,10.235,10.235,10.235,10.235,197,0
PMTR.US,5,20251121,172000,10.235,10.25,10.235,10.2499,7100,0
PMTR.US,5,20251121,172500,10.235,10.235,10.235,10.235,3000,0
PMTR.US,5,20251121,173000,10.2443,10.25,10.2417,10.25,3046,0
PMTR.US,5,20251121,173500,10.25,10.25,10.25,10.25,2000,0
PMTR.US,5,20251121,174000,10.25,10.25,10.25,10.25,200,0
PMTR.US,5,20251121,181000,10.2499,10.25,10.2447,10.25,6100,0
PMTR.US,5,20251121,181500,10.2432,10.2495,10.2432,10.2495,2000,0
PMTR.US,5,20251121,182000,10.235,10.235,10.235,10.235,3000,0
PMTR.US,5,20251121,184000,10.22,10.22,10.22,10.22,564,0
PMTR.US,5,20251121,193000,10.23,10.23,10.23,10.23,200,0
PMTR.US,5,20251121,204500,10.25,10.255,10.24,10.25,41021,0
PMTR.US,5,20251121,205000,10.25,10.25,10.25,10.25,25000,0
PMTR.US,5,20251121,205500,10.25,10.255,10.25,10.255,25200,0
PMTR.US,5,20251121,212000,10.25,10.25,10.25,10.25,566,0
PMTR.US,5,20251121,214000,10.255,10.255,10.25,10.25,5557,0
PMTR.US,5,20251121,215500,10.25,10.25,10.25,10.25,100,0
PMTR.US,5,20251124,161000,10.27,10.27,10.27,10.27,200,0
PMTR.US,5,20251124,161500,10.27,10.27,10.27,10.27,5000,0
PMTR.US,5,20251124,163500,10.27,10.2861,10.27,10.2861,3300,0
PMTR.US,5,20251124,173500,10.2634,10.2634,10.2634,10.2634,3000,0
PMTR.US,5,20251124,180000,10.26,10.27,10.26,10.27,4908,0
PMTR.US,5,20251124,183500,10.262,10.27,10.2464,10.2512,7479,0
PMTR.US,5,20251124,190000,10.27,10.27,10.27,10.27,2500,0
PMTR.US,5,20251124,201500,10.26,10.2903,10.26,10.2903,2200,0
PMTR.US,5,20251124,213000,10.279678,10.285,10.2777,10.2777,800,0
PMTR.US,5,20251124,215000,10.28,10.28,10.28,10.28,1000,0
PMTR.US,5,20251124,215500,10.28,10.29,10.28,10.29,1000,0
PMTR.US,5,20251125,173500,10.275,10.3,10.275,10.3,1600,0
PMTR.US,5,20251125,190000,10.275,10.275,10.275,10.275,1000,0
PMTR.US,5,20251125,190500,10.3,10.3,10.295,10.3,1000,0
PMTR.US,5,20251125,192500,10.3,10.3,10.3,10.3,100,0
PMTR.US,5,20251125,193000,10.3,10.3,10.275,10.3,2200,0
PMTR.US,5,20251125,193500,10.3,10.3,10.3,10.3,1100,0
PMTR.US,5,20251125,195500,10.3,10.3,10.3,10.3,400,0
PMTR.US,5,20251125,200000,10.3,10.3,10.3,10.3,441,0
PMTR.US,5,20251125,200500,10.3,10.3,10.3,10.3,1000,0
PMTR.US,5,20251125,201000,10.3,10.3,10.285,10.2935,3900,0
PMTR.US,5,20251125,201500,10.3,10.3,10.3,10.3,200,0
PMTR.US,5,20251125,202000,10.3,10.3,10.3,10.3,1000,0
PMTR.US,5,20251125,202500,10.3,10.3,10.285,10.3,1800,0
PMTR.US,5,20251125,203000,10.3,10.3,10.3,10.3,500,0
PMTR.US,5,20251125,203500,10.3,10.3,10.3,10.3,1200,0
PMTR.US,5,20251125,204000,10.3,10.3,10.3,10.3,700,0
PMTR.US,5,20251125,204500,10.3,10.3,10.3,10.3,1100,0
PMTR.US,5,20251125,205000,10.3,10.3,10.3,10.3,800,0
PMTR.US,5,20251125,205500,10.3,10.3,10.3,10.3,1000,0
PMTR.US,5,20251125,210000,10.3,10.3,10.3,10.3,1000,0
PMTR.US,5,20251125,210500,10.3,10.3,10.3,10.3,1000,0
PMTR.US,5,20251125,211000,10.3,10.3,10.3,10.3,900,0
PMTR.US,5,20251125,211500,10.3,10.3,10.3,10.3,600,0
PMTR.US,5,20251125,212000,10.3,10.3,10.3,10.3,1000,0
PMTR.US,5,20251125,212500,10.3,10.3,10.3,10.3,1600,0
PMTR.US,5,20251125,213000,10.3,10.3,10.3,10.3,1300,0
PMTR.US,5,20251125,213500,10.3,10.3,10.3,10.3,1300,0
PMTR.US,5,20251125,214000,10.3,10.3,10.285,10.3,1600,0
PMTR.US,5,20251125,214500,10.3,10.3,10.3,10.3,1000,0
PMTR.US,5,20251125,215000,10.3,10.3,10.3,10.3,1600,0
PMTR.US,5,20251125,215500,10.3,10.3,10.285,10.3,2050,0
PMTR.US,5,20251126,153500,10.38,10.381,10.2701,10.3053,24399,0
PMTR.US,5,20251126,154000,10.29,10.3101,10.271,10.31,3390,0
PMTR.US,5,20251126,161500,10.27,10.28,10.27,10.28,500,0
PMTR.US,5,20251126,162000,10.29,10.29,10.29,10.29,300,0
PMTR.US,5,20251126,175000,10.29,10.3,10.285,10.285,535,0
PMTR.US,5,20251126,182000,10.28,10.28,10.28,10.28,1219,0
PMTR.US,5,20251126,185000,10.38,10.38,10.38,10.38,120,0
PMTR.US,5,20251126,215000,10.32,10.32,10.3,10.3,300,0
PMTR.US,5,20251126,215500,10.31,10.31,10.31,10.31,200,0
PMTR.US,5,20251128,175000,10.3055,10.3055,10.3055,10.3055,1000,0
PMTR.US,5,20251128,182000,10.3,10.3,10.3,10.3,900,0
PMTR.US,5,20251128,184500,10.29,10.29,10.29,10.29,200,0
PMTR.US,5,20251128,185000,10.3,10.3,10.3,10.3,100,0
PMTR.US,5,20251128,185500,10.3737,10.3737,10.3,10.31,7800,0
PMTR.US,5,20251201,163000,10.28,10.28,10.28,10.28,100,0
PMTR.US,5,20251201,164000,10.34,10.34,10.29,10.29,220,0
PMTR.US,5,20251201,164500,10.31,10.31,10.31,10.31,109,0
PMTR.US,5,20251201,190000,10.346,10.346,10.346,10.346,200,0
PMTR.US,5,20251201,191000,10.28,10.28,10.28,10.28,100,0
PMTR.US,5,20251201,191500,10.325,10.325,10.325,10.325,156,0
PMTR.US,5,20251201,192000,10.29,10.29,10.29,10.29,100,0
PMTR.US,5,20251201,193500,10.31,10.31,10.31,10.31,13581,0
PMTR.US,5,20251201,200000,10.28,10.28,10.28,10.28,100,0
PMTR.US,5,20251201,202500,10.28,10.28,10.28,10.28,300,0
PMTR.US,5,20251201,203000,10.28,10.28,10.28,10.28,100,0
PMTR.US,5,20251201,204500,10.28,10.28,10.27,10.27,1416,0
PMTR.US,5,20251201,205000,10.27,10.27,10.27,10.27,200,0
PMTR.US,5,20251201,210000,10.27,10.27,10.27,10.27,2067,0
PMTR.US,5,20251201,213000,10.27,10.27,10.21,10.21,18077,0
PMTR.US,5,20251201,213500,10.2499,10.25,10.21,10.25,42658,0
PMTR.US,5,20251201,214000,10.25,10.25,10.25,10.25,2744,0
PMTR.US,5,20251201,214500,10.28,10.28,10.25,10.25,200,0
PMTR.US,5,20251201,215000,10.27,10.27,10.25,10.25,200,0
PMTR.US,5,20251201,215500,10.25,10.25,10.25,10.25,143,0
PMTR.US,5,20251202,153000,10.2,10.295,10.2,10.295,4353,0
PMTR.US,5,20251202,161000,10.22,10.22,10.22,10.22,100,0
PMTR.US,5,20251202,161500,10.27,10.27,10.22,10.22,200,0
PMTR.US,5,20251202,165000,10.28,10.28,10.28,10.28,100,0
PMTR.US,5,20251202,165500,10.23,10.23,10.23,10.23,100,0
PMTR.US,5,20251202,170000,10.24,10.24,10.22,10.22,1200,0
PMTR.US,5,20251202,170500,10.25,10.25,10.25,10.25,100,0
PMTR.US,5,20251202,172000,10.235,10.235,10.235,10.235,100,0
PMTR.US,5,20251202,172500,10.22,10.22,10.22,10.22,2500,0
PMTR.US,5,20251202,175000,10.22,10.22,10.22,10.22,300,0
PMTR.US,5,20251202,181000,10.2282,10.2282,10.22,10.22,1433,0
PMTR.US,5,20251202,183000,10.235,10.235,10.22,10.22,200,0
PMTR.US,5,20251202,185000,10.22,10.22,10.22,10.22,200,0
PMTR.US,5,20251202,185500,10.22,10.22,10.22,10.22,100,0
PMTR.US,5,20251202,192000,10.2253,10.2253,10.22,10.22,200,0
PMTR.US,5,20251202,193000,10.2285,10.2285,10.2285,10.2285,100,0
PMTR.US,5,20251202,195000,10.22,10.22,10.22,10.22,200,0
PMTR.US,5,20251202,195500,10.22,10.22,10.22,10.22,100,0
PMTR.US,5,20251202,200500,10.235,10.235,10.22,10.22,220,0
PMTR.US,5,20251202,201500,10.22,10.22,10.22,10.22,1281,0
PMTR.US,5,20251202,211000,10.2421,10.2421,10.235,10.2415,2000,0
PMTR.US,5,20251202,213000,10.22,10.22,10.22,10.22,243,0
PMTR.US,5,20251202,214000,10.235,10.235,10.2299,10.2299,2200,0
PMTR.US,5,20251202,214500,10.23,10.24,10.23,10.24,248,0
PMTR.US,5,20251202,215000,10.23,10.24,10.23,10.24,5254,0
PMTR.US,5,20251202,215500,10.23,10.25,10.23,10.24,1287,0
PMTR.US,5,20251203,153000,10.2436,10.2436,10.2436,10.2436,3024,0
PMTR.US,5,20251203,160500,10.2248,10.2248,10.221,10.221,500,0
PMTR.US,5,20251203,161500,10.2388,10.2388,10.2388,10.2388,500,0
PMTR.US,5,20251203,164000,10.25,10.3501,10.25,10.345,47803,0
PMTR.US,5,20251203,165000,10.345,10.345,10.345,10.345,100,0
PMTR.US,5,20251203,185000,10.28,10.28,10.28,10.28,11305,0
PMTR.US,5,20251203,212000,10.25,10.26,10.25,10.26,1400,0
PMTR.US,5,20251203,212500,10.2665,10.2665,10.26,10.2618,4100,0
PMTR.US,5,20251203,213500,10.25,10.25,10.25,10.25,1315,0
PMTR.US,5,20251203,214000,10.26,10.26,10.26,10.26,100,0
PMTR.US,5,20251203,215000,10.265,10.265,10.265,10.265,200,0
PMTR.US,5,20251204,153000,10.3,10.3,10.3,10.3,100,0
PMTR.US,5,20251204,174500,10.221,10.23,10.221,10.23,300,0
PMTR.US,5,20251204,175500,10.28,10.28,10.28,10.28,100,0
PMTR.US,5,20251204,200500,10.265,10.265,10.24,10.24,12151,0
PMTR.US,5,20251204,202000,10.24,10.24,10.24,10.24,41858,0
PMTR.US,5,20251204,202500,10.2397,10.24,10.2397,10.24,7590,0
PMTR.US,5,20251204,203500,10.265,10.29,10.265,10.28,1220,0
PMTR.US,5,20251204,211500,10.25,10.265,10.25,10.265,220,0
PMTR.US,5,20251204,214500,10.265,10.265,10.265,10.265,120,0
PMTR.US,5,20251205,153000,10.23,10.32,10.23,10.32,5790,0
PMTR.US,5,20251205,170500,10.28,10.28,10.28,10.28,100,0
PMTR.US,5,20251205,171500,10.3,10.3,10.3,10.3,100,0
PMTR.US,5,20251205,174000,10.285,10.285,10.285,10.285,3000,0
PMTR.US,5,20251205,174500,10.273678,10.273678,10.273678,10.273678,1000,0
PMTR.US,5,20251205,175000,10.285,10.285,10.285,10.285,1000,0
PMTR.US,5,20251205,180000,10.28,10.31,10.28,10.28,1200,0
PMTR.US,5,20251205,190500,10.25,10.25,10.25,10.25,570,0
PMTR.US,5,20251205,194500,10.28,10.28,10.28,10.28,100,0
PMTR.US,5,20251205,202500,10.25,10.275,10.25,10.25,8970,0
PMTR.US,5,20251205,205500,10.275,10.3,10.27,10.275,10216,0
PMTR.US,5,20251208,153000,10.23,10.27,10.23,10.27,3161,0
PMTR.US,5,20251208,161500,10.245,10.245,10.245,10.245,890,0
PMTR.US,5,20251208,162500,10.27,10.27,10.27,10.27,150,0
PMTR.US,5,20251208,163000,10.27,10.27,10.27,10.27,1300,0
PMTR.US,5,20251208,171000,10.24,10.24,10.24,10.24,360,0
PMTR.US,5,20251208,193500,10.26,10.26,10.26,10.26,100,0
PMTR.US,5,20251208,195000,10.24,10.24,10.24,10.24,100,0
PMTR.US,5,20251208,210500,10.26,10.26,10.26,10.26,150,0
PMTR.US,5,20251208,214500,10.2461,10.2461,10.2461,10.2461,500,0
PMTR.US,5,20251208,215000,10.2509,10.26,10.24,10.24,4600,0
PMTR.US,5,20251208,215500,10.26,10.27,10.24,10.27,1679,0
PMTR.US,5,20251209,153000,10.27,10.28,10.2317,10.2317,2600,0
PMTR.US,5,20251209,153500,10.2715,10.2741,10.2715,10.2741,1500,0
PMTR.US,5,20251209,154000,10.27,10.28,10.27,10.28,250,0
PMTR.US,5,20251209,172000,10.28,10.28,10.28,10.28,700,0
PMTR.US,5,20251209,183000,10.27,10.27,10.27,10.27,200,0
PMTR.US,5,20251209,204500,10.28,10.28,10.28,10.28,100,0
PMTR.US,5,20251209,211000,10.27,10.28,10.27,10.28,1025,0
PMTR.US,5,20251209,215500,10.3,10.3,10.3,10.3,177,0
PMTR.US,5,20251210,153000,10.25,10.27,10.24,10.26,18435,0
PMTR.US,5,20251210,153500,10.26,10.3,10.26,10.3,517,0
PMTR.US,5,20251210,154000,10.3,10.3,10.3,10.3,9885,0
PMTR.US,5,20251210,174500,10.28,10.28,10.28,10.28,261,0
PMTR.US,5,20251210,180000,10.27,10.27,10.27,10.27,2000,0
PMTR.US,5,20251210,185500,10.275,10.275,10.275,10.275,100,0
PMTR.US,5,20251210,192000,10.2737,10.28,10.2737,10.28,5497,0
PMTR.US,5,20251210,200500,10.28,10.28,10.275,10.275,711,0
PMTR.US,5,20251210,203500,10.28,10.28,10.275,10.275,200,0
PMTR.US,5,20251210,204500,10.273,10.273,10.273,10.273,100,0
PMTR.US,5,20251210,210000,10.28,10.28,10.28,10.28,100,0
PMTR.US,5,20251210,212000,10.275,10.28,10.275,10.28,200,0
PMTR.US,5,20251210,212500,10.28,10.28,10.275,10.28,502,0
PMTR.US,5,20251210,214500,10.27,10.27,10.27,10.27,175,0
PMTR.US,5,20251210,215500,10.28,10.28,10.27,10.275,3528,0
PMTR.US,5,20251211,154500,10.25,10.28,10.25,10.28,518,0
PMTR.US,5,20251211,155000,10.259,10.265,10.259,10.265,1200,0
PMTR.US,5,20251211,155500,10.28,10.28,10.28,10.28,100,0
PMTR.US,5,20251211,161500,10.25,10.28,10.25,10.255,17739,0
PMTR.US,5,20251211,163000,10.27,10.27,10.27,10.27,100,0
PMTR.US,5,20251211,210500,10.25,10.25,10.25,10.25,100,0
PMTR.US,5,20251211,215500,10.26,10.26,10.26,10.26,203,0
PMTR.US,5,20251212,155500,10.22,10.28,10.22,10.28,400,0
PMTR.US,5,20251212,171000,10.2636,10.27,10.26,10.2648,7551,0
PMTR.US,5,20251212,172000,10.25,10.25,10.25,10.25,200,0
PMTR.US,5,20251212,175000,10.2351,10.2482,10.23,10.2482,4500,0
PMTR.US,5,20251212,191500,10.22,10.26,10.22,10.2546,4200,0
PMTR.US,5,20251212,213500,10.2575,10.26,10.2575,10.26,307,0
PMTR.US,5,20251212,215500,10.26,10.26,10.25,10.26,1386,0
PMTR.US,5,20251215,154000,10.25,10.25,10.25,10.25,101,0
PMTR.US,5,20251215,165500,10.2701,10.2701,10.2701,10.2701,3000,0
PMTR.US,5,20251215,173500,10.29,10.29,10.2311,10.2837,10000,0
PMTR.US,5,20251216,185500,10.22,10.25,10.22,10.22,20000,0
PMTR.US,5,20251216,190000,10.27,10.27,10.27,10.27,100,0
PMTR.US,5,20251216,193000,10.2287,10.2499,10.2287,10.2405,17700,0
PMTR.US,5,20251216,193500,10.2499,10.255,10.24,10.255,14248,0
PMTR.US,5,20251216,194500,10.25,10.255,10.25,10.25,4000,0
PMTR.US,5,20251216,195000,10.22,10.22,10.22,10.22,200,0
PMTR.US,5,20251216,200500,10.25,10.25,10.25,10.25,1000,0
PMTR.US,5,20251216,201000,10.235,10.2499,10.235,10.2386,2988,0
PMTR.US,5,20251216,201500,10.25,10.25,10.235,10.24,7000,0
PMTR.US,5,20251216,202500,10.24,10.25,10.24,10.24,15058,0
PMTR.US,5,20251216,203000,10.2467,10.25,10.2467,10.25,3100,0
PMTR.US,5,20251216,205000,10.24,10.24,10.24,10.24,100,0
PMTR.US,5,20251216,213500,10.25,10.25,10.2466,10.2475,5786,0
PMTR.US,5,20251216,214000,10.25,10.25,10.25,10.25,994,0
PMTR.US,5,20251216,215000,10.2437,10.2437,10.2437,10.2437,100,0
PMTR.US,5,20251217,153000,10.2499,10.2499,10.235,10.235,5000,0
PMTR.US,5,20251217,153500,10.2395,10.2395,10.2395,10.2395,1954,0
PMTR.US,5,20251217,155500,10.25,10.26,10.25,10.26,1032,0
PMTR.US,5,20251217,165500,10.2525,10.2525,10.25,10.2501,12845,0
PMTR.US,5,20251217,174500,10.25,10.25,10.25,10.25,50000,0
PMTR.US,5,20251217,175500,10.25,10.25,10.24,10.25,764,0
PMTR.US,5,20251217,180500,10.25,10.25,10.25,10.25,928,0
PMTR.US,5,20251217,185000,10.24,10.24,10.24,10.24,100,0
PMTR.US,5,20251217,185500,10.25,10.25,10.25,10.25,200,0
PMTR.US,5,20251217,193000,10.25,10.25,10.25,10.25,100,0
PMTR.US,5,20251217,195500,10.24,10.24,10.24,10.24,100,0
PMTR.US,5,20251217,201000,10.25,10.25,10.25,10.25,137,0
PMTR.US,5,20251217,203500,10.25,10.25,10.25,10.25,199,0
PMTR.US,5,20251217,212500,10.25,10.25,10.25,10.25,137,0
PMTR.US,5,20251218,153000,10.25,10.25,10.25,10.25,2800,0
PMTR.US,5,20251218,163000,10.2299,10.25,10.2299,10.25,3665,0
PMTR.US,5,20251218,165500,10.2499,10.25,10.2484,10.25,4000,0
PMTR.US,5,20251218,170500,10.25,10.25,10.25,10.25,9877,0
PMTR.US,5,20251218,171000,10.26,10.26,10.26,10.26,1000,0
PMTR.US,5,20251218,172000,10.25,10.255,10.25,10.25,5531,0
PMTR.US,5,20251218,173500,10.24,10.24,10.24,10.24,1000,0
PMTR.US,5,20251218,174000,10.25,10.25,10.25,10.25,100,0
PMTR.US,5,20251218,174500,10.25,10.25,10.25,10.25,170,0
PMTR.US,5,20251218,175500,10.25,10.25,10.25,10.25,160,0
PMTR.US,5,20251218,180000,10.25,10.25,10.25,10.25,180,0
PMTR.US,5,20251218,180500,10.25,10.25,10.24,10.24,200,0
PMTR.US,5,20251218,181500,10.25,10.25,10.24,10.24,420,0
PMTR.US,5,20251218,182000,10.25,10.25,10.25,10.25,260,0
PMTR.US,5,20251218,182500,10.25,10.25,10.25,10.25,150,0
PMTR.US,5,20251218,183500,10.25,10.25,10.25,10.25,340,0
PMTR.US,5,20251218,184500,10.25,10.25,10.25,10.25,240,0
PMTR.US,5,20251218,185000,10.25,10.25,10.25,10.25,120,0
PMTR.US,5,20251218,190500,10.25,10.25,10.245,10.245,1007,0
PMTR.US,5,20251218,194500,10.24,10.24,10.24,10.24,100,0
PMTR.US,5,20251218,203500,10.24,10.24,10.24,10.24,100,0
PMTR.US,5,20251218,212500,10.24,10.24,10.24,10.24,100000,0
PMTR.US,5,20251218,213500,10.245,10.245,10.245,10.245,1700,0
PMTR.US,5,20251218,214000,10.24,10.24,10.24,10.24,400,0
PMTR.US,5,20251218,214500,10.24,10.24,10.24,10.24,1300,0
PMTR.US,5,20251218,215000,10.248,10.248,10.245,10.245,200,0
PMTR.US,5,20251218,215500,10.245,10.245,10.245,10.245,100,0
PMTR.US,5,20251219,154000,10.245,10.245,10.245,10.245,100,0
PMTR.US,5,20251219,154500,10.25,10.25,10.249,10.25,9400,0
PMTR.US,5,20251219,162500,10.25,10.25,10.25,10.25,5000,0
PMTR.US,5,20251219,163000,10.25,10.25,10.25,10.25,10000,0
PMTR.US,5,20251219,164000,10.25,10.25,10.2499,10.2499,7000,0
PMTR.US,5,20251219,164500,10.25,10.25,10.2484,10.25,6683,0
PMTR.US,5,20251219,165000,10.25,10.25,10.25,10.25,100,0
PMTR.US,5,20251219,172000,10.246,10.246,10.246,10.246,300,0
PMTR.US,5,20251219,172500,10.25,10.25,10.25,10.25,5100,0
PMTR.US,5,20251219,174000,10.25,10.25,10.25,10.25,200,0
PMTR.US,5,20251219,174500,10.25,10.255,10.25,10.25,5200,0
PMTR.US,5,20251219,175500,10.255,10.26,10.255,10.26,5000,0
PMTR.US,5,20251219,182500,10.26,10.26,10.26,10.26,500,0
PMTR.US,5,20251219,183000,10.26,10.26,10.26,10.26,5100,0
PMTR.US,5,20251219,193000,10.2557,10.26,10.2557,10.2599,3900,0
PMTR.US,5,20251219,193500,10.26,10.26,10.26,10.26,100,0
PMTR.US,5,20251219,194000,10.26,10.2765,10.26,10.275,5200,0
PMTR.US,5,20251219,200500,10.26,10.26,10.26,10.26,2671,0
PMTR.US,5,20251219,204000,10.255,10.255,10.25,10.255,6000,0
PMTR.US,5,20251219,204500,10.251,10.251,10.251,10.251,4000,0
PMTR.US,5,20251219,210000,10.25,10.25,10.25,10.25,4100,0
PMTR.US,5,20251222,153500,10.27,10.27,10.27,10.27,100,0
PMTR.US,5,20251222,170500,10.25,10.25,10.25,10.25,821,0
PMTR.US,5,20251222,173000,10.25,10.27,10.25,10.265,10100,0
PMTR.US,5,20251222,182500,10.2657,10.2657,10.2657,10.2657,200,0
PMTR.US,5,20251222,185500,10.26,10.26,10.26,10.26,10090,0
PMTR.US,5,20251222,200000,10.25,10.25,10.25,10.25,63140,0
PMTR.US,5,20251222,202000,10.25,10.25,10.25,10.25,11260,0
PMTR.US,5,20251222,203500,10.25,10.25,10.25,10.25,15896,0
PMTR.US,5,20251222,205000,10.255,10.2584,10.255,10.2584,2000,0
PMTR.US,5,20251222,211000,10.25,10.25,10.25,10.25,100,0
PMTR.US,5,20251222,211500,10.25,10.38,10.25,10.27,61834,0
PMTR.US,5,20251222,213000,10.34,10.34,10.34,10.34,125,0
PMTR.US,5,20251223,154000,10.3235,10.3235,10.3235,10.3235,500,0
PMTR.US,5,20251223,155500,10.3276,10.3276,10.3276,10.3276,500,0
PMTR.US,5,20251223,160000,10.35,10.35,10.35,10.35,1000,0
PMTR.US,5,20251223,162500,10.35,10.35,10.35,10.35,100,0
PMTR.US,5,20251223,165000,10.31,10.34,10.2701,10.31,14330,0
PMTR.US,5,20251223,165500,10.2966,10.2966,10.27,10.2701,2600,0
PMTR.US,5,20251223,171500,10.2907,10.2907,10.2907,10.2907,499,0
PMTR.US,5,20251223,172000,10.3,10.31,10.3,10.31,900,0
PMTR.US,5,20251223,172500,10.2702,10.31,10.2702,10.31,2200,0
PMTR.US,5,20251223,174500,10.271,10.271,10.271,10.271,500,0
PMTR.US,5,20251223,175000,10.2874,10.31,10.2874,10.31,1100,0
PMTR.US,5,20251223,175500,10.315,10.315,10.28,10.2801,2600,0
PMTR.US,5,20251223,180500,10.2911,10.2989,10.28,10.2817,3100,0
PMTR.US,5,20251223,181000,10.28,10.28,10.28,10.28,100,0
PMTR.US,5,20251223,183000,10.301775,10.315,10.28,10.28,9500,0
PMTR.US,5,20251223,183500,10.2801,10.3052,10.28,10.3052,2934,0
PMTR.US,5,20251223,190500,10.28,10.28,10.28,10.28,100,0
PMTR.US,5,20251223,191500,10.3052,10.3052,10.3052,10.3052,1000,0
PMTR.US,5,20251223,194000,10.28,10.28,10.28,10.28,100,0
PMTR.US,5,20251223,202500,10.28,10.28,10.28,10.28,100,0
PMTR.US,5,20251223,204000,10.28,10.3132,10.28,10.3132,1400,0
PMTR.US,5,20251223,204500,10.28,10.28,10.28,10.28,100,0
PMTR.US,5,20251223,210500,10.28,10.28,10.28,10.28,100,0
PMTR.US,5,20251223,212000,10.2803,10.2803,10.28,10.28,200,0
PMTR.US,5,20251223,215000,10.28,10.28,10.28,10.28,200,0
PMTR.US,5,20251223,215500,10.28,10.28,10.28,10.28,1175,0
PMTR.US,5,20251224,155500,10.26,10.26,10.26,10.26,100,0
PMTR.US,5,20251224,161000,10.28,10.28,10.28,10.28,100,0
PMTR.US,5,20251224,172500,10.2928,10.2928,10.2928,10.2928,300,0
PMTR.US,5,20251224,173000,10.27,10.27,10.27,10.27,100,0
PMTR.US,5,20251224,182500,10.27,10.27,10.27,10.27,100,0
PMTR.US,5,20251224,190000,10.27,10.27,10.27,10.27,614,0
PMTR.US,5,20251226,155000,10.27,10.27,10.27,10.27,100,0
PMTR.US,5,20251226,160500,10.2817,10.2817,10.2817,10.2817,200,0
PMTR.US,5,20251226,161000,10.27,10.27,10.27,10.27,100,0
PMTR.US,5,20251226,204000,10.315,10.35,10.29,10.305,2700,0
PMTR.US,5,20251226,204500,10.305,10.305,10.305,10.305,100,0
PMTR.US,5,20251226,210000,10.29,10.29,10.29,10.29,100,0
PMTR.US,5,20251226,215500,10.26,10.26,10.26,10.26,440,0
PMTR.US,5,20251229,162500,10.29,10.29,10.29,10.29,100,0
PMTR.US,5,20251229,165000,10.2704,10.2704,10.2624,10.2624,300,0
PMTR.US,5,20251229,165500,10.27,10.27,10.27,10.27,100,0
PMTR.US,5,20251229,171000,10.2886,10.2894,10.2886,10.2894,2000,0
PMTR.US,5,20251229,191500,10.2886,10.29,10.2886,10.2899,2500,0
PMTR.US,5,20251229,192000,10.275,10.275,10.275,10.275,251,0
PMTR.US,5,20251229,193500,10.26,10.26,10.26,10.26,100,0
PMTR.US,5,20251229,194500,10.29,10.3,10.27,10.27,5326,0
PMTR.US,5,20251229,195500,10.2796,10.2796,10.27,10.27,200,0
PMTR.US,5,20251229,204500,10.3,10.3,10.3,10.3,120,0
PMTR.US,5,20251229,215500,10.27,10.27,10.27,10.27,268,0
PMTR.US,5,20251230,153000,10.26,10.305,10.26,10.305,27784,0
PMTR.US,5,20251230,160000,10.295,10.295,10.25,10.25,96706,0
PMTR.US,5,20251230,160500,10.26,10.26,10.26,10.26,100,0
PMTR.US,5,20251230,162500,10.26,10.2686,10.26,10.2686,4700,0
PMTR.US,5,20251230,163000,10.27,10.27,10.27,10.27,4677,0
PMTR.US,5,20251230,170500,10.27,10.27,10.27,10.27,100,0
PMTR.US,5,20251230,175000,10.275,10.275,10.275,10.275,344,0
PMTR.US,5,20251230,175500,10.26,10.26,10.26,10.26,100,0
PMTR.US,5,20251230,180500,10.28,10.29,10.27,10.29,1598,0
PMTR.US,5,20251230,182000,10.26,10.26,10.26,10.26,100,0
PMTR.US,5,20251230,201000,10.275,10.275,10.26,10.26,200,0
PMTR.US,5,20251230,210500,10.27,10.27,10.26,10.26,200,0
PMTR.US,5,20251230,212500,10.275,10.275,10.26,10.26,200,0
PMTR.US,5,20251230,215000,10.26,10.26,10.26,10.26,100,0
PMTR.US,5,20251230,215500,10.26,10.26,10.26,10.26,4715,0
PMTR.US,5,20251231,164000,10.27,10.27,10.27,10.27,100,0
PMTR.US,5,20251231,165500,10.27,10.27,10.27,10.27,100,0
PMTR.US,5,20251231,171500,10.3,10.3,10.3,10.3,100,0
PMTR.US,5,20251231,174500,10.29,10.29,10.29,10.29,100,0
PMTR.US,5,20251231,190500,10.29,10.29,10.27,10.27,200,0
PMTR.US,5,20251231,192500,10.305,10.305,10.305,10.305,8200,0
PMTR.US,5,20251231,200000,10.29,10.29,10.29,10.29,200,0
PMTR.US,5,20251231,202500,10.29,10.29,10.29,10.29,100,0
PMTR.US,5,20251231,203000,10.29,10.2978,10.29,10.29,1800,0
PMTR.US,5,20251231,211500,10.28,10.28,10.28,10.28,200,0
PMTR.US,5,20251231,212500,10.2723,10.28,10.27,10.2799,2796,0
PMTR.US,5,20251231,214500,10.29,10.29,10.29,10.29,840,0
PMTR.US,5,20251231,215000,10.29,10.29,10.29,10.29,300,0
PMTR.US,5,20251231,215500,10.27,10.28,10.26,10.28,5325,0
PMTR.US,5,20260102,153000,10.29,10.29,10.29,10.29,174,0
PMTR.US,5,20260102,163500,10.2684,10.2684,10.2684,10.2684,150,0
PMTR.US,5,20260102,215500,10.26,10.26,10.26,10.26,597,0
PMTR.US,5,20260105,153000,10.31,10.31,10.31,10.31,170,0
PMTR.US,5,20260105,160500,10.2684,10.2684,10.2684,10.2684,100,0
PMTR.US,5,20260105,170500,10.27,10.27,10.27,10.27,1500,0
PMTR.US,5,20260105,171500,10.2619,10.2619,10.2619,10.2619,100,0
PMTR.US,5,20260105,214000,10.26,10.26,10.26,10.26,200,0
PMTR.US,5,20260105,215000,10.295,10.295,10.295,10.295,150,0
PMTR.US,5,20260105,215500,10.26,10.26,10.26,10.26,100,0
PMTR.US,5,20260106,153000,10.36,10.36,10.36,10.36,177,0
PMTR.US,5,20260106,204500,10.31,10.31,10.31,10.31,100,0
PMTR.US,5,20260106,210500,10.28,10.28,10.27,10.27,400,0
PMTR.US,5,20260106,213500,10.31,10.31,10.31,10.31,820,0
PMTR.US,5,20260106,215000,10.28,10.28,10.27,10.27,500,0
PMTR.US,5,20260106,215500,10.26,10.26,10.26,10.26,350,0
PMTR.US,5,20260107,153000,10.31,10.31,10.31,10.31,343,0
PMTR.US,5,20260107,163000,10.305,10.305,10.305,10.305,2000,0
PMTR.US,5,20260107,174500,10.29,10.29,10.29,10.29,3700,0
PMTR.US,5,20260107,175500,10.29,10.29,10.29,10.29,100,0
PMTR.US,5,20260107,180000,10.29,10.31,10.29,10.31,300,0
PMTR.US,5,20260107,193000,10.29,10.3,10.29,10.3,5381,0
PMTR.US,5,20260107,195000,10.3,10.3,10.3,10.3,200,0
PMTR.US,5,20260107,201000,10.3,10.3,10.3,10.3,101011,0
PMTR.US,5,20260107,202500,10.3,10.3,10.3,10.3,234,0
PMTR.US,5,20260107,204000,10.309,10.37,10.309,10.37,9885,0
PMTR.US,5,20260107,204500,10.31,10.31,10.31,10.31,100,0
PMTR.US,5,20260107,211000,10.346481,10.35,10.33,10.3499,5421,0
PMTR.US,5,20260107,213000,10.31,10.31,10.31,10.31,100,0
PMTR.US,5,20260107,215500,10.33,10.33,10.31,10.31,408,0
PMTR.US,5,20260108,153500,10.35,10.35,10.35,10.35,500,0
PMTR.US,5,20260108,154000,10.31,10.35,10.31,10.3416,1285,0
PMTR.US,5,20260108,155500,10.31,10.31,10.31,10.31,100,0
PMTR.US,5,20260108,160000,10.3064,10.34,10.3,10.32,10600,0
PMTR.US,5,20260108,161000,10.3,10.35,10.3,10.35,110800,0
PMTR.US,5,20260108,161500,10.3,10.37,10.3,10.37,10136,0
PMTR.US,5,20260108,163500,10.36,10.37,10.36,10.36,10200,0
PMTR.US,5,20260108,202500,10.3372,10.34,10.3372,10.34,2000,0
PMTR.US,5,20260108,215500,10.34,10.34,10.32,10.32,534,0
PMTR.US,5,20260109,163000,10.3084,10.3084,10.3084,10.3084,100,0
PMTR.US,5,20260109,205000,10.3,10.3,10.3,10.3,44500,0
PMTR.US,5,20260109,205500,10.3,10.3,10.3,10.3,135,0
PMTR.US,5,20260109,210000,10.32,10.32,10.32,10.32,108,0
PMTR.US,5,20260109,215000,10.32,10.32,10.31,10.3199,2990,0
PMTR.US,5,20260109,215500,10.31,10.34,10.31,10.32,1820,0
PMTR.US,5,20260112,154500,10.3,10.3,10.3,10.3,100,0
PMTR.US,5,20260112,155000,10.34,10.34,10.34,10.34,100,0
PMTR.US,5,20260112,155500,10.3,10.3,10.3,10.3,25000,0
PMTR.US,5,20260112,163500,10.3312,10.3312,10.3312,10.3312,1000,0
PMTR.US,5,20260112,165500,10.3629,10.3629,10.3629,10.3629,155,0
PMTR.US,5,20260112,190500,10.324,10.324,10.324,10.324,100,0
PMTR.US,5,20260112,200500,10.36,10.36,10.36,10.36,2000,0
PMTR.US,5,20260112,205500,10.35,10.37,10.35,10.35,11383,0
PMTR.US,5,20260112,210000,10.35,10.36,10.35,10.36,200400,0
PMTR.US,5,20260112,210500,10.361,10.361,10.36,10.3601,1167,0
PMTR.US,5,20260112,211500,10.36,10.36,10.36,10.36,54700,0
PMTR.US,5,20260112,212500,10.36,10.38,10.36,10.37,600,0
PMTR.US,5,20260112,213000,10.36,10.36,10.36,10.36,50000,0
PMTR.US,5,20260112,215500,10.36,10.36,10.36,10.36,196,0
PMTR.US,5,20260113,154000,10.38,10.38,10.36,10.38,10400,0
PMTR.US,5,20260113,154500,10.3694,10.3694,10.3694,10.3694,100,0
PMTR.US,5,20260113,155500,10.41,10.41,10.41,10.41,100,0
PMTR.US,5,20260113,160500,10.4184,10.4184,10.4184,10.4184,1500,0
PMTR.US,5,20260113,161000,10.401,10.42,10.39,10.42,3915,0
PMTR.US,5,20260113,165000,10.36,10.41,10.36,10.41,2100,0
PMTR.US,5,20260113,183000,10.43,10.43,10.43,10.43,100,0
PMTR.US,5,20260113,183500,10.4075,10.4075,10.4075,10.4075,900,0
PMTR.US,5,20260113,215000,10.42,10.43,10.42,10.43,6100,0
PMTR.US,5,20260113,215500,10.42,10.43,10.42,10.43,8011,0
PMTR.US,5,20260114,163000,10.42,10.42,10.42,10.42,400,0
PMTR.US,5,20260114,163500,10.43,10.48,10.43,10.47,10089,0
PMTR.US,5,20260114,164000,10.45,10.45,10.43,10.43,4500,0
PMTR.US,5,20260114,170500,10.43,10.45,10.43,10.4364,7500,0
PMTR.US,5,20260114,173500,10.44,10.445,10.44,10.445,860,0
PMTR.US,5,20260114,174000,10.45,10.45,10.45,10.45,2400,0
PMTR.US,5,20260114,174500,10.465,10.465,10.465,10.465,100,0
PMTR.US,5,20260114,175000,10.45,10.465,10.45,10.465,200,0
PMTR.US,5,20260114,175500,10.465,10.465,10.465,10.465,100,0
PMTR.US,5,20260114,180000,10.45,10.465,10.45,10.465,200,0
PMTR.US,5,20260114,180500,10.4618,10.465,10.45,10.465,350,0
PMTR.US,5,20260114,181500,10.45,10.465,10.45,10.465,200,0
PMTR.US,5,20260114,182000,10.45,10.45,10.45,10.45,100,0
PMTR.US,5,20260114,182500,10.45,10.45,10.45,10.45,200,0
PMTR.US,5,20260114,183000,10.465,10.465,10.465,10.465,200,0
PMTR.US,5,20260114,183500,10.46,10.46,10.46,10.46,85324,0
PMTR.US,5,20260114,190500,10.45,10.45,10.45,10.45,200,0
PMTR.US,5,20260114,193500,10.45,10.45,10.45,10.45,1720,0
PMTR.US,5,20260114,200000,10.4144,10.42,10.4144,10.42,15060,0
PMTR.US,5,20260114,200500,10.41,10.41,10.347,10.347,4800,0
PMTR.US,5,20260114,203500,10.3954,10.3954,10.3954,10.3954,2000,0
PMTR.US,5,20260114,210000,10.3954,10.3954,10.3954,10.3954,2503,0
PMTR.US,5,20260114,211000,10.39,10.39,10.38,10.38,2800,0
PMTR.US,5,20260114,212000,10.38,10.38,10.375,10.375,5000,0
PMTR.US,5,20260114,213000,10.39,10.39,10.39,10.39,100,0
PMTR.US,5,20260114,215500,10.32,10.32,10.32,10.32,100,0
PMTR.US,5,20260115,153000,10.39,10.39,10.39,10.39,204,0
PMTR.US,5,20260115,154000,10.3631,10.3631,10.3631,10.3631,5000,0
PMTR.US,5,20260115,160000,10.395,10.4,10.395,10.4,5600,0
PMTR.US,5,20260115,160500,10.395,10.4,10.395,10.4,5019,0
PMTR.US,5,20260115,170500,10.35,10.42,10.35,10.39,9850,0
PMTR.US,5,20260115,171000,10.39,10.39,10.35,10.36,5075,0
PMTR.US,5,20260115,172000,10.36,10.36,10.36,10.36,3500,0
PMTR.US,5,20260115,180500,10.37,10.3799,10.37,10.37,3100,0
PMTR.US,5,20260115,182500,10.36,10.36,10.36,10.36,7204,0
PMTR.US,5,20260115,183000,10.36,10.36,10.36,10.36,5100,0
PMTR.US,5,20260115,184000,10.36,10.36,10.36,10.36,10022,0
PMTR.US,5,20260115,184500,10.36,10.36,10.34,10.34,11358,0
PMTR.US,5,20260115,185000,10.36,10.36,10.3404,10.36,5090,0
PMTR.US,5,20260115,190000,10.365,10.365,10.365,10.365,100,0
PMTR.US,5,20260115,193500,10.36,10.36,10.36,10.36,18396,0
PMTR.US,5,20260115,203000,10.365,10.365,10.365,10.365,500,0
PMTR.US,5,20260115,213000,10.365,10.365,10.365,10.365,6100,0
PMTR.US,5,20260115,213500,10.37,10.37,10.37,10.37,100,0
PMTR.US,5,20260115,215000,10.365,10.365,10.365,10.365,100,0
PMTR.US,5,20260115,215500,10.37,10.38,10.365,10.37,2738,0
PMTR.US,5,20260116,153500,10.405,10.405,10.37,10.3701,4475,0
PMTR.US,5,20260116,163000,10.3956,10.3956,10.37,10.37,2300,0
PMTR.US,5,20260116,171000,10.4,10.4,10.4,10.4,500,0
PMTR.US,5,20260116,201000,10.4,10.4,10.39,10.39,1924,0
PMTR.US,5,20260116,201500,10.4,10.408,10.39,10.408,3300,0
PMTR.US,5,20260116,211000,10.39,10.39,10.37,10.37,2358,0
PMTR.US,5,20260116,212500,10.4,10.4,10.4,10.4,1500,0
PMTR.US,5,20260116,215500,10.39,10.39,10.39,10.39,100,0
PMTR.US,5,20260120,153000,10.37,10.37,10.37,10.37,200,0
PMTR.US,5,20260120,154000,10.4,10.4,10.4,10.4,100,0
PMTR.US,5,20260120,171000,10.38354,10.38354,10.38354,10.38354,400,0
PMTR.US,5,20260120,202000,10.36,10.3602,10.36,10.3602,2000,0
PMTR.US,5,20260120,215500,10.35,10.35,10.35,10.35,300,0
PMTR.US,5,20260121,153500,10.4172,10.43,10.4172,10.43,600,0
PMTR.US,5,20260121,155000,10.4,10.43,10.4,10.4,650,0
PMTR.US,5,20260121,164500,10.4,10.4,10.4,10.4,2500,0
PMTR.US,5,20260121,165000,10.3813,10.3813,10.38,10.38,2700,0
PMTR.US,5,20260121,170500,10.38,10.38,10.38,10.38,385,0
PMTR.US,5,20260121,174000,10.38,10.38,10.38,10.38,100,0
PMTR.US,5,20260121,175500,10.38,10.38,10.38,10.38,900,0
PMTR.US,5,20260121,211000,10.4,10.4,10.4,10.4,100,0
PMTR.US,5,20260121,212500,10.4,10.4,10.4,10.4,100,0
PMTR.US,5,20260121,215500,10.4,10.4,10.39,10.39,1115,0
PMTR.US,5,20260122,160500,10.415,10.4184,10.36,10.37,7261,0
PMTR.US,5,20260122,161000,10.364,10.364,10.3564,10.36,2633,0
PMTR.US,5,20260122,164500,10.365,10.365,10.35,10.3501,338,0
PMTR.US,5,20260122,181000,10.365,10.365,10.365,10.365,100,0
PMTR.US,5,20260122,194000,10.35,10.35,10.35,10.35,500,0
PMTR.US,5,20260122,215500,10.35,10.35,10.35,10.35,203,0
PMTR.US,5,20260123,154000,10.35,10.35,10.35,10.35,250,0
PMTR.US,5,20260123,204500,10.36,10.36,10.36,10.36,290,0
PMTR.US,5,20260123,215500,10.35,10.35,10.35,10.35,612,0
