<TICKER>,<PER>,<DATE>,<TIME>,<OPEN>,<HIGH>,<LOW>,<CLOSE>,<VOL>,<OPENINT>
WILD.US,D,20250613,000000,19.4634,19.8,19.29,19.4634,3413,0
WILD.US,D,20250616,000000,20.28,20.625,20.28,20.3557,13017,0
WILD.US,D,20250617,000000,20.28,20.28,19.32,19.6127,4341,0
WILD.US,D,20250618,000000,19.73,20.06,19.73,19.8995,3412,0
WILD.US,D,20250620,000000,20.34,20.34,19.727,19.727,5780,0
WILD.US,D,20250623,000000,19.72,20.2938,19.72,19.8395,7876,0
WILD.US,D,20250624,000000,20.2,20.686,20.2,20.5433,4401,0
WILD.US,D,20250625,000000,21.15,21.32,20.8,21.1308,2995,0
WILD.US,D,20250626,000000,21.665,21.89,21.61,21.8802,1434,0
WILD.US,D,20250627,000000,21.5285,21.72,20.6996,20.6996,3024,0
WILD.US,D,20250630,000000,21.5,21.97,21.5,21.6087,7628,0
WILD.US,D,20250701,000000,21.37,21.37,20.5654,20.5654,3152,0
WILD.US,D,20250702,000000,20.69,20.99,20.69,20.8686,2487,0
WILD.US,D,20250703,000000,21.1599,21.3,20.95,21.2309,11251,0
WILD.US,D,20250707,000000,20.43,20.98,20.1201,20.3188,6696,0
WILD.US,D,20250708,000000,20.4,20.52,20.4,20.4482,2804,0
WILD.US,D,20250709,000000,20.9686,20.97,20.65,20.7626,2045,0
WILD.US,D,20250710,000000,21.06,21.2977,21.06,21.2977,470,0
WILD.US,D,20250711,000000,20.83,21.22,20.83,21.0055,3198,0
WILD.US,D,20250714,000000,21.1,21.2568,21.1,21.1497,1088,0
WILD.US,D,20250715,000000,21.8,21.8,21.15,21.1694,531,0
WILD.US,D,20250716,000000,21.6201,22.1442,21.6,22.1442,803,0
WILD.US,D,20250717,000000,22.08,22.43,22.045,22.2489,3780,0
WILD.US,D,20250718,000000,22.15,22.2051,22.15,22.2051,1939,0
WILD.US,D,20250721,000000,22.755,22.8009,22.2078,22.2078,3054,0
WILD.US,D,20250722,000000,22,22.67,21.79,22.5991,1553,0
WILD.US,D,20250723,000000,22.74,23.3581,22.74,23.3581,4279,0
WILD.US,D,20250724,000000,23.82,23.82,23.485,23.61,1931,0
WILD.US,D,20250725,000000,23.73,24.015,23.73,23.9918,1933,0
WILD.US,D,20250728,000000,24.2404,24.291,23.89,24.291,3136,0
WILD.US,D,20250729,000000,23.77,24.56,23.77,24.2966,6556,0
WILD.US,D,20250730,000000,24.58,25.34,24.58,25.1345,24968,0
WILD.US,D,20250731,000000,25.29,25.67,24.6002,24.6002,3316,0
WILD.US,D,20250801,000000,24.04,24.04,23.1699,23.2371,6505,0
WILD.US,D,20250804,000000,23.98,24.49,23.98,24.2407,3674,0
WILD.US,D,20250805,000000,24.8,25.55,23.69,23.8117,1846,0
WILD.US,D,20250806,000000,23.8215,24.28,23.8215,24.1928,2108,0
WILD.US,D,20250807,000000,24.7889,25.09,24.5303,24.7276,4157,0
WILD.US,D,20250808,000000,25.39,26.095,25.39,26.0053,6753,0
WILD.US,D,20250811,000000,25.83,26.23,25.6016,25.6016,2693,0
WILD.US,D,20250812,000000,25.12,25.87,25.11,25.7069,6842,0
WILD.US,D,20250813,000000,26.07,26.07,25.43,25.6589,4797,0
WILD.US,D,20250814,000000,25.43,25.43,24.5683,25.15,2105,0
WILD.US,D,20250815,000000,24.55,24.74,24.2976,24.4584,3071,0
WILD.US,D,20250818,000000,24.3101,24.34,24.07,24.34,1499,0
WILD.US,D,20250819,000000,22.8,22.8,22.28,22.3215,3354,0
WILD.US,D,20250820,000000,21.305,22.1275,20.8586,22.1275,2562,0
WILD.US,D,20250821,000000,22.06,22.27,21.985,22.0539,1529,0
WILD.US,D,20250822,000000,22.14,23.4372,22.14,23.2038,3402,0
WILD.US,D,20250825,000000,22.66,23.1385,22.66,23.0208,3096,0
WILD.US,D,20250826,000000,23.35,23.875,23.35,23.875,1117,0
WILD.US,D,20250827,000000,23.74,24.1836,23.74,23.9027,436,0
WILD.US,D,20250828,000000,24.01,24.4,23.95,24.3602,1617,0
WILD.US,D,20250829,000000,23.4,23.4,23,23.1823,2277,0
WILD.US,D,20250902,000000,22.1969,23.17,22.1969,23.108,754,0
WILD.US,D,20250903,000000,23.24,23.35,22.8505,22.8505,1374,0
WILD.US,D,20250904,000000,23.1,23.5749,23.1,23.5749,2694,0
WILD.US,D,20250908,000000,23.1901,23.1901,22.72,22.9495,2750,0
WILD.US,D,20250909,000000,23.32,24.29,23.32,24.1137,6926,0
WILD.US,D,20250910,000000,24.34,24.6505,24.0509,24.0509,8843,0
WILD.US,D,20250911,000000,23.82,24.75,23.82,24.6597,4072,0
WILD.US,D,20250912,000000,26.9252,27.3092,26.9252,27.3092,5323,0
WILD.US,D,20250915,000000,28.54,29.03,28.54,28.8283,4936,0
WILD.US,D,20250916,000000,28.78,29.9298,28.78,29.8386,6638,0
WILD.US,D,20250917,000000,30.09,30.7164,29.2701,30.7164,14265,0
WILD.US,D,20250918,000000,30.81,31.45,30.449,30.449,25408,0
WILD.US,D,20250919,000000,30.981,31.5846,30.981,31.5846,16501,0
WILD.US,D,20250922,000000,31.18,32.61,31.18,32.23,29406,0
WILD.US,D,20250923,000000,32.81,32.81,31.53,32.184,14336,0
WILD.US,D,20250924,000000,32.41,32.62,31.79,32.3177,13185,0
WILD.US,D,20250925,000000,31.07,31.2082,30.23,30.7869,10767,0
WILD.US,D,20250926,000000,30.95,31.169,29.83,30.6966,6674,0
WILD.US,D,20250929,000000,31.63,32.89,31.61,32.7692,19322,0
WILD.US,D,20250930,000000,33.94,35.12,33.94,34.3401,12918,0
WILD.US,D,20251001,000000,35.03,36.45,35.03,36.32,10132,0
WILD.US,D,20251002,000000,37.7435,38.56,36.6299,38.3624,77612,0
WILD.US,D,20251003,000000,38.1378,38.77,35.54,36.9382,62575,0
WILD.US,D,20251006,000000,38.33,38.91,37.41,37.4156,36278,0
WILD.US,D,20251007,000000,37.899,38.79,34.72,35.7978,28223,0
WILD.US,D,20251008,000000,36.7117,38.175,36.28,37.9537,19001,0
WILD.US,D,20251009,000000,37.71,38.06464,36.8,37.9807,13080,0
WILD.US,D,20251010,000000,38.52,39.56,33.97,34.04,45157,0
WILD.US,D,20251013,000000,34.7969,35.565,33.774,35.3642,17845,0
WILD.US,D,20251014,000000,33.39,34.535,31.66,32.9501,18077,0
WILD.US,D,20251015,000000,33.835,34.34,32.65,32.7732,12961,0
WILD.US,D,20251016,000000,33.47,34.1,32.19,32.4348,13262,0
WILD.US,D,20251017,000000,30.98,32.45,30.8992,32.4356,49673,0
WILD.US,D,20251020,000000,32.82,33.7475,32.3957,32.3957,12174,0
WILD.US,D,20251021,000000,31.08,32.2916,31.08,32.0748,5799,0
WILD.US,D,20251022,000000,31.02,31.2551,28.02,29.582,17509,0
WILD.US,D,20251023,000000,29.55,30.81,29.4713,30.5586,6071,0
WILD.US,D,20251024,000000,32,33.4,31.85,33.2691,7007,0
WILD.US,D,20251027,000000,34.43,34.94,34,34.3086,12057,0
WILD.US,D,20251028,000000,34.64,34.85,34.17,34.3486,8000,0
WILD.US,D,20251029,000000,34.47,35.38,33.27,33.832,10967,0
WILD.US,D,20251030,000000,32.45,32.45,30.6183,30.6183,6715,0
WILD.US,D,20251031,000000,33.51,34.15,30.05,33.1522,5711,0
WILD.US,D,20251103,000000,34.02,34.03,32.32,32.7801,5732,0
WILD.US,D,20251104,000000,31.82,31.82,29.6976,29.6976,3556,0
WILD.US,D,20251105,000000,29.85,30.74,29.85,30.5425,2029,0
WILD.US,D,20251106,000000,29.8,29.8,27.5,27.6521,11022,0
WILD.US,D,20251107,000000,27,28.1076,25.53,28.1076,7768,0
WILD.US,D,20251110,000000,29.84,29.9,28.57,29.2979,1816,0
WILD.US,D,20251111,000000,28.22,28.2285,27.59,27.837,2385,0
WILD.US,D,20251112,000000,27.775,27.775,26.6,26.8184,3438,0
WILD.US,D,20251113,000000,29.01,29.01,23.87,24.1921,5472,0
WILD.US,D,20251114,000000,22.65,24.95,21.77,24.1035,7098,0
WILD.US,D,20251117,000000,23.295,23.295,22.27,22.7546,3422,0
WILD.US,D,20251118,000000,22.51,23.2,22.51,22.7667,2687,0
WILD.US,D,20251119,000000,22.0216,22.0483,21.25,22.0483,5936,0
WILD.US,D,20251120,000000,22.6201,22.6201,19.94,20.1142,1215,0
WILD.US,D,20251121,000000,19.53,19.87,18.33,19.2058,13235,0
WILD.US,D,20251124,000000,19.53,20.5216,19.205,20.5216,7575,0
WILD.US,D,20251125,000000,18.72,19.94,18.59,19.8456,6815,0
WILD.US,D,20251126,000000,20.4339,21.06,20.38,20.7889,2516,0
WILD.US,D,20251128,000000,20.9797,22.87,20.85,20.8871,5307,0
WILD.US,D,20251201,000000,19.22,19.66,18.8,19.5913,10524,0
WILD.US,D,20251202,000000,20.875,21.52,20.86,21.1197,6528,0
WILD.US,D,20251203,000000,21.65,21.9903,21.48,21.9903,2786,0
WILD.US,D,20251204,000000,22.37,23.0196,21.87,23.0196,3792,0
WILD.US,D,20251205,000000,22.405,22.595,22.405,22.5667,3145,0
WILD.US,D,20251208,000000,22.82,23.1794,22.6,23.1794,1805,0
WILD.US,D,20251209,000000,22.94,24.58,22.9079,24.1263,8070,0
WILD.US,D,20251210,000000,24.28,24.37,24.12,24.37,580,0
WILD.US,D,20251211,000000,23.165,23.71,22.62,23.6937,3281,0
WILD.US,D,20251212,000000,23.58,23.58,21.77,21.8364,5485,0
WILD.US,D,20251215,000000,21.72,22.07,20.2926,20.2926,7919,0
WILD.US,D,20251216,000000,20.39,21.0834,20.39,21.0834,2595,0
WILD.US,D,20251217,000000,20.78,21,19.2247,19.2247,2323,0
WILD.US,D,20251218,000000,20.08,20.08,19.5938,19.5938,400,0
WILD.US,D,20251219,000000,20.7,21.2967,20.7,21.2967,2427,0
WILD.US,D,20251222,000000,22.06,22.06,21.11,21.274,6320,0
WILD.US,D,20251223,000000,20.54,20.9,20.43,20.8962,1651,0
WILD.US,D,20251224,000000,20.5602,20.7737,20.51,20.7737,671,0
WILD.US,D,20251226,000000,20.345,20.4538,20.2969,20.2969,2677,0
WILD.US,D,20251229,000000,19.75,19.93,19.73,19.7596,4585,0
WILD.US,D,20251230,000000,19.705,20.13,19.61,19.61,2516,0
WILD.US,D,20251231,000000,19.58,19.58,19.2731,19.2731,6677,0
WILD.US,D,20260102,000000,19.54,19.66,19.0379,19.0379,1579,0
WILD.US,D,20260105,000000,19.97,20.045,19.68,19.7796,6354,0
WILD.US,D,20260106,000000,19.99,20,19.52,19.6831,2038,0
WILD.US,D,20260107,000000,19.99,20.21,19.99,20.0528,1783,0
WILD.US,D,20260108,000000,19.95,20.0178,19.95,20.0178,165,0
WILD.US,D,20260109,000000,20.0301,20.0301,19.7004,19.7004,601,0
WILD.US,D,20260112,000000,19.62,20,19.62,19.9535,5039,0
WILD.US,D,20260113,000000,19.83,20.4208,19.83,20.4208,3281,0
WILD.US,D,20260114,000000,20.62,20.62,20.24,20.3885,3575,0
