<TICKER>,<PER>,<DATE>,<TIME>,<OPEN>,<HIGH>,<LOW>,<CLOSE>,<VOL>,<OPENINT>
CANQ.US,D,20240215,000000,24.75,24.9,24.73,24.8456,7028,0
CANQ.US,D,20240216,000000,24.69,24.75,24.6087,24.6087,2268,0
CANQ.US,D,20240220,000000,24.465,24.498,24.465,24.498,354,0
CANQ.US,D,20240221,000000,24.34,24.385,24.23,24.385,1573,0
CANQ.US,D,20240222,000000,24.78,24.9,24.7799,24.8766,956,0
CANQ.US,D,20240223,000000,24.97,24.97,24.9,24.9036,2139,0
CANQ.US,D,20240226,000000,24.9,24.94,24.8822,24.8822,1107,0
CANQ.US,D,20240227,000000,24.88,24.91,24.88,24.8969,2405,0
CANQ.US,D,20240228,000000,24.86,24.86,24.8,24.824,1494,0
CANQ.US,D,20240229,000000,25.2,25.2,24.9499,24.9965,2820,0
CANQ.US,D,20240301,000000,24.982,25.2924,24.982,25.2924,1000,0
CANQ.US,D,20240304,000000,25.3899,25.4,25.3231,25.3231,1916,0
CANQ.US,D,20240305,000000,25.18,25.18,25.03,25.1219,2556,0
CANQ.US,D,20240306,000000,25.37,25.39,25.3072,25.3072,920,0
CANQ.US,D,20240307,000000,25.59,25.69,25.5219,25.681,4428,0
CANQ.US,D,20240308,000000,25.775,25.775,25.3648,25.3648,2698,0
CANQ.US,D,20240311,000000,25.19,25.28,25.19,25.2493,1295,0
CANQ.US,D,20240312,000000,25.37,25.4472,25.3666,25.4472,2173,0
CANQ.US,D,20240313,000000,25.3444,25.37,25.3215,25.3334,1546,0
CANQ.US,D,20240314,000000,25.43,25.43,25.1542,25.1542,637,0
CANQ.US,D,20240315,000000,25.05,25.05,25.0072,25.0072,252,0
CANQ.US,D,20240318,000000,25.16,25.1601,25.0891,25.0891,224,0
CANQ.US,D,20240319,000000,25,25.1104,24.89,25.1104,665,0
CANQ.US,D,20240320,000000,25.14,25.2922,25.1399,25.2922,659,0
CANQ.US,D,20240321,000000,25.52,25.52,25.3901,25.4088,569,0
CANQ.US,D,20240322,000000,25.4284,25.4559,25.4284,25.4559,1006,0
CANQ.US,D,20240325,000000,25.395,25.4129,25.395,25.4022,717,0
CANQ.US,D,20240326,000000,25.43,25.43,25.2969,25.2969,1292,0
CANQ.US,D,20240327,000000,25.3259,25.3259,25.3259,25.3259,2,0
CANQ.US,D,20240328,000000,25.3599,25.36,25.2966,25.2966,1358,0
CANQ.US,D,20240401,000000,25.14,25.14,25.1331,25.1331,4792,0
CANQ.US,D,20240402,000000,24.95,25.04,24.95,25.0082,508,0
CANQ.US,D,20240403,000000,24.93,25.1,24.93,25.066,3060,0
CANQ.US,D,20240404,000000,25.23,25.23,24.8596,24.8596,1496,0
CANQ.US,D,20240405,000000,25.04,25.04,25.0273,25.0273,953,0
CANQ.US,D,20240409,000000,25.0472,25.0579,25.01,25.0579,432,0
CANQ.US,D,20240410,000000,24.83,24.83,24.8,24.8152,509,0
CANQ.US,D,20240411,000000,24.8903,25.0412,24.8903,25.0412,309,0
CANQ.US,D,20240412,000000,24.85,24.8594,24.85,24.8572,379,0
CANQ.US,D,20240415,000000,24.86,24.86,24.4948,24.4948,939,0
CANQ.US,D,20240416,000000,24.51,24.54,24.51,24.54,332,0
CANQ.US,D,20240417,000000,24.45,24.45,24.45,24.45,151,0
CANQ.US,D,20240418,000000,24.37,24.37,24.37,24.37,21,0
CANQ.US,D,20240419,000000,24.0503,24.0503,24.0503,24.0503,12,0
CANQ.US,D,20240422,000000,24.1579,24.1579,24.1579,24.1579,13,0
CANQ.US,D,20240423,000000,24.3467,24.3467,24.3467,24.3467,11,0
CANQ.US,D,20240424,000000,24.2893,24.37,24.2893,24.37,232,0
CANQ.US,D,20240425,000000,24.2213,24.2213,24.2213,24.2213,49,0
CANQ.US,D,20240426,000000,24.4911,24.5,24.48,24.5,3905,0
CANQ.US,D,20240429,000000,24.5,24.5722,24.5,24.5722,583,0
CANQ.US,D,20240430,000000,24.44,24.44,24.2911,24.2911,2109,0
CANQ.US,D,20240501,000000,24.125,24.36,24.065,24.112,762,0
CANQ.US,D,20240502,000000,24.3218,24.3218,24.3218,24.3218,27,0
CANQ.US,D,20240503,000000,24.6112,24.6112,24.6112,24.6112,20,0
CANQ.US,D,20240506,000000,24.74,24.74,24.74,24.74,16,0
CANQ.US,D,20240507,000000,24.76,24.8009,24.76,24.8009,193,0
CANQ.US,D,20240508,000000,24.7621,24.7621,24.7621,24.7621,71,0
CANQ.US,D,20240509,000000,24.83,24.83,24.791,24.791,100,0
CANQ.US,D,20240510,000000,24.85,24.85,24.8044,24.8044,101,0
CANQ.US,D,20240513,000000,24.85,24.87,24.8451,24.8451,204,0
CANQ.US,D,20240514,000000,24.962,24.9676,24.962,24.9676,307,0
CANQ.US,D,20240515,000000,25.11,25.28,25.11,25.28,642,0
CANQ.US,D,20240516,000000,25.26,25.26,25.26,25.26,18,0
CANQ.US,D,20240517,000000,25.21,25.21,25.1571,25.1571,682,0
CANQ.US,D,20240520,000000,25.2374,25.2374,25.2374,25.2374,3,0
CANQ.US,D,20240521,000000,25.26,25.3206,25.26,25.3206,394,0
CANQ.US,D,20240522,000000,25.26,25.26,25.2453,25.2453,326,0
CANQ.US,D,20240523,000000,25.3,25.3,25.11,25.11,409,0
CANQ.US,D,20240524,000000,25.357,25.357,25.357,25.357,3,0
CANQ.US,D,20240528,000000,25.4143,25.4143,25.4143,25.4143,105,0
CANQ.US,D,20240529,000000,25.32,25.32,25.32,25.32,3,0
CANQ.US,D,20240530,000000,25.26,25.26,25.214,25.214,156,0
CANQ.US,D,20240531,000000,25.1913,25.1913,25.1913,25.1913,26,0
CANQ.US,D,20240603,000000,25.21,25.2223,25.2099,25.2223,595,0
CANQ.US,D,20240604,000000,25.21,25.21,25.21,25.21,6,0
CANQ.US,D,20240605,000000,25.5606,25.7304,25.5606,25.7304,213,0
CANQ.US,D,20240606,000000,25.6987,25.6987,25.6987,25.6987,58,0
CANQ.US,D,20240607,000000,25.6572,25.6572,25.5996,25.5996,400,0
CANQ.US,D,20240610,000000,24.91,25.65,24.9099,25.6201,5652,0
CANQ.US,D,20240611,000000,25.8171,25.8171,25.8171,25.8171,200,0
CANQ.US,D,20240612,000000,26.1563,26.1563,26.1465,26.1465,217,0
CANQ.US,D,20240613,000000,26.4911,26.4911,26.4911,26.4911,3,0
CANQ.US,D,20240614,000000,26.6161,26.6161,26.6161,26.6161,49,0
CANQ.US,D,20240617,000000,26.9327,26.9327,26.9327,26.9327,306,0
CANQ.US,D,20240618,000000,26.9695,26.9695,26.9695,26.9695,205,0
CANQ.US,D,20240620,000000,26.6623,26.6623,26.6623,26.6623,41,0
CANQ.US,D,20240621,000000,26.4893,26.4893,26.4893,26.4893,2,0
CANQ.US,D,20240624,000000,26.1865,26.1865,26.1865,26.1865,10,0
CANQ.US,D,20240625,000000,26.3987,26.3987,26.3987,26.3987,8,0
CANQ.US,D,20240626,000000,26.4,26.4591,26.4,26.4591,201,0
CANQ.US,D,20240627,000000,26.39,26.39,26.39,26.39,7,0
CANQ.US,D,20240628,000000,26.3038,26.3038,26.3038,26.3038,165,0
CANQ.US,D,20240701,000000,26.3232,26.3232,26.3232,26.3232,20,0
CANQ.US,D,20240702,000000,26.5653,26.5653,26.5653,26.5653,5,0
CANQ.US,D,20240703,000000,26.8933,26.8933,26.8933,26.8933,1,0
CANQ.US,D,20240705,000000,27.1753,27.1753,27.1753,27.1753,41,0
CANQ.US,D,20240708,000000,27.2429,27.2429,27.2429,27.2429,130,0
CANQ.US,D,20240709,000000,27.2769,27.2769,27.2769,27.2769,2,0
CANQ.US,D,20240710,000000,27.57,27.58,27.49,27.542,2560,0
CANQ.US,D,20240711,000000,27.023,27.023,27.023,27.023,16,0
CANQ.US,D,20240712,000000,27.22,27.22,27.1,27.1,511,0
CANQ.US,D,20240715,000000,27.2308,27.2308,27.1504,27.1504,101,0
CANQ.US,D,20240716,000000,27.1,27.19,27.02,27.1893,4237,0
CANQ.US,D,20240717,000000,26.5859,26.5859,26.5859,26.5859,21,0
CANQ.US,D,20240718,000000,26.42,26.42,26.42,26.42,84,0
CANQ.US,D,20240719,000000,26.2501,26.2501,26.2501,26.2501,64,0
CANQ.US,D,20240722,000000,26.5418,26.5418,26.5418,26.5418,4,0
CANQ.US,D,20240723,000000,26.5334,26.5334,26.5334,26.5334,1,0
CANQ.US,D,20240724,000000,26.13,26.16,25.7721,25.7721,848,0
CANQ.US,D,20240725,000000,25.85,25.875,25.6386,25.6386,1913,0
CANQ.US,D,20240726,000000,25.69,25.7463,25.69,25.7463,106,0
CANQ.US,D,20240729,000000,25.7688,25.7688,25.7688,25.7688,2,0
CANQ.US,D,20240730,000000,25.45,25.45,25.45,25.45,2,0
CANQ.US,D,20240731,000000,26.19,26.19,26.12,26.12,1146,0
CANQ.US,D,20240801,000000,25.658,25.6747,25.658,25.6747,398,0
CANQ.US,D,20240802,000000,25.5406,25.5406,25.5406,25.5406,70,0
CANQ.US,D,20240805,000000,25.08,25.129,25.08,25.129,101,0
CANQ.US,D,20240806,000000,25.18,25.25,25.11,25.1447,1252,0
CANQ.US,D,20240807,000000,24.968,24.968,24.968,24.968,86,0
CANQ.US,D,20240808,000000,25.33,25.33,25.33,25.33,76,0
CANQ.US,D,20240809,000000,25.5098,25.5098,25.5019,25.5019,108,0
CANQ.US,D,20240812,000000,25.42,25.49,25.42,25.49,151,0
CANQ.US,D,20240813,000000,25.9982,25.9982,25.9982,25.9982,1,0
CANQ.US,D,20240814,000000,26.0872,26.0872,26.0872,26.0872,1,0
CANQ.US,D,20240815,000000,26.4771,26.4771,26.4771,26.4771,1,0
CANQ.US,D,20240816,000000,26.5394,26.5394,26.5394,26.5394,60,0
CANQ.US,D,20240819,000000,26.7,26.7921,26.5065,26.7921,1664,0
CANQ.US,D,20240820,000000,26.8017,26.8017,26.8017,26.8017,1,0
CANQ.US,D,20240821,000000,26.79,26.8764,26.79,26.8764,416,0
CANQ.US,D,20240822,000000,26.48,26.48,26.48,26.48,4,0
CANQ.US,D,20240823,000000,26.8708,26.8708,26.8708,26.8708,3,0
CANQ.US,D,20240826,000000,26.6515,26.6842,26.6515,26.6842,472,0
CANQ.US,D,20240827,000000,26.7,26.7932,26.7,26.7932,150,0
CANQ.US,D,20240828,000000,26.45,26.45,26.45,26.45,10,0
CANQ.US,D,20240829,000000,26.71,26.71,26.4179,26.4179,200,0
CANQ.US,D,20240830,000000,26.5801,26.5884,26.5801,26.5884,133,0
CANQ.US,D,20240903,000000,26.34,26.34,25.8671,25.8671,1140,0
CANQ.US,D,20240904,000000,25.915,25.9306,25.915,25.9306,198,0
CANQ.US,D,20240905,000000,25.93,25.9664,25.93,25.9664,129,0
CANQ.US,D,20240906,000000,25.4924,25.4924,25.4924,25.4924,35,0
CANQ.US,D,20240909,000000,25.6895,25.6895,25.6895,25.6895,35,0
CANQ.US,D,20240910,000000,25.8626,25.8626,25.8626,25.8626,1,0
CANQ.US,D,20240911,000000,26.3213,26.3213,26.3213,26.3213,1,0
CANQ.US,D,20240912,000000,26.5503,26.5503,26.5503,26.5503,5,0
CANQ.US,D,20240913,000000,26.58,26.6438,26.58,26.6438,385,0
CANQ.US,D,20240916,000000,26.5245,26.5245,26.5245,26.5245,3,0
CANQ.US,D,20240917,000000,26.4733,26.4733,26.4733,26.4733,3,0
CANQ.US,D,20240918,000000,26.5019,26.58,26.4305,26.4305,3935,0
CANQ.US,D,20240919,000000,26.93,26.96,26.9231,26.9231,207,0
CANQ.US,D,20240920,000000,26.82,26.88,26.72,26.8394,2000,0
CANQ.US,D,20240923,000000,26.85,26.8789,26.85,26.8789,200,0
CANQ.US,D,20240924,000000,26.815,26.9889,26.815,26.9889,1003,0
CANQ.US,D,20240925,000000,27.08,27.08,26.9968,26.9968,207,0
CANQ.US,D,20240926,000000,27.16,27.16,27,27.1167,574,0
CANQ.US,D,20240927,000000,26.99,26.99,26.95,26.9622,723,0
CANQ.US,D,20240930,000000,26.95,27.0014,26.89,27.0014,700,0
CANQ.US,D,20241001,000000,26.63,26.6598,26.52,26.6598,854,0
CANQ.US,D,20241002,000000,26.565,26.7,26.565,26.67,1874,0
CANQ.US,D,20241003,000000,26.78,26.78,26.66,26.7078,259,0
CANQ.US,D,20241004,000000,26.8,26.9112,26.8,26.9112,314,0
CANQ.US,D,20241007,000000,26.855,26.855,26.7175,26.7175,338,0
CANQ.US,D,20241008,000000,27.0756,27.0756,27.0756,27.0756,57,0
CANQ.US,D,20241009,000000,26.95,27.13,26.95,27.13,759,0
CANQ.US,D,20241010,000000,27.21,27.21,27.1927,27.1927,195,0
CANQ.US,D,20241011,000000,27.1276,27.1276,27.1276,27.1276,1,0
CANQ.US,D,20241014,000000,27.2364,27.2364,27.2364,27.2364,13,0
CANQ.US,D,20241015,000000,27.0024,27.07,26.9939,26.9939,3439,0
CANQ.US,D,20241016,000000,27.04,27.14,27.0399,27.0879,1218,0
CANQ.US,D,20241017,000000,27.285,27.285,27.107,27.107,171,0
CANQ.US,D,20241018,000000,27.195,27.25,27.195,27.2122,612,0
CANQ.US,D,20241021,000000,27.2,27.22,27.19,27.2014,532,0
CANQ.US,D,20241022,000000,27.18,27.2061,27.1799,27.2061,540,0
CANQ.US,D,20241023,000000,27.05,27.05,26.8322,26.8322,331,0
CANQ.US,D,20241024,000000,27.0067,27.0067,27.0067,27.0067,101,0
CANQ.US,D,20241025,000000,27.89,27.89,27.0781,27.0781,1361,0
CANQ.US,D,20241028,000000,27.18,27.18,27.05,27.0503,339,0
CANQ.US,D,20241029,000000,27.37,27.37,27.2743,27.2743,220,0
CANQ.US,D,20241030,000000,27.0944,27.0944,27.0944,27.0944,4,0
CANQ.US,D,20241031,000000,26.65,26.65,26.5783,26.5783,250,0
CANQ.US,D,20241104,000000,26.4455,26.4455,26.4455,26.4455,1,0
CANQ.US,D,20241105,000000,26.7594,26.7594,26.7594,26.7594,8,0
CANQ.US,D,20241106,000000,27.06,27.2305,27.06,27.2305,645,0
CANQ.US,D,20241107,000000,27.7069,27.7069,27.7069,27.7069,54,0
CANQ.US,D,20241108,000000,27.85,27.9,27.7997,27.7997,2109,0
CANQ.US,D,20241112,000000,27.68,27.69,27.638,27.638,315,0
CANQ.US,D,20241120,000000,27.34,27.34,27.14,27.3125,1832,0
CANQ.US,D,20241121,000000,27.32,27.3747,27.32,27.3747,104,0
CANQ.US,D,20241125,000000,27.6447,27.6447,27.35,27.35,633,0
CANQ.US,D,20241126,000000,27.52,27.57,27.5199,27.5319,2575,0
CANQ.US,D,20241129,000000,27.97,27.97,27.58,27.615,6422,0
CANQ.US,D,20241202,000000,27.64,27.81,27.626,27.7482,3090,0
CANQ.US,D,20241203,000000,27.7144,27.7872,27.7144,27.7872,673,0
CANQ.US,D,20241205,000000,28.01,28.0676,28.01,28.0676,150,0
CANQ.US,D,20241209,000000,28.2599,28.2599,28.225,28.2493,2347,0
CANQ.US,D,20241210,000000,28.41,28.41,28.23,28.23,2117,0
CANQ.US,D,20241211,000000,28.61,28.7223,28.61,28.7223,315,0
CANQ.US,D,20241212,000000,28.54,28.63,28.5243,28.5243,944,0
CANQ.US,D,20241213,000000,29.15,29.19,28.96,29.1698,1109,0
CANQ.US,D,20241216,000000,29.57,29.6335,29.57,29.6335,541,0
CANQ.US,D,20241217,000000,29.54,29.6,29.485,29.5425,1025,0
CANQ.US,D,20241218,000000,29.74,29.74,28.6638,28.6638,2247,0
CANQ.US,D,20241219,000000,28.73,28.73,28.5502,28.5502,1585,0
CANQ.US,D,20241220,000000,28.4339,28.89,28.4339,28.56,4402,0
CANQ.US,D,20241223,000000,28.63,28.63,28.59,28.5991,573,0
CANQ.US,D,20241226,000000,28.97,28.9751,28.97,28.9751,753,0
CANQ.US,D,20241227,000000,28.5186,28.5911,28.5186,28.5911,1212,0
CANQ.US,D,20241230,000000,28.3819,28.395,28.3819,28.395,346,0
CANQ.US,D,20241231,000000,28.17,28.17,28.0758,28.0758,423,0
CANQ.US,D,20250102,000000,28.26,28.26,27.85,28.0864,1274,0
CANQ.US,D,20250103,000000,28.13,28.28,28.13,28.28,220,0
CANQ.US,D,20250106,000000,28.5219,28.53,28.4588,28.4588,264,0
CANQ.US,D,20250107,000000,28.45,28.45,28.0634,28.0634,154,0
CANQ.US,D,20250108,000000,28.03,28.0459,28.03,28.0459,101,0
CANQ.US,D,20250110,000000,27.78,27.85,27.65,27.724,4418,0
CANQ.US,D,20250113,000000,27.486,27.6663,27.486,27.6663,828,0
CANQ.US,D,20250114,000000,27.77,27.77,27.57,27.5847,4065,0
CANQ.US,D,20250115,000000,28.12,28.1242,28,28.1242,1325,0
CANQ.US,D,20250116,000000,28.1,28.1,27.9664,27.9664,100,0
CANQ.US,D,20250117,000000,28.18,28.2512,28.18,28.2512,251,0
CANQ.US,D,20250121,000000,28.27,28.3546,28.27,28.3546,971,0
CANQ.US,D,20250122,000000,28.67,28.71,28.614,28.6205,2659,0
CANQ.US,D,20250123,000000,28.54,28.85,28.53,28.7165,163566,0
CANQ.US,D,20250124,000000,28.75,28.78,28.6857,28.6857,2138,0
CANQ.US,D,20250127,000000,28.2739,28.3694,28.245,28.3694,3441,0
CANQ.US,D,20250128,000000,28.65,28.65,28.565,28.565,2944,0
CANQ.US,D,20250129,000000,28.59,28.69,28.59,28.6135,1466,0
CANQ.US,D,20250131,000000,28.88,28.8801,28.6828,28.6828,740,0
CANQ.US,D,20250203,000000,27.99,28.34,27.99,28.34,408,0
CANQ.US,D,20250205,000000,28.7,28.805,28.7,28.805,1065,0
CANQ.US,D,20250206,000000,28.87,28.9222,28.86,28.9222,2965,0
CANQ.US,D,20250207,000000,28.99,28.99,28.6597,28.6597,1837,0
CANQ.US,D,20250210,000000,28.53,28.9699,28.53,28.9,5874,0
CANQ.US,D,20250211,000000,28.8401,28.8717,28.8401,28.8717,182,0
CANQ.US,D,20250212,000000,28.84,28.88,28.8399,28.8408,1873,0
CANQ.US,D,20250213,000000,29.03,29.16,29.01,29.1568,3915,0
CANQ.US,D,20250214,000000,29.27,29.2962,29.235,29.2962,2698,0
CANQ.US,D,20250218,000000,29.1625,29.1625,29.03,29.0791,2467,0
CANQ.US,D,20250219,000000,29.12,29.19,29.1122,29.1122,2294,0
CANQ.US,D,20250220,000000,29.0403,29.07,28.93,28.9622,1374,0
CANQ.US,D,20250221,000000,28.91,28.91,28.6702,28.6702,3172,0
CANQ.US,D,20250224,000000,28.7023,28.73,28.53,28.57,3740,0
CANQ.US,D,20250225,000000,28.61,28.61,28.37,28.4955,7034,0
CANQ.US,D,20250226,000000,28.6,28.6,28.4681,28.4681,769,0
CANQ.US,D,20250227,000000,28.42,28.42,28.12,28.1266,3402,0
CANQ.US,D,20250228,000000,28.1216,28.43,28.09,28.3887,3930,0
CANQ.US,D,20250303,000000,28.3583,28.3583,27.915,27.9732,3927,0
CANQ.US,D,20250304,000000,27.85,28.03,27.7555,27.8244,1764,0
CANQ.US,D,20250305,000000,27.82,27.97,27.82,27.86,2146,0
CANQ.US,D,20250306,000000,27.74,27.74,27.525,27.5397,2699,0
CANQ.US,D,20250307,000000,27.46,27.4814,27.26,27.4814,2233,0
CANQ.US,D,20250310,000000,27.2,27.2,27.0699,27.17,662,0
CANQ.US,D,20250311,000000,27.01,27.06,26.94,27.06,575,0
CANQ.US,D,20250312,000000,27.05,27.09,26.99,26.99,808,0
CANQ.US,D,20250313,000000,26.86,26.86,26.7899,26.81,779,0
CANQ.US,D,20250314,000000,26.84,26.96,26.84,26.86,1902,0
CANQ.US,D,20250317,000000,27.05,27.1,26.88,27.0641,2224,0
CANQ.US,D,20250318,000000,26.8499,26.92,26.8499,26.92,1456,0
CANQ.US,D,20250319,000000,26.8385,27.03,26.8385,27.0275,1914,0
CANQ.US,D,20250320,000000,26.99,26.99,26.98,26.98,572,0
CANQ.US,D,20250321,000000,27,27,26.835,26.8785,981,0
CANQ.US,D,20250324,000000,27.58,27.58,27,27.0907,7358,0
CANQ.US,D,20250325,000000,27.12,27.21,27.05,27.05,871,0
CANQ.US,D,20250326,000000,27.0794,27.11,26.93,26.9667,10645,0
CANQ.US,D,20250327,000000,26.8876,27.07,26.8876,26.9419,23573,0
CANQ.US,D,20250328,000000,26.855,26.855,26.58,26.65,6424,0
CANQ.US,D,20250331,000000,26.42,26.7078,26.42,26.7078,4399,0
CANQ.US,D,20250401,000000,26.5685,26.79,26.55,26.71,17641,0
CANQ.US,D,20250402,000000,26.6705,26.86,26.6705,26.7741,7469,0
CANQ.US,D,20250403,000000,26.77,26.77,26.24,26.4,7876,0
CANQ.US,D,20250404,000000,25.62,26.22,25.47,25.47,4112,0
CANQ.US,D,20250407,000000,25.42,25.5199,25.11,25.3534,3092,0
CANQ.US,D,20250408,000000,25.595,25.69,25.2085,25.298,4285,0
CANQ.US,D,20250409,000000,26.56,26.56,25.25,26.2557,31417,0
CANQ.US,D,20250410,000000,25.9612,26.02,25.71,25.8522,9975,0
CANQ.US,D,20250411,000000,25.72,26.03,25.66,25.995,16768,0
CANQ.US,D,20250414,000000,26.065,26.23,25.9734,26.01,9440,0
CANQ.US,D,20250415,000000,26.19,26.23,26.0758,26.0758,7813,0
CANQ.US,D,20250416,000000,26.13,26.2,25.8471,25.9432,4902,0
CANQ.US,D,20250417,000000,25.995,26.19,25.9659,25.9659,11909,0
CANQ.US,D,20250421,000000,26.29,26.29,25.61,25.68,9415,0
CANQ.US,D,20250422,000000,26.01,26.06,25.97,26.0053,4866,0
CANQ.US,D,20250423,000000,26.45,26.48,26.15,26.2419,4960,0
CANQ.US,D,20250424,000000,26.435,26.73,26.435,26.6525,5276,0
CANQ.US,D,20250425,000000,26.58,26.74,26.51,26.6797,67917,0
CANQ.US,D,20250428,000000,26.645,26.68,26.57,26.68,2445,0
CANQ.US,D,20250429,000000,26.75,26.84,26.75,26.8095,3719,0
CANQ.US,D,20250430,000000,26.746,26.9,26.746,26.8617,9736,0
CANQ.US,D,20250501,000000,26.795,26.85,26.7,26.7,3259,0
CANQ.US,D,20250502,000000,26.14,27,26.14,26.82,5153,0
CANQ.US,D,20250505,000000,26.82,26.82,26.755,26.78,1003,0
CANQ.US,D,20250506,000000,26.78,26.86,26.7,26.7885,4234,0
CANQ.US,D,20250507,000000,26.81,26.88,26.74,26.88,653,0
CANQ.US,D,20250508,000000,26.94,26.99,26.77,26.8271,9400,0
CANQ.US,D,20250509,000000,26.88,26.99,26.81,26.84,14698,0
CANQ.US,D,20250512,000000,27.65,27.65,27.0315,27.267,2030,0
CANQ.US,D,20250513,000000,27.4501,27.57,27.45,27.5219,1187,0
CANQ.US,D,20250514,000000,27.55,27.5899,27.5,27.5,2616,0
CANQ.US,D,20250515,000000,27.57,27.585,27.55,27.585,503,0
CANQ.US,D,20250516,000000,27.6455,27.6904,27.61,27.6904,2471,0
CANQ.US,D,20250519,000000,27.7,27.7169,27.53,27.7169,866,0
CANQ.US,D,20250520,000000,27.66,27.66,27.55,27.6298,389,0
CANQ.US,D,20250522,000000,27.4609,27.54,27.3975,27.3975,10373,0
CANQ.US,D,20250527,000000,27.5722,27.77,27.57,27.7209,19443,0
CANQ.US,D,20250528,000000,27.71,27.75,27.6302,27.6302,2876,0
CANQ.US,D,20250529,000000,27.690555,27.6951,27.685,27.6951,289,0
CANQ.US,D,20250530,000000,27.68,27.8,27.56,27.7323,3291,0
CANQ.US,D,20250602,000000,27.66,27.7289,27.6,27.7103,10402,0
CANQ.US,D,20250603,000000,27.72,28.06,27.72,27.9362,15093,0
CANQ.US,D,20250604,000000,28.04,28.14,28.04,28.0921,2189,0
CANQ.US,D,20250605,000000,28.25,28.25,27.9747,27.9747,14238,0
CANQ.US,D,20250606,000000,28.085,28.13,27.95,27.9848,18684,0
CANQ.US,D,20250609,000000,28.36,28.37,27.9922,27.9922,15276,0
CANQ.US,D,20250610,000000,27.9768,28.04,27.9768,28.04,1747,0
CANQ.US,D,20250611,000000,28.25,28.25,28.05,28.0711,5261,0
CANQ.US,D,20250612,000000,28.155,28.21,28.1447,28.1447,4748,0
CANQ.US,D,20250613,000000,27.86,28.03,27.71,27.7734,12224,0
CANQ.US,D,20250616,000000,28.12,28.13,27.93,27.93,3491,0
CANQ.US,D,20250617,000000,28.02,28.09,27.8591,27.8591,1941,0
CANQ.US,D,20250618,000000,27.92,27.96,27.8279,27.85,40316,0
CANQ.US,D,20250624,000000,28.215,28.2669,28.16,28.2669,606,0
CANQ.US,D,20250625,000000,29,29,28.319,28.3402,1032,0
CANQ.US,D,20250626,000000,28.58,28.74,28.58,28.6026,2448,0
CANQ.US,D,20250627,000000,28.79,28.79,28.5,28.7275,17918,0
CANQ.US,D,20250630,000000,28.89,28.89,28.81,28.8712,4187,0
CANQ.US,D,20250701,000000,28.95,28.95,28.47,28.5418,243315,0
CANQ.US,D,20250702,000000,28.6015,28.74,28.6,28.6356,59856,0
CANQ.US,D,20250703,000000,30,30,28.76,28.92,61069,0
CANQ.US,D,20250707,000000,28.74,28.74,28.52,28.6256,8988,0
CANQ.US,D,20250708,000000,28.1,28.67,28.1,28.58,10489,0
CANQ.US,D,20250709,000000,28.64,28.84,28.61,28.61,9045,0
CANQ.US,D,20250710,000000,28.69,28.8,28.605,28.6298,43203,0
CANQ.US,D,20250711,000000,29.02,29.02,28.58,28.65,32433,0
CANQ.US,D,20250714,000000,28.65,28.8,28.65,28.72,12316,0
CANQ.US,D,20250715,000000,28.86,28.86,28.6622,28.6622,9257,0
CANQ.US,D,20250716,000000,28.625,28.6861,28.572,28.6861,1785,0
CANQ.US,D,20250717,000000,28.58,29.16,28.58,28.845,28232,0
CANQ.US,D,20250718,000000,28.845,28.85,28.7725,28.7725,3165,0
CANQ.US,D,20250721,000000,28.96,28.96,28.8932,28.8932,215,0
CANQ.US,D,20250722,000000,28.735,28.86,28.71,28.7726,3370,0
CANQ.US,D,20250723,000000,28.735,28.9,28.735,28.8245,2861,0
CANQ.US,D,20250724,000000,28.9408,29.08,28.94,29.0342,2793,0
CANQ.US,D,20250725,000000,29.02,29.12,28.97,29.025,2291,0
CANQ.US,D,20250728,000000,29.98,29.98,29.0493,29.0493,2146,0
CANQ.US,D,20250729,000000,29.17,29.2,29.0735,29.0735,2481,0
CANQ.US,D,20250730,000000,29.21,29.21,29.0116,29.1174,898,0
CANQ.US,D,20250731,000000,29.25,29.25,29.05,29.0896,6368,0
CANQ.US,D,20250801,000000,28.645,28.8397,28.645,28.685,17713,0
CANQ.US,D,20250804,000000,28.7,29.14,28.7,29.0922,2951,0
CANQ.US,D,20250805,000000,29.2,29.2,28.9,28.9078,3587,0
CANQ.US,D,20250806,000000,29.03,29.16,28.99,29.1004,1450,0
CANQ.US,D,20250807,000000,29.3,29.3,29.1459,29.1459,1375,0
CANQ.US,D,20250808,000000,29.3171,29.44,29.27,29.325,2469,0
CANQ.US,D,20250811,000000,29.44,29.44,29.28,29.28,3444,0
CANQ.US,D,20250812,000000,30,30,29.32,29.5098,5215,0
CANQ.US,D,20250813,000000,29.65,29.6681,29.535,29.57,1918,0
CANQ.US,D,20250814,000000,29.65,29.66,29.52,29.5982,2836,0
CANQ.US,D,20250815,000000,29.05,29.475,29.05,29.475,2642,0
CANQ.US,D,20250818,000000,29.53,29.53,29.42,29.4511,3372,0
CANQ.US,D,20250819,000000,29.34,29.34,29.0988,29.0988,5023,0
CANQ.US,D,20250820,000000,29.08,29.14,28.84,29.056,2873,0
CANQ.US,D,20250821,000000,29.0166,29.0166,28.8838,28.8838,1489,0
CANQ.US,D,20250822,000000,29.13,29.42,29.1299,29.3034,9300,0
CANQ.US,D,20250825,000000,29.2968,29.4,29.2857,29.2857,6161,0
CANQ.US,D,20250826,000000,29.3,29.35,29.15,29.3321,13351,0
CANQ.US,D,20250827,000000,28.72,29.49,28.72,29.4158,11248,0
CANQ.US,D,20250828,000000,29.36,29.4825,29.3599,29.4825,666,0
CANQ.US,D,20250829,000000,29.31,29.31,29.19,29.2258,4425,0
CANQ.US,D,20250902,000000,29.09,29.09,28.5723,28.913,5324,0
CANQ.US,D,20250903,000000,29.005,29.16,29.005,29.1282,1856,0
CANQ.US,D,20250904,000000,29.288,29.45,29.288,29.45,1080,0
CANQ.US,D,20250905,000000,29.86,29.86,29.4065,29.4065,3962,0
CANQ.US,D,20250908,000000,29.6056,31.6,29.54,29.5715,77079,0
CANQ.US,D,20250909,000000,29.95,29.95,29.5454,29.6928,18181,0
CANQ.US,D,20250910,000000,29.92,30.0573,29.81,29.8538,8301,0
CANQ.US,D,20250911,000000,29.98,29.99,29.875,29.9097,14220,0
CANQ.US,D,20250912,000000,29.73,29.92,29.72,29.8836,4878,0
CANQ.US,D,20250915,000000,29.9934,30.1413,29.9934,30.1413,1722,0
CANQ.US,D,20250916,000000,30.21,30.21,29.97,30.0237,15414,0
CANQ.US,D,20250917,000000,29.9504,29.9991,29.915,29.915,1242,0
CANQ.US,D,20250918,000000,29.975,30.25,29.975,30.0707,7306,0
CANQ.US,D,20250919,000000,30.1,30.1996,30.05,30.1996,5794,0
CANQ.US,D,20250922,000000,30.1715,30.35,30.155,30.3125,4551,0
CANQ.US,D,20250923,000000,30.23,30.2525,30.1297,30.1297,5957,0
CANQ.US,D,20250924,000000,30.1,30.1,30.02,30.03,1606,0
CANQ.US,D,20250925,000000,29.77,30,29.73,29.8949,17539,0
CANQ.US,D,20250926,000000,29.895,29.94,29.87,29.9355,1133,0
CANQ.US,D,20250929,000000,30.15,30.18,30.01,30.0577,49196,0
CANQ.US,D,20250930,000000,29.98,30.1355,29.98,30.1355,3321,0
CANQ.US,D,20251001,000000,30.12,30.1292,30.1199,30.1292,335,0
CANQ.US,D,20251002,000000,30.16,30.27,30.16,30.21,931,0
CANQ.US,D,20251003,000000,30.1,30.19,29.94,30.0433,16875,0
CANQ.US,D,20251006,000000,30.62,30.62,30.2257,30.2257,3671,0
CANQ.US,D,20251007,000000,30.17,30.26,29.43,30.05,59836,0
CANQ.US,D,20251008,000000,30.12,30.3182,30.12,30.3149,4390,0
CANQ.US,D,20251009,000000,30.3164,30.3164,30.2134,30.3,4063,0
CANQ.US,D,20251010,000000,30.32,30.32,29.53,29.5532,11543,0
CANQ.US,D,20251013,000000,29.88,30.0699,29.88,30.0635,1954,0
CANQ.US,D,20251014,000000,29.71,30.0195,29.63,29.8884,6299,0
CANQ.US,D,20251015,000000,30.12,30.25,29.88,30.0446,59295,0
CANQ.US,D,20251016,000000,30.19,30.19,30.0191,30.0191,460,0
CANQ.US,D,20251017,000000,29.902,30.1799,29.89,30.1405,3873,0
CANQ.US,D,20251020,000000,30.2901,30.4495,30.29,30.4128,11288,0
CANQ.US,D,20251021,000000,30.57,30.57,30.34,30.3729,1197,0
CANQ.US,D,20251022,000000,30.2375,30.2375,29.92,30.06,3595,0
CANQ.US,D,20251023,000000,30.14,30.2195,30.14,30.165,4146,0
CANQ.US,D,20251024,000000,30.43,30.52,30.41,30.4639,2559,0
CANQ.US,D,20251027,000000,30.78,30.9976,30.78,30.9976,1487,0
CANQ.US,D,20251028,000000,30.73,31.25,30.73,31.235,12641,0
CANQ.US,D,20251029,000000,31.41,31.4299,31.25,31.325,5031,0
CANQ.US,D,20251030,000000,31.15,31.19,31.01,31.01,6572,0
CANQ.US,D,20251031,000000,31.23,31.3199,31.0776,31.1509,9489,0
CANQ.US,D,20251103,000000,31.247,31.247,31.11,31.1225,5593,0
CANQ.US,D,20251104,000000,30.875441,30.89,30.6405,30.6405,12964,0
CANQ.US,D,20251105,000000,30.83,30.92,30.73,30.7602,2530,0
CANQ.US,D,20251106,000000,30.69,30.7,30.3299,30.3661,9747,0
CANQ.US,D,20251107,000000,30.218,30.3749,30.009,30.3749,2791,0
CANQ.US,D,20251110,000000,30.8185,30.8545,30.62,30.8545,7929,0
CANQ.US,D,20251111,000000,30.72,30.92,30.7199,30.8875,5718,0
CANQ.US,D,20251112,000000,30.9881,30.9881,30.84,30.9081,10602,0
CANQ.US,D,20251113,000000,30.59,30.63,30.25,30.3938,9750,0
CANQ.US,D,20251114,000000,30.42,30.42,30.2665,30.2665,3407,0
CANQ.US,D,20251117,000000,30.3,30.3788,30.0821,30.1456,22274,0
CANQ.US,D,20251118,000000,30.4,30.76,30.02,30.0565,8457,0
CANQ.US,D,20251119,000000,30.1355,30.1355,30.1,30.1238,1728,0
CANQ.US,D,20251120,000000,29.9985,29.9985,29.7914,29.7914,18358,0
CANQ.US,D,20251121,000000,29.73,29.97,29.73,29.8709,1462,0
CANQ.US,D,20251124,000000,30.2385,30.2882,30.23,30.2882,2259,0
CANQ.US,D,20251125,000000,30.3447,30.489,30.3,30.4494,2398,0
CANQ.US,D,20251126,000000,30.52,30.685,30.5199,30.5913,2534,0
CANQ.US,D,20251128,000000,30.59,30.6844,30.58,30.6844,2251,0
CANQ.US,D,20251201,000000,30.485,30.485,30.38,30.3997,6198,0
CANQ.US,D,20251202,000000,30.5295,30.59,30.46,30.5216,6291,0
CANQ.US,D,20251203,000000,30.45,30.5799,30.44,30.5172,26771,0
CANQ.US,D,20251204,000000,30.43,30.525,30.37,30.4373,6625,0
CANQ.US,D,20251205,000000,30.58,30.58,30.5025,30.5033,1435,0
CANQ.US,D,20251208,000000,30.4524,30.58,30.31,30.4223,48144,0
CANQ.US,D,20251209,000000,30.4,30.435,30.4,30.435,3443,0
CANQ.US,D,20251210,000000,30.41,30.5494,30.3611,30.5494,1805,0
CANQ.US,D,20251211,000000,30.437,30.4669,30.32,30.4669,6574,0
CANQ.US,D,20251212,000000,30.125,30.125,29.99,30.0271,4179,0
CANQ.US,D,20251215,000000,30.08,30.08,29.84,29.8535,11422,0
CANQ.US,D,20251216,000000,29.81,29.935,29.81,29.9222,7626,0
CANQ.US,D,20251217,000000,29.8215,29.8215,29.5801,29.5994,1659,0
CANQ.US,D,20251218,000000,29.71,29.84,29.69,29.7643,19172,0
CANQ.US,D,20251219,000000,29.87,29.99,29.863,29.8972,14618,0
CANQ.US,D,20251222,000000,29.94,29.94,29.92,29.93,3251,0
CANQ.US,D,20251223,000000,29.77,29.87,29.77,29.87,22064,0
CANQ.US,D,20251224,000000,29.93,29.94,29.913,29.9198,3388,0
CANQ.US,D,20251226,000000,30.02,30.02,29.91,29.96,3719,0
CANQ.US,D,20251229,000000,29.9,29.916,29.83,29.8678,7342,0
CANQ.US,D,20251230,000000,29.875,29.9099,29.81,29.8778,10327,0
CANQ.US,D,20251231,000000,29.77,29.86,29.77,29.7722,4483,0
CANQ.US,D,20260102,000000,29.855,29.855,29.6,29.6728,4583,0
CANQ.US,D,20260105,000000,29.84,29.84,29.69,29.7553,4099,0
CANQ.US,D,20260106,000000,29.83,29.94,29.815,29.9198,7677,0
CANQ.US,D,20260107,000000,29.93,30.01,29.83,29.8656,11375,0
CANQ.US,D,20260108,000000,29.77,29.8299,29.71,29.7743,32864,0
CANQ.US,D,20260109,000000,29.91,29.99,29.89,29.9491,4224,0
CANQ.US,D,20260112,000000,29.96,29.96,29.93,29.9545,272908,0
CANQ.US,D,20260113,000000,30.02,30.02,29.91,29.93,3605,0
CANQ.US,D,20260114,000000,29.7792,29.8153,29.7,29.8153,1723,0
CANQ.US,D,20260115,000000,29.95,29.95,29.8306,29.8306,4815,0
CANQ.US,D,20260116,000000,29.79,29.8116,29.76,29.8116,3766,0
CANQ.US,D,20260120,000000,29.79,29.79,29.36,29.4,2945,0
CANQ.US,D,20260121,000000,29.5,29.695,29.47,29.6388,13753,0
CANQ.US,D,20260122,000000,29.7344,29.79,29.65,29.73,5668,0
CANQ.US,D,20260123,000000,29.65,29.82,29.65,29.8113,16261,0
