<TICKER>,<PER>,<DATE>,<TIME>,<OPEN>,<HIGH>,<LOW>,<CLOSE>,<VOL>,<OPENINT>
ABXB.US,5,20250905,174500,19.83,19.83,19.83,19.83,1360,0
ABXB.US,5,20250916,160000,19.97,19.97,19.9699,19.9699,400,0
ABXB.US,5,20250922,153000,19.921,19.921,19.921,19.921,100,0
ABXB.US,5,20250922,191500,19.93,19.93,19.915,19.915,510,0
ABXB.US,5,20250924,153000,19.93,19.93,19.93,19.93,247,0
ABXB.US,5,20251001,161500,19.61,19.6101,19.61,19.6101,590,0
ABXB.US,5,20251001,162000,19.64,19.64,19.6399,19.6399,412,0
ABXB.US,5,20251003,174500,19.637,19.65,19.637,19.65,204,0
ABXB.US,5,20251007,182500,19.64,19.64,19.6399,19.6399,218,0
ABXB.US,5,20251008,180000,19.65,19.65,19.6499,19.6499,1018,0
ABXB.US,5,20251009,170500,19.6,19.6,19.5998,19.5998,600,0
ABXB.US,5,20251009,184500,19.58,19.58,19.58,19.58,400,0
ABXB.US,5,20251009,212000,19.5714,19.5714,19.5714,19.5714,509,0
ABXB.US,5,20251013,204500,19.585,19.6,19.585,19.5998,922,0
ABXB.US,5,20251014,181500,19.59,19.59,19.59,19.59,157,0
ABXB.US,5,20251014,194500,19.6199,19.62,19.605,19.609,3700,0
ABXB.US,5,20251015,205500,19.64,19.64,19.6399,19.6399,1150,0
ABXB.US,5,20251017,161500,19.61,19.61,19.61,19.61,1443,0
ABXB.US,5,20251017,162500,19.62,19.62,19.6199,19.62,5124,0
ABXB.US,5,20251020,200500,19.67,19.67,19.67,19.67,106,0
ABXB.US,5,20251023,191000,19.68,19.69,19.68,19.69,1050,0
ABXB.US,5,20251023,192500,19.6899,19.6899,19.6899,19.6899,190,0
ABXB.US,5,20251024,173500,19.7,19.7,19.7,19.7,1197,0
ABXB.US,5,20251028,190000,19.7717,19.7717,19.7717,19.7717,100,0
ABXB.US,5,20251028,194000,19.78,19.78,19.78,19.78,1390,0
ABXB.US,5,20251031,203500,19.7006,19.715,19.7,19.7,841,0
ABXB.US,5,20251103,193500,19.69,19.6965,19.69,19.6965,200,0
ABXB.US,5,20251105,163000,19.6565,19.6565,19.64,19.64,500,0
ABXB.US,5,20251107,185500,19.675,19.69,19.675,19.675,2750,0
ABXB.US,5,20251110,214500,19.74,19.74,19.7399,19.7399,704,0
ABXB.US,5,20251111,162000,19.76,19.76,19.76,19.76,350,0
ABXB.US,5,20251111,184500,19.7632,19.77,19.755,19.755,364,0
ABXB.US,5,20251118,171500,19.64,19.64,19.64,19.64,1550,0
ABXB.US,5,20251119,161500,19.7,19.7,19.7,19.7,100,0
ABXB.US,5,20251119,213000,19.675,19.69,19.675,19.6798,1732,0
ABXB.US,5,20251119,213500,19.68,19.68,19.6799,19.6799,200,0
ABXB.US,5,20251120,192500,19.6735,19.6735,19.6735,19.6735,2000,0
ABXB.US,5,20251121,164000,19.7099,19.71,19.7099,19.71,2500,0
ABXB.US,5,20251124,164500,19.75,19.75,19.75,19.75,510,0
ABXB.US,5,20251126,155000,19.81,19.81,19.81,19.81,200,0
ABXB.US,5,20251126,180000,19.83,19.83,19.83,19.83,100,0
ABXB.US,5,20251128,160500,19.84,19.84,19.83,19.83,7635,0
ABXB.US,5,20251128,163000,19.8201,19.8201,19.8201,19.8201,5000,0
ABXB.US,5,20251201,173000,19.8,19.8,19.7999,19.7999,200,0
ABXB.US,5,20251202,173000,19.7803,19.7803,19.7803,19.7803,1172,0
ABXB.US,5,20251202,185000,19.81,19.81,19.81,19.81,132,0
ABXB.US,5,20251203,163000,19.83,19.83,19.83,19.83,101,0
ABXB.US,5,20251204,175000,19.8,19.8,19.8,19.8,156,0
ABXB.US,5,20251204,210500,19.8,19.8001,19.8,19.8001,200,0
ABXB.US,5,20251211,211000,19.8177,19.8177,19.8177,19.8177,500,0
ABXB.US,5,20251216,193500,19.8,19.8,19.8,19.8,160,0
ABXB.US,5,20251218,204000,19.86,19.86,19.86,19.86,500,0
ABXB.US,5,20251226,201500,19.895,19.895,19.895,19.895,133,0
ABXB.US,5,20251229,164000,19.92,19.92,19.9085,19.9085,502,0
ABXB.US,5,20251230,153500,19.65,19.65,19.65,19.65,100,0
ABXB.US,5,20251230,155500,20,20,20,20,100,0
ABXB.US,5,20251230,162000,19.64,19.64,19.64,19.64,200,0
ABXB.US,5,20251230,170500,19.65,19.65,19.65,19.65,100,0
ABXB.US,5,20251230,174000,19.64,19.64,19.61,19.61,1412,0
ABXB.US,5,20251230,191500,19.65,19.65,19.65,19.65,200,0
ABXB.US,5,20251230,200000,19.86,19.86,19.86,19.86,200,0
ABXB.US,5,20251230,203000,19.66,19.66,19.66,19.66,100,0
ABXB.US,5,20251230,204500,19.66,19.66,19.66,19.66,100,0
ABXB.US,5,20251230,210500,19.65,19.65,19.65,19.65,100,0
ABXB.US,5,20251230,212500,19.65,19.65,19.65,19.65,100,0
ABXB.US,5,20260105,181000,19.62,19.62,19.62,19.62,562,0
ABXB.US,5,20260107,173500,19.63,19.63,19.6299,19.6299,220,0
ABXB.US,5,20260107,191500,19.628,19.628,19.628,19.628,500,0
ABXB.US,5,20260108,180000,19.58,19.58,19.58,19.58,411,0
ABXB.US,5,20260108,183000,19.58,19.58,19.58,19.58,1530,0
ABXB.US,5,20260109,180000,19.62,19.6201,19.62,19.62,400,0
ABXB.US,5,20260113,190000,19.62,19.62,19.62,19.62,750,0
ABXB.US,5,20260115,211500,19.6499,19.65,19.6499,19.65,200,0
ABXB.US,5,20260120,173000,19.6,19.6,19.6,19.6,100,0
ABXB.US,5,20260121,185500,19.625,19.625,19.625,19.625,110,0
ABXB.US,5,20260121,212500,19.65,19.65,19.6499,19.6499,1000,0
