<TICKER>,<PER>,<DATE>,<TIME>,<OPEN>,<HIGH>,<LOW>,<CLOSE>,<VOL>,<OPENINT>
ASCE.US,5,20250829,162000,26.48,26.48,26.48,26.48,162,0
ASCE.US,5,20250829,164500,26.4,26.4,26.3999,26.3999,4720,0
ASCE.US,5,20250829,165000,26.37,26.37,26.37,26.37,100,0
ASCE.US,5,20250829,175000,26.3694,26.3694,26.3694,26.3694,160,0
ASCE.US,5,20250829,184000,26.3941,26.3941,26.3941,26.3941,2228,0
ASCE.US,5,20250829,190500,26.38,26.38,26.38,26.38,100,0
ASCE.US,5,20250829,191000,26.3786,26.38,26.3786,26.38,912,0
ASCE.US,5,20250829,193500,26.41,26.41,26.41,26.41,100,0
ASCE.US,5,20250829,200000,26.4,26.4,26.39,26.39,258615,0
ASCE.US,5,20250902,154000,26.22,26.22,26.22,26.22,126,0
ASCE.US,5,20250902,160000,26.48,26.48,26.48,26.48,685,0
ASCE.US,5,20250902,161000,26.4316,26.4316,26.4316,26.4316,178,0
ASCE.US,5,20250902,161500,26.443,26.443,26.443,26.443,192,0
ASCE.US,5,20250902,162000,26.44,26.44,26.44,26.44,200,0
ASCE.US,5,20250902,163500,26.4438,26.4438,26.4438,26.4438,295,0
ASCE.US,5,20250902,164000,26.42,26.42,26.42,26.42,100,0
ASCE.US,5,20250902,170000,26.4,26.4,26.4,26.4,268,0
ASCE.US,5,20250902,173000,26.339,26.339,26.339,26.339,422,0
ASCE.US,5,20250902,182000,26.32,26.32,26.32,26.32,210,0
ASCE.US,5,20250902,190000,26.3355,26.3355,26.3355,26.3355,118,0
ASCE.US,5,20250902,195500,26.42,26.42,26.42,26.42,100,0
ASCE.US,5,20250902,203000,26.3899,26.3899,26.3899,26.3899,157,0
ASCE.US,5,20250903,154500,26.64,26.64,26.62,26.62,4029,0
ASCE.US,5,20250903,155000,26.59,26.59,26.59,26.59,397,0
ASCE.US,5,20250903,155500,26.56,26.56,26.56,26.56,416,0
ASCE.US,5,20250903,160500,26.55,26.55,26.55,26.55,416,0
ASCE.US,5,20250903,161000,26.53,26.53,26.53,26.53,200,0
ASCE.US,5,20250903,162500,26.49,26.49,26.49,26.49,112,0
ASCE.US,5,20250903,190000,26.397,26.397,26.397,26.397,227,0
ASCE.US,5,20250903,190500,26.4,26.4,26.4,26.4,100,0
ASCE.US,5,20250903,195500,26.32,26.32,26.32,26.32,100,0
ASCE.US,5,20250903,215500,26.44,26.44,26.44,26.44,100,0
ASCE.US,5,20250904,161000,26.43,26.43,26.43,26.43,168,0
ASCE.US,5,20250904,161500,26.44,26.44,26.44,26.44,168,0
ASCE.US,5,20250904,163000,26.52,26.52,26.52,26.52,200,0
ASCE.US,5,20250904,194000,26.55,26.55,26.5499,26.5499,202,0
ASCE.US,5,20250904,195500,26.56,26.56,26.56,26.56,200,0
ASCE.US,5,20250904,203000,26.57,26.57,26.57,26.57,100,0
ASCE.US,5,20250904,203500,26.56,26.56,26.56,26.56,100,0
ASCE.US,5,20250904,204000,26.55,26.55,26.55,26.55,100,0
ASCE.US,5,20250904,204500,26.55,26.55,26.55,26.55,100,0
ASCE.US,5,20250904,205000,26.54,26.54,26.54,26.54,100,0
ASCE.US,5,20250904,205500,26.54,26.54,26.54,26.54,100,0
ASCE.US,5,20250904,215000,26.59,26.59,26.59,26.59,100,0
ASCE.US,5,20250905,154500,26.86,26.86,26.86,26.86,104,0
ASCE.US,5,20250905,161000,26.7,26.7,26.7,26.7,100,0
ASCE.US,5,20250905,162000,26.6,26.6,26.6,26.6,105,0
ASCE.US,5,20250905,163000,26.52,26.52,26.52,26.52,325,0
ASCE.US,5,20250905,171500,26.48,26.48,26.48,26.48,100,0
ASCE.US,5,20250905,195500,26.44,26.44,26.44,26.44,393,0
ASCE.US,5,20250905,201000,26.48,26.48,26.48,26.48,100,0
ASCE.US,5,20250908,153500,26.55,26.55,26.55,26.55,352,0
ASCE.US,5,20250908,154500,26.49,26.5265,26.49,26.5265,742,0
ASCE.US,5,20250908,155000,26.49,26.49,26.49,26.49,352,0
ASCE.US,5,20250908,155500,26.49,26.49,26.49,26.49,1180,0
ASCE.US,5,20250908,160000,26.46,26.47,26.46,26.47,776,0
ASCE.US,5,20250908,160500,26.46,26.4902,26.46,26.4902,677,0
ASCE.US,5,20250908,162000,26.46,26.46,26.46,26.46,225,0
ASCE.US,5,20250908,173500,26.49,26.49,26.49,26.49,156,0
ASCE.US,5,20250908,174000,26.5,26.5,26.48,26.48,207,0
ASCE.US,5,20250908,204000,26.55,26.55,26.5463,26.5463,1412,0
ASCE.US,5,20250908,210500,26.55,26.55,26.55,26.55,100,0
ASCE.US,5,20250909,161000,26.5,26.5,26.5,26.5,100,0
ASCE.US,5,20250909,161500,26.47,26.47,26.47,26.47,439,0
ASCE.US,5,20250909,164500,26.36,26.36,26.36,26.36,280,0
ASCE.US,5,20250910,154000,26.67,26.67,26.6699,26.6699,200,0
ASCE.US,5,20250910,154500,26.6096,26.6096,26.6096,26.6096,273,0
ASCE.US,5,20250910,171000,26.5221,26.5221,26.5221,26.5221,115,0
ASCE.US,5,20250910,174000,26.53,26.53,26.53,26.53,188,0
ASCE.US,5,20250910,183000,26.53,26.53,26.53,26.53,1081,0
ASCE.US,5,20250910,191500,26.52,26.52,26.52,26.52,100,0
ASCE.US,5,20250910,192000,26.52,26.52,26.52,26.52,188,0
ASCE.US,5,20250910,193000,26.48,26.49,26.48,26.49,800,0
ASCE.US,5,20250910,200000,26.4978,26.4978,26.4978,26.4978,115,0
ASCE.US,5,20250910,204000,26.5,26.5,26.5,26.5,3800,0
ASCE.US,5,20250910,213500,26.45,26.45,26.45,26.45,100,0
ASCE.US,5,20250911,154500,26.67,26.67,26.66,26.66,930,0
ASCE.US,5,20250911,172500,26.87,26.87,26.87,26.87,101100,0
ASCE.US,5,20250911,212000,26.94,26.94,26.94,26.94,130,0
ASCE.US,5,20250911,214000,27.01,27.01,27.0099,27.0099,200,0
ASCE.US,5,20250912,155500,26.8902,26.8902,26.8902,26.8902,191,0
ASCE.US,5,20250912,170000,26.875,26.875,26.875,26.875,100,0
ASCE.US,5,20250912,172500,26.88,26.89,26.88,26.8897,3650,0
ASCE.US,5,20250912,173500,26.88,26.88,26.88,26.88,2000,0
ASCE.US,5,20250912,183000,26.8555,26.8555,26.8555,26.8555,430,0
ASCE.US,5,20250912,184500,26.84,26.84,26.84,26.84,1000,0
ASCE.US,5,20250912,190000,26.84,26.84,26.84,26.84,100,0
ASCE.US,5,20250912,191500,26.86,26.86,26.86,26.86,100,0
ASCE.US,5,20250912,193000,26.8427,26.8427,26.8427,26.8427,1030,0
ASCE.US,5,20250912,202500,26.83,26.83,26.83,26.83,45174,0
ASCE.US,5,20250912,204000,26.85,26.85,26.85,26.85,100,0
ASCE.US,5,20250912,205500,26.8435,26.8435,26.8435,26.8435,1000,0
ASCE.US,5,20250912,213000,26.79,26.79,26.79,26.79,100,0
ASCE.US,5,20250912,214000,26.715,26.715,26.715,26.715,464,0
ASCE.US,5,20250912,214500,26.76,26.76,26.76,26.76,200,0
ASCE.US,5,20250912,215500,26.72,26.72,26.72,26.72,1100,0
ASCE.US,5,20250915,154500,26.72,26.72,26.71,26.71,227,0
ASCE.US,5,20250915,161500,26.69,26.69,26.69,26.69,300,0
ASCE.US,5,20250915,162000,26.73,26.73,26.73,26.73,100,0
ASCE.US,5,20250915,180500,26.71,26.71,26.71,26.71,200,0
ASCE.US,5,20250915,182500,26.73,26.73,26.7299,26.7299,200,0
ASCE.US,5,20250915,183500,26.75,26.75,26.75,26.75,100,0
ASCE.US,5,20250915,191000,26.7755,26.7755,26.7755,26.7755,189,0
ASCE.US,5,20250915,192000,26.73,26.73,26.73,26.73,200,0
ASCE.US,5,20250915,193000,26.75,26.75,26.75,26.75,114,0
ASCE.US,5,20250915,193500,26.77,26.77,26.7699,26.7699,740,0
ASCE.US,5,20250915,195000,26.8,26.8,26.8,26.8,114,0
ASCE.US,5,20250915,202000,26.74,26.74,26.74,26.74,100,0
ASCE.US,5,20250915,203500,26.75,26.75,26.75,26.75,34689,0
ASCE.US,5,20250915,205500,26.74,26.74,26.74,26.74,255,0
ASCE.US,5,20250915,211000,26.74,26.75,26.74,26.75,300,0
ASCE.US,5,20250915,215000,26.72,26.72,26.7,26.7,300,0
ASCE.US,5,20250916,160000,26.52,26.52,26.52,26.52,100,0
ASCE.US,5,20250916,162500,26.43,26.43,26.43,26.43,3169,0
ASCE.US,5,20250916,163000,26.38,26.4,26.38,26.4,1534,0
ASCE.US,5,20250916,163500,26.403,26.403,26.403,26.403,123,0
ASCE.US,5,20250916,173500,26.3835,26.3835,26.3835,26.3835,358,0
ASCE.US,5,20250916,174500,26.38,26.38,26.38,26.38,146,0
ASCE.US,5,20250916,183500,26.3965,26.3965,26.3965,26.3965,672,0
ASCE.US,5,20250916,184000,26.405,26.405,26.405,26.405,627,0
ASCE.US,5,20250916,185000,26.43,26.43,26.43,26.43,461,0
ASCE.US,5,20250916,191000,26.445,26.4562,26.445,26.455,5971,0
ASCE.US,5,20250916,192000,26.4745,26.4745,26.4745,26.4745,112,0
ASCE.US,5,20250916,193000,26.4799,26.4799,26.4799,26.4799,755,0
ASCE.US,5,20250916,193500,26.49,26.49,26.49,26.49,100,0
ASCE.US,5,20250916,194500,26.492,26.4924,26.492,26.4924,2604,0
ASCE.US,5,20250916,200000,26.52,26.52,26.52,26.52,400,0
ASCE.US,5,20250916,201500,26.47,26.475,26.47,26.47,1100,0
ASCE.US,5,20250916,202000,26.45,26.45,26.45,26.45,300,0
ASCE.US,5,20250916,202500,26.46,26.46,26.45,26.46,683,0
ASCE.US,5,20250916,203500,26.46,26.47,26.46,26.47,458,0
ASCE.US,5,20250916,204000,26.48,26.48,26.47,26.48,5059,0
ASCE.US,5,20250916,205500,26.49,26.49,26.4801,26.4801,730,0
ASCE.US,5,20250916,210000,26.49,26.49,26.49,26.49,100,0
ASCE.US,5,20250916,211000,26.47,26.47,26.47,26.47,100,0
ASCE.US,5,20250916,212000,26.4845,26.4845,26.4845,26.4845,378,0
ASCE.US,5,20250916,212500,26.47,26.47,26.46,26.46,200,0
ASCE.US,5,20250916,215500,26.5245,26.5245,26.5245,26.5245,100,0
ASCE.US,5,20250917,154500,26.68,26.69,26.68,26.69,330,0
ASCE.US,5,20250917,161500,26.71,26.71,26.71,26.71,100,0
ASCE.US,5,20250917,164500,26.75,26.75,26.75,26.75,100,0
ASCE.US,5,20250917,170000,26.7477,26.7477,26.7477,26.7477,100,0
ASCE.US,5,20250917,192000,26.677,26.677,26.677,26.677,957,0
ASCE.US,5,20250917,193000,26.69,26.69,26.69,26.69,100,0
ASCE.US,5,20250917,194500,26.67,26.6799,26.67,26.6799,343,0
ASCE.US,5,20250917,202000,26.9005,26.9005,26.9005,26.9005,456,0
ASCE.US,5,20250917,202500,26.9185,26.9185,26.9185,26.9185,129,0
ASCE.US,5,20250917,203000,26.809,26.809,26.809,26.809,215,0
ASCE.US,5,20250917,203500,26.79,26.79,26.72,26.72,802,0
ASCE.US,5,20250917,204000,26.73,26.73,26.6065,26.6065,4551,0
ASCE.US,5,20250917,204500,26.56,26.62,26.56,26.62,359,0
ASCE.US,5,20250917,205000,26.55,26.55,26.4,26.4,353,0
ASCE.US,5,20250917,205500,26.6102,26.6102,26.6102,26.6102,293,0
ASCE.US,5,20250917,210000,26.64,26.64,26.64,26.64,100,0
ASCE.US,5,20250917,213500,26.6402,26.6402,26.6402,26.6402,290,0
ASCE.US,5,20250917,215000,26.649,26.66,26.649,26.66,366,0
ASCE.US,5,20250917,215500,26.61,26.61,26.61,26.61,917,0
ASCE.US,5,20250918,163500,27.03,27.03,27.03,27.03,200,0
ASCE.US,5,20250918,164500,26.98,26.98,26.98,26.98,1000,0
ASCE.US,5,20250918,165000,26.96,26.96,26.96,26.96,100,0
ASCE.US,5,20250918,211000,27.1245,27.1245,27.1245,27.1245,479,0
ASCE.US,5,20250918,212000,27.12,27.12,27.12,27.12,100,0
ASCE.US,5,20250918,215500,27.15,27.15,27.15,27.15,124,0
ASCE.US,5,20250919,161000,26.98,26.9801,26.98,26.9801,200,0
ASCE.US,5,20250919,195000,26.91,26.91,26.91,26.91,116,0
ASCE.US,5,20250919,201000,26.93,26.93,26.9299,26.9299,400,0
ASCE.US,5,20250919,202000,26.9,26.9,26.9,26.9,100,0
ASCE.US,5,20250919,215500,26.88,26.88,26.88,26.88,100,0
ASCE.US,5,20250922,161000,26.86,26.86,26.84,26.84,300,0
ASCE.US,5,20250922,194000,26.8124,26.8124,26.8124,26.8124,600,0
ASCE.US,5,20250922,195000,26.81,26.81,26.81,26.81,100,0
ASCE.US,5,20250922,195500,26.79,26.79,26.79,26.79,100,0
ASCE.US,5,20250922,200500,26.78,26.78,26.78,26.78,200,0
ASCE.US,5,20250922,212500,26.8624,26.8624,26.8624,26.8624,500,0
ASCE.US,5,20250922,213500,26.87,26.87,26.87,26.87,100,0
ASCE.US,5,20250922,214000,26.86,26.88,26.86,26.88,1878,0
ASCE.US,5,20250922,215000,26.91,26.91,26.91,26.91,200,0
ASCE.US,5,20250923,161000,27.13,27.13,27.13,27.13,100,0
ASCE.US,5,20250923,161500,27.1,27.1,27.09,27.09,200,0
ASCE.US,5,20250923,164000,27.0989,27.0989,27.0989,27.0989,143,0
ASCE.US,5,20250923,170000,27.08,27.08,27.08,27.08,100,0
ASCE.US,5,20250923,210000,26.79,26.79,26.79,26.79,200,0
ASCE.US,5,20250923,215500,26.77,26.77,26.77,26.77,469,0
ASCE.US,5,20250924,170000,26.6924,26.6924,26.6924,26.6924,221,0
ASCE.US,5,20250924,173000,26.65,26.65,26.65,26.65,100,0
ASCE.US,5,20250924,174000,26.6303,26.6303,26.6303,26.6303,172,0
ASCE.US,5,20250924,180000,26.56,26.56,26.56,26.56,200,0
ASCE.US,5,20250924,192500,26.59,26.59,26.59,26.59,1000,0
ASCE.US,5,20250924,193500,26.62,26.62,26.62,26.62,100,0
ASCE.US,5,20250924,210000,26.545,26.5455,26.545,26.545,1935,0
ASCE.US,5,20250924,211000,26.55,26.55,26.55,26.55,100,0
ASCE.US,5,20250924,212000,26.56,26.56,26.56,26.56,200,0
ASCE.US,5,20250924,212500,26.54,26.54,26.54,26.54,100,0
ASCE.US,5,20250924,215500,26.53,26.53,26.53,26.53,107,0
ASCE.US,5,20250925,154500,26.23,26.23,26.23,26.23,635,0
ASCE.US,5,20250925,155000,26.18,26.18,26.18,26.18,1434,0
ASCE.US,5,20250925,160000,26.22,26.22,26.22,26.22,186,0
ASCE.US,5,20250925,161500,26.31,26.31,26.31,26.31,100,0
ASCE.US,5,20250925,172000,26.257,26.257,26.257,26.257,155,0
ASCE.US,5,20250925,185500,26.27,26.275,26.27,26.275,6212,0
ASCE.US,5,20250925,190000,26.285,26.29,26.28,26.28,5476,0
ASCE.US,5,20250925,214000,26.27,26.27,26.27,26.27,100,0
ASCE.US,5,20250925,215500,26.33,26.33,26.33,26.33,582,0
ASCE.US,5,20250926,163500,26.38,26.38,26.38,26.38,126,0
ASCE.US,5,20250926,210500,26.4906,26.4906,26.4906,26.4906,238,0
ASCE.US,5,20250926,212500,26.5206,26.5206,26.5206,26.5206,113,0
ASCE.US,5,20250929,185500,26.4465,26.4465,26.4465,26.4465,256,0
ASCE.US,5,20250930,190000,26.19,26.19,26.19,26.19,452,0
ASCE.US,5,20250930,195000,26.24,26.24,26.235,26.235,448,0
ASCE.US,5,20250930,203500,26.25,26.25,26.25,26.25,137,0
ASCE.US,5,20250930,213000,26.34,26.34,26.33,26.33,500,0
ASCE.US,5,20250930,215500,26.38,26.38,26.38,26.38,617,0
ASCE.US,5,20251001,180500,26.41,26.41,26.41,26.41,242,0
ASCE.US,5,20251001,185000,26.41,26.41,26.41,26.41,150,0
ASCE.US,5,20251001,203500,26.4707,26.4707,26.4707,26.4707,135,0
ASCE.US,5,20251002,183500,26.437,26.437,26.437,26.437,415,0
ASCE.US,5,20251002,195500,26.493,26.493,26.493,26.493,286,0
ASCE.US,5,20251002,210500,26.56,26.56,26.56,26.56,15100,0
ASCE.US,5,20251003,170000,26.73,26.73,26.7299,26.73,1108,0
ASCE.US,5,20251003,170500,26.71,26.71,26.7099,26.7099,868,0
ASCE.US,5,20251003,173500,26.67,26.67,26.6599,26.6599,1164,0
ASCE.US,5,20251003,174000,26.64,26.64,26.64,26.64,100,0
ASCE.US,5,20251003,181500,26.6899,26.69,26.68,26.69,7325,0
ASCE.US,5,20251003,182000,26.68,26.68,26.67,26.6799,7025,0
ASCE.US,5,20251003,195500,26.55,26.55,26.5499,26.5499,250,0
ASCE.US,5,20251003,201000,26.54,26.54,26.54,26.54,100,0
ASCE.US,5,20251003,204500,26.51,26.51,26.5099,26.5099,200,0
ASCE.US,5,20251003,211500,26.54,26.54,26.5399,26.5399,254,0
ASCE.US,5,20251003,215500,26.51,26.51,26.51,26.51,196,0
ASCE.US,5,20251006,160500,26.43,26.43,26.43,26.43,100,0
ASCE.US,5,20251006,170500,26.57,26.57,26.57,26.57,150,0
ASCE.US,5,20251006,180000,26.61,26.61,26.6099,26.6099,1060,0
ASCE.US,5,20251006,181000,26.6,26.6,26.5999,26.5999,428,0
ASCE.US,5,20251006,195500,26.65,26.65,26.65,26.65,376,0
ASCE.US,5,20251006,202500,26.58,26.58,26.57,26.57,2100,0
ASCE.US,5,20251006,213500,26.48,26.48,26.4799,26.4799,2262,0
ASCE.US,5,20251006,215000,26.4599,26.4599,26.4599,26.4599,289,0
ASCE.US,5,20251006,215500,26.42,26.42,26.42,26.42,1204,0
ASCE.US,5,20251007,162000,26.38,26.38,26.38,26.38,200,0
ASCE.US,5,20251007,172000,26.25,26.25,26.25,26.25,150,0
ASCE.US,5,20251007,181000,26.1798,26.1798,26.1798,26.1798,191,0
ASCE.US,5,20251007,184500,26.23,26.23,26.23,26.23,722,0
ASCE.US,5,20251007,185000,26.19,26.1901,26.19,26.1901,2548,0
ASCE.US,5,20251007,193500,26.2,26.2,26.2,26.2,118,0
ASCE.US,5,20251007,214000,26.244,26.25,26.244,26.25,689,0
ASCE.US,5,20251007,215000,26.26,26.26,26.245,26.245,304,0
ASCE.US,5,20251008,154500,26.199,26.199,26.199,26.199,120,0
ASCE.US,5,20251008,170000,26.2976,26.2976,26.2976,26.2976,102,0
ASCE.US,5,20251009,174000,26.18,26.18,26.18,26.18,123,0
ASCE.US,5,20251009,191000,26.17,26.17,26.149,26.149,250,0
ASCE.US,5,20251010,171000,25.82,25.82,25.82,25.82,678,0
ASCE.US,5,20251010,171500,25.72,25.72,25.72,25.72,1118,0
ASCE.US,5,20251010,172500,25.66,25.67,25.66,25.67,383,0
ASCE.US,5,20251010,182000,25.5374,25.5374,25.5374,25.5374,200,0
ASCE.US,5,20251010,203000,25.4535,25.4535,25.4535,25.4535,100,0
ASCE.US,5,20251010,203500,25.45,25.45,25.45,25.45,100,0
ASCE.US,5,20251010,211000,25.347,25.347,25.347,25.347,394,0
ASCE.US,5,20251010,212000,25.3488,25.3488,25.3488,25.3488,221,0
ASCE.US,5,20251013,154000,25.66,25.66,25.66,25.66,224,0
ASCE.US,5,20251013,162000,25.61,25.61,25.61,25.61,100,0
ASCE.US,5,20251013,181500,25.63,25.63,25.63,25.63,100,0
ASCE.US,5,20251013,201500,25.6398,25.6398,25.6398,25.6398,195,0
ASCE.US,5,20251013,211500,25.58,25.58,25.58,25.58,100,0
ASCE.US,5,20251014,162000,25.65,25.65,25.65,25.65,100,0
ASCE.US,5,20251014,194500,25.93,25.96,25.93,25.96,200,0
ASCE.US,5,20251014,204500,25.96,25.96,25.96,25.96,100,0
ASCE.US,5,20251014,213500,25.8632,25.8632,25.8632,25.8632,132,0
ASCE.US,5,20251015,161000,26.29,26.29,26.29,26.29,100,0
ASCE.US,5,20251015,171500,26.21,26.21,26.21,26.21,1144,0
ASCE.US,5,20251015,173000,26.19,26.19,26.19,26.19,100,0
ASCE.US,5,20251015,181000,26.179,26.179,26.179,26.179,114,0
ASCE.US,5,20251015,182000,26.19,26.19,26.19,26.19,100,0
ASCE.US,5,20251015,182500,26.22,26.22,26.21,26.21,400,0
ASCE.US,5,20251015,190500,26.07,26.07,26.055,26.07,1440,0
ASCE.US,5,20251015,191500,26.02,26.02,26.02,26.02,383,0
ASCE.US,5,20251015,200000,26.15,26.15,26.15,26.15,100,0
ASCE.US,5,20251015,200500,26.15,26.15,26.15,26.15,100,0
ASCE.US,5,20251015,204000,26.2,26.2,26.2,26.2,100,0
ASCE.US,5,20251015,205000,26.22,26.22,26.22,26.22,100,0
ASCE.US,5,20251015,210500,26.22,26.22,26.2199,26.2199,400,0
ASCE.US,5,20251015,213500,26.1684,26.1684,26.1684,26.1684,360,0
ASCE.US,5,20251016,164500,26.15,26.15,26.15,26.15,100,0
ASCE.US,5,20251016,172500,26.1495,26.1495,26.1495,26.1495,111,0
ASCE.US,5,20251016,173500,26.12,26.12,26.11,26.11,1510,0
ASCE.US,5,20251016,183000,25.85,25.85,25.85,25.85,100,0
ASCE.US,5,20251016,192000,25.99,25.99,25.99,25.99,100,0
ASCE.US,5,20251016,194000,25.89,25.89,25.89,25.89,960,0
ASCE.US,5,20251016,200500,25.78,25.78,25.78,25.78,960,0
ASCE.US,5,20251016,210000,25.76,25.76,25.76,25.76,100,0
ASCE.US,5,20251016,215000,25.71,25.71,25.71,25.71,939,0
ASCE.US,5,20251017,160000,25.7135,25.7135,25.7135,25.7135,1196,0
ASCE.US,5,20251017,160500,25.7348,25.74,25.7348,25.74,408,0
ASCE.US,5,20251017,170000,25.59,25.59,25.59,25.59,300,0
ASCE.US,5,20251017,170500,25.66,25.66,25.66,25.66,227,0
ASCE.US,5,20251017,171000,25.65,25.65,25.58,25.58,638,0
ASCE.US,5,20251017,172500,25.56,25.57,25.56,25.57,216,0
ASCE.US,5,20251017,174000,25.62,25.62,25.62,25.62,300,0
ASCE.US,5,20251017,174500,25.63,25.63,25.63,25.63,149,0
ASCE.US,5,20251017,181000,25.74,25.74,25.74,25.74,13319,0
ASCE.US,5,20251017,181500,25.73,25.73,25.72,25.72,3967,0
ASCE.US,5,20251017,182500,25.71,25.71,25.71,25.71,100,0
ASCE.US,5,20251017,184000,25.7,25.7,25.68,25.68,1800,0
ASCE.US,5,20251017,190500,25.64,25.64,25.64,25.64,100,0
ASCE.US,5,20251017,192000,25.63,25.63,25.63,25.63,200,0
ASCE.US,5,20251017,202000,25.78,25.79,25.78,25.79,7418,0
ASCE.US,5,20251017,213000,25.8299,25.83,25.8299,25.83,588,0
ASCE.US,5,20251017,215500,25.83,25.83,25.83,25.83,716,0
ASCE.US,5,20251020,154000,26.08,26.08,26.08,26.08,300,0
ASCE.US,5,20251020,155000,26.09,26.09,26.09,26.09,246,0
ASCE.US,5,20251020,155500,26.04,26.04,26.04,26.04,208,0
ASCE.US,5,20251020,164500,26.06,26.0635,26.06,26.0635,400,0
ASCE.US,5,20251020,172500,25.96,25.96,25.96,25.96,100,0
ASCE.US,5,20251020,175500,25.94,25.94,25.94,25.94,100,0
ASCE.US,5,20251020,193500,26.07,26.07,26.07,26.07,414,0
ASCE.US,5,20251020,210500,26.1,26.1,26.1,26.1,229,0
ASCE.US,5,20251020,213500,26.08,26.08,26.0799,26.0799,400,0
ASCE.US,5,20251020,214500,26.0888,26.0888,26.0888,26.0888,111,0
ASCE.US,5,20251021,154000,25.94,25.94,25.94,25.94,111,0
ASCE.US,5,20251021,160500,25.92,25.92,25.92,25.92,575,0
ASCE.US,5,20251021,171500,26.14,26.14,26.14,26.14,519,0
ASCE.US,5,20251021,193500,26.1,26.12,26.1,26.1088,1286,0
ASCE.US,5,20251021,201500,26.15,26.15,26.15,26.15,100,0
ASCE.US,5,20251021,202000,26.127,26.127,26.127,26.127,500,0
ASCE.US,5,20251021,204500,26.14,26.14,26.14,26.14,100,0
ASCE.US,5,20251021,212000,26.13,26.13,26.13,26.13,182935,0
ASCE.US,5,20251021,214500,26.14,26.14,26.14,26.14,3954,0
ASCE.US,5,20251022,161000,26.01,26.01,26.01,26.01,100,0
ASCE.US,5,20251022,161500,26.01,26.01,26.01,26.01,100,0
ASCE.US,5,20251022,164500,25.81,25.81,25.81,25.81,100,0
ASCE.US,5,20251022,172500,25.77,25.79,25.77,25.79,1606,0
ASCE.US,5,20251022,201500,25.68,25.68,25.6799,25.6799,1600,0
ASCE.US,5,20251022,211500,25.85,25.85,25.85,25.85,212338,0
ASCE.US,5,20251022,213000,25.89,25.89,25.8899,25.8899,800,0
ASCE.US,5,20251022,213500,25.88,25.88,25.88,25.88,34291,0
ASCE.US,5,20251022,215500,25.85,25.85,25.85,25.85,446,0
ASCE.US,5,20251023,160500,26.0599,26.0599,26.0599,26.0599,152,0
ASCE.US,5,20251023,163500,26.07,26.07,26.0699,26.0699,1146,0
ASCE.US,5,20251023,170000,26.08,26.08,26.08,26.08,101100,0
ASCE.US,5,20251023,171500,26.11,26.11,26.1099,26.1099,1410,0
ASCE.US,5,20251023,192000,26.26,26.26,26.2599,26.2599,826,0
ASCE.US,5,20251023,194500,26.323,26.323,26.323,26.323,124,0
ASCE.US,5,20251023,195000,26.33,26.33,26.3299,26.3299,612,0
ASCE.US,5,20251023,195500,26.3305,26.3305,26.3305,26.3305,129,0
ASCE.US,5,20251023,214000,26.2805,26.2805,26.2805,26.2805,456,0
ASCE.US,5,20251023,215000,26.27,26.27,26.27,26.27,101,0
ASCE.US,5,20251023,215500,26.31,26.31,26.31,26.31,255,0
ASCE.US,5,20251024,165000,26.7,26.7,26.67,26.67,5535,0
ASCE.US,5,20251024,165500,26.66,26.66,26.66,26.66,935,0
ASCE.US,5,20251024,174000,26.69,26.72,26.69,26.7199,4257,0
ASCE.US,5,20251024,174500,26.7,26.7097,26.7,26.7097,1181,0
ASCE.US,5,20251024,175000,26.72,26.72,26.72,26.72,550,0
ASCE.US,5,20251024,180000,26.73,26.73,26.73,26.73,303,0
ASCE.US,5,20251024,184500,26.67,26.67,26.67,26.67,100,0
ASCE.US,5,20251024,191000,26.69,26.69,26.6785,26.6785,6392,0
ASCE.US,5,20251024,194500,26.7,26.7,26.7,26.7,100,0
ASCE.US,5,20251024,211500,26.65,26.65,26.65,26.65,100,0
ASCE.US,5,20251024,215500,26.5784,26.6,26.5784,26.6,536,0
ASCE.US,5,20251027,143500,26.83,26.83,26.83,26.83,200,0
ASCE.US,5,20251027,144000,26.85,26.85,26.85,26.85,208,0
ASCE.US,5,20251027,181000,26.647,26.647,26.647,26.647,409,0
ASCE.US,5,20251027,182000,26.607,26.607,26.607,26.607,172,0
ASCE.US,5,20251027,184500,26.66,26.66,26.66,26.66,100,0
ASCE.US,5,20251027,192500,26.63,26.63,26.63,26.63,100,0
ASCE.US,5,20251027,194500,26.65,26.65,26.63,26.63,304,0
ASCE.US,5,20251027,200500,26.65,26.65,26.65,26.65,506,0
ASCE.US,5,20251027,201500,26.67,26.67,26.67,26.67,400,0
ASCE.US,5,20251027,204500,26.68,26.68,26.68,26.68,400,0
ASCE.US,5,20251027,205000,26.69,26.69,26.67,26.67,2662,0
ASCE.US,5,20251027,205500,26.68,26.68,26.68,26.68,478,0
ASCE.US,5,20251028,145000,26.43,26.43,26.43,26.43,250,0
ASCE.US,5,20251028,150500,26.43,26.4301,26.43,26.4301,2942,0
ASCE.US,5,20251028,155000,26.54,26.54,26.52,26.52,734,0
ASCE.US,5,20251028,174000,26.55,26.55,26.55,26.55,400,0
ASCE.US,5,20251028,182500,26.56,26.56,26.55,26.55,288,0
ASCE.US,5,20251028,194000,26.56,26.56,26.56,26.56,100,0
ASCE.US,5,20251028,194500,26.57,26.57,26.57,26.57,100,0
ASCE.US,5,20251028,195500,26.57,26.57,26.57,26.57,100,0
ASCE.US,5,20251028,204500,26.47,26.47,26.47,26.47,260,0
ASCE.US,5,20251028,205000,26.49,26.49,26.49,26.49,100,0
ASCE.US,5,20251028,205500,26.5,26.5,26.5,26.5,152,0
ASCE.US,5,20251029,152500,26.5828,26.5828,26.5828,26.5828,3365,0
ASCE.US,5,20251029,161000,26.71,26.71,26.71,26.71,200,0
ASCE.US,5,20251029,161500,26.72,26.72,26.7199,26.7199,600,0
ASCE.US,5,20251029,175000,26.65,26.65,26.65,26.65,1514,0
ASCE.US,5,20251029,180000,26.65,26.65,26.65,26.65,100,0
ASCE.US,5,20251029,183000,26.6085,26.6085,26.6085,26.6085,3171,0
ASCE.US,5,20251029,192000,26.62,26.62,26.62,26.62,100,0
ASCE.US,5,20251029,192500,26.61,26.61,26.5942,26.5942,452,0
ASCE.US,5,20251029,193500,26.66,26.66,26.62,26.62,1525,0
ASCE.US,5,20251029,195500,26.43,26.44,26.43,26.44,400,0
ASCE.US,5,20251029,200000,26.45,26.45,26.45,26.45,100,0
ASCE.US,5,20251029,200500,26.42,26.42,26.42,26.42,100,0
ASCE.US,5,20251029,205500,26.43,26.43,26.43,26.43,222,0
ASCE.US,5,20251030,150000,26.4,26.4,26.38,26.38,400,0
ASCE.US,5,20251030,150500,26.38,26.38,26.38,26.38,401,0
ASCE.US,5,20251030,151000,26.4,26.4,26.38,26.38,400,0
ASCE.US,5,20251030,152000,26.36,26.36,26.36,26.36,100,0
ASCE.US,5,20251030,153500,26.43,26.43,26.42,26.42,211,0
ASCE.US,5,20251030,154500,26.44,26.44,26.38,26.38,400,0
ASCE.US,5,20251030,155500,26.4,26.4,26.4,26.4,100,0
ASCE.US,5,20251030,162000,26.4,26.4,26.4,26.4,400,0
ASCE.US,5,20251030,164500,26.31,26.31,26.31,26.31,100,0
ASCE.US,5,20251030,165500,26.3,26.3,26.3,26.3,100,0
ASCE.US,5,20251030,170500,26.28,26.28,26.28,26.28,100,0
ASCE.US,5,20251030,171000,26.31,26.31,26.31,26.31,358,0
ASCE.US,5,20251030,171500,26.31,26.31,26.31,26.31,100,0
ASCE.US,5,20251030,172000,26.27,26.27,26.27,26.27,100,0
ASCE.US,5,20251030,182500,26.18,26.18,26.18,26.18,100,0
ASCE.US,5,20251030,190500,26.12,26.12,26.12,26.12,100,0
ASCE.US,5,20251030,200000,26.03,26.03,26.03,26.03,100,0
ASCE.US,5,20251030,202000,25.99,25.99,25.99,25.99,100,0
ASCE.US,5,20251030,204000,25.9676,25.9676,25.965,25.965,296,0
ASCE.US,5,20251031,145000,26.13,26.13,26.13,26.13,100,0
ASCE.US,5,20251031,151000,26.17,26.17,26.17,26.17,100,0
ASCE.US,5,20251031,151500,26.21,26.21,26.21,26.21,139,0
ASCE.US,5,20251031,152000,26.22,26.22,26.22,26.22,100,0
ASCE.US,5,20251031,153000,26.22,26.22,26.22,26.22,100,0
ASCE.US,5,20251031,164000,26.17,26.17,26.17,26.17,100,0
ASCE.US,5,20251031,174500,26.09,26.09,26.09,26.09,100,0
ASCE.US,5,20251031,200500,26.2,26.2,26.2,26.2,100,0
ASCE.US,5,20251031,201500,26.23,26.23,26.23,26.23,2447,0
ASCE.US,5,20251031,203000,26.26,26.26,26.26,26.26,700,0
ASCE.US,5,20251031,203500,26.26,26.26,26.26,26.26,100,0
ASCE.US,5,20251031,204000,26.27,26.27,26.27,26.27,200,0
ASCE.US,5,20251031,204500,26.27,26.27,26.265,26.265,1083,0
ASCE.US,5,20251031,205000,26.29,26.29,26.28,26.28,1094,0
ASCE.US,5,20251031,205500,26.26,26.28,26.26,26.28,3630,0
ASCE.US,5,20251103,154000,26.01,26.01,26.01,26.01,158,0
ASCE.US,5,20251103,154500,26.02,26.02,26.02,26.02,121,0
ASCE.US,5,20251103,160500,26.015,26.015,26.015,26.015,100,0
ASCE.US,5,20251103,161000,26.01,26.01,25.98,25.98,200,0
ASCE.US,5,20251103,171000,26.0399,26.0399,26.0399,26.0399,290,0
ASCE.US,5,20251103,172000,26.06,26.08,26.06,26.07,1012,0
ASCE.US,5,20251103,173000,26.07,26.07,26.07,26.07,100,0
ASCE.US,5,20251103,182000,26.1,26.1,26.1,26.1,100,0
ASCE.US,5,20251103,185000,26.12,26.12,26.12,26.12,100,0
ASCE.US,5,20251103,191500,26.099,26.099,26.099,26.099,200,0
ASCE.US,5,20251103,193000,26.07,26.07,26.0699,26.0699,600,0
ASCE.US,5,20251103,193500,26.0816,26.0816,26.0816,26.0816,167,0
ASCE.US,5,20251103,194000,26.09,26.09,26.09,26.09,336,0
ASCE.US,5,20251103,194500,26.07,26.07,26.07,26.07,200,0
ASCE.US,5,20251103,200000,26.05,26.05,26.05,26.05,100,0
ASCE.US,5,20251103,201500,26.08,26.08,26.08,26.08,100,0
ASCE.US,5,20251103,202000,26.09,26.09,26.09,26.09,100,0
ASCE.US,5,20251103,205500,26.05,26.05,26.05,26.05,149,0
ASCE.US,5,20251103,210500,26.04,26.04,26.0365,26.0365,729,0
ASCE.US,5,20251103,213000,25.995,25.9984,25.99,25.99,525,0
ASCE.US,5,20251104,154500,25.88,25.88,25.88,25.88,100,0
ASCE.US,5,20251104,161500,25.96,25.96,25.96,25.96,100,0
ASCE.US,5,20251104,162000,25.92,25.92,25.92,25.92,100,0
ASCE.US,5,20251104,164500,25.9,25.9,25.9,25.9,100,0
ASCE.US,5,20251104,165500,25.8785,25.8785,25.8785,25.8785,3181,0
ASCE.US,5,20251104,171500,25.85,25.85,25.85,25.85,176,0
ASCE.US,5,20251104,172000,25.8558,25.8759,25.8558,25.8675,870,0
ASCE.US,5,20251104,174000,25.86,25.86,25.86,25.86,100,0
ASCE.US,5,20251104,183500,25.85,25.85,25.85,25.85,100,0
ASCE.US,5,20251104,185000,25.88,25.88,25.88,25.88,100,0
ASCE.US,5,20251104,193500,25.772,25.772,25.772,25.772,121,0
ASCE.US,5,20251104,202500,25.86,25.8601,25.86,25.8601,200,0
ASCE.US,5,20251104,213000,25.79,25.79,25.79,25.79,100,0
ASCE.US,5,20251104,213500,25.759,25.759,25.759,25.759,173,0
ASCE.US,5,20251104,215000,25.739,25.739,25.739,25.739,109,0
ASCE.US,5,20251104,215500,25.72,25.72,25.72,25.72,657,0
ASCE.US,5,20251105,154000,25.93,25.93,25.93,25.93,100,0
ASCE.US,5,20251105,161000,25.97,25.97,25.97,25.97,100,0
ASCE.US,5,20251105,162000,25.93,25.93,25.93,25.93,100,0
ASCE.US,5,20251105,165500,25.99,25.99,25.98,25.98,598,0
ASCE.US,5,20251105,170000,25.99,25.99,25.99,25.99,100,0
ASCE.US,5,20251105,173500,26.08,26.08,26.08,26.08,100,0
ASCE.US,5,20251105,180500,26.23,26.23,26.23,26.23,100,0
ASCE.US,5,20251105,184500,26.26,26.26,26.26,26.26,100,0
ASCE.US,5,20251105,194500,26.28,26.28,26.28,26.28,100,0
ASCE.US,5,20251105,200000,26.25,26.25,26.25,26.25,100,0
ASCE.US,5,20251105,215500,26.27,26.27,26.27,26.27,1095,0
ASCE.US,5,20251106,155000,26.057,26.057,26.057,26.057,616,0
ASCE.US,5,20251106,161000,25.98,25.98,25.96,25.96,200,0
ASCE.US,5,20251106,162500,25.96,25.96,25.96,25.96,100,0
ASCE.US,5,20251106,164000,25.78,25.78,25.78,25.78,100,0
ASCE.US,5,20251106,164500,25.79,25.79,25.79,25.79,124,0
ASCE.US,5,20251106,170000,25.7999,25.8,25.7999,25.8,4007,0
ASCE.US,5,20251106,171500,25.76,25.76,25.76,25.76,100,0
ASCE.US,5,20251106,180000,25.71,25.71,25.71,25.71,300,0
ASCE.US,5,20251106,195500,25.78,25.78,25.78,25.78,100,0
ASCE.US,5,20251106,204500,25.767,25.767,25.767,25.767,193,0
ASCE.US,5,20251106,210500,25.74,25.74,25.74,25.74,100,0
ASCE.US,5,20251106,213500,25.757,25.757,25.757,25.757,167,0
ASCE.US,5,20251106,214000,25.7394,25.7394,25.7394,25.7394,214,0
ASCE.US,5,20251106,214500,25.71,25.71,25.7,25.7,200,0
ASCE.US,5,20251107,154000,25.48,25.48,25.48,25.48,100,0
ASCE.US,5,20251107,154500,25.51,25.51,25.51,25.51,200,0
ASCE.US,5,20251107,161000,25.54,25.54,25.54,25.54,100,0
ASCE.US,5,20251107,190500,25.5099,25.5099,25.5099,25.5099,349,0
ASCE.US,5,20251107,191500,25.53,25.53,25.53,25.53,100,0
ASCE.US,5,20251107,195000,25.56,25.56,25.56,25.56,100,0
ASCE.US,5,20251107,203500,25.77,25.77,25.7633,25.7633,312,0
ASCE.US,5,20251107,204000,25.84,25.84,25.83,25.83,300,0
ASCE.US,5,20251107,210500,25.81,25.82,25.8,25.81,543,0
ASCE.US,5,20251107,212500,25.72,25.74,25.72,25.74,500,0
ASCE.US,5,20251107,215500,25.89,25.89,25.89,25.89,172,0
ASCE.US,5,20251110,154500,26.24,26.24,26.24,26.24,100,0
ASCE.US,5,20251110,160000,26.11,26.11,26.1099,26.11,600,0
ASCE.US,5,20251110,161500,26.09,26.09,26.09,26.09,100,0
ASCE.US,5,20251110,162000,26.07,26.07,26.07,26.07,150,0
ASCE.US,5,20251110,172000,26.05,26.05,26.05,26.05,100,0
ASCE.US,5,20251110,180500,26.2,26.2,26.1999,26.1999,1141,0
ASCE.US,5,20251110,181000,26.1798,26.1798,26.1798,26.1798,195,0
ASCE.US,5,20251110,184500,26.23,26.24,26.23,26.2399,759,0
ASCE.US,5,20251110,192000,26.27,26.2701,26.27,26.27,531,0
ASCE.US,5,20251110,194500,26.28,26.28,26.28,26.28,100,0
ASCE.US,5,20251110,204000,26.33,26.33,26.33,26.33,983,0
ASCE.US,5,20251110,205500,26.34,26.34,26.34,26.34,100,0
ASCE.US,5,20251110,212000,26.3,26.3,26.3,26.3,100,0
ASCE.US,5,20251110,212500,26.29,26.29,26.2899,26.2899,599,0
ASCE.US,5,20251110,213000,26.27,26.27,26.27,26.27,200,0
ASCE.US,5,20251110,214500,26.29,26.2901,26.29,26.2901,200,0
ASCE.US,5,20251110,215500,26.25,26.25,26.25,26.25,731,0
ASCE.US,5,20251111,161000,26.12,26.12,26.0399,26.04,800,0
ASCE.US,5,20251111,173500,26.04,26.04,26.04,26.04,100,0
ASCE.US,5,20251111,205500,26.15,26.15,26.15,26.15,100,0
ASCE.US,5,20251111,214500,26.1,26.1,26.09,26.0901,1991,0
ASCE.US,5,20251111,215500,26.09,26.09,26.09,26.09,616,0
ASCE.US,5,20251112,161000,26.3,26.3,26.3,26.3,200,0
ASCE.US,5,20251112,164500,26.19,26.19,26.19,26.19,100,0
ASCE.US,5,20251112,181000,26.1799,26.18,26.1799,26.1799,400,0
ASCE.US,5,20251112,185500,26.2384,26.2384,26.2384,26.2384,431,0
ASCE.US,5,20251112,194000,26.23,26.23,26.23,26.23,100,0
ASCE.US,5,20251112,215000,26.22,26.22,26.2199,26.2199,1400,0
ASCE.US,5,20251112,215500,26.19,26.19,26.19,26.19,588,0
ASCE.US,5,20251113,160000,25.87,25.87,25.87,25.87,100,0
ASCE.US,5,20251113,163500,25.869,25.869,25.869,25.869,150,0
ASCE.US,5,20251113,170500,25.77,25.77,25.77,25.77,307,0
ASCE.US,5,20251113,171000,25.78,25.78,25.78,25.78,100,0
ASCE.US,5,20251113,173500,25.78,25.7801,25.78,25.78,816,0
ASCE.US,5,20251113,183500,25.797,25.797,25.797,25.797,142,0
ASCE.US,5,20251113,185000,25.75,25.77,25.75,25.77,2698,0
ASCE.US,5,20251113,192500,25.627,25.627,25.627,25.627,192,0
ASCE.US,5,20251113,194000,25.55,25.56,25.55,25.5533,582,0
ASCE.US,5,20251113,195000,25.59,25.59,25.59,25.59,100,0
ASCE.US,5,20251113,204500,25.5301,25.5301,25.529,25.529,593,0
ASCE.US,5,20251113,205500,25.49,25.49,25.49,25.49,100,0
ASCE.US,5,20251113,210000,25.51,25.51,25.51,25.51,100,0
ASCE.US,5,20251113,210500,25.51,25.51,25.51,25.51,100,0
ASCE.US,5,20251113,212500,25.49,25.49,25.49,25.49,100,0
ASCE.US,5,20251113,215500,25.52,25.52,25.52,25.52,195,0
ASCE.US,5,20251114,154000,25.337,25.337,25.337,25.337,528,0
ASCE.US,5,20251114,154500,25.48,25.48,25.48,25.48,100,0
ASCE.US,5,20251114,161000,25.41,25.41,25.41,25.41,100,0
ASCE.US,5,20251114,162500,25.39,25.39,25.39,25.39,100,0
ASCE.US,5,20251114,163000,25.43,25.43,25.43,25.43,139,0
ASCE.US,5,20251114,163500,25.45,25.47,25.45,25.47,2185,0
ASCE.US,5,20251114,170000,25.5,25.5,25.5,25.5,100,0
ASCE.US,5,20251114,170500,25.48,25.48,25.48,25.48,115,0
ASCE.US,5,20251114,172000,25.62,25.62,25.62,25.62,100,0
ASCE.US,5,20251114,173500,25.639,25.639,25.639,25.639,273,0
ASCE.US,5,20251114,174000,25.63,25.63,25.63,25.63,100,0
ASCE.US,5,20251114,175000,25.64,25.65,25.64,25.65,226,0
ASCE.US,5,20251114,175500,25.64,25.64,25.64,25.64,100,0
ASCE.US,5,20251114,180000,25.64,25.64,25.64,25.64,100,0
ASCE.US,5,20251114,184500,25.66,25.66,25.65,25.65,2285,0
ASCE.US,5,20251114,190000,25.6,25.6,25.6,25.6,114,0
ASCE.US,5,20251114,191500,25.62,25.62,25.62,25.62,100,0
ASCE.US,5,20251114,192500,25.5894,25.5894,25.5894,25.5894,2492,0
ASCE.US,5,20251114,194000,25.56,25.56,25.56,25.56,100,0
ASCE.US,5,20251114,203000,25.62,25.62,25.62,25.62,100,0
ASCE.US,5,20251117,153000,25.559,25.559,25.559,25.559,111,0
ASCE.US,5,20251117,154000,25.6399,25.64,25.58,25.58,400,0
ASCE.US,5,20251117,161000,25.58,25.63,25.58,25.63,200,0
ASCE.US,5,20251117,170000,25.51,25.51,25.5099,25.5099,200,0
ASCE.US,5,20251117,172500,25.47,25.47,25.47,25.47,662,0
ASCE.US,5,20251117,175000,25.52,25.52,25.52,25.52,100,0
ASCE.US,5,20251117,175500,25.51,25.51,25.51,25.51,100,0
ASCE.US,5,20251117,190000,25.39,25.39,25.39,25.39,100,0
ASCE.US,5,20251117,203500,25.16,25.16,25.16,25.16,100,0
ASCE.US,5,20251117,204000,25.11,25.11,25.11,25.11,300,0
ASCE.US,5,20251117,205000,25.07,25.07,25.07,25.07,100,0
ASCE.US,5,20251117,214000,25.04,25.04,25.04,25.04,100,0
ASCE.US,5,20251118,162000,25.04,25.05,25.04,25.04,300,0
ASCE.US,5,20251118,170000,24.94,24.94,24.94,24.94,100,0
ASCE.US,5,20251118,185500,25.21,25.21,25.21,25.21,100,0
ASCE.US,5,20251118,194000,25.283,25.283,25.283,25.283,123,0
ASCE.US,5,20251118,205500,25.22,25.22,25.2196,25.2196,1424,0
ASCE.US,5,20251118,215500,25.17,25.17,25.16,25.16,508,0
ASCE.US,5,20251119,155500,25.18,25.18,25.18,25.18,100,0
ASCE.US,5,20251119,162500,25.22,25.22,25.22,25.22,263,0
ASCE.US,5,20251119,165500,25.13,25.13,25.13,25.13,100,0
ASCE.US,5,20251119,182000,25.03,25.03,25.03,25.03,381,0
ASCE.US,5,20251119,215500,25.05,25.06,25.03,25.03,1051,0
ASCE.US,5,20251120,154000,25.509,25.509,25.509,25.509,100,0
ASCE.US,5,20251120,154500,25.485,25.51,25.485,25.51,1396,0
ASCE.US,5,20251120,155000,25.47,25.47,25.47,25.47,100,0
ASCE.US,5,20251120,161000,25.49,25.49,25.49,25.49,100,0
ASCE.US,5,20251120,161500,25.544,25.544,25.544,25.544,180,0
ASCE.US,5,20251120,164000,25.5406,25.56,25.5406,25.56,1679,0
ASCE.US,5,20251120,164500,25.55,25.55,25.55,25.55,1401,0
ASCE.US,5,20251120,171000,25.35,25.35,25.35,25.35,100,0
ASCE.US,5,20251120,172000,25.3,25.3,25.3,25.3,100,0
ASCE.US,5,20251120,173000,25.21,25.21,25.21,25.21,450,0
ASCE.US,5,20251120,173500,25.18,25.18,25.18,25.18,100,0
ASCE.US,5,20251120,175000,25.1,25.1,25.1,25.1,100,0
ASCE.US,5,20251120,212500,24.8045,24.8045,24.8045,24.8045,144,0
ASCE.US,5,20251120,215500,24.65,24.65,24.647,24.647,1673,0
ASCE.US,5,20251121,155000,24.79,24.79,24.79,24.79,100,0
ASCE.US,5,20251121,161000,24.87,24.87,24.87,24.87,100,0
ASCE.US,5,20251121,162000,24.76,24.76,24.76,24.76,100,0
ASCE.US,5,20251121,174000,25.11,25.11,25.1099,25.1099,345,0
ASCE.US,5,20251121,194000,25.24,25.24,25.22,25.2299,1600,0
ASCE.US,5,20251121,194500,25.24,25.24,25.24,25.24,100,0
ASCE.US,5,20251121,195000,25.33,25.33,25.33,25.33,140,0
ASCE.US,5,20251121,210000,25.29,25.29,25.29,25.29,100,0
ASCE.US,5,20251121,215000,25.2,25.2,25.2,25.2,100,0
ASCE.US,5,20251124,154500,25.33,25.33,25.33,25.33,320,0
ASCE.US,5,20251124,155000,25.29,25.32,25.29,25.32,1724,0
ASCE.US,5,20251124,155500,25.33,25.36,25.33,25.36,1371,0
ASCE.US,5,20251124,160000,25.49,25.49,25.49,25.49,100,0
ASCE.US,5,20251124,163500,25.51,25.51,25.51,25.51,100,0
ASCE.US,5,20251124,171500,25.575,25.575,25.56,25.57,4322,0
ASCE.US,5,20251124,173000,25.55,25.55,25.55,25.55,316,0
ASCE.US,5,20251124,180000,25.58,25.58,25.58,25.58,100,0
ASCE.US,5,20251124,182000,25.58,25.58,25.58,25.58,100,0
ASCE.US,5,20251124,191500,25.63,25.63,25.63,25.63,166,0
ASCE.US,5,20251124,192000,25.63,25.63,25.63,25.63,100,0
ASCE.US,5,20251124,194000,25.629,25.629,25.629,25.629,728,0
ASCE.US,5,20251124,194500,25.63,25.63,25.63,25.63,100,0
ASCE.US,5,20251124,203000,25.6103,25.6103,25.61,25.61,279,0
ASCE.US,5,20251124,214500,25.6158,25.6158,25.6158,25.6158,175,0
ASCE.US,5,20251124,215000,25.6,25.6,25.6,25.6,745,0
ASCE.US,5,20251124,215500,25.66,25.66,25.63,25.63,393,0
ASCE.US,5,20251125,153000,25.928,25.93,25.928,25.93,500,0
ASCE.US,5,20251125,154000,25.86,25.86,25.86,25.86,100,0
ASCE.US,5,20251125,155000,25.75,25.75,25.75,25.75,405,0
ASCE.US,5,20251125,160000,25.91,25.91,25.91,25.91,139,0
ASCE.US,5,20251125,161000,25.93,25.93,25.93,25.93,100,0
ASCE.US,5,20251125,162000,25.9,25.9,25.88,25.885,1076,0
ASCE.US,5,20251125,162500,25.897,25.897,25.897,25.897,238,0
ASCE.US,5,20251125,164500,26.1,26.1,26.1,26.1,100,0
ASCE.US,5,20251125,173000,26.12,26.12,26.12,26.12,2567,0
ASCE.US,5,20251125,180000,26.19,26.19,26.19,26.19,1076,0
ASCE.US,5,20251125,184500,26.29,26.29,26.27,26.27,2565,0
ASCE.US,5,20251125,200500,26.22,26.2201,26.21,26.21,1600,0
ASCE.US,5,20251125,202000,26.21,26.21,26.21,26.21,200,0
ASCE.US,5,20251125,205000,26.23,26.265,26.23,26.265,648,0
ASCE.US,5,20251125,214000,26.34,26.34,26.34,26.34,134,0
ASCE.US,5,20251126,162000,26.63,26.63,26.63,26.63,100,0
ASCE.US,5,20251126,170000,26.6953,26.6953,26.6953,26.6953,3488,0
ASCE.US,5,20251126,181500,26.7,26.7,26.7,26.7,100,0
ASCE.US,5,20251126,183500,26.7247,26.73,26.7247,26.73,1051,0
ASCE.US,5,20251126,184500,26.74,26.74,26.74,26.74,300,0
ASCE.US,5,20251126,191000,26.76,26.77,26.76,26.76,1155,0
ASCE.US,5,20251126,192000,26.76,26.76,26.76,26.76,100,0
ASCE.US,5,20251126,200500,26.7572,26.7572,26.7572,26.7572,245,0
ASCE.US,5,20251126,210500,26.83,26.83,26.82,26.82,200,0
ASCE.US,5,20251128,161000,26.78,26.78,26.78,26.78,100,0
ASCE.US,5,20251128,170000,26.82,26.82,26.82,26.82,100,0
ASCE.US,5,20251128,172500,26.81,26.81,26.81,26.81,300,0
ASCE.US,5,20251201,154500,26.6,26.6,26.6,26.6,145,0
ASCE.US,5,20251201,160500,26.72,26.72,26.72,26.72,178,0
ASCE.US,5,20251201,161000,26.71,26.71,26.71,26.71,100,0
ASCE.US,5,20251201,172500,26.7,26.7001,26.7,26.7001,794,0
ASCE.US,5,20251201,173500,26.735,26.735,26.735,26.735,144,0
ASCE.US,5,20251201,183000,26.74,26.74,26.74,26.74,111,0
ASCE.US,5,20251201,191000,26.78,26.78,26.78,26.78,186,0
ASCE.US,5,20251201,193000,26.8,26.8,26.8,26.8,100,0
ASCE.US,5,20251201,194000,26.81,26.81,26.81,26.81,100,0
ASCE.US,5,20251201,201500,26.74,26.745,26.74,26.745,200,0
ASCE.US,5,20251201,202000,26.72,26.72,26.72,26.72,200,0
ASCE.US,5,20251201,205000,26.695,26.695,26.695,26.695,230,0
ASCE.US,5,20251201,205500,26.69,26.69,26.69,26.69,100,0
ASCE.US,5,20251201,212000,26.7099,26.7099,26.7099,26.7099,111,0
ASCE.US,5,20251201,212500,26.69,26.69,26.69,26.69,100,0
ASCE.US,5,20251201,213000,26.68,26.68,26.68,26.68,498,0
ASCE.US,5,20251202,161500,26.94,26.94,26.94,26.94,100,0
ASCE.US,5,20251202,164000,26.83,26.84,26.82,26.84,829,0
ASCE.US,5,20251202,165500,26.821,26.821,26.821,26.821,213,0
ASCE.US,5,20251202,170000,26.84,26.84,26.84,26.84,184,0
ASCE.US,5,20251202,170500,26.83,26.83,26.83,26.83,646,0
ASCE.US,5,20251202,173000,26.74,26.74,26.74,26.74,100,0
ASCE.US,5,20251202,191500,26.79,26.79,26.77,26.77,357,0
ASCE.US,5,20251202,193000,26.789,26.789,26.789,26.789,180,0
ASCE.US,5,20251202,214500,26.76,26.77,26.76,26.77,881,0
ASCE.US,5,20251203,160500,26.86,26.86,26.86,26.86,100,0
ASCE.US,5,20251203,194000,27.02,27.02,27.02,27.02,100,0
ASCE.US,5,20251203,194500,27.03,27.03,27.03,27.03,100,0
ASCE.US,5,20251203,204000,27.04,27.04,27.04,27.04,566,0
ASCE.US,5,20251203,205000,27.07,27.07,27.07,27.07,1131,0
ASCE.US,5,20251203,211000,27.08,27.08,27.08,27.08,100,0
ASCE.US,5,20251203,215500,27.15,27.15,27.15,27.15,428,0
ASCE.US,5,20251204,155000,27.13,27.13,27.13,27.13,100,0
ASCE.US,5,20251204,161500,27.206,27.206,27.206,27.206,158,0
ASCE.US,5,20251204,170000,27.35,27.35,27.35,27.35,100,0
ASCE.US,5,20251204,171500,27.36,27.36,27.36,27.36,100,0
ASCE.US,5,20251204,212000,27.35,27.35,27.35,27.35,667,0
ASCE.US,5,20251204,214000,27.34,27.34,27.34,27.34,186,0
ASCE.US,5,20251204,214500,27.3273,27.3273,27.313,27.32,523,0
ASCE.US,5,20251204,215500,27.33,27.33,27.33,27.33,290,0
ASCE.US,5,20251205,180500,27.32,27.32,27.32,27.32,100,0
ASCE.US,5,20251205,181500,27.27,27.27,27.27,27.27,100,0
ASCE.US,5,20251205,212500,27.33,27.3301,27.33,27.3301,300,0
ASCE.US,5,20251208,160500,27.32,27.32,27.32,27.32,100,0
ASCE.US,5,20251208,161500,27.3141,27.3141,27.3141,27.3141,3435,0
ASCE.US,5,20251208,163000,27.3,27.3,27.3,27.3,120,0
ASCE.US,5,20251208,164500,27.29,27.29,27.29,27.29,100,0
ASCE.US,5,20251208,180000,27.23,27.23,27.23,27.23,100,0
ASCE.US,5,20251208,185500,27.27,27.27,27.27,27.27,100,0
ASCE.US,5,20251208,201500,27.2065,27.2065,27.2065,27.2065,149,0
ASCE.US,5,20251208,211000,27.24,27.24,27.24,27.24,100,0
ASCE.US,5,20251208,213500,27.2201,27.2201,27.2201,27.2201,179,0
ASCE.US,5,20251208,214500,27.2296,27.23,27.2296,27.2299,322,0
ASCE.US,5,20251209,154000,27.242,27.242,27.242,27.242,164,0
ASCE.US,5,20251209,165000,27.27,27.27,27.26,27.26,729,0
ASCE.US,5,20251209,165500,27.27,27.27,27.27,27.27,262,0
ASCE.US,5,20251209,193000,27.24,27.25,27.24,27.25,1003,0
ASCE.US,5,20251209,194000,27.23,27.23,27.23,27.23,400,0
ASCE.US,5,20251209,200500,27.2646,27.2646,27.2646,27.2646,1302,0
ASCE.US,5,20251209,203500,27.26,27.26,27.26,27.26,100,0
ASCE.US,5,20251209,204000,27.28,27.29,27.28,27.29,443,0
ASCE.US,5,20251209,204500,27.28,27.28,27.28,27.28,2092,0
ASCE.US,5,20251209,205000,27.3,27.31,27.3,27.31,717,0
ASCE.US,5,20251209,205500,27.31,27.31,27.31,27.31,170,0
ASCE.US,5,20251209,210500,27.3,27.31,27.3,27.31,436,0
ASCE.US,5,20251209,211500,27.31,27.31,27.31,27.31,168,0
ASCE.US,5,20251209,212000,27.29,27.29,27.29,27.29,168,0
ASCE.US,5,20251209,212500,27.28,27.28,27.28,27.28,790,0
ASCE.US,5,20251209,215500,27.2,27.2,27.19,27.19,300,0
ASCE.US,5,20251210,155500,27.22,27.22,27.22,27.22,100,0
ASCE.US,5,20251210,165000,27.2301,27.2301,27.2301,27.2301,100,0
ASCE.US,5,20251210,193500,27.34,27.34,27.34,27.34,600,0
ASCE.US,5,20251210,210000,27.62,27.66,27.62,27.66,300,0
ASCE.US,5,20251210,215000,27.6199,27.62,27.6199,27.62,200,0
ASCE.US,5,20251210,215500,27.59,27.59,27.59,27.59,200,0
ASCE.US,5,20251211,155500,27.61,27.61,27.61,27.61,100,0
ASCE.US,5,20251211,174500,27.79,27.79,27.79,27.79,200,0
ASCE.US,5,20251211,182500,27.87,27.87,27.87,27.87,200,0
ASCE.US,5,20251211,184000,27.88,27.88,27.88,27.88,900,0
ASCE.US,5,20251211,190000,27.867,27.9,27.867,27.9,410,0
ASCE.US,5,20251211,191500,27.86,27.86,27.86,27.86,100,0
ASCE.US,5,20251211,200000,27.827,27.827,27.827,27.827,243,0
ASCE.US,5,20251211,204500,27.86,27.86,27.8598,27.86,5264,0
ASCE.US,5,20251211,205000,27.86,27.86,27.86,27.86,200,0
ASCE.US,5,20251211,205500,27.85,27.85,27.85,27.85,100,0
ASCE.US,5,20251211,211000,27.84,27.85,27.84,27.85,204,0
ASCE.US,5,20251211,213000,27.82,27.82,27.82,27.82,100,0
ASCE.US,5,20251211,215500,27.86,27.86,27.86,27.86,2256,0
ASCE.US,5,20251212,155000,27.85,27.85,27.85,27.85,1000,0
ASCE.US,5,20251212,165500,27.59,27.59,27.5674,27.5674,600,0
ASCE.US,5,20251212,190000,27.57,27.57,27.57,27.57,1394,0
ASCE.US,5,20251212,192000,27.5935,27.5935,27.5935,27.5935,182,0
ASCE.US,5,20251212,192500,27.6,27.61,27.6,27.61,600,0
ASCE.US,5,20251212,212000,27.4402,27.455,27.4402,27.455,583,0
ASCE.US,5,20251212,215500,27.44,27.44,27.44,27.44,584,0
ASCE.US,5,20251215,165000,27.51,27.53,27.51,27.53,218,0
ASCE.US,5,20251215,170000,27.43,27.43,27.41,27.41,457,0
ASCE.US,5,20251215,170500,27.43,27.43,27.43,27.43,400,0
ASCE.US,5,20251215,212500,27.41,27.41,27.41,27.41,394,0
ASCE.US,5,20251216,165000,27.3699,27.37,27.35,27.35,3896,0
ASCE.US,5,20251216,174500,27.19,27.1944,27.19,27.19,1240,0
ASCE.US,5,20251216,193000,27.14,27.14,27.14,27.14,100,0
ASCE.US,5,20251216,195500,27.19,27.19,27.1801,27.1801,414,0
ASCE.US,5,20251216,213500,27.255,27.255,27.255,27.255,159,0
ASCE.US,5,20251217,161000,27.46,27.46,27.46,27.46,825,0
ASCE.US,5,20251217,164000,27.3,27.3,27.3,27.3,100,0
ASCE.US,5,20251217,170500,27.2398,27.24,27.235,27.24,2471,0
ASCE.US,5,20251217,181000,27.18,27.18,27.1799,27.1799,742,0
ASCE.US,5,20251217,183000,27.2,27.2,27.2,27.2,425,0
ASCE.US,5,20251217,195000,27.08,27.08,27.08,27.08,571,0
ASCE.US,5,20251217,205000,27.08,27.08,27.08,27.08,1514,0
ASCE.US,5,20251217,205500,27.12,27.12,27.11,27.11,1366,0
ASCE.US,5,20251217,211500,27.15,27.15,27.15,27.15,5500,0
ASCE.US,5,20251217,214500,27.0799,27.0814,27.0799,27.0814,307,0
ASCE.US,5,20251217,215000,27.1,27.11,27.075,27.075,3347,0
ASCE.US,5,20251217,215500,27.07,27.11,27.07,27.11,2010,0
ASCE.US,5,20251218,161000,27.39,27.4,27.39,27.4,1095,0
ASCE.US,5,20251218,161500,27.3799,27.38,27.3799,27.38,200,0
ASCE.US,5,20251218,164000,27.59,27.59,27.585,27.585,400,0
ASCE.US,5,20251218,181500,27.38,27.38,27.375,27.375,200,0
ASCE.US,5,20251218,183000,27.3745,27.3745,27.3745,27.3745,234,0
ASCE.US,5,20251218,191500,27.48,27.48,27.48,27.48,100,0
ASCE.US,5,20251218,195500,27.519,27.519,27.519,27.519,1300,0
ASCE.US,5,20251218,200000,27.47,27.47,27.47,27.47,1300,0
ASCE.US,5,20251218,201000,27.45,27.45,27.45,27.45,200,0
ASCE.US,5,20251218,203000,27.435,27.435,27.435,27.435,100,0
ASCE.US,5,20251218,203500,27.44,27.44,27.43,27.43,600,0
ASCE.US,5,20251218,205000,27.43,27.43,27.43,27.43,500,0
ASCE.US,5,20251218,215500,27.46,27.46,27.46,27.46,1187,0
ASCE.US,5,20251219,174500,27.68,27.69,27.68,27.69,567,0
ASCE.US,5,20251219,182000,27.76,27.76,27.76,27.76,100,0
ASCE.US,5,20251219,184000,27.7427,27.7427,27.7427,27.7427,105,0
ASCE.US,5,20251219,194000,27.78,27.78,27.78,27.78,367,0
ASCE.US,5,20251219,201000,27.77,27.77,27.7602,27.7602,300,0
ASCE.US,5,20251219,214500,27.74,27.74,27.7399,27.7399,4000,0
ASCE.US,5,20251219,215500,27.77,27.77,27.77,27.77,308,0
ASCE.US,5,20251222,154000,27.97,27.97,27.97,27.97,138,0
ASCE.US,5,20251222,174000,28.125,28.125,28.125,28.125,1244,0
ASCE.US,5,20251222,175500,28.14,28.14,28.1399,28.1399,2532,0
ASCE.US,5,20251222,183500,28.0601,28.0601,28.0601,28.0601,227,0
ASCE.US,5,20251222,192500,28.04,28.04,28.04,28.04,412,0
ASCE.US,5,20251222,200500,27.97,27.97,27.97,27.97,505,0
ASCE.US,5,20251222,210500,28.05,28.05,28.05,28.05,300,0
ASCE.US,5,20251222,215000,27.97,27.97,27.97,27.97,3565,0
ASCE.US,5,20251223,160500,27.82,27.82,27.82,27.82,154,0
ASCE.US,5,20251223,162000,27.8775,27.8775,27.8775,27.8775,600,0
ASCE.US,5,20251223,162500,27.865,27.865,27.8398,27.84,2675,0
ASCE.US,5,20251223,164500,27.89,27.89,27.89,27.89,210,0
ASCE.US,5,20251223,165000,27.89,27.89,27.89,27.89,100,0
ASCE.US,5,20251223,171500,27.9,27.9,27.9,27.9,100,0
ASCE.US,5,20251223,172000,27.9,27.9,27.9,27.9,100,0
ASCE.US,5,20251223,175500,27.8987,27.8987,27.8987,27.8987,236,0
ASCE.US,5,20251223,181000,27.9,27.91,27.9,27.91,220,0
ASCE.US,5,20251223,183000,27.92,27.92,27.92,27.92,719,0
ASCE.US,5,20251223,183500,27.92,27.92,27.92,27.92,519,0
ASCE.US,5,20251223,192500,27.9233,27.9233,27.9233,27.9233,198,0
ASCE.US,5,20251223,193500,27.91,27.91,27.9,27.9,1400,0
ASCE.US,5,20251223,194000,27.905,27.905,27.905,27.905,118,0
ASCE.US,5,20251223,195500,27.88,27.88,27.88,27.88,500,0
ASCE.US,5,20251223,201000,27.87,27.87,27.87,27.87,554,0
ASCE.US,5,20251223,201500,27.875,27.875,27.875,27.875,118,0
ASCE.US,5,20251223,204000,27.88,27.88,27.88,27.88,100,0
ASCE.US,5,20251223,211500,27.92,27.92,27.92,27.92,400,0
ASCE.US,5,20251223,214500,27.89,27.89,27.89,27.89,100,0
ASCE.US,5,20251223,215500,27.88,27.88,27.88,27.88,259,0
ASCE.US,5,20251224,163500,27.96,27.96,27.96,27.96,1250,0
ASCE.US,5,20251224,164500,27.93,27.93,27.93,27.93,119,0
ASCE.US,5,20251224,171000,27.98,27.98,27.97,27.9799,1050,0
ASCE.US,5,20251224,171500,27.96,27.96,27.96,27.96,135,0
ASCE.US,5,20251224,174500,27.95,27.96,27.95,27.96,3235,0
ASCE.US,5,20251224,185500,28,28,28,28,227,0
ASCE.US,5,20251226,210000,27.92,27.92,27.91,27.92,1800,0
ASCE.US,5,20251226,211500,27.93,27.93,27.93,27.93,100,0
ASCE.US,5,20251226,214500,27.94,27.94,27.94,27.94,105,0
ASCE.US,5,20251226,215500,27.93,27.95,27.93,27.95,3522,0
ASCE.US,5,20251229,161500,27.7099,27.7099,27.7099,27.7099,1300,0
ASCE.US,5,20251229,162500,27.69,27.69,27.69,27.69,200,0
ASCE.US,5,20251229,171500,27.71,27.71,27.69,27.69,200,0
ASCE.US,5,20251229,175500,27.7047,27.7047,27.7047,27.7047,200,0
ASCE.US,5,20251229,182000,27.68,27.68,27.68,27.68,100,0
ASCE.US,5,20251229,200000,27.67,27.67,27.67,27.67,100,0
ASCE.US,5,20251229,212000,27.73,27.73,27.7299,27.7299,5600,0
ASCE.US,5,20251229,213500,27.72,27.72,27.72,27.72,200,0
ASCE.US,5,20251229,214000,27.71,27.71,27.7006,27.7006,354,0
ASCE.US,5,20251229,214500,27.7,27.7,27.7,27.7,100,0
ASCE.US,5,20251229,215500,27.72,27.72,27.72,27.72,400,0
ASCE.US,5,20251230,155500,27.6693,27.6693,27.6693,27.6693,204,0
ASCE.US,5,20251230,161000,27.61,27.61,27.61,27.61,100,0
ASCE.US,5,20251230,170000,27.59,27.6,27.59,27.59,400,0
ASCE.US,5,20251230,183000,27.54,27.54,27.54,27.54,171,0
ASCE.US,5,20251230,191500,27.53,27.53,27.53,27.53,292,0
ASCE.US,5,20251230,195500,27.5144,27.5144,27.5144,27.5144,143,0
ASCE.US,5,20251230,201000,27.502,27.502,27.502,27.502,135,0
ASCE.US,5,20251230,210000,27.4588,27.4588,27.4588,27.4588,273,0
ASCE.US,5,20251230,210500,27.45,27.45,27.45,27.45,100,0
ASCE.US,5,20251230,214000,27.4388,27.44,27.434,27.44,3565,0
ASCE.US,5,20251230,214500,27.43,27.43,27.4,27.4,300,0
ASCE.US,5,20251230,215500,27.35,27.35,27.35,27.35,816,0
ASCE.US,5,20251231,154500,27.045,27.045,27.045,27.045,1750,0
ASCE.US,5,20251231,160500,27.03,27.03,27.03,27.03,100,0
ASCE.US,5,20251231,162500,26.97,26.97,26.97,26.97,218,0
ASCE.US,5,20251231,165500,26.96,26.96,26.96,26.96,100,0
ASCE.US,5,20251231,171000,26.97,26.97,26.97,26.97,200,0
ASCE.US,5,20251231,173000,26.95,26.95,26.95,26.95,1112,0
ASCE.US,5,20251231,173500,26.93,26.93,26.93,26.93,100,0
ASCE.US,5,20251231,183000,26.98,26.99,26.98,26.99,200,0
ASCE.US,5,20251231,185000,26.96,26.96,26.9599,26.9599,200,0
ASCE.US,5,20251231,194000,26.97,26.97,26.97,26.97,200,0
ASCE.US,5,20251231,195000,26.97,26.97,26.97,26.97,361,0
ASCE.US,5,20251231,200000,26.99,26.99,26.99,26.99,2990,0
ASCE.US,5,20251231,201500,26.98,26.98,26.98,26.98,100,0
ASCE.US,5,20251231,211500,26.86,26.86,26.86,26.86,1048,0
ASCE.US,5,20251231,212000,26.86,26.86,26.86,26.86,279,0
ASCE.US,5,20251231,214000,26.875,26.875,26.875,26.875,137,0
ASCE.US,5,20251231,214500,26.88,26.88,26.86,26.86,1348,0
ASCE.US,5,20251231,215500,26.83,26.83,26.83,26.83,703,0
ASCE.US,5,20260102,160000,27.079,27.079,27.079,27.079,100,0
ASCE.US,5,20260102,160500,27.03,27.04,27.03,27.04,2658,0
ASCE.US,5,20260102,161000,27.01,27.01,27.01,27.01,300,0
ASCE.US,5,20260102,161500,26.93,26.93,26.93,26.93,300,0
ASCE.US,5,20260102,164500,27.009,27.009,27.009,27.009,125,0
ASCE.US,5,20260102,170000,26.97,26.97,26.97,26.97,100,0
ASCE.US,5,20260102,171500,27.0099,27.0099,27.0099,27.0099,125,0
ASCE.US,5,20260102,174000,27.0499,27.0499,27.035,27.035,250,0
ASCE.US,5,20260102,174500,27.03,27.03,27.03,27.03,100,0
ASCE.US,5,20260102,180000,27,27,27,27,100,0
ASCE.US,5,20260102,182000,27.07,27.07,27.07,27.07,413,0
ASCE.US,5,20260102,184500,27.033,27.033,27.03,27.03,355,0
ASCE.US,5,20260105,162000,27.35,27.35,27.35,27.35,459,0
ASCE.US,5,20260105,162500,27.4245,27.4245,27.4245,27.4245,158,0
ASCE.US,5,20260105,170000,27.39,27.39,27.39,27.39,100,0
ASCE.US,5,20260105,170500,27.3907,27.3907,27.3907,27.3907,100,0
ASCE.US,5,20260105,213500,27.58,27.58,27.5799,27.5799,546,0
ASCE.US,5,20260105,214000,27.57,27.57,27.57,27.57,1926,0
ASCE.US,5,20260105,215500,27.535,27.535,27.51,27.53,3350,0
ASCE.US,5,20260106,154000,27.4,27.4,27.4,27.4,100,0
ASCE.US,5,20260106,154500,27.4,27.4,27.4,27.4,200,0
ASCE.US,5,20260106,161000,27.55,27.55,27.55,27.55,100,0
ASCE.US,5,20260106,171000,27.595,27.595,27.595,27.595,1898,0
ASCE.US,5,20260106,171500,27.61,27.61,27.61,27.61,100,0
ASCE.US,5,20260106,173000,27.591,27.591,27.591,27.591,127,0
ASCE.US,5,20260106,181000,27.63,27.63,27.63,27.63,200,0
ASCE.US,5,20260106,182500,27.6608,27.6608,27.6608,27.6608,223,0
ASCE.US,5,20260106,191000,27.8,27.8,27.8,27.8,100,0
ASCE.US,5,20260106,191500,27.8099,27.81,27.8099,27.81,400,0
ASCE.US,5,20260106,192000,27.7996,27.7996,27.7996,27.7996,200,0
ASCE.US,5,20260106,193000,27.83,27.83,27.8299,27.8299,250,0
ASCE.US,5,20260106,200000,27.84,27.84,27.83,27.83,300,0
ASCE.US,5,20260106,210500,27.87,27.87,27.87,27.87,100,0
ASCE.US,5,20260106,212000,27.85,27.85,27.84,27.84,544,0
ASCE.US,5,20260107,154000,27.7899,27.79,27.7899,27.79,486,0
ASCE.US,5,20260107,155500,27.68,27.68,27.6799,27.68,13392,0
ASCE.US,5,20260107,160000,27.64,27.64,27.64,27.64,100,0
ASCE.US,5,20260107,161000,27.56,27.56,27.56,27.56,100,0
ASCE.US,5,20260107,161500,27.53,27.53,27.527,27.527,700,0
ASCE.US,5,20260107,162500,27.56,27.59,27.56,27.59,305,0
ASCE.US,5,20260107,164000,27.63,27.63,27.63,27.63,252,0
ASCE.US,5,20260107,164500,27.62,27.62,27.6199,27.6199,200,0
ASCE.US,5,20260107,165000,27.6299,27.6299,27.6299,27.6299,434,0
ASCE.US,5,20260107,170000,27.65,27.65,27.64,27.64,200,0
ASCE.US,5,20260107,172000,27.68,27.68,27.6799,27.6799,678,0
ASCE.US,5,20260107,175000,27.77,27.77,27.77,27.77,100,0
ASCE.US,5,20260107,175500,27.76,27.76,27.76,27.76,496,0
ASCE.US,5,20260107,184000,27.8246,27.8246,27.8246,27.8246,298,0
ASCE.US,5,20260107,184500,27.82,27.82,27.82,27.82,100,0
ASCE.US,5,20260107,191500,27.78,27.78,27.78,27.78,100,0
ASCE.US,5,20260107,192500,27.78,27.78,27.78,27.78,100,0
ASCE.US,5,20260107,204500,27.84,27.84,27.84,27.84,100,0
ASCE.US,5,20260107,210500,27.82,27.82,27.82,27.82,435,0
ASCE.US,5,20260107,211000,27.83,27.83,27.815,27.815,220,0
ASCE.US,5,20260107,211500,27.81,27.81,27.81,27.81,100,0
ASCE.US,5,20260107,214500,27.8,27.8,27.8,27.8,1534,0
ASCE.US,5,20260107,215000,27.8,27.8,27.8,27.8,927,0
ASCE.US,5,20260107,215500,27.82,27.82,27.82,27.82,700,0
ASCE.US,5,20260108,161000,27.77,27.77,27.77,27.77,100,0
ASCE.US,5,20260108,161500,27.8184,27.82,27.81,27.82,972,0
ASCE.US,5,20260108,170500,27.745,27.745,27.745,27.745,142,0
ASCE.US,5,20260108,175000,27.86,27.86,27.86,27.86,206,0
ASCE.US,5,20260108,200000,27.83,28.64,27.83,27.8699,120858,0
ASCE.US,5,20260108,200500,27.85,27.86,27.85,27.85,1000,0
ASCE.US,5,20260108,201000,27.845,27.845,27.84,27.84,647,0
ASCE.US,5,20260108,201500,27.82,27.82,27.82,27.82,200,0
ASCE.US,5,20260108,202500,27.84,27.84,27.835,27.835,5457,0
ASCE.US,5,20260108,203000,27.865,27.865,27.865,27.865,500,0
ASCE.US,5,20260108,203500,27.87,27.87,27.87,27.87,300,0
ASCE.US,5,20260108,204000,27.86,27.86,27.86,27.86,100,0
ASCE.US,5,20260108,205000,27.873,27.873,27.873,27.873,125,0
ASCE.US,5,20260108,205500,27.86,27.86,27.86,27.86,100,0
ASCE.US,5,20260108,213000,27.9,27.9,27.9,27.9,100,0
ASCE.US,5,20260108,215000,27.92,27.92,27.92,27.92,100,0
ASCE.US,5,20260108,215500,27.92,27.92,27.92,27.92,920,0
ASCE.US,5,20260109,155000,28.14,28.14,28.14,28.14,446,0
ASCE.US,5,20260109,160000,28.2,28.2,28.02,28.02,819,0
ASCE.US,5,20260109,161000,27.93,27.95,27.93,27.95,200,0
ASCE.US,5,20260109,161500,28.02,28.02,28.02,28.02,100,0
ASCE.US,5,20260109,162000,28.08,28.12,28.08,28.12,2675,0
ASCE.US,5,20260109,163000,28.17,28.17,28.17,28.17,100,0
ASCE.US,5,20260109,163500,28.16,28.16,28.16,28.16,209,0
ASCE.US,5,20260109,164000,28.12,28.12,28.12,28.12,100,0
ASCE.US,5,20260109,164500,28.09,28.09,28.09,28.09,100,0
ASCE.US,5,20260109,181500,28.22,28.22,28.22,28.22,531,0
ASCE.US,5,20260109,185000,28.22,28.22,28.22,28.22,100,0
ASCE.US,5,20260109,185500,28.2,28.2,28.2,28.2,1682,0
ASCE.US,5,20260109,192500,28.19,28.19,28.19,28.19,200,0
ASCE.US,5,20260109,200500,28.17,28.17,28.17,28.17,736,0
ASCE.US,5,20260109,204500,28.18,28.18,28.18,28.18,100,0
ASCE.US,5,20260109,212500,28.155,28.155,28.155,28.155,177,0
ASCE.US,5,20260109,215500,28.19,28.19,28.19,28.19,200,0
ASCE.US,5,20260112,160000,28.06,28.06,28.06,28.06,100,0
ASCE.US,5,20260112,162000,27.9899,27.9899,27.98,27.98,778,0
ASCE.US,5,20260112,163000,28.02,28.02,28.015,28.02,1268,0
ASCE.US,5,20260112,165500,28.12,28.12,28.12,28.12,100,0
ASCE.US,5,20260112,170000,28.11,28.11,28.11,28.11,200,0
ASCE.US,5,20260112,171000,28.14,28.14,28.14,28.14,182,0
ASCE.US,5,20260112,173500,28.19,28.19,28.19,28.19,100,0
ASCE.US,5,20260112,182000,28.23,28.23,28.2299,28.2299,992,0
ASCE.US,5,20260112,185000,28.24,28.24,28.24,28.24,100,0
ASCE.US,5,20260112,192000,28.22,28.22,28.22,28.22,609,0
ASCE.US,5,20260112,193000,28.25,28.25,28.25,28.25,312,0
ASCE.US,5,20260112,202000,28.24,28.24,28.23,28.23,200,0
ASCE.US,5,20260112,203000,28.25,28.25,28.25,28.25,221,0
ASCE.US,5,20260113,160000,28.31,28.31,28.31,28.31,100,0
ASCE.US,5,20260113,161000,28.23,28.23,28.23,28.23,100,0
ASCE.US,5,20260113,161500,28.21,28.21,28.21,28.21,100,0
ASCE.US,5,20260113,163000,28.24,28.25,28.24,28.25,218,0
ASCE.US,5,20260113,171000,28.29,28.29,28.2899,28.2899,1200,0
ASCE.US,5,20260113,172500,28.26,28.26,28.24,28.24,200,0
ASCE.US,5,20260113,175000,28.38,28.38,28.3799,28.3799,6400,0
ASCE.US,5,20260113,175500,28.37,28.37,28.37,28.37,100,0
ASCE.US,5,20260113,181000,28.36,28.37,28.36,28.36,731,0
ASCE.US,5,20260113,190000,28.37,28.37,28.37,28.37,100,0
ASCE.US,5,20260113,193500,28.39,28.39,28.39,28.39,100,0
ASCE.US,5,20260113,194500,28.375,28.375,28.375,28.375,100,0
ASCE.US,5,20260113,195000,28.37,28.37,28.37,28.37,200,0
ASCE.US,5,20260113,201500,28.31,28.31,28.31,28.31,100,0
ASCE.US,5,20260113,202000,28.33,28.33,28.33,28.33,200,0
ASCE.US,5,20260113,203500,28.32,28.32,28.315,28.315,238,0
ASCE.US,5,20260113,205000,28.3,28.3,28.2999,28.2999,400,0
ASCE.US,5,20260113,213500,28.19,28.21,28.19,28.21,1154,0
ASCE.US,5,20260113,214500,28.21,28.21,28.21,28.21,100,0
ASCE.US,5,20260113,215000,28.21,28.21,28.2,28.2008,376,0
ASCE.US,5,20260114,160500,28.17,28.17,28.17,28.17,100,0
ASCE.US,5,20260114,161500,28.26,28.26,28.26,28.26,100,0
ASCE.US,5,20260114,164000,28.14,28.14,28.14,28.14,100,0
ASCE.US,5,20260114,171500,28.119,28.119,28.119,28.119,423,0
ASCE.US,5,20260114,172000,28.14,28.14,28.14,28.14,100,0
ASCE.US,5,20260114,174000,28.14,28.14,28.12,28.12,800,0
ASCE.US,5,20260114,174500,28.1,28.1,28.0999,28.0999,1482,0
ASCE.US,5,20260114,175000,28.03,28.03,28.03,28.03,100,0
ASCE.US,5,20260114,181500,28.07,28.07,28.07,28.07,100,0
ASCE.US,5,20260114,183500,27.98,27.98,27.98,27.98,100,0
ASCE.US,5,20260114,191000,28.04,28.04,28.04,28.04,100,0
ASCE.US,5,20260114,194500,28.02,28.02,28.02,28.02,100,0
ASCE.US,5,20260114,200500,28.07,28.07,28.07,28.07,409,0
ASCE.US,5,20260114,212500,28.14,28.14,28.14,28.14,100,0
ASCE.US,5,20260114,214500,28.15,28.15,28.1499,28.1499,400,0
ASCE.US,5,20260115,160000,28.409,28.409,28.409,28.409,111,0
ASCE.US,5,20260115,160500,28.44,28.44,28.44,28.44,100,0
ASCE.US,5,20260115,163000,28.509,28.509,28.509,28.509,434,0
ASCE.US,5,20260115,164500,28.53,28.54,28.53,28.54,284,0
ASCE.US,5,20260115,165000,28.5499,28.55,28.5499,28.55,350,0
ASCE.US,5,20260115,170000,28.64,28.64,28.63,28.6332,1324,0
ASCE.US,5,20260115,170500,28.63,28.63,28.63,28.63,100,0
ASCE.US,5,20260115,172000,28.68,28.68,28.68,28.68,209,0
ASCE.US,5,20260115,172500,28.66,28.66,28.66,28.66,100,0
ASCE.US,5,20260115,185000,28.6,28.6,28.6,28.6,100,0
ASCE.US,5,20260115,193500,28.64,28.64,28.64,28.64,213,0
ASCE.US,5,20260115,201000,28.62,28.62,28.62,28.62,100,0
ASCE.US,5,20260115,211500,28.61,28.61,28.61,28.61,100,0
ASCE.US,5,20260115,214500,28.583,28.583,28.583,28.583,184,0
ASCE.US,5,20260116,160500,28.5,28.5,28.5,28.5,100,0
ASCE.US,5,20260116,161000,28.51,28.51,28.51,28.51,300,0
ASCE.US,5,20260116,162500,28.4,28.42,28.4,28.42,781,0
ASCE.US,5,20260116,163000,28.415,28.415,28.415,28.415,313,0
ASCE.US,5,20260116,163500,28.41,28.41,28.35,28.35,200,0
ASCE.US,5,20260116,164000,28.36,28.36,28.36,28.36,200,0
ASCE.US,5,20260116,170000,28.49,28.49,28.49,28.49,670,0
ASCE.US,5,20260116,171000,28.53,28.53,28.53,28.53,5737,0
ASCE.US,5,20260116,175000,28.66,28.66,28.66,28.66,100,0
ASCE.US,5,20260116,175500,28.64,28.64,28.64,28.64,100,0
ASCE.US,5,20260116,180000,28.63,28.63,28.63,28.63,100,0
ASCE.US,5,20260116,183500,28.63,28.64,28.63,28.6335,5871,0
ASCE.US,5,20260116,184500,28.62,28.62,28.62,28.62,100,0
ASCE.US,5,20260116,190000,28.64,28.64,28.64,28.64,100,0
ASCE.US,5,20260116,190500,28.63,28.63,28.62,28.62,300,0
ASCE.US,5,20260116,193500,28.65,28.65,28.65,28.65,100,0
ASCE.US,5,20260116,194000,28.64,28.64,28.64,28.64,477,0
ASCE.US,5,20260116,194500,28.63,28.63,28.63,28.63,100,0
ASCE.US,5,20260116,200000,28.62,28.62,28.62,28.62,100,0
ASCE.US,5,20260116,200500,28.64,28.64,28.64,28.64,100,0
ASCE.US,5,20260116,201500,28.6,28.6,28.6,28.6,100,0
ASCE.US,5,20260116,204000,28.6,28.6,28.6,28.6,175,0
ASCE.US,5,20260116,205500,28.59,28.59,28.59,28.59,100,0
ASCE.US,5,20260116,210500,28.58,28.58,28.58,28.58,100,0
ASCE.US,5,20260116,213500,28.54,28.54,28.54,28.54,100,0
ASCE.US,5,20260116,214500,28.53,28.53,28.53,28.53,371,0
ASCE.US,5,20260116,215000,28.53,28.53,28.53,28.53,100,0
ASCE.US,5,20260116,215500,28.5,28.5,28.5,28.5,100,0
ASCE.US,5,20260120,161000,28.18,28.19,28.18,28.19,200,0
ASCE.US,5,20260120,161500,28.23,28.23,28.23,28.23,200,0
ASCE.US,5,20260120,162000,28.23,28.23,28.23,28.23,634,0
ASCE.US,5,20260120,165000,28.361,28.361,28.361,28.361,253,0
ASCE.US,5,20260120,170000,28.4,28.4,28.4,28.4,100,0
ASCE.US,5,20260120,173000,28.4038,28.4038,28.4038,28.4038,532,0
ASCE.US,5,20260120,173500,28.39,28.39,28.39,28.39,100,0
ASCE.US,5,20260120,175000,28.35,28.35,28.35,28.35,200,0
ASCE.US,5,20260120,191500,28.32,28.32,28.32,28.32,250,0
ASCE.US,5,20260120,192000,28.31,28.31,28.31,28.31,200,0
ASCE.US,5,20260120,194000,28.23,28.23,28.21,28.21,44934,0
ASCE.US,5,20260120,194500,28.225,28.225,28.22,28.22,400,0
ASCE.US,5,20260120,195000,28.2,28.2,28.2,28.2,100,0
ASCE.US,5,20260120,202500,28.17,28.17,28.17,28.17,100,0
ASCE.US,5,20260120,210500,28.14,28.14,28.14,28.14,6799,0
ASCE.US,5,20260120,211000,28.16,28.16,28.15,28.15,400,0
ASCE.US,5,20260120,211500,28.14,28.14,28.13,28.13,200,0
ASCE.US,5,20260120,212000,28.16,28.16,28.16,28.16,100,0
ASCE.US,5,20260120,212500,28.16,28.16,28.16,28.16,100,0
ASCE.US,5,20260120,214000,28.1478,28.16,28.1478,28.15,8863,0
ASCE.US,5,20260120,215000,28.14,28.15,28.14,28.15,855,0
ASCE.US,5,20260120,215500,28.13,28.13,28.13,28.13,520,0
ASCE.US,5,20260121,154500,28.4,28.4,28.4,28.4,100,0
ASCE.US,5,20260121,161500,28.49,28.49,28.49,28.49,100,0
ASCE.US,5,20260121,162500,28.47,28.47,28.38,28.38,200,0
ASCE.US,5,20260121,164000,28.5,28.5,28.4999,28.4999,366,0
ASCE.US,5,20260121,170500,28.51,28.51,28.43,28.43,200,0
ASCE.US,5,20260121,173000,28.43,28.4301,28.43,28.4301,728,0
ASCE.US,5,20260121,173500,28.43,28.43,28.43,28.43,100,0
ASCE.US,5,20260121,174500,28.38,28.38,28.38,28.38,211,0
ASCE.US,5,20260121,180000,28.28,28.28,28.28,28.28,200,0
ASCE.US,5,20260121,180500,28.21,28.21,28.21,28.21,185,0
ASCE.US,5,20260121,181000,28.15,28.16,28.15,28.16,1927,0
ASCE.US,5,20260121,185500,28.27,28.27,28.27,28.27,100,0
ASCE.US,5,20260121,190000,28.26,28.26,28.26,28.26,100,0
ASCE.US,5,20260121,200000,28.28,28.28,28.28,28.28,200,0
ASCE.US,5,20260121,202000,28.29,28.29,28.29,28.29,100,0
ASCE.US,5,20260121,210500,28.5398,28.54,28.5398,28.54,3736,0
ASCE.US,5,20260121,211000,28.53,28.53,28.52,28.52,200,0
ASCE.US,5,20260121,211500,28.51,28.51,28.51,28.51,200,0
ASCE.US,5,20260121,212000,28.51,28.51,28.51,28.51,100,0
ASCE.US,5,20260121,212500,28.4801,28.4801,28.4801,28.4801,358,0
ASCE.US,5,20260121,214000,28.49,28.49,28.49,28.49,100,0
ASCE.US,5,20260121,215000,28.47,28.5,28.47,28.5,1441,0
ASCE.US,5,20260122,153500,28.95,28.95,28.95,28.95,2122,0
ASCE.US,5,20260122,155000,28.71,28.71,28.71,28.71,100,0
ASCE.US,5,20260122,161000,28.66,28.66,28.66,28.66,200,0
ASCE.US,5,20260122,161500,28.72,28.72,28.72,28.72,151,0
ASCE.US,5,20260122,163500,28.79,28.79,28.79,28.79,100,0
ASCE.US,5,20260122,164000,28.8,28.805,28.8,28.8,800,0
ASCE.US,5,20260122,165500,28.8,28.8,28.8,28.8,100,0
ASCE.US,5,20260122,173500,28.84,28.84,28.82,28.84,547,0
ASCE.US,5,20260122,175000,28.85,28.85,28.85,28.85,100,0
ASCE.US,5,20260122,183000,28.86,28.86,28.86,28.86,100,0
ASCE.US,5,20260122,184500,28.88,28.88,28.88,28.88,2121,0
ASCE.US,5,20260122,185500,28.89,28.89,28.88,28.88,300,0
ASCE.US,5,20260122,190000,28.88,28.88,28.88,28.88,100,0
ASCE.US,5,20260122,190500,28.88,28.88,28.88,28.88,200,0
ASCE.US,5,20260122,203000,28.81,28.81,28.81,28.81,100,0
ASCE.US,5,20260122,211000,28.78,28.78,28.78,28.78,100,0
ASCE.US,5,20260122,214500,28.715,28.72,28.715,28.72,358,0
ASCE.US,5,20260122,215000,28.72,28.72,28.72,28.72,100,0
ASCE.US,5,20260122,215500,28.75,28.75,28.75,28.75,1176,0
ASCE.US,5,20260123,161000,28.55,28.55,28.55,28.55,200,0
ASCE.US,5,20260123,180000,28.4,28.4,28.4,28.4,200,0
ASCE.US,5,20260123,181000,28.415,28.415,28.415,28.415,700,0
ASCE.US,5,20260123,182500,28.41,28.415,28.41,28.415,1760,0
ASCE.US,5,20260123,183000,28.41,28.41,28.41,28.41,100,0
ASCE.US,5,20260123,193500,28.3175,28.3175,28.3175,28.3175,109,0
ASCE.US,5,20260123,194000,28.33,28.33,28.32,28.32,479,0
ASCE.US,5,20260123,194500,28.3099,28.33,28.3099,28.33,488,0
ASCE.US,5,20260123,203500,28.38,28.39,28.38,28.39,860,0
ASCE.US,5,20260123,204000,28.38,28.38,28.38,28.38,200,0
ASCE.US,5,20260123,210500,28.39,28.39,28.39,28.39,100,0
ASCE.US,5,20260123,211000,28.375,28.375,28.375,28.375,1472,0
ASCE.US,5,20260123,212000,28.39,28.39,28.39,28.39,100,0
