<TICKER>,<PER>,<DATE>,<TIME>,<OPEN>,<HIGH>,<LOW>,<CLOSE>,<VOL>,<OPENINT>
FTMS.US,5,20251027,194500,9.94,9.94,9.94,9.94,701,0
FTMS.US,5,20251027,200000,9.9418,9.9418,9.9418,9.9418,270,0
FTMS.US,5,20251027,200500,9.942,9.942,9.942,9.942,1017,0
FTMS.US,5,20251027,202500,9.9401,9.9401,9.9401,9.9401,3250,0
FTMS.US,5,20251028,143000,9.92,9.9204,9.92,9.9204,3746,0
FTMS.US,5,20251028,151500,9.94,9.9401,9.93,9.9401,1880,0
FTMS.US,5,20251028,152000,9.945,9.945,9.93,9.9303,1945,0
FTMS.US,5,20251028,153000,9.94,9.9449,9.93,9.9449,7108,0
FTMS.US,5,20251028,153500,9.94,9.9401,9.93,9.9301,3766,0
FTMS.US,5,20251028,162500,9.94,9.94,9.94,9.94,100,0
FTMS.US,5,20251028,163000,9.93,9.9303,9.93,9.9303,2288,0
FTMS.US,5,20251028,164500,9.9396,9.9396,9.9396,9.9396,4159,0
FTMS.US,5,20251028,173000,9.94,9.94,9.94,9.94,409,0
FTMS.US,5,20251028,182000,9.9303,9.9303,9.9303,9.9303,2269,0
FTMS.US,5,20251028,182500,9.94,9.94,9.94,9.94,5197,0
FTMS.US,5,20251028,183000,9.93,9.9401,9.93,9.9401,5109,0
FTMS.US,5,20251028,193000,9.9499,9.95,9.935,9.95,24618,0
FTMS.US,5,20251028,194000,9.9306,9.9306,9.9306,9.9306,8761,0
FTMS.US,5,20251028,195000,9.95,9.95,9.95,9.95,722,0
FTMS.US,5,20251028,200500,9.94,9.9401,9.93,9.9301,7400,0
FTMS.US,5,20251028,201000,9.93,9.93,9.93,9.93,246,0
FTMS.US,5,20251028,202000,9.95,9.95,9.95,9.95,200,0
FTMS.US,5,20251028,204000,9.95,9.95,9.9499,9.9499,458,0
FTMS.US,5,20251029,143000,9.92,9.92,9.92,9.92,846,0
FTMS.US,5,20251029,143500,9.92,9.92,9.92,9.92,875,0
FTMS.US,5,20251029,161500,9.95,9.95,9.95,9.95,1072,0
FTMS.US,5,20251029,162500,9.935,9.935,9.935,9.935,1269,0
FTMS.US,5,20251029,165000,9.93,9.93,9.93,9.93,13913,0
FTMS.US,5,20251029,170000,9.935,9.935,9.935,9.935,515,0
FTMS.US,5,20251029,170500,9.949,9.9499,9.92,9.93,15013,0
FTMS.US,5,20251029,181500,9.9201,9.95,9.9201,9.9499,10448,0
FTMS.US,5,20251029,182000,9.93,9.93,9.93,9.93,7137,0
FTMS.US,5,20251029,183000,9.936,9.936,9.9203,9.9203,1653,0
FTMS.US,5,20251029,194000,9.925,9.925,9.925,9.925,100,0
FTMS.US,5,20251029,200000,9.935,9.935,9.935,9.935,389,0
FTMS.US,5,20251029,203000,9.9296,9.9296,9.9296,9.9296,4987,0
FTMS.US,5,20251029,204000,9.93,9.93,9.93,9.93,2400,0
FTMS.US,5,20251029,204500,9.93,9.93,9.92,9.92,4986,0
FTMS.US,5,20251029,205000,9.92,9.92,9.92,9.92,100,0
FTMS.US,5,20251030,144000,9.92,9.92,9.92,9.92,100,0
FTMS.US,5,20251030,153000,9.9362,9.9362,9.9362,9.9362,1227,0
FTMS.US,5,20251030,163500,9.9304,9.9304,9.9304,9.9304,1919,0
FTMS.US,5,20251030,184500,9.9311,9.94,9.9311,9.94,290426,0
FTMS.US,5,20251030,185000,9.94,9.94,9.94,9.94,200846,0
FTMS.US,5,20251030,185500,9.93,9.9386,9.93,9.9386,2520,0
FTMS.US,5,20251030,190000,9.93,9.93,9.93,9.93,100,0
FTMS.US,5,20251030,191000,9.93,9.935,9.9001,9.925,7636,0
FTMS.US,5,20251030,191500,9.93,9.93,9.925,9.925,1000,0
FTMS.US,5,20251030,200000,9.925,9.925,9.925,9.925,100,0
FTMS.US,5,20251030,200500,9.94,9.94,9.94,9.94,484,0
FTMS.US,5,20251030,202000,9.9265,9.94,9.925,9.94,11773,0
FTMS.US,5,20251030,203000,9.9202,9.9202,9.9202,9.9202,265,0
FTMS.US,5,20251030,203500,9.93,9.93,9.9201,9.9284,2590,0
FTMS.US,5,20251030,204500,9.93,9.93,9.93,9.93,200,0
FTMS.US,5,20251030,205000,9.93,9.93,9.93,9.93,1200,0
FTMS.US,5,20251030,205500,9.93,9.93,9.925,9.925,400,0
FTMS.US,5,20251031,155000,9.95,9.95,9.95,9.95,805,0
FTMS.US,5,20251031,161500,9.95,9.95,9.95,9.95,1000,0
FTMS.US,5,20251031,165500,9.9428,9.9428,9.9428,9.9428,518,0
FTMS.US,5,20251031,170000,9.945,9.945,9.945,9.945,713,0
FTMS.US,5,20251031,175000,9.94,9.94,9.87,9.94,41812,0
FTMS.US,5,20251031,175500,9.94,9.94,9.87,9.93,61299,0
FTMS.US,5,20251031,180000,9.93,9.93,9.93,9.93,10300,0
FTMS.US,5,20251031,181500,9.91,9.91,9.91,9.91,100,0
FTMS.US,5,20251031,182500,9.92,9.93,9.92,9.93,50200,0
FTMS.US,5,20251031,184500,9.93,9.93,9.93,9.93,100,0
FTMS.US,5,20251031,191500,9.9368,9.9368,9.92,9.92,325,0
FTMS.US,5,20251031,194500,9.93,9.94,9.9,9.92,21964,0
FTMS.US,5,20251031,195000,9.91,9.93,9.91,9.93,9376,0
FTMS.US,5,20251031,201500,9.925,9.925,9.92,9.92,399,0
FTMS.US,5,20251031,204000,9.92,9.92,9.92,9.92,300,0
FTMS.US,5,20251103,153500,9.93,9.93,9.93,9.93,800,0
FTMS.US,5,20251103,161500,9.93,9.93,9.93,9.93,4988,0
FTMS.US,5,20251103,162000,9.93,9.93,9.93,9.93,100,0
FTMS.US,5,20251103,171500,9.93,9.94,9.92,9.93,6572,0
FTMS.US,5,20251103,174500,9.93,9.94,9.71,9.94,39196,0
FTMS.US,5,20251103,191000,9.9416,9.9416,9.9416,9.9416,216,0
FTMS.US,5,20251103,204000,9.9482,9.95,9.9482,9.95,6836,0
FTMS.US,5,20251103,204500,9.95,9.95,9.95,9.95,54187,0
FTMS.US,5,20251103,213500,9.9435,9.945,9.9435,9.945,436,0
FTMS.US,5,20251103,214000,9.9442,9.9442,9.935,9.935,11792,0
FTMS.US,5,20251103,214500,9.937,9.94,9.937,9.94,6853,0
FTMS.US,5,20251103,215500,9.94,9.94,9.94,9.94,2200,0
FTMS.US,5,20251104,162500,9.93,9.935,9.92,9.93,7348,0
FTMS.US,5,20251104,164500,9.935,9.935,9.92,9.9349,3700,0
FTMS.US,5,20251104,165000,9.93,9.93,9.93,9.93,100,0
FTMS.US,5,20251104,173000,9.92,9.92,9.92,9.92,600,0
FTMS.US,5,20251104,180500,9.93,9.93,9.92,9.92,12613,0
FTMS.US,5,20251104,181000,9.93,9.93,9.93,9.93,8707,0
FTMS.US,5,20251104,183000,9.935,9.935,9.92,9.92,2539,0
FTMS.US,5,20251104,183500,9.9335,9.9335,9.9335,9.9335,395,0
FTMS.US,5,20251104,194000,9.9225,9.9225,9.9225,9.9225,2236,0
FTMS.US,5,20251104,203000,9.9296,9.94,9.9296,9.94,6647,0
FTMS.US,5,20251104,205000,9.935,9.94,9.92,9.94,25951,0
FTMS.US,5,20251104,210500,9.925,9.925,9.925,9.925,400,0
FTMS.US,5,20251104,212000,9.9103,9.9103,9.9103,9.9103,7121,0
FTMS.US,5,20251104,213000,9.92,9.92,9.92,9.92,394,0
FTMS.US,5,20251105,153000,9.935,9.935,9.92,9.92,4211,0
FTMS.US,5,20251105,154500,9.93,9.93,9.93,9.93,24000,0
FTMS.US,5,20251105,171000,9.933,9.933,9.933,9.933,2260,0
FTMS.US,5,20251105,171500,9.9499,9.9499,9.9499,9.9499,236,0
FTMS.US,5,20251105,172000,9.9405,9.9405,9.9405,9.9405,615,0
FTMS.US,5,20251105,172500,9.94,9.94,9.94,9.94,100,0
FTMS.US,5,20251105,175000,9.943,9.943,9.943,9.943,2504,0
FTMS.US,5,20251105,191000,9.94,9.94,9.93,9.93,1700,0
FTMS.US,5,20251105,195500,9.935,9.94,9.86,9.93,22967,0
FTMS.US,5,20251105,201000,9.92,9.92,9.92,9.92,603,0
FTMS.US,5,20251105,203500,9.93,9.93,9.93,9.93,3027,0
FTMS.US,5,20251105,204000,9.95,9.95,9.9335,9.9335,621,0
FTMS.US,5,20251105,204500,9.9434,9.9434,9.9326,9.9326,2709,0
FTMS.US,5,20251105,210000,9.93,9.93,9.9201,9.9201,4400,0
FTMS.US,5,20251105,210500,9.93,9.93,9.93,9.93,100,0
FTMS.US,5,20251105,211000,9.94,9.94,9.93,9.93,900,0
FTMS.US,5,20251105,213000,9.95,9.95,9.95,9.95,2330,0
FTMS.US,5,20251105,213500,9.94,9.95,9.94,9.9499,2300,0
FTMS.US,5,20251105,215000,9.9365,9.9365,9.9365,9.9365,500,0
FTMS.US,5,20251105,215500,9.93,9.93,9.93,9.93,100,0
FTMS.US,5,20251106,154000,9.93,9.93,9.93,9.93,100,0
FTMS.US,5,20251106,155500,9.95,9.95,9.95,9.95,200,0
FTMS.US,5,20251106,161000,9.94,9.9449,9.93,9.9449,4700,0
FTMS.US,5,20251106,163000,9.93,9.93,9.93,9.93,100,0
FTMS.US,5,20251106,164500,9.96,9.96,9.96,9.96,138,0
FTMS.US,5,20251106,165000,9.93,9.93,9.93,9.93,100,0
FTMS.US,5,20251106,172500,9.93,9.94,9.87,9.87,20388,0
FTMS.US,5,20251106,175500,9.93,9.93,9.93,9.93,100,0
FTMS.US,5,20251106,190500,9.95,9.95,9.9264,9.95,10882,0
FTMS.US,5,20251106,192000,9.95,9.95,9.95,9.95,100,0
FTMS.US,5,20251106,193000,9.93,9.93,9.93,9.93,100,0
FTMS.US,5,20251106,193500,9.95,9.95,9.95,9.95,100,0
FTMS.US,5,20251106,194000,9.93,9.93,9.93,9.93,100,0
FTMS.US,5,20251106,195000,9.95,9.95,9.95,9.95,100,0
FTMS.US,5,20251106,195500,9.935,9.935,9.935,9.935,120,0
FTMS.US,5,20251106,200000,9.93,9.93,9.93,9.93,100,0
FTMS.US,5,20251106,200500,9.95,9.95,9.95,9.95,100,0
FTMS.US,5,20251106,201500,9.9465,9.9465,9.9465,9.9465,955,0
FTMS.US,5,20251106,202000,9.95,9.95,9.95,9.95,100,0
FTMS.US,5,20251106,203000,9.95,9.95,9.95,9.95,100,0
FTMS.US,5,20251106,203500,9.93,9.93,9.93,9.93,100,0
FTMS.US,5,20251106,204000,9.93,9.93,9.87,9.93,29920,0
FTMS.US,5,20251106,204500,9.94,9.94,9.94,9.94,100,0
FTMS.US,5,20251106,210000,9.93,9.94,9.93,9.93,300,0
FTMS.US,5,20251106,210500,9.93,9.93,9.93,9.93,100,0
FTMS.US,5,20251106,211000,9.93,9.9301,9.92,9.9201,6372,0
FTMS.US,5,20251106,211500,9.93,9.93,9.93,9.93,200,0
FTMS.US,5,20251106,213000,9.93,9.93,9.89,9.92,38278,0
FTMS.US,5,20251106,215000,9.93,9.93,9.93,9.93,24444,0
FTMS.US,5,20251107,153000,9.92,9.93,9.92,9.93,392,0
FTMS.US,5,20251107,154000,9.94,9.94,9.94,9.94,900,0
FTMS.US,5,20251107,160000,9.93,9.93,9.93,9.93,100,0
FTMS.US,5,20251107,160500,9.937,9.937,9.937,9.937,261,0
FTMS.US,5,20251107,164000,9.94,9.94,9.94,9.94,100,0
FTMS.US,5,20251107,170000,9.94,9.9401,9.94,9.9401,3376,0
FTMS.US,5,20251107,172000,9.94,9.94,9.94,9.94,100,0
FTMS.US,5,20251107,190000,9.9495,9.9495,9.9495,9.9495,750,0
FTMS.US,5,20251107,193000,9.94,9.94,9.94,9.94,100,0
FTMS.US,5,20251107,194000,9.93,9.95,9.93,9.95,8061,0
FTMS.US,5,20251107,194500,9.94,9.94,9.94,9.94,100,0
FTMS.US,5,20251107,195500,9.94,9.94,9.94,9.94,100,0
FTMS.US,5,20251107,201000,9.94,9.94,9.93,9.93,1200,0
FTMS.US,5,20251107,201500,9.94,9.94,9.94,9.94,100,0
FTMS.US,5,20251107,202500,9.9369,9.9369,9.9369,9.9369,1704,0
FTMS.US,5,20251107,211500,9.95,9.95,9.93,9.93,3216,0
FTMS.US,5,20251107,212000,9.935,9.95,9.935,9.95,13041,0
FTMS.US,5,20251107,214500,9.9395,9.9395,9.9395,9.9395,2440,0
FTMS.US,5,20251110,160000,9.9388,9.9388,9.93,9.93,1352,0
FTMS.US,5,20251110,162000,9.93,9.93,9.93,9.93,100,0
FTMS.US,5,20251110,164500,9.9497,9.9497,9.9497,9.9497,500,0
FTMS.US,5,20251110,171500,9.935,9.935,9.935,9.935,261,0
FTMS.US,5,20251110,174000,9.9347,9.9347,9.9347,9.9347,3641,0
FTMS.US,5,20251110,182500,9.9365,9.9365,9.93,9.93,418,0
FTMS.US,5,20251110,184500,9.9203,9.9203,9.9203,9.9203,4696,0
FTMS.US,5,20251110,195000,9.9497,9.9497,9.9497,9.9497,111,0
FTMS.US,5,20251110,195500,9.9374,9.9374,9.9374,9.9374,236,0
FTMS.US,5,20251110,203000,9.9305,9.95,9.9203,9.95,12593,0
FTMS.US,5,20251111,182000,9.943,9.943,9.943,9.943,261,0
FTMS.US,5,20251111,195000,9.9349,9.941,9.93,9.93,617,0
FTMS.US,5,20251111,195500,9.9429,9.9429,9.94,9.94,5330,0
FTMS.US,5,20251111,202000,9.94,9.94,9.9336,9.9336,460,0
FTMS.US,5,20251111,202500,9.9446,9.9446,9.9446,9.9446,3557,0
FTMS.US,5,20251112,155000,9.949,9.95,9.94,9.94,7006,0
FTMS.US,5,20251112,160000,9.941,9.941,9.941,9.941,862,0
FTMS.US,5,20251112,161500,9.9302,9.9302,9.9302,9.9302,2536,0
FTMS.US,5,20251112,193000,9.94,9.95,9.94,9.94,5549,0
FTMS.US,5,20251112,193500,9.9498,9.9498,9.9301,9.9301,1639,0
FTMS.US,5,20251112,200000,9.93,9.94,9.93,9.94,1360,0
FTMS.US,5,20251112,202500,9.9492,9.9492,9.9492,9.9492,704,0
FTMS.US,5,20251112,211000,9.94,9.9426,9.94,9.9426,2988,0
FTMS.US,5,20251112,211500,9.9401,9.9401,9.9401,9.9401,13654,0
FTMS.US,5,20251112,212500,9.945,9.945,9.945,9.945,100,0
FTMS.US,5,20251112,214500,9.945,9.945,9.94,9.94,4272,0
FTMS.US,5,20251113,153000,9.94,9.94,9.94,9.94,2823,0
FTMS.US,5,20251113,153500,9.94,9.94,9.94,9.94,600,0
FTMS.US,5,20251113,165500,9.9346,9.9346,9.9346,9.9346,4267,0
FTMS.US,5,20251113,170500,9.935,9.935,9.935,9.935,3100,0
FTMS.US,5,20251113,172000,9.9305,9.9305,9.9305,9.9305,2085,0
FTMS.US,5,20251113,184500,9.9415,9.9415,9.94,9.94,8908,0
FTMS.US,5,20251113,191000,9.9336,9.95,9.9336,9.94,7124,0
FTMS.US,5,20251113,192000,9.94,9.94,9.94,9.94,100,0
FTMS.US,5,20251113,192500,9.9301,9.9301,9.9301,9.9301,2470,0
FTMS.US,5,20251113,194000,9.9301,9.9301,9.9301,9.9301,1174,0
FTMS.US,5,20251113,195000,9.9301,9.94,9.9301,9.94,954,0
FTMS.US,5,20251113,201500,9.94,9.94,9.94,9.94,100,0
FTMS.US,5,20251113,202500,9.949,9.95,9.949,9.9499,1400,0
FTMS.US,5,20251113,204000,9.94,9.94,9.94,9.94,100,0
FTMS.US,5,20251113,204500,9.9439,9.9439,9.94,9.94,428,0
FTMS.US,5,20251113,205000,9.94,9.94,9.94,9.94,1542,0
FTMS.US,5,20251113,212000,9.95,9.95,9.95,9.95,1034,0
FTMS.US,5,20251113,212500,9.943,9.943,9.943,9.943,815,0
FTMS.US,5,20251113,215500,9.94,9.94,9.94,9.94,2306,0
FTMS.US,5,20251114,153000,9.93,9.93,9.93,9.93,100,0
FTMS.US,5,20251114,153500,9.94,9.94,9.94,9.94,581,0
FTMS.US,5,20251114,162000,9.93,9.93,9.93,9.93,100,0
FTMS.US,5,20251114,163000,9.9345,9.9345,9.9345,9.9345,6580,0
FTMS.US,5,20251114,163500,9.9271,9.9271,9.9271,9.9271,713,0
FTMS.US,5,20251114,170000,9.9383,9.9383,9.9383,9.9383,1000,0
FTMS.US,5,20251114,173000,9.949,9.95,9.935,9.935,5509,0
FTMS.US,5,20251114,175500,9.935,9.935,9.935,9.935,284,0
FTMS.US,5,20251114,180000,9.949,9.95,9.949,9.95,4200,0
FTMS.US,5,20251114,181000,9.9257,9.9257,9.9257,9.9257,1633,0
FTMS.US,5,20251114,185000,9.9201,9.9294,9.9201,9.9294,1983,0
FTMS.US,5,20251114,191000,9.94,9.94,9.94,9.94,40419,0
FTMS.US,5,20251114,201500,9.9597,9.9597,9.95,9.95,517,0
FTMS.US,5,20251114,202000,9.95,9.95,9.94,9.94,6031,0
FTMS.US,5,20251114,202500,9.94,9.94,9.94,9.94,100,0
FTMS.US,5,20251114,212000,9.95,9.95,9.94,9.94,250,0
FTMS.US,5,20251114,212500,9.9484,9.95,9.9484,9.95,532,0
FTMS.US,5,20251114,213000,9.96,9.96,9.94,9.94,98834,0
FTMS.US,5,20251117,161500,9.94,9.94,9.94,9.94,100,0
FTMS.US,5,20251117,184500,9.9468,9.9468,9.9468,9.9468,2447,0
FTMS.US,5,20251117,190000,9.93,9.93,9.93,9.93,303,0
FTMS.US,5,20251117,204000,9.945,9.95,9.94,9.94,14164,0
FTMS.US,5,20251117,213500,9.94,9.94,9.94,9.94,20724,0
FTMS.US,5,20251117,214000,9.9304,9.9304,9.9304,9.9304,1070,0
FTMS.US,5,20251117,215500,9.9465,9.96,9.9465,9.96,670,0
FTMS.US,5,20251118,155500,9.95,9.95,9.95,9.95,100,0
FTMS.US,5,20251118,165500,9.947,9.947,9.947,9.947,2287,0
FTMS.US,5,20251118,171000,9.9504,10.01,9.95,9.96,45223,0
FTMS.US,5,20251118,173500,9.9409,9.9409,9.9409,9.9409,201,0
FTMS.US,5,20251118,182000,9.96,9.9699,9.96,9.9699,259,0
FTMS.US,5,20251118,184500,9.96,9.96,9.96,9.96,1000,0
FTMS.US,5,20251118,190500,9.94,9.94,9.94,9.94,100,0
FTMS.US,5,20251118,200500,9.9799,9.9799,9.97,9.97,10100,0
FTMS.US,5,20251118,203500,9.95,9.9665,9.95,9.9665,1254,0
FTMS.US,5,20251118,204000,9.965,9.965,9.9543,9.9543,3742,0
FTMS.US,5,20251118,210500,9.95,9.95,9.95,9.95,100,0
FTMS.US,5,20251118,211500,9.9776,9.9776,9.9776,9.9776,290,0
FTMS.US,5,20251118,212000,9.95,9.95,9.95,9.95,100,0
FTMS.US,5,20251118,212500,9.9635,9.9635,9.95,9.95,301,0
FTMS.US,5,20251118,213500,9.95,9.95,9.95,9.95,100,0
FTMS.US,5,20251118,214500,9.95,9.95,9.95,9.95,100,0
FTMS.US,5,20251118,215500,9.97,9.98,9.965,9.965,2497,0
FTMS.US,5,20251119,153000,9.93,9.93,9.93,9.93,4182,0
FTMS.US,5,20251119,161000,9.94,9.94,9.94,9.94,100,0
FTMS.US,5,20251119,164500,9.945,9.945,9.945,9.945,266,0
FTMS.US,5,20251119,170000,9.94,9.94,9.94,9.94,100,0
FTMS.US,5,20251119,181000,9.95,9.95,9.95,9.95,11109,0
FTMS.US,5,20251119,182000,9.9477,9.95,9.9477,9.95,8677,0
FTMS.US,5,20251119,183500,9.9446,9.9446,9.9446,9.9446,321,0
FTMS.US,5,20251119,194000,9.945,9.945,9.9435,9.9435,2431,0
FTMS.US,5,20251119,200500,9.93,9.93,9.92,9.93,31000,0
FTMS.US,5,20251119,201000,9.9347,9.9347,9.9347,9.9347,685,0
FTMS.US,5,20251119,202000,9.9335,9.9335,9.9335,9.9335,705,0
FTMS.US,5,20251119,202500,9.9335,9.9335,9.9335,9.9335,905,0
FTMS.US,5,20251119,204500,9.93,9.93,9.93,9.93,100,0
FTMS.US,5,20251119,210500,9.93,9.93,9.93,9.93,338,0
FTMS.US,5,20251119,215000,9.9311,9.9311,9.9311,9.9311,220,0
FTMS.US,5,20251119,215500,9.92,9.92,9.92,9.92,100,0
FTMS.US,5,20251120,153000,9.93,9.93,9.93,9.93,100,0
FTMS.US,5,20251120,153500,9.93,9.93,9.93,9.93,100,0
FTMS.US,5,20251120,154000,9.93,9.93,9.929,9.929,1905,0
FTMS.US,5,20251120,160000,9.93,9.93,9.93,9.93,100,0
FTMS.US,5,20251120,161000,9.9201,9.95,9.9201,9.935,15541,0
FTMS.US,5,20251120,164000,9.9498,9.9498,9.9498,9.9498,223,0
FTMS.US,5,20251120,171500,9.9411,9.9411,9.94,9.94,1035,0
FTMS.US,5,20251120,184000,9.945,9.945,9.945,9.945,909,0
FTMS.US,5,20251120,190000,9.949,9.95,9.949,9.9499,2715,0
FTMS.US,5,20251120,191500,9.965,9.965,9.965,9.965,100,0
FTMS.US,5,20251120,192500,9.965,9.965,9.965,9.965,100,0
FTMS.US,5,20251120,194500,9.9435,9.9435,9.9435,9.9435,502,0
FTMS.US,5,20251120,200500,9.945,9.945,9.945,9.945,725,0
FTMS.US,5,20251120,201500,9.94,9.94,9.94,9.94,100,0
FTMS.US,5,20251120,203000,9.9468,9.9468,9.9468,9.9468,3287,0
FTMS.US,5,20251120,205500,9.9427,9.9427,9.9427,9.9427,239,0
FTMS.US,5,20251120,211000,9.949,9.949,9.9453,9.9453,1570,0
FTMS.US,5,20251120,212000,9.9455,9.9455,9.9435,9.945,6370,0
FTMS.US,5,20251120,212500,9.95,9.95,9.95,9.95,100,0
FTMS.US,5,20251120,214500,9.949,9.95,9.9461,9.9461,2001,0
FTMS.US,5,20251120,215000,9.945,9.945,9.945,9.945,653,0
FTMS.US,5,20251121,161000,9.94,9.94,9.94,9.94,100,0
FTMS.US,5,20251121,172000,9.95,9.95,9.95,9.95,203,0
FTMS.US,5,20251121,173000,9.94,9.94,9.94,9.94,5359,0
FTMS.US,5,20251121,180000,9.9597,9.96,9.9597,9.96,631,0
FTMS.US,5,20251121,181500,9.9594,9.9594,9.9594,9.9594,500,0
FTMS.US,5,20251121,183500,9.95,9.95,9.95,9.95,1239,0
FTMS.US,5,20251121,191500,9.94,9.94,9.94,9.94,100,0
FTMS.US,5,20251121,194000,9.9499,9.9499,9.9499,9.9499,2280,0
FTMS.US,5,20251121,200000,9.9408,9.9408,9.9408,9.9408,425,0
FTMS.US,5,20251121,201500,9.951,9.951,9.951,9.951,834,0
FTMS.US,5,20251121,202500,9.9422,9.9422,9.9403,9.9403,625,0
FTMS.US,5,20251121,203000,9.96,9.96,9.9401,9.9555,12955,0
FTMS.US,5,20251121,205500,9.9408,9.95,9.9408,9.95,2987,0
FTMS.US,5,20251121,212000,9.96,9.96,9.96,9.96,200,0
FTMS.US,5,20251121,212500,9.94,9.9401,9.94,9.9401,3112,0
FTMS.US,5,20251121,213000,9.95,9.95,9.95,9.95,100,0
FTMS.US,5,20251121,213500,9.95,9.95,9.95,9.95,100,0
FTMS.US,5,20251121,214500,9.94,9.94,9.94,9.94,23519,0
FTMS.US,5,20251121,215000,9.9402,9.9402,9.94,9.94,642,0
FTMS.US,5,20251124,161500,9.94,9.96,9.94,9.96,15627,0
FTMS.US,5,20251124,162500,9.9468,9.9495,9.9468,9.9495,2241,0
FTMS.US,5,20251124,164000,9.9301,9.9301,9.9301,9.9301,1511,0
FTMS.US,5,20251124,170000,9.9363,9.9363,9.9363,9.9363,1000,0
FTMS.US,5,20251124,170500,9.95,9.95,9.95,9.95,6087,0
FTMS.US,5,20251124,180000,9.945,9.945,9.945,9.945,2785,0
FTMS.US,5,20251124,180500,9.94,9.96,9.9311,9.96,15839,0
FTMS.US,5,20251124,181000,9.95,9.95,9.95,9.95,200,0
FTMS.US,5,20251124,181500,9.95,9.95,9.95,9.95,200,0
FTMS.US,5,20251124,182000,9.95,9.95,9.95,9.95,200,0
FTMS.US,5,20251124,183000,9.95,9.95,9.95,9.95,200,0
FTMS.US,5,20251124,183500,9.96,9.96,9.96,9.96,200,0
FTMS.US,5,20251124,184000,9.96,9.96,9.96,9.96,200,0
FTMS.US,5,20251124,184500,9.96,9.96,9.96,9.96,200,0
FTMS.US,5,20251124,185000,9.96,9.96,9.96,9.96,200,0
FTMS.US,5,20251124,185500,9.96,9.96,9.96,9.96,200,0
FTMS.US,5,20251124,190000,9.96,9.96,9.96,9.96,200,0
FTMS.US,5,20251124,193000,9.94,9.94,9.94,9.94,100,0
FTMS.US,5,20251124,195000,9.94,9.94,9.94,9.94,163,0
FTMS.US,5,20251124,200000,9.9405,9.9405,9.9405,9.9405,263,0
FTMS.US,5,20251124,200500,9.96,9.96,9.945,9.945,3636,0
FTMS.US,5,20251124,201000,9.94,9.96,9.94,9.96,300,0
FTMS.US,5,20251124,212500,9.94,9.96,9.93,9.94,15180,0
FTMS.US,5,20251124,215500,9.96,9.96,9.96,9.96,100,0
FTMS.US,5,20251125,153500,9.9357,9.9357,9.9357,9.9357,1165,0
FTMS.US,5,20251125,154000,9.945,9.945,9.945,9.945,1017,0
FTMS.US,5,20251125,160000,9.94,9.94,9.94,9.94,100,0
FTMS.US,5,20251125,161000,9.9599,9.9599,9.945,9.945,5957,0
FTMS.US,5,20251125,161500,9.96,9.96,9.96,9.96,137,0
FTMS.US,5,20251125,162000,9.9461,9.9461,9.94,9.94,2059,0
FTMS.US,5,20251125,162500,9.94,9.94,9.94,9.94,200,0
FTMS.US,5,20251125,163000,9.945,9.945,9.945,9.945,274,0
FTMS.US,5,20251125,163500,9.9595,9.9595,9.9595,9.9595,663,0
FTMS.US,5,20251125,164000,9.94,9.94,9.94,9.94,100,0
FTMS.US,5,20251125,165500,9.9395,9.9395,9.9395,9.9395,450,0
FTMS.US,5,20251125,183000,9.94,9.94,9.94,9.94,3018,0
FTMS.US,5,20251125,201000,9.94,9.95,9.94,9.95,2200,0
FTMS.US,5,20251125,201500,9.95,9.95,9.9492,9.9492,454,0
FTMS.US,5,20251125,202000,9.9499,9.95,9.9455,9.95,3765,0
FTMS.US,5,20251125,204500,9.95,9.95,9.95,9.95,100,0
FTMS.US,5,20251125,205500,9.94,9.95,9.94,9.95,200,0
FTMS.US,5,20251125,210000,9.95,9.95,9.95,9.95,100,0
FTMS.US,5,20251125,211000,9.95,9.95,9.95,9.95,100,0
FTMS.US,5,20251125,212000,9.94,9.94,9.94,9.94,100,0
FTMS.US,5,20251125,213000,9.9301,9.95,9.9301,9.95,20938,0
FTMS.US,5,20251125,214500,9.945,9.945,9.945,9.945,100,0
FTMS.US,5,20251125,215000,9.9466,9.9466,9.945,9.945,1608,0
FTMS.US,5,20251125,215500,9.94,9.94,9.94,9.94,200,0
FTMS.US,5,20251126,162500,9.94,9.94,9.94,9.94,3338,0
FTMS.US,5,20251126,171500,9.94,9.94,9.94,9.94,100,0
FTMS.US,5,20251126,174500,9.96,9.96,9.96,9.96,443,0
FTMS.US,5,20251126,175000,9.96,9.96,9.93,9.93,2174,0
FTMS.US,5,20251126,180500,9.959,9.96,9.959,9.9599,400,0
FTMS.US,5,20251126,201000,9.9528,9.9528,9.9528,9.9528,401,0
FTMS.US,5,20251126,201500,9.95,9.96,9.95,9.9599,3524,0
FTMS.US,5,20251126,210000,9.95,9.9501,9.9413,9.9413,3778,0
FTMS.US,5,20251126,211000,9.95,9.95,9.95,9.95,8047,0
FTMS.US,5,20251126,211500,9.9599,9.9599,9.9599,9.9599,482,0
FTMS.US,5,20251126,212000,9.94,9.94,9.94,9.94,1004,0
FTMS.US,5,20251126,212500,9.94,9.94,9.94,9.94,1707,0
FTMS.US,5,20251126,215000,9.9505,9.9505,9.9505,9.9505,1007,0
FTMS.US,5,20251126,215500,9.95,9.95,9.95,9.95,100,0
FTMS.US,5,20251128,155500,9.9501,9.98,9.95,9.95,21591,0
FTMS.US,5,20251128,160000,9.95,9.9509,9.95,9.9509,5961,0
FTMS.US,5,20251128,160500,9.9507,9.9612,9.95,9.9612,8290,0
FTMS.US,5,20251128,161000,9.951,9.9537,9.951,9.9537,5651,0
FTMS.US,5,20251128,161500,9.95,9.9501,9.95,9.95,14310,0
FTMS.US,5,20251128,170000,9.95,9.95,9.95,9.95,100,0
FTMS.US,5,20251128,173000,9.9539,9.9539,9.9539,9.9539,252,0
FTMS.US,5,20251128,173500,9.9687,9.9687,9.9661,9.9661,855,0
FTMS.US,5,20251128,174000,9.955,9.955,9.955,9.955,1354,0
FTMS.US,5,20251128,175000,9.955,9.955,9.955,9.955,350,0
FTMS.US,5,20251128,175500,9.9695,9.9695,9.9695,9.9695,201,0
FTMS.US,5,20251128,181500,9.97,9.97,9.97,9.97,3331,0
FTMS.US,5,20251128,182500,9.9699,9.9699,9.9451,9.9451,2322,0
FTMS.US,5,20251128,184000,9.961,9.961,9.961,9.961,1397,0
FTMS.US,5,20251201,153000,9.92,9.92,9.92,9.92,300,0
FTMS.US,5,20251201,154000,9.91,9.93,9.91,9.93,37112,0
FTMS.US,5,20251201,161500,9.92,9.92,9.92,9.92,100,0
FTMS.US,5,20251201,163000,9.92,9.92,9.92,9.92,100,0
FTMS.US,5,20251201,172500,9.92,9.92,9.92,9.92,100,0
FTMS.US,5,20251201,180000,9.935,9.935,9.92,9.92,5030,0
FTMS.US,5,20251201,181000,9.92,9.92,9.92,9.92,17907,0
FTMS.US,5,20251201,184000,9.9301,9.9301,9.9301,9.9301,156,0
FTMS.US,5,20251201,185500,9.92,9.92,9.92,9.92,100,0
FTMS.US,5,20251201,192000,9.935,9.9365,9.935,9.9365,1898,0
FTMS.US,5,20251201,192500,9.935,9.94,9.935,9.94,3966,0
FTMS.US,5,20251201,193500,9.935,9.935,9.935,9.935,100,0
FTMS.US,5,20251201,194000,9.93,9.93,9.92,9.92,1445,0
FTMS.US,5,20251201,203500,9.92,9.921,9.92,9.92,17033,0
FTMS.US,5,20251201,210000,9.9365,9.9365,9.9365,9.9365,322,0
FTMS.US,5,20251201,211000,9.935,9.935,9.935,9.935,1285,0
FTMS.US,5,20251201,212000,9.9275,9.94,9.92,9.94,1639,0
FTMS.US,5,20251201,212500,9.9329,9.9384,9.9329,9.9384,771,0
FTMS.US,5,20251201,213500,9.945,9.945,9.93,9.93,300,0
FTMS.US,5,20251202,162500,9.91,9.91,9.91,9.91,100,0
FTMS.US,5,20251202,172500,9.9282,9.9282,9.91,9.91,301,0
FTMS.US,5,20251202,184000,9.9,9.9,9.9,9.9,1188,0
FTMS.US,5,20251202,190000,9.921,9.921,9.921,9.921,484,0
FTMS.US,5,20251202,190500,9.91,9.91,9.91,9.91,1087,0
FTMS.US,5,20251202,191500,9.92,9.92,9.92,9.92,923,0
FTMS.US,5,20251202,192000,9.92,9.92,9.92,9.92,100,0
FTMS.US,5,20251202,203000,9.92,9.925,9.92,9.9212,8822,0
FTMS.US,5,20251202,203500,9.9201,9.9283,9.9201,9.9283,2999,0
FTMS.US,5,20251202,204000,9.93,9.93,9.92,9.93,600,0
FTMS.US,5,20251202,204500,9.93,9.93,9.92,9.92,1541,0
FTMS.US,5,20251202,211000,9.923,9.93,9.92,9.9208,9299,0
FTMS.US,5,20251202,212000,9.9264,9.93,9.92,9.92,5830,0
FTMS.US,5,20251202,212500,9.9284,9.9284,9.9284,9.9284,503,0
FTMS.US,5,20251202,213500,9.93,9.93,9.93,9.93,402,0
FTMS.US,5,20251202,215000,9.93,9.93,9.92,9.92,2080,0
FTMS.US,5,20251202,215500,9.93,9.93,9.93,9.93,3810,0
FTMS.US,5,20251203,153000,9.94,9.94,9.93,9.93,5000,0
FTMS.US,5,20251203,154500,9.92,9.92,9.92,9.92,100,0
FTMS.US,5,20251203,160000,9.9333,9.9333,9.9333,9.9333,2596,0
FTMS.US,5,20251203,160500,9.93,9.93,9.93,9.93,100,0
FTMS.US,5,20251203,162500,9.9426,9.9426,9.93,9.93,331,0
FTMS.US,5,20251203,163500,9.93,9.93,9.92,9.93,3913,0
FTMS.US,5,20251203,164500,9.93,9.94,9.93,9.94,200,0
FTMS.US,5,20251203,170000,9.93,9.93,9.93,9.93,100,0
FTMS.US,5,20251203,171000,9.9301,9.9301,9.9301,9.9301,1893,0
FTMS.US,5,20251203,183500,9.93,9.94,9.93,9.93,500,0
FTMS.US,5,20251203,185000,9.93,9.93,9.93,9.93,100,0
FTMS.US,5,20251203,191000,9.94,9.94,9.93,9.93,781,0
FTMS.US,5,20251203,192000,9.95,9.95,9.93,9.94,858,0
FTMS.US,5,20251203,193000,9.93,9.94,9.913,9.94,4295,0
FTMS.US,5,20251203,200500,9.93,9.94,9.91,9.94,4983,0
FTMS.US,5,20251203,201000,9.9305,9.94,9.93,9.94,636,0
FTMS.US,5,20251203,202000,9.94,9.94,9.94,9.94,100,0
FTMS.US,5,20251203,202500,9.94,9.94,9.94,9.94,1107,0
FTMS.US,5,20251203,203000,9.94,9.94,9.94,9.94,100,0
FTMS.US,5,20251203,203500,9.939,9.939,9.939,9.939,1509,0
FTMS.US,5,20251203,205000,9.9412,9.9412,9.9412,9.9412,130,0
FTMS.US,5,20251203,205500,9.94,9.9475,9.94,9.9475,1386,0
FTMS.US,5,20251203,210000,9.92,9.94,9.91,9.94,6488,0
FTMS.US,5,20251203,211000,9.94,9.94,9.9344,9.9344,3238,0
FTMS.US,5,20251203,211500,9.92,9.92,9.92,9.92,3003,0
FTMS.US,5,20251203,212000,9.94,9.94,9.94,9.94,100,0
FTMS.US,5,20251203,212500,9.94,9.94,9.94,9.94,100,0
FTMS.US,5,20251203,213000,9.9374,9.9374,9.9374,9.9374,201,0
FTMS.US,5,20251203,213500,9.94,9.94,9.94,9.94,100,0
FTMS.US,5,20251203,214000,9.94,9.94,9.94,9.94,100,0
FTMS.US,5,20251203,214500,9.94,9.94,9.94,9.94,100,0
FTMS.US,5,20251203,215000,9.94,9.94,9.92,9.92,4684,0
FTMS.US,5,20251203,215500,9.94,9.94,9.94,9.94,100,0
FTMS.US,5,20251204,154500,9.92,9.92,9.92,9.92,100,0
FTMS.US,5,20251204,160500,9.92,9.92,9.92,9.92,100,0
FTMS.US,5,20251204,163000,9.935,9.935,9.92,9.92,220,0
FTMS.US,5,20251204,165000,9.935,9.935,9.92,9.92,229,0
FTMS.US,5,20251204,170500,9.92,9.92,9.92,9.92,100,0
FTMS.US,5,20251204,172000,9.92,9.92,9.92,9.92,100,0
FTMS.US,5,20251204,173000,9.92,9.92,9.92,9.92,100,0
FTMS.US,5,20251204,174000,9.9285,9.9285,9.9285,9.9285,529,0
FTMS.US,5,20251204,175000,9.9455,9.9455,9.9455,9.9455,1510,0
FTMS.US,5,20251204,185500,9.94,9.94,9.93,9.93,1301,0
FTMS.US,5,20251204,193000,9.94,9.94,9.94,9.94,4293,0
FTMS.US,5,20251204,204500,9.93,9.94,9.93,9.93,5618,0
FTMS.US,5,20251204,210500,9.94,9.94,9.94,9.94,300,0
FTMS.US,5,20251204,211000,9.92,9.92,9.92,9.92,6036,0
FTMS.US,5,20251204,214000,9.94,9.94,9.93,9.93,2800,0
FTMS.US,5,20251205,155000,9.92,9.92,9.92,9.92,100,0
FTMS.US,5,20251205,162500,9.94,9.94,9.92,9.93,9044,0
FTMS.US,5,20251205,164000,9.9303,9.9303,9.9303,9.9303,799,0
FTMS.US,5,20251205,165500,9.94,9.94,9.93,9.93,16100,0
FTMS.US,5,20251205,170000,9.94,9.94,9.9259,9.93,31862,0
FTMS.US,5,20251205,171000,9.93,9.93,9.93,9.93,1607,0
FTMS.US,5,20251205,172500,9.93,9.93,9.93,9.93,22412,0
FTMS.US,5,20251205,191500,9.9202,9.9202,9.9202,9.9202,2397,0
FTMS.US,5,20251205,193000,9.93,9.93,9.93,9.93,22531,0
FTMS.US,5,20251205,193500,9.94,9.94,9.94,9.94,9130,0
FTMS.US,5,20251205,194000,9.93,9.93,9.93,9.93,1954,0
FTMS.US,5,20251205,200500,9.9385,9.9385,9.9385,9.9385,160,0
FTMS.US,5,20251205,201000,9.93,9.93,9.93,9.93,100,0
FTMS.US,5,20251205,203500,9.92,9.92,9.92,9.92,48950,0
FTMS.US,5,20251205,205000,9.93,9.93,9.93,9.93,660,0
FTMS.US,5,20251205,210500,9.94,9.94,9.94,9.94,7580,0
FTMS.US,5,20251205,211000,9.9376,9.9376,9.9376,9.9376,1000,0
FTMS.US,5,20251205,211500,9.92,9.9378,9.92,9.9378,2373,0
FTMS.US,5,20251205,214000,9.92,9.92,9.92,9.92,371,0
FTMS.US,5,20251205,214500,9.93,9.93,9.928,9.928,4084,0
FTMS.US,5,20251205,215000,9.935,9.9354,9.935,9.9354,270,0
FTMS.US,5,20251205,215500,9.94,9.94,9.92,9.94,10285,0
FTMS.US,5,20251208,154500,9.93,9.93,9.93,9.93,100,0
FTMS.US,5,20251208,155500,9.93,9.9301,9.93,9.93,6070,0
FTMS.US,5,20251208,160000,9.9201,9.9201,9.9201,9.9201,2014,0
FTMS.US,5,20251208,164000,9.93,9.93,9.9,9.91,5172,0
FTMS.US,5,20251208,182000,9.93,9.93,9.93,9.93,385,0
FTMS.US,5,20251208,183000,9.931,9.931,9.93,9.93,361,0
FTMS.US,5,20251208,185500,9.9201,9.9201,9.9201,9.9201,3540,0
FTMS.US,5,20251208,190000,9.92,9.92,9.92,9.92,663,0
FTMS.US,5,20251208,201500,9.9359,9.9359,9.9359,9.9359,604,0
FTMS.US,5,20251208,202500,9.93,9.9301,9.93,9.93,1266,0
FTMS.US,5,20251208,203500,9.9365,9.94,9.93,9.94,8934,0
FTMS.US,5,20251208,204000,9.9355,9.9355,9.9355,9.9355,392,0
FTMS.US,5,20251208,204500,9.94,9.94,9.94,9.94,12410,0
FTMS.US,5,20251208,210500,9.93,9.94,9.93,9.93,2497,0
FTMS.US,5,20251208,212000,9.93,9.9301,9.93,9.93,702,0
FTMS.US,5,20251209,153000,9.92,9.92,9.92,9.92,100,0
FTMS.US,5,20251209,180500,9.95,9.95,9.91,9.92,40687,0
FTMS.US,5,20251209,192000,9.9239,9.9239,9.9239,9.9239,566,0
FTMS.US,5,20251209,201500,9.94,9.94,9.94,9.94,2473,0
FTMS.US,5,20251209,202000,9.9144,9.93,9.9144,9.93,3185,0
FTMS.US,5,20251209,203500,9.92,9.92,9.91,9.92,6469,0
FTMS.US,5,20251209,210500,9.92,9.92,9.91,9.92,3627,0
FTMS.US,5,20251209,212000,9.936,9.94,9.936,9.94,861,0
FTMS.US,5,20251210,155000,9.92,9.92,9.92,9.92,1403,0
FTMS.US,5,20251210,160000,9.93,9.93,9.93,9.93,100,0
FTMS.US,5,20251210,165000,9.9234,9.9234,9.9234,9.9234,340,0
FTMS.US,5,20251210,172500,9.9452,9.9452,9.9452,9.9452,834,0
FTMS.US,5,20251210,173000,9.931,9.931,9.931,9.931,540,0
FTMS.US,5,20251210,181000,9.93,9.93,9.93,9.93,1761,0
FTMS.US,5,20251210,191000,9.93,9.93,9.92,9.92,1300,0
FTMS.US,5,20251210,191500,9.94,9.94,9.927,9.927,2631,0
FTMS.US,5,20251210,192000,9.931,9.931,9.93,9.93,337,0
FTMS.US,5,20251210,200500,9.93,9.95,9.93,9.935,2162,0
FTMS.US,5,20251210,201000,9.9313,9.9313,9.92,9.92,247,0
FTMS.US,5,20251210,205500,9.93,9.9301,9.93,9.93,900,0
FTMS.US,5,20251210,210000,9.94,9.94,9.93,9.93,4660,0
FTMS.US,5,20251210,210500,9.94,9.94,9.94,9.94,4435,0
FTMS.US,5,20251210,211000,9.93,9.93,9.92,9.92,16913,0
FTMS.US,5,20251210,213000,9.935,9.935,9.92,9.935,1100,0
FTMS.US,5,20251210,214000,9.9338,9.9338,9.9338,9.9338,2401,0
FTMS.US,5,20251210,215000,9.935,9.935,9.935,9.935,6367,0
FTMS.US,5,20251211,162000,9.93,9.93,9.93,9.93,100,0
FTMS.US,5,20251211,164500,9.941,9.941,9.941,9.941,799,0
FTMS.US,5,20251211,165000,9.94,9.94,9.94,9.94,3890,0
FTMS.US,5,20251211,173500,9.93,9.95,9.93,9.95,2788,0
FTMS.US,5,20251211,183000,9.93,9.93,9.93,9.93,4840,0
FTMS.US,5,20251211,201500,9.9345,9.9416,9.9345,9.9416,2596,0
FTMS.US,5,20251211,211500,9.94,9.94,9.94,9.94,7527,0
FTMS.US,5,20251211,213000,9.93,9.9301,9.93,9.9301,400,0
FTMS.US,5,20251212,153000,9.938,9.94,9.93,9.93,9250,0
FTMS.US,5,20251212,165500,9.9412,9.9412,9.9412,9.9412,3676,0
FTMS.US,5,20251212,172000,9.93,9.93,9.91,9.91,11141,0
FTMS.US,5,20251212,191500,9.93,9.9378,9.93,9.9378,2844,0
FTMS.US,5,20251212,194000,9.9201,9.9201,9.9201,9.9201,510,0
FTMS.US,5,20251212,194500,9.93,9.93,9.93,9.93,603,0
FTMS.US,5,20251212,195500,9.9228,9.9228,9.9228,9.9228,4025,0
FTMS.US,5,20251212,203000,9.93,9.93,9.93,9.93,100,0
FTMS.US,5,20251212,205000,9.9208,9.93,9.9208,9.93,1435,0
FTMS.US,5,20251212,205500,9.93,9.93,9.93,9.93,6443,0
FTMS.US,5,20251212,210000,9.95,9.95,9.93,9.93,264,0
FTMS.US,5,20251212,214000,9.9208,9.9208,9.9208,9.9208,24566,0
FTMS.US,5,20251212,214500,9.92,9.92,9.92,9.92,257,0
FTMS.US,5,20251212,215000,9.93,9.93,9.9201,9.93,8158,0
FTMS.US,5,20251215,160000,9.9364,9.9364,9.9364,9.9364,5167,0
FTMS.US,5,20251215,160500,9.94,9.94,9.94,9.94,100,0
FTMS.US,5,20251215,163000,9.95,9.95,9.95,9.95,15000,0
FTMS.US,5,20251215,163500,9.93,9.93,9.93,9.93,100,0
FTMS.US,5,20251215,180500,9.935,9.935,9.935,9.935,1491,0
FTMS.US,5,20251215,183000,9.935,9.95,9.93,9.93,3622,0
FTMS.US,5,20251215,190000,9.9305,9.9305,9.93,9.93,200,0
FTMS.US,5,20251215,193000,9.9231,9.9231,9.92,9.92,1943,0
FTMS.US,5,20251215,194000,9.94,9.94,9.94,9.94,5038,0
FTMS.US,5,20251215,200500,9.95,9.95,9.93,9.93,643,0
FTMS.US,5,20251215,201000,9.935,9.95,9.93,9.93,1531,0
FTMS.US,5,20251215,201500,9.935,9.935,9.935,9.935,100,0
FTMS.US,5,20251215,202000,9.9369,9.9369,9.93,9.93,383,0
FTMS.US,5,20251215,202500,9.93,9.93,9.93,9.93,100,0
FTMS.US,5,20251215,203500,9.935,9.935,9.93,9.93,306,0
FTMS.US,5,20251215,211000,9.93,9.932,9.93,9.932,5995,0
FTMS.US,5,20251215,211500,9.93,9.93,9.93,9.93,100,0
FTMS.US,5,20251215,212000,9.9201,9.946,9.9201,9.946,3251,0
FTMS.US,5,20251215,214500,9.935,9.95,9.93,9.93,2793,0
FTMS.US,5,20251215,215000,9.9433,9.95,9.93,9.93,13800,0
FTMS.US,5,20251215,215500,9.935,9.935,9.935,9.935,352,0
FTMS.US,5,20251216,153000,9.93,9.95,9.93,9.9499,904,0
FTMS.US,5,20251216,155500,9.95,9.95,9.95,9.95,100,0
FTMS.US,5,20251216,162500,9.96,9.96,9.9301,9.9301,16301,0
FTMS.US,5,20251216,175500,9.95,9.95,9.95,9.95,600,0
FTMS.US,5,20251216,184500,9.9385,9.94,9.9385,9.94,6888,0
FTMS.US,5,20251216,185000,9.94,9.94,9.94,9.94,100,0
FTMS.US,5,20251216,192500,9.94,9.94,9.94,9.94,5231,0
FTMS.US,5,20251216,193500,9.9411,9.9411,9.9411,9.9411,905,0
FTMS.US,5,20251216,194000,9.95,9.95,9.94,9.94,1507,0
FTMS.US,5,20251216,195000,9.9411,9.95,9.94,9.94,4573,0
FTMS.US,5,20251216,195500,9.95,9.95,9.9301,9.94,4078,0
FTMS.US,5,20251216,200000,9.94,9.94,9.94,9.94,191,0
FTMS.US,5,20251216,204500,9.94,9.94,9.94,9.94,363,0
FTMS.US,5,20251216,210500,9.945,9.9499,9.94,9.94,4100,0
FTMS.US,5,20251216,211500,9.945,9.95,9.94,9.94,3223,0
FTMS.US,5,20251216,212000,9.939,9.939,9.939,9.939,300,0
FTMS.US,5,20251216,212500,9.94,9.94,9.94,9.94,200,0
FTMS.US,5,20251216,213500,9.95,9.95,9.94,9.94,3705,0
FTMS.US,5,20251216,215000,9.9416,9.9416,9.94,9.94,1847,0
FTMS.US,5,20251217,153000,9.94,9.95,9.93,9.95,5500,0
FTMS.US,5,20251217,160000,9.93,9.93,9.93,9.93,100,0
FTMS.US,5,20251217,163000,9.94,9.94,9.94,9.94,100,0
FTMS.US,5,20251217,170500,9.9444,9.9444,9.9444,9.9444,279,0
FTMS.US,5,20251217,174500,9.945,9.945,9.945,9.945,3500,0
FTMS.US,5,20251217,182500,9.9401,9.9444,9.9401,9.9444,860,0
FTMS.US,5,20251217,183000,9.945,9.95,9.945,9.95,5898,0
FTMS.US,5,20251217,184000,9.94,9.9454,9.94,9.945,1508,0
FTMS.US,5,20251217,190500,9.9462,9.9462,9.9462,9.9462,1750,0
FTMS.US,5,20251217,200000,9.95,9.95,9.95,9.95,481,0
FTMS.US,5,20251217,201500,9.9497,9.95,9.9492,9.9492,1448,0
FTMS.US,5,20251217,202500,9.9499,9.9499,9.9401,9.9401,505,0
FTMS.US,5,20251217,203000,9.9444,9.9444,9.9444,9.9444,112,0
FTMS.US,5,20251217,203500,9.945,9.9454,9.945,9.9454,1005,0
FTMS.US,5,20251217,204000,9.94,9.94,9.94,9.94,100,0
FTMS.US,5,20251217,211500,9.9402,9.9402,9.9402,9.9402,1423,0
FTMS.US,5,20251217,212000,9.9447,9.9447,9.9447,9.9447,2164,0
FTMS.US,5,20251217,213000,9.945,9.945,9.94,9.94,2972,0
FTMS.US,5,20251218,153000,9.94,9.94,9.94,9.94,100,0
FTMS.US,5,20251218,161000,9.94,9.95,9.94,9.95,2113,0
FTMS.US,5,20251218,161500,9.9482,9.9482,9.9482,9.9482,246,0
FTMS.US,5,20251218,162000,9.945,9.945,9.945,9.945,1000,0
FTMS.US,5,20251218,163000,9.9455,9.9455,9.94,9.94,650,0
FTMS.US,5,20251218,164000,9.94,9.95,9.94,9.9453,5625,0
FTMS.US,5,20251218,171000,9.9596,9.9596,9.9596,9.9596,347,0
FTMS.US,5,20251218,183000,9.9401,9.95,9.94,9.94,5146,0
FTMS.US,5,20251218,200500,9.94,9.94,9.94,9.94,100,0
FTMS.US,5,20251218,201500,9.94,9.94,9.94,9.94,100,0
FTMS.US,5,20251218,202500,9.9464,9.9464,9.9464,9.9464,109,0
FTMS.US,5,20251218,211500,9.94,9.94,9.94,9.94,100,0
FTMS.US,5,20251218,212000,9.94,9.94,9.94,9.94,126,0
FTMS.US,5,20251218,213000,9.94,9.94,9.94,9.94,4264,0
FTMS.US,5,20251218,213500,9.9413,9.9413,9.9413,9.9413,412,0
FTMS.US,5,20251218,214500,9.94,9.95,9.94,9.95,3228,0
FTMS.US,5,20251218,215500,9.94,9.94,9.93,9.93,510,0
FTMS.US,5,20251219,153000,9.9,9.9,9.9,9.9,6201,0
FTMS.US,5,20251219,160500,9.92,9.93,9.915,9.915,1573,0
FTMS.US,5,20251219,162000,9.91,9.92,9.9,9.92,5711,0
FTMS.US,5,20251219,162500,9.91,9.922,9.91,9.922,333,0
FTMS.US,5,20251219,163000,9.91,9.91,9.91,9.91,3300,0
FTMS.US,5,20251219,164500,9.918,9.918,9.918,9.918,2000,0
FTMS.US,5,20251219,165000,9.92,9.92,9.91,9.91,200,0
FTMS.US,5,20251219,172000,9.9001,9.9001,9.9001,9.9001,144,0
FTMS.US,5,20251219,172500,9.9144,9.9144,9.9144,9.9144,4032,0
FTMS.US,5,20251219,174500,9.915,9.915,9.915,9.915,1031,0
FTMS.US,5,20251219,184500,9.91,9.91,9.91,9.91,459,0
FTMS.US,5,20251219,190000,9.915,9.915,9.915,9.915,5516,0
FTMS.US,5,20251219,192500,9.92,9.92,9.92,9.92,5043,0
FTMS.US,5,20251219,193500,9.93,9.93,9.93,9.93,3813,0
FTMS.US,5,20251219,203500,9.9262,9.9262,9.9262,9.9262,572,0
FTMS.US,5,20251219,204500,9.91,9.91,9.9,9.9,16473,0
FTMS.US,5,20251219,205000,9.89,9.89,9.89,9.89,673,0
FTMS.US,5,20251219,210500,9.9,9.9,9.8901,9.9,47537,0
FTMS.US,5,20251219,212500,9.9026,9.9026,9.9026,9.9026,188,0
FTMS.US,5,20251222,160500,9.92,9.92,9.92,9.92,242,0
FTMS.US,5,20251222,162500,9.925,9.925,9.925,9.925,100,0
FTMS.US,5,20251222,163500,9.9299,9.9299,9.9299,9.9299,139,0
FTMS.US,5,20251222,172000,9.92,9.92,9.92,9.92,3426,0
FTMS.US,5,20251222,174500,9.92,9.925,9.911,9.925,1072,0
FTMS.US,5,20251222,175000,9.91,9.91,9.91,9.91,357,0
FTMS.US,5,20251222,175500,9.91,9.91,9.91,9.91,200,0
FTMS.US,5,20251222,180000,9.91,9.91,9.91,9.91,200,0
FTMS.US,5,20251222,180500,9.91,9.91,9.91,9.91,400,0
FTMS.US,5,20251222,181000,9.91,9.91,9.91,9.91,200,0
FTMS.US,5,20251222,181500,9.91,9.92,9.91,9.92,300,0
FTMS.US,5,20251222,182000,9.91,9.91,9.91,9.91,200,0
FTMS.US,5,20251222,182500,9.91,9.91,9.91,9.91,200,0
FTMS.US,5,20251222,183000,9.91,9.91,9.91,9.91,400,0
FTMS.US,5,20251222,183500,9.91,9.91,9.91,9.91,1509,0
FTMS.US,5,20251222,184000,9.91,9.91,9.91,9.91,200,0
FTMS.US,5,20251222,184500,9.91,9.91,9.91,9.91,200,0
FTMS.US,5,20251222,185000,9.91,9.92,9.91,9.9199,1220,0
FTMS.US,5,20251222,185500,9.91,9.91,9.91,9.91,400,0
FTMS.US,5,20251222,190000,9.92,9.92,9.91,9.91,800,0
FTMS.US,5,20251222,190500,9.91,9.91,9.91,9.91,414,0
FTMS.US,5,20251222,191000,9.91,9.91,9.91,9.91,200,0
FTMS.US,5,20251222,191500,9.91,9.91,9.91,9.91,4283,0
FTMS.US,5,20251222,192000,9.91,9.91,9.91,9.91,200,0
FTMS.US,5,20251222,192500,9.91,9.91,9.9087,9.91,9059,0
FTMS.US,5,20251222,193000,9.91,9.91,9.91,9.91,200,0
FTMS.US,5,20251222,193500,9.91,9.91,9.9066,9.9066,2070,0
FTMS.US,5,20251222,194000,9.91,9.91,9.91,9.91,200,0
FTMS.US,5,20251222,194500,9.91,9.92,9.91,9.92,300,0
FTMS.US,5,20251222,195000,9.91,9.91,9.91,9.91,200,0
FTMS.US,5,20251222,195500,9.91,9.91,9.91,9.91,400,0
FTMS.US,5,20251222,200000,9.91,9.91,9.91,9.91,200,0
FTMS.US,5,20251222,200500,9.91,9.91,9.91,9.91,200,0
FTMS.US,5,20251222,201000,9.92,9.92,9.91,9.91,10290,0
FTMS.US,5,20251222,201500,9.92,9.92,9.9001,9.9001,1325,0
FTMS.US,5,20251222,202000,9.91,9.91,9.91,9.91,200,0
FTMS.US,5,20251222,202500,9.91,9.91,9.91,9.91,400,0
FTMS.US,5,20251222,203000,9.91,9.91,9.91,9.91,7068,0
FTMS.US,5,20251222,203500,9.92,9.92,9.91,9.91,2251,0
FTMS.US,5,20251222,204000,9.91,9.91,9.91,9.91,200,0
FTMS.US,5,20251222,204500,9.91,9.91,9.91,9.91,200,0
FTMS.US,5,20251222,205000,9.91,9.91,9.91,9.91,200,0
FTMS.US,5,20251222,205500,9.91,9.91,9.91,9.91,400,0
FTMS.US,5,20251222,210000,9.91,9.91,9.91,9.91,200,0
FTMS.US,5,20251222,210500,9.91,9.91,9.91,9.91,200,0
FTMS.US,5,20251222,211000,9.91,9.91,9.91,9.91,400,0
FTMS.US,5,20251222,211500,9.91,9.91,9.9001,9.9001,529,0
FTMS.US,5,20251222,212000,9.91,9.91,9.91,9.91,400,0
FTMS.US,5,20251222,212500,9.91,9.92,9.91,9.91,9099,0
FTMS.US,5,20251222,213000,9.91,9.91,9.91,9.91,667,0
FTMS.US,5,20251222,213500,9.91,9.91,9.91,9.91,400,0
FTMS.US,5,20251222,214000,9.91,9.92,9.91,9.91,746,0
FTMS.US,5,20251222,214500,9.91,9.92,9.91,9.92,641,0
FTMS.US,5,20251222,215000,9.91,9.91,9.91,9.91,1000,0
FTMS.US,5,20251222,215500,9.91,9.92,9.91,9.91,2692,0
FTMS.US,5,20251223,154000,9.93,9.93,9.92,9.92,5000,0
FTMS.US,5,20251223,154500,9.92,9.92,9.92,9.92,100,0
FTMS.US,5,20251223,170000,9.92,9.92,9.92,9.92,200,0
FTMS.US,5,20251223,171000,9.9127,9.9127,9.9127,9.9127,132,0
FTMS.US,5,20251223,172000,9.92,9.92,9.92,9.92,200,0
FTMS.US,5,20251223,173000,9.92,9.92,9.92,9.92,100,0
FTMS.US,5,20251223,175000,9.9299,9.9299,9.9193,9.9193,7517,0
FTMS.US,5,20251223,180500,9.92,9.92,9.92,9.92,200,0
FTMS.US,5,20251223,183000,9.91,9.91,9.91,9.91,100,0
FTMS.US,5,20251223,190000,9.92,9.92,9.92,9.92,200,0
FTMS.US,5,20251223,193500,9.92,9.92,9.92,9.92,100,0
FTMS.US,5,20251223,194000,9.9187,9.9187,9.9187,9.9187,517,0
FTMS.US,5,20251223,194500,9.92,9.92,9.92,9.92,5678,0
FTMS.US,5,20251223,200000,9.93,9.93,9.93,9.93,1196,0
FTMS.US,5,20251223,200500,9.9271,9.9271,9.9101,9.9101,874,0
FTMS.US,5,20251223,203500,9.92,9.92,9.92,9.92,100,0
FTMS.US,5,20251223,204500,9.9205,9.9205,9.9205,9.9205,500,0
FTMS.US,5,20251223,210500,9.9257,9.9257,9.9257,9.9257,2010,0
FTMS.US,5,20251223,211500,9.92,9.93,9.91,9.9191,8407,0
FTMS.US,5,20251223,212500,9.92,9.92,9.92,9.92,122,0
FTMS.US,5,20251223,215000,9.92,9.92,9.92,9.92,100,0
FTMS.US,5,20251223,215500,9.92,9.925,9.92,9.925,8100,0
FTMS.US,5,20251224,164500,9.925,9.925,9.925,9.925,162,0
FTMS.US,5,20251224,170000,9.925,9.925,9.925,9.925,105,0
FTMS.US,5,20251224,174000,9.9281,9.9281,9.9281,9.9281,5000,0
FTMS.US,5,20251224,174500,9.92,9.92,9.92,9.92,100,0
FTMS.US,5,20251224,175000,9.92,9.92,9.9113,9.9113,501,0
FTMS.US,5,20251224,175500,9.92,9.93,9.92,9.93,2632,0
FTMS.US,5,20251224,180000,9.93,9.93,9.93,9.93,4270,0
FTMS.US,5,20251224,181500,9.93,9.93,9.93,9.93,377,0
FTMS.US,5,20251224,182500,9.92,9.93,9.92,9.93,1100,0
FTMS.US,5,20251224,183500,9.92,9.92,9.92,9.92,100,0
FTMS.US,5,20251224,185500,9.93,9.93,9.92,9.92,1010,0
FTMS.US,5,20251226,162000,9.92,9.92,9.92,9.92,100,0
FTMS.US,5,20251226,164500,9.91,9.91,9.91,9.91,705,0
FTMS.US,5,20251226,165500,9.9299,9.9299,9.9299,9.9299,503,0
FTMS.US,5,20251226,182500,9.9106,9.9106,9.9106,9.9106,1459,0
FTMS.US,5,20251226,185500,9.9296,9.9296,9.9296,9.9296,106,0
FTMS.US,5,20251226,193000,9.92,9.92,9.92,9.92,100,0
FTMS.US,5,20251226,195000,9.918,9.93,9.918,9.93,5539,0
FTMS.US,5,20251226,203000,9.91,9.93,9.91,9.92,34761,0
FTMS.US,5,20251226,204000,9.925,9.925,9.925,9.925,100,0
FTMS.US,5,20251226,204500,9.93,9.93,9.93,9.93,800,0
FTMS.US,5,20251226,210000,9.9391,9.9391,9.93,9.93,5133,0
FTMS.US,5,20251226,210500,9.9242,9.9399,9.9242,9.9399,17099,0
FTMS.US,5,20251226,211000,9.93,9.93,9.93,9.93,100,0
FTMS.US,5,20251226,213000,9.94,9.94,9.94,9.94,3408,0
FTMS.US,5,20251226,214000,9.93,9.93,9.93,9.93,566,0
FTMS.US,5,20251229,154500,9.93,9.9314,9.93,9.9314,342,0
FTMS.US,5,20251229,161500,9.9268,9.93,9.9268,9.93,9271,0
FTMS.US,5,20251229,164500,9.93,9.93,9.93,9.93,11784,0
FTMS.US,5,20251229,173000,9.9222,9.9222,9.9222,9.9222,250,0
FTMS.US,5,20251229,173500,9.9201,9.9201,9.92,9.92,399,0
FTMS.US,5,20251229,192000,9.925,9.925,9.925,9.925,4288,0
FTMS.US,5,20251229,193500,9.9101,9.9101,9.9101,9.9101,202,0
FTMS.US,5,20251229,200000,9.9147,9.94,9.91,9.91,7342,0
FTMS.US,5,20251229,202500,9.92,9.92,9.92,9.92,100,0
FTMS.US,5,20251229,204500,9.925,9.925,9.925,9.925,241,0
FTMS.US,5,20251229,212000,9.93,9.94,9.92,9.94,2375,0
FTMS.US,5,20251229,212500,9.94,9.94,9.93,9.93,6977,0
FTMS.US,5,20251229,213000,9.9201,9.9201,9.9201,9.9201,1071,0
FTMS.US,5,20251229,213500,9.93,9.94,9.93,9.94,4672,0
FTMS.US,5,20251229,214000,9.93,9.94,9.93,9.93,3840,0
FTMS.US,5,20251229,215500,9.93,9.93,9.93,9.93,100,0
FTMS.US,5,20251230,154500,9.93,9.93,9.9101,9.9101,1100,0
FTMS.US,5,20251230,174000,9.9399,9.9399,9.9399,9.9399,264,0
FTMS.US,5,20251230,184000,9.94,9.94,9.94,9.94,100,0
FTMS.US,5,20251230,184500,9.92,9.9234,9.92,9.9234,16819,0
FTMS.US,5,20251230,190500,9.94,9.94,9.94,9.94,229,0
FTMS.US,5,20251230,192500,9.9201,9.9399,9.9201,9.9399,2379,0
FTMS.US,5,20251230,193500,9.94,9.94,9.94,9.94,2637,0
FTMS.US,5,20251230,195000,9.93,9.93,9.93,9.93,4844,0
FTMS.US,5,20251230,200500,9.92,9.92,9.92,9.92,100,0
FTMS.US,5,20251230,203500,9.92,9.92,9.92,9.92,100,0
FTMS.US,5,20251230,205000,9.9277,9.94,9.9277,9.94,4689,0
FTMS.US,5,20251230,205500,9.926,9.926,9.926,9.926,4225,0
FTMS.US,5,20251230,213000,9.93,9.93,9.928,9.93,2877,0
FTMS.US,5,20251230,214500,9.94,9.94,9.9225,9.9225,737,0
FTMS.US,5,20251231,153000,9.94,9.94,9.94,9.94,511,0
FTMS.US,5,20251231,161000,9.932,9.932,9.92,9.92,483,0
FTMS.US,5,20251231,163500,9.94,9.94,9.92,9.92,200,0
FTMS.US,5,20251231,173000,9.935,9.935,9.935,9.935,2373,0
FTMS.US,5,20251231,185500,9.939,9.939,9.939,9.939,2596,0
FTMS.US,5,20251231,192000,9.923,9.923,9.923,9.923,596,0
FTMS.US,5,20251231,200500,9.93,9.93,9.93,9.93,5014,0
FTMS.US,5,20251231,201000,9.929,9.929,9.929,9.929,282,0
FTMS.US,5,20251231,211000,9.9308,9.9308,9.9308,9.9308,100,0
FTMS.US,5,20251231,211500,9.93,9.93,9.93,9.93,1000,0
FTMS.US,5,20251231,213000,9.9399,9.9399,9.9399,9.9399,1298,0
FTMS.US,5,20251231,214000,9.93,9.93,9.93,9.93,201,0
FTMS.US,5,20260102,153000,9.94,9.94,9.94,9.94,100,0
FTMS.US,5,20260102,160000,9.93,9.93,9.93,9.93,100,0
FTMS.US,5,20260102,163000,9.93,9.93,9.93,9.93,100,0
FTMS.US,5,20260102,170500,9.9478,9.9478,9.9478,9.9478,1000,0
FTMS.US,5,20260102,171000,9.93,9.93,9.93,9.93,1964,0
FTMS.US,5,20260102,171500,9.93,9.93,9.93,9.93,100,0
FTMS.US,5,20260102,172500,9.93,9.93,9.93,9.93,8575,0
FTMS.US,5,20260102,174500,9.93,9.93,9.93,9.93,100,0
FTMS.US,5,20260102,175500,9.93,9.93,9.93,9.93,100,0
FTMS.US,5,20260102,181500,9.9289,9.9289,9.9289,9.9289,1611,0
FTMS.US,5,20260102,183000,9.9399,9.9399,9.93,9.93,832,0
FTMS.US,5,20260102,185000,9.93,9.93,9.93,9.93,100,0
FTMS.US,5,20260102,193000,9.93,9.93,9.93,9.93,100,0
FTMS.US,5,20260102,194500,9.932,9.932,9.932,9.932,926,0
FTMS.US,5,20260102,195000,9.94,9.94,9.93,9.93,22169,0
FTMS.US,5,20260102,200000,9.9201,9.94,9.9201,9.94,6152,0
FTMS.US,5,20260102,203500,9.9302,9.9302,9.93,9.93,260,0
FTMS.US,5,20260102,204000,9.9264,9.9264,9.9264,9.9264,414,0
FTMS.US,5,20260102,211500,9.94,9.94,9.935,9.935,632,0
FTMS.US,5,20260102,213500,9.93,9.93,9.93,9.93,1859,0
FTMS.US,5,20260105,153000,9.93,9.93,9.93,9.93,100,0
FTMS.US,5,20260105,154500,9.94,9.94,9.94,9.94,503,0
FTMS.US,5,20260105,164000,9.945,9.945,9.945,9.945,855,0
FTMS.US,5,20260105,171000,9.9411,9.9411,9.9411,9.9411,262,0
FTMS.US,5,20260105,180500,9.945,9.945,9.945,9.945,257,0
FTMS.US,5,20260105,182500,9.945,9.945,9.945,9.945,100,0
FTMS.US,5,20260105,184000,9.95,9.95,9.94,9.945,13043,0
FTMS.US,5,20260105,185000,9.95,9.95,9.945,9.945,358,0
FTMS.US,5,20260105,190500,9.93,9.93,9.93,9.93,1000,0
FTMS.US,5,20260105,191000,9.9327,9.9327,9.9327,9.9327,1144,0
FTMS.US,5,20260105,195500,9.945,9.945,9.945,9.945,2172,0
FTMS.US,5,20260105,201000,9.9402,9.9402,9.9402,9.9402,366,0
FTMS.US,5,20260105,201500,9.94,9.94,9.94,9.94,100,0
FTMS.US,5,20260105,211000,9.9447,9.945,9.9447,9.945,838,0
FTMS.US,5,20260105,212000,9.94,9.9445,9.94,9.9445,11493,0
FTMS.US,5,20260105,215000,9.94,9.945,9.94,9.945,14646,0
FTMS.US,5,20260105,215500,9.945,9.945,9.93,9.94,14075,0
FTMS.US,5,20260106,153000,9.93,9.9301,9.93,9.93,10500,0
FTMS.US,5,20260106,153500,9.94,9.94,9.94,9.94,155,0
FTMS.US,5,20260106,171500,9.95,9.95,9.95,9.95,771,0
FTMS.US,5,20260106,172000,9.9515,9.96,9.95,9.96,11836,0
FTMS.US,5,20260106,182500,9.9401,9.9401,9.9401,9.9401,7554,0
FTMS.US,5,20260106,184000,9.949,9.96,9.94,9.94,76599,0
FTMS.US,5,20260106,190000,9.95,9.95,9.95,9.95,100,0
FTMS.US,5,20260106,190500,9.9488,9.9488,9.9488,9.9488,4624,0
FTMS.US,5,20260106,195000,9.9508,9.9508,9.9508,9.9508,100,0
FTMS.US,5,20260106,195500,9.96,9.96,9.96,9.96,8624,0
FTMS.US,5,20260106,200500,9.95,9.95,9.95,9.95,2366,0
FTMS.US,5,20260106,201000,9.9401,9.9401,9.9401,9.9401,736,0
FTMS.US,5,20260106,201500,9.96,9.96,9.96,9.96,637,0
FTMS.US,5,20260106,202500,9.9428,9.9428,9.9428,9.9428,156,0
FTMS.US,5,20260106,205000,9.9426,9.9426,9.94,9.94,11690,0
FTMS.US,5,20260106,212500,9.9492,9.9492,9.9492,9.9492,401,0
FTMS.US,5,20260106,213000,9.9508,9.9508,9.94,9.94,353,0
FTMS.US,5,20260106,215000,9.9515,9.9515,9.9515,9.9515,2515,0
FTMS.US,5,20260106,215500,9.95,9.96,9.95,9.96,11552,0
FTMS.US,5,20260107,153500,9.96,9.96,9.96,9.96,100,0
FTMS.US,5,20260107,170000,9.97,9.97,9.97,9.97,200,0
FTMS.US,5,20260107,180500,9.95,9.95,9.95,9.95,400,0
FTMS.US,5,20260107,185000,9.9708,9.9708,9.96,9.97,12742,0
FTMS.US,5,20260107,185500,9.9601,9.9783,9.96,9.97,2381,0
FTMS.US,5,20260107,190000,9.97,9.97,9.97,9.97,100,0
FTMS.US,5,20260107,190500,9.97,9.97,9.97,9.97,100,0
FTMS.US,5,20260107,191500,9.97,9.97,9.97,9.97,100,0
FTMS.US,5,20260107,192500,9.97,9.97,9.97,9.97,100,0
FTMS.US,5,20260107,193500,9.97,9.97,9.97,9.97,100,0
FTMS.US,5,20260107,194000,9.96,9.96,9.96,9.96,161693,0
FTMS.US,5,20260107,194500,9.97,9.97,9.97,9.97,100,0
FTMS.US,5,20260107,195000,9.96,9.96,9.96,9.96,100,0
FTMS.US,5,20260107,195500,9.9616,9.965,9.9616,9.965,361,0
FTMS.US,5,20260107,200500,9.97,9.97,9.97,9.97,100,0
FTMS.US,5,20260107,201500,9.965,9.965,9.965,9.965,100,0
FTMS.US,5,20260107,202000,9.97,9.97,9.97,9.97,100,0
FTMS.US,5,20260107,203000,9.97,9.97,9.96,9.96,672,0
FTMS.US,5,20260107,203500,9.97,9.97,9.97,9.97,596,0
FTMS.US,5,20260107,204000,9.9778,9.9778,9.97,9.97,441,0
FTMS.US,5,20260107,205000,9.97,9.97,9.9692,9.97,5710,0
FTMS.US,5,20260107,210000,9.97,9.97,9.97,9.97,6235,0
FTMS.US,5,20260107,210500,9.97,9.97,9.97,9.97,100,0
FTMS.US,5,20260107,211500,9.97,9.97,9.97,9.97,100,0
FTMS.US,5,20260107,212000,9.97,9.97,9.97,9.97,100,0
FTMS.US,5,20260107,213000,9.97,9.97,9.97,9.97,100,0
FTMS.US,5,20260107,213500,9.97,9.97,9.97,9.97,100,0
FTMS.US,5,20260107,214000,9.97,9.97,9.963,9.963,203,0
FTMS.US,5,20260107,214500,9.97,9.97,9.97,9.97,100,0
FTMS.US,5,20260107,215000,9.97,9.97,9.97,9.97,200,0
FTMS.US,5,20260107,215500,9.97,9.97,9.96,9.96,324,0
FTMS.US,5,20260108,154000,9.965,9.965,9.965,9.965,261,0
FTMS.US,5,20260108,154500,9.965,9.9783,9.965,9.965,5604,0
FTMS.US,5,20260108,161500,9.96,9.96,9.96,9.96,100,0
FTMS.US,5,20260108,165000,9.965,9.965,9.965,9.965,155,0
FTMS.US,5,20260108,173500,9.965,9.965,9.965,9.965,100,0
FTMS.US,5,20260108,174000,9.96,9.96,9.9506,9.9506,25157,0
FTMS.US,5,20260108,182500,9.965,9.965,9.965,9.965,2311,0
FTMS.US,5,20260108,185000,9.965,9.965,9.965,9.965,242,0
FTMS.US,5,20260108,185500,9.965,9.965,9.965,9.965,900,0
FTMS.US,5,20260108,190500,9.965,9.965,9.965,9.965,165,0
FTMS.US,5,20260108,194500,9.97,9.97,9.97,9.97,1056,0
FTMS.US,5,20260108,195000,9.965,9.965,9.95,9.95,3222,0
FTMS.US,5,20260108,195500,9.9792,9.9792,9.9792,9.9792,296,0
FTMS.US,5,20260108,200000,9.95,9.95,9.95,9.95,100,0
FTMS.US,5,20260108,202500,9.95,9.95,9.95,9.95,237,0
FTMS.US,5,20260108,204500,9.965,9.965,9.965,9.965,100,0
FTMS.US,5,20260108,211000,9.965,9.965,9.965,9.965,280,0
FTMS.US,5,20260108,211500,9.96,9.96,9.96,9.96,12526,0
FTMS.US,5,20260108,213000,9.965,9.965,9.965,9.965,399,0
FTMS.US,5,20260108,213500,9.95,9.95,9.95,9.95,100,0
FTMS.US,5,20260108,214000,9.965,9.965,9.965,9.965,131,0
FTMS.US,5,20260109,153000,9.9506,9.9506,9.9506,9.9506,460,0
FTMS.US,5,20260109,160000,9.95,9.95,9.95,9.95,100,0
FTMS.US,5,20260109,160500,9.97,9.97,9.97,9.97,300,0
FTMS.US,5,20260109,165000,9.97,9.97,9.97,9.97,100,0
FTMS.US,5,20260109,165500,9.9627,9.9627,9.95,9.9501,9653,0
FTMS.US,5,20260109,185000,9.965,9.965,9.9501,9.9501,834,0
FTMS.US,5,20260109,200500,9.97,9.97,9.97,9.97,400,0
FTMS.US,5,20260109,201000,9.95,9.9552,9.95,9.9552,14862,0
FTMS.US,5,20260109,210500,9.97,9.9799,9.97,9.9799,35150,0
FTMS.US,5,20260109,211000,9.965,9.965,9.965,9.965,112,0
FTMS.US,5,20260109,212000,9.95,9.95,9.95,9.95,20490,0
FTMS.US,5,20260109,215500,9.98,9.98,9.98,9.98,355,0
FTMS.US,5,20260112,153000,9.97,9.97,9.97,9.97,100,0
FTMS.US,5,20260112,160000,9.95,9.95,9.95,9.95,100,0
FTMS.US,5,20260112,160500,9.96,9.96,9.96,9.96,690,0
FTMS.US,5,20260112,161500,9.9501,9.9501,9.9501,9.9501,273,0
FTMS.US,5,20260112,163500,9.9571,9.9571,9.9571,9.9571,3696,0
FTMS.US,5,20260112,170000,9.97,9.97,9.97,9.97,100,0
FTMS.US,5,20260112,172000,9.95,9.97,9.95,9.97,7817,0
FTMS.US,5,20260112,175000,9.96,9.96,9.96,9.96,100,0
FTMS.US,5,20260112,181000,9.96,9.96,9.96,9.96,100,0
FTMS.US,5,20260112,183000,9.9501,9.9501,9.9501,9.9501,1097,0
FTMS.US,5,20260112,190500,9.96,9.96,9.96,9.96,3559,0
FTMS.US,5,20260112,191500,9.9527,9.9527,9.9527,9.9527,111,0
FTMS.US,5,20260112,192000,9.96,9.96,9.96,9.96,100,0
FTMS.US,5,20260112,193000,9.955,9.955,9.95,9.955,13827,0
FTMS.US,5,20260112,193500,9.96,9.9645,9.955,9.9645,4040,0
FTMS.US,5,20260112,194000,9.97,9.97,9.97,9.97,5855,0
FTMS.US,5,20260112,195000,9.96,9.96,9.96,9.96,100,0
FTMS.US,5,20260112,201000,9.96,9.9617,9.95,9.955,10348,0
FTMS.US,5,20260112,201500,9.955,9.96,9.955,9.955,6600,0
FTMS.US,5,20260112,204500,9.9654,9.9654,9.9654,9.9654,156,0
FTMS.US,5,20260112,205000,9.96,9.9601,9.96,9.9601,200,0
FTMS.US,5,20260112,210000,9.96,9.96,9.96,9.96,1691,0
FTMS.US,5,20260112,213500,9.9557,9.9598,9.955,9.955,4200,0
FTMS.US,5,20260112,215000,9.96,9.96,9.96,9.96,100,0
FTMS.US,5,20260112,215500,9.955,9.97,9.955,9.96,10883,0
FTMS.US,5,20260113,153500,9.96,9.96,9.96,9.96,100,0
FTMS.US,5,20260113,160500,9.96,9.96,9.96,9.96,100,0
FTMS.US,5,20260113,162500,9.965,9.965,9.95,9.96,13700,0
FTMS.US,5,20260113,163500,9.9586,9.959,9.955,9.955,4349,0
FTMS.US,5,20260113,175500,9.956,9.956,9.956,9.956,556,0
FTMS.US,5,20260113,183000,9.95,9.95,9.95,9.95,100,0
FTMS.US,5,20260113,191000,9.9559,9.9559,9.9502,9.9502,1927,0
FTMS.US,5,20260113,191500,9.9558,9.9558,9.9558,9.9558,577,0
FTMS.US,5,20260113,193000,9.9546,9.9546,9.9546,9.9546,137,0
FTMS.US,5,20260113,201500,9.955,9.955,9.955,9.955,100,0
FTMS.US,5,20260113,203500,9.955,9.955,9.955,9.955,3516,0
FTMS.US,5,20260113,204000,9.96,9.96,9.96,9.96,100,0
FTMS.US,5,20260113,205500,9.955,9.9598,9.955,9.9598,1061,0
FTMS.US,5,20260113,212500,9.955,9.955,9.955,9.955,351,0
FTMS.US,5,20260113,215000,9.96,9.96,9.96,9.96,100,0
FTMS.US,5,20260114,153500,9.96,9.96,9.96,9.96,100,0
FTMS.US,5,20260114,161500,9.97,9.97,9.97,9.97,20040,0
FTMS.US,5,20260114,163500,9.9663,9.9663,9.9663,9.9663,2507,0
FTMS.US,5,20260114,165500,9.9601,9.9601,9.9601,9.9601,964,0
FTMS.US,5,20260114,170500,9.965,9.965,9.96,9.96,235,0
FTMS.US,5,20260114,175000,9.9658,9.9658,9.9658,9.9658,203,0
FTMS.US,5,20260114,181500,9.965,9.965,9.965,9.965,831,0
FTMS.US,5,20260114,182000,9.96,9.9654,9.96,9.9654,225,0
FTMS.US,5,20260114,183500,9.97,9.97,9.97,9.97,6200,0
FTMS.US,5,20260114,185000,9.96,9.96,9.96,9.96,1003,0
FTMS.US,5,20260114,185500,9.9616,9.9616,9.9616,9.9616,2170,0
FTMS.US,5,20260114,200000,9.965,9.97,9.965,9.9666,8200,0
FTMS.US,5,20260114,204500,9.9615,9.9615,9.9615,9.9615,934,0
FTMS.US,5,20260114,205500,9.96,9.97,9.96,9.97,1041,0
FTMS.US,5,20260114,210000,9.9651,9.97,9.9651,9.97,9688,0
FTMS.US,5,20260114,213000,9.97,9.97,9.965,9.965,3010,0
FTMS.US,5,20260114,213500,9.97,9.97,9.97,9.97,142,0
FTMS.US,5,20260114,215000,9.97,9.975,9.97,9.975,800,0
FTMS.US,5,20260115,153000,9.97,9.97,9.97,9.97,100,0
FTMS.US,5,20260115,155000,9.97,9.97,9.97,9.97,300,0
FTMS.US,5,20260115,161000,9.9685,9.9685,9.9685,9.9685,100,0
FTMS.US,5,20260115,163500,9.97,9.97,9.9699,9.9699,2800,0
FTMS.US,5,20260115,164000,9.97,9.97,9.97,9.97,10100,0
FTMS.US,5,20260115,164500,9.97,9.97,9.965,9.97,8000,0
FTMS.US,5,20260115,173500,9.97,9.97,9.9666,9.9666,2800,0
FTMS.US,5,20260115,174500,9.965,9.965,9.965,9.965,370,0
FTMS.US,5,20260115,192500,9.97,9.98,9.97,9.9799,9200,0
FTMS.US,5,20260115,194000,9.97,9.97,9.97,9.97,200,0
FTMS.US,5,20260115,194500,9.975,9.975,9.975,9.975,2907,0
FTMS.US,5,20260115,195000,9.96,9.97,9.96,9.96,20071,0
FTMS.US,5,20260115,202500,9.97,9.97,9.97,9.97,434,0
FTMS.US,5,20260115,205500,9.9627,9.9627,9.9627,9.9627,686,0
FTMS.US,5,20260115,211000,9.97,9.97,9.97,9.97,1408,0
FTMS.US,5,20260115,215500,9.97,9.97,9.97,9.97,1203,0
FTMS.US,5,20260116,153000,9.975,9.975,9.975,9.975,900,0
FTMS.US,5,20260116,164000,9.98,9.98,9.98,9.98,100,0
FTMS.US,5,20260116,165500,9.9696,9.9696,9.9696,9.9696,1764,0
FTMS.US,5,20260116,172500,9.97,9.97,9.97,9.97,450,0
FTMS.US,5,20260116,173000,9.97,9.98,9.97,9.98,275,0
FTMS.US,5,20260116,174500,9.96,9.96,9.96,9.96,347,0
FTMS.US,5,20260116,180500,9.98,9.98,9.96,9.96,3838,0
FTMS.US,5,20260116,182500,9.98,9.98,9.98,9.98,1676,0
FTMS.US,5,20260116,185000,9.98,9.98,9.98,9.98,103,0
FTMS.US,5,20260116,195500,9.98,9.98,9.98,9.98,200,0
FTMS.US,5,20260116,200000,9.9871,9.9871,9.97,9.97,4944,0
FTMS.US,5,20260116,200500,9.98,9.98,9.9792,9.98,3271,0
FTMS.US,5,20260116,203000,9.98,9.98,9.98,9.98,5005,0
FTMS.US,5,20260116,212500,9.98,9.98,9.9701,9.9701,5238,0
FTMS.US,5,20260116,213000,9.97,9.98,9.97,9.98,2973,0
FTMS.US,5,20260116,214000,9.9731,9.9731,9.9731,9.9731,356,0
FTMS.US,5,20260116,215500,9.98,9.98,9.98,9.98,1722,0
FTMS.US,5,20260120,153000,9.95,9.98,9.94,9.98,108079,0
FTMS.US,5,20260120,155000,9.97,9.97,9.97,9.97,1000,0
FTMS.US,5,20260120,162000,9.965,9.965,9.965,9.965,100,0
FTMS.US,5,20260120,162500,9.9609,9.9609,9.9609,9.9609,3013,0
FTMS.US,5,20260120,172500,9.9663,9.9663,9.9663,9.9663,500,0
FTMS.US,5,20260120,175000,9.96,9.97,9.96,9.97,4173,0
FTMS.US,5,20260120,181000,9.9654,9.9654,9.9654,9.9654,354,0
FTMS.US,5,20260120,184500,9.97,9.97,9.97,9.97,100,0
FTMS.US,5,20260120,190500,9.97,9.98,9.97,9.97,26353,0
FTMS.US,5,20260120,192500,9.9646,9.9646,9.96,9.96,4918,0
FTMS.US,5,20260120,194000,9.965,9.97,9.965,9.97,1638,0
FTMS.US,5,20260120,194500,9.96,9.97,9.96,9.962,16292,0
FTMS.US,5,20260120,200000,9.97,9.975,9.97,9.975,3871,0
FTMS.US,5,20260120,201500,9.97,9.97,9.97,9.97,4735,0
FTMS.US,5,20260120,202000,9.97,9.9799,9.97,9.9799,3117,0
FTMS.US,5,20260120,202500,9.97,9.97,9.97,9.97,100,0
FTMS.US,5,20260120,203000,9.97,9.97,9.97,9.97,100,0
FTMS.US,5,20260120,210500,9.9616,9.97,9.9616,9.97,1548,0
FTMS.US,5,20260120,211500,9.97,9.97,9.96,9.97,5001,0
FTMS.US,5,20260120,215500,9.97,9.97,9.97,9.97,900,0
FTMS.US,5,20260121,153500,9.97,9.97,9.97,9.97,800,0
FTMS.US,5,20260121,161500,9.975,9.9765,9.975,9.9765,1329,0
FTMS.US,5,20260121,162500,9.975,9.975,9.975,9.975,100,0
FTMS.US,5,20260121,164000,9.9645,9.9645,9.9645,9.9645,873,0
FTMS.US,5,20260121,171000,9.97,9.97,9.97,9.97,500,0
FTMS.US,5,20260121,172000,9.9775,9.9775,9.9775,9.9775,391,0
FTMS.US,5,20260121,173500,9.9627,9.9627,9.9627,9.9627,1080,0
FTMS.US,5,20260121,174000,9.97,9.97,9.97,9.97,200,0
FTMS.US,5,20260121,180000,9.97,9.9799,9.97,9.9799,5466,0
FTMS.US,5,20260121,180500,9.97,9.97,9.97,9.97,301,0
FTMS.US,5,20260121,181000,9.97,9.97,9.97,9.97,7203,0
FTMS.US,5,20260121,183000,9.98,9.98,9.9682,9.9682,1990,0
FTMS.US,5,20260121,183500,9.963,9.963,9.963,9.963,127,0
FTMS.US,5,20260121,185500,9.97,9.97,9.97,9.97,27321,0
FTMS.US,5,20260121,194500,9.97,9.97,9.96,9.9699,25136,0
FTMS.US,5,20260121,195000,9.97,9.97,9.97,9.97,1053,0
FTMS.US,5,20260121,195500,9.96,9.96,9.96,9.96,200,0
FTMS.US,5,20260121,200000,9.97,9.97,9.965,9.965,1819,0
FTMS.US,5,20260121,201000,9.965,9.97,9.965,9.97,4228,0
FTMS.US,5,20260121,201500,9.965,9.965,9.965,9.965,200,0
FTMS.US,5,20260121,202500,9.965,9.965,9.965,9.965,200,0
FTMS.US,5,20260121,203000,9.97,9.98,9.97,9.98,8484,0
FTMS.US,5,20260121,203500,9.97,9.97,9.97,9.97,200,0
FTMS.US,5,20260121,204000,9.98,9.98,9.98,9.98,100,0
FTMS.US,5,20260121,204500,9.97,9.97,9.97,9.97,200,0
FTMS.US,5,20260121,205000,9.97,9.975,9.97,9.975,300,0
FTMS.US,5,20260121,205500,9.97,9.97,9.97,9.97,200,0
FTMS.US,5,20260121,210000,9.98,9.98,9.98,9.98,100,0
FTMS.US,5,20260121,210500,9.97,9.97,9.96,9.97,10614,0
FTMS.US,5,20260121,211000,9.97,9.97,9.97,9.97,12647,0
FTMS.US,5,20260121,211500,9.97,9.97,9.97,9.97,400,0
FTMS.US,5,20260121,212000,9.97,9.975,9.97,9.9734,10200,0
FTMS.US,5,20260121,212500,9.97,9.97,9.97,9.97,200,0
FTMS.US,5,20260121,213000,9.97,9.98,9.97,9.97,1800,0
FTMS.US,5,20260121,213500,9.97,9.97,9.97,9.97,400,0
FTMS.US,5,20260121,214000,9.98,9.98,9.97,9.97,300,0
FTMS.US,5,20260121,214500,9.97,9.98,9.97,9.97,3000,0
FTMS.US,5,20260121,215000,9.97,9.97,9.97,9.97,600,0
FTMS.US,5,20260121,215500,9.97,9.99,9.97,9.975,8647,0
FTMS.US,5,20260122,154500,9.9884,9.9884,9.9784,9.9784,2800,0
FTMS.US,5,20260122,155500,9.971,9.971,9.97,9.9701,4211,0
FTMS.US,5,20260122,160500,9.97,9.99,9.97,9.97,3546,0
FTMS.US,5,20260122,162000,9.98,9.98,9.98,9.98,100,0
FTMS.US,5,20260122,163500,9.9701,9.98,9.96,9.9601,5228,0
FTMS.US,5,20260122,170500,9.978,9.978,9.978,9.978,200,0
FTMS.US,5,20260122,171500,9.98,9.98,9.97,9.97,1213,0
FTMS.US,5,20260122,174000,9.96,9.97,9.96,9.97,250,0
FTMS.US,5,20260122,180500,9.9789,9.9789,9.975,9.975,300,0
FTMS.US,5,20260122,182000,9.97,9.97,9.96,9.96,21880,0
FTMS.US,5,20260122,183000,9.96,9.96,9.96,9.96,100,0
FTMS.US,5,20260122,184000,9.96,9.96,9.96,9.96,727,0
FTMS.US,5,20260122,185000,9.96,9.96,9.96,9.96,100,0
FTMS.US,5,20260122,185500,9.9601,9.9601,9.9601,9.9601,580,0
FTMS.US,5,20260122,190000,9.96,9.97,9.96,9.97,200,0
FTMS.US,5,20260122,190500,9.965,9.965,9.965,9.965,100,0
FTMS.US,5,20260122,191000,9.96,9.96,9.96,9.96,100,0
FTMS.US,5,20260122,192000,9.96,9.96,9.96,9.96,100,0
FTMS.US,5,20260122,192500,9.965,9.965,9.965,9.965,1604,0
FTMS.US,5,20260122,193000,9.96,9.965,9.96,9.96,52770,0
FTMS.US,5,20260122,193500,9.97,9.97,9.965,9.97,97771,0
FTMS.US,5,20260122,194500,9.9748,9.98,9.9748,9.98,28572,0
FTMS.US,5,20260122,195000,9.97,9.97,9.96,9.96,400,0
FTMS.US,5,20260122,195500,9.98,9.98,9.97,9.97,1654,0
FTMS.US,5,20260122,200000,9.9601,9.9601,9.96,9.96,200,0
FTMS.US,5,20260122,201000,9.96,9.96,9.96,9.96,100,0
FTMS.US,5,20260122,202000,9.96,9.96,9.96,9.96,100,0
FTMS.US,5,20260122,203000,9.96,9.96,9.96,9.96,100,0
FTMS.US,5,20260122,204000,9.96,9.97,9.96,9.97,200,0
FTMS.US,5,20260122,205000,9.96,9.96,9.96,9.96,100,0
FTMS.US,5,20260122,205500,9.96,9.97,9.96,9.97,200,0
FTMS.US,5,20260122,210500,9.96,9.96,9.96,9.96,100,0
FTMS.US,5,20260122,211500,9.96,9.97,9.96,9.97,200,0
FTMS.US,5,20260122,212000,9.96,9.96,9.96,9.96,100,0
FTMS.US,5,20260122,212500,9.97,9.97,9.965,9.965,9081,0
FTMS.US,5,20260122,213000,9.97,9.97,9.97,9.97,1217,0
FTMS.US,5,20260122,213500,9.965,9.965,9.965,9.965,100,0
FTMS.US,5,20260122,214000,9.965,9.965,9.965,9.965,100,0
FTMS.US,5,20260122,214500,9.96,9.97,9.96,9.97,200,0
FTMS.US,5,20260122,215000,9.96,9.96,9.96,9.96,200,0
FTMS.US,5,20260122,215500,9.97,9.97,9.96,9.96,761,0
FTMS.US,5,20260123,161000,9.9947,9.9947,9.9947,9.9947,1265,0
FTMS.US,5,20260123,162000,9.98,9.98,9.98,9.98,100,0
FTMS.US,5,20260123,172000,9.9708,9.98,9.9708,9.98,390,0
FTMS.US,5,20260123,183000,9.98,9.98,9.98,9.98,100,0
FTMS.US,5,20260123,185000,9.98,9.98,9.97,9.97,2030,0
FTMS.US,5,20260123,190000,9.98,9.98,9.98,9.98,100,0
FTMS.US,5,20260123,192000,9.9606,9.98,9.9606,9.97,16415,0
FTMS.US,5,20260123,193500,9.98,9.98,9.97,9.97,10983,0
FTMS.US,5,20260123,203000,9.9607,9.97,9.9607,9.97,2684,0
FTMS.US,5,20260123,204500,9.9799,9.9799,9.97,9.97,5208,0
FTMS.US,5,20260123,210000,9.98,9.98,9.97,9.97,200,0
FTMS.US,5,20260123,211500,9.97,9.97,9.97,9.97,100,0
FTMS.US,5,20260123,213000,9.963,9.9684,9.963,9.9684,1384,0
FTMS.US,5,20260123,213500,9.98,9.98,9.9799,9.9799,1022,0
FTMS.US,5,20260123,215000,9.97,9.97,9.97,9.97,339,0
