<TICKER>,<PER>,<DATE>,<TIME>,<OPEN>,<HIGH>,<LOW>,<CLOSE>,<VOL>,<OPENINT>
GENM.US,5,20250829,165000,10.21,10.21,10.21,10.21,100,0
GENM.US,5,20250902,164000,10.2,10.2,10.2,10.2,100,0
GENM.US,5,20250902,165000,10.2134,10.2134,10.2134,10.2134,802,0
GENM.US,5,20250902,170000,10.22,10.27,10.2199,10.2199,6856,0
GENM.US,5,20250902,172000,10.2,10.2,10.2,10.2,100,0
GENM.US,5,20250902,175500,10.2,10.2,10.2,10.2,100,0
GENM.US,5,20250902,195500,10.19,10.19,10.19,10.19,100,0
GENM.US,5,20250902,204500,10.19,10.19,10.19,10.19,100,0
GENM.US,5,20250903,165000,10.21,10.21,10.21,10.21,100,0
GENM.US,5,20250903,172000,10.24,10.24,10.24,10.24,8008,0
GENM.US,5,20250903,180500,10.24,10.25,10.24,10.25,200,0
GENM.US,5,20250903,181000,10.24,10.25,10.24,10.25,300,0
GENM.US,5,20250903,181500,10.25,10.25,10.25,10.25,400,0
GENM.US,5,20250903,182000,10.25,10.25,10.25,10.25,400,0
GENM.US,5,20250903,182500,10.25,10.25,10.25,10.25,300,0
GENM.US,5,20250903,183000,10.25,10.25,10.25,10.25,100,0
GENM.US,5,20250903,183500,10.25,10.255,10.25,10.255,300,0
GENM.US,5,20250903,185000,10.25,10.255,10.25,10.255,300,0
GENM.US,5,20250903,185500,10.26,10.26,10.26,10.26,100,0
GENM.US,5,20250903,190000,10.26,10.26,10.26,10.26,100,0
GENM.US,5,20250903,190500,10.26,10.26,10.26,10.26,100,0
GENM.US,5,20250903,191000,10.26,10.26,10.26,10.26,100,0
GENM.US,5,20250903,191500,10.23,10.26,10.23,10.26,200,0
GENM.US,5,20250903,192000,10.26,10.26,10.26,10.26,100,0
GENM.US,5,20250903,192500,10.26,10.26,10.26,10.26,100,0
GENM.US,5,20250903,193000,10.23,10.26,10.23,10.26,300,0
GENM.US,5,20250903,193500,10.26,10.26,10.26,10.26,400,0
GENM.US,5,20250903,194500,10.26,10.26,10.24,10.24,300,0
GENM.US,5,20250903,195000,10.26,10.27,10.26,10.27,300,0
GENM.US,5,20250903,195500,10.26,10.27,10.24,10.24,400,0
GENM.US,5,20250903,200500,10.26,10.27,10.26,10.27,400,0
GENM.US,5,20250903,201500,10.26,10.27,10.26,10.27,400,0
GENM.US,5,20250903,202000,10.24,10.27,10.24,10.27,500,0
GENM.US,5,20250903,202500,10.26,10.27,10.26,10.27,400,0
GENM.US,5,20250903,203500,10.26,10.27,10.26,10.27,400,0
GENM.US,5,20250903,204500,10.26,10.27,10.26,10.26,500,0
GENM.US,5,20250903,205000,10.26,10.26,10.26,10.26,200,0
GENM.US,5,20250903,205500,10.26,10.26,10.26,10.26,200,0
GENM.US,5,20250903,210000,10.26,10.27,10.26,10.27,600,0
GENM.US,5,20250903,210500,10.26,10.26,10.26,10.26,100,0
GENM.US,5,20250903,211000,10.26,10.26,10.26,10.26,400,0
GENM.US,5,20250903,211500,10.26,10.26,10.26,10.26,300,0
GENM.US,5,20250903,212000,10.26,10.26,10.24,10.26,518,0
GENM.US,5,20250903,212500,10.255,10.27,10.255,10.27,400,0
GENM.US,5,20250903,213500,10.26,10.26,10.26,10.26,300,0
GENM.US,5,20250903,214000,10.26,10.26,10.26,10.26,300,0
GENM.US,5,20250903,214500,10.26,10.26,10.26,10.26,300,0
GENM.US,5,20250903,215000,10.26,10.26,10.26,10.26,400,0
GENM.US,5,20250903,215500,10.26,10.26,10.26,10.26,600,0
GENM.US,5,20250904,161500,10.22,10.22,10.22,10.22,3690,0
GENM.US,5,20250904,163000,10.22,10.22,10.22,10.22,100,0
GENM.US,5,20250904,171000,10.23,10.2399,10.22,10.2399,2094,0
GENM.US,5,20250904,172500,10.23,10.23,10.225,10.23,3664,0
GENM.US,5,20250904,174000,10.22,10.22,10.22,10.22,100,0
GENM.US,5,20250904,181500,10.22,10.22,10.22,10.22,100,0
GENM.US,5,20250904,185500,10.22,10.22,10.22,10.22,100,0
GENM.US,5,20250904,193500,10.22,10.22,10.22,10.22,100,0
GENM.US,5,20250904,202000,10.22,10.22,10.22,10.22,100,0
GENM.US,5,20250904,215500,10.22,10.22,10.22,10.22,500,0
GENM.US,5,20250905,171000,10.28,10.32,10.2799,10.2799,2500,0
GENM.US,5,20250908,171500,10.29,10.33,10.29,10.329,1884,0
GENM.US,5,20250908,175000,10.28,10.28,10.28,10.28,1246,0
GENM.US,5,20250908,175500,10.29,10.3,10.29,10.3,3333,0
GENM.US,5,20250908,200000,10.29,10.29,10.29,10.29,100,0
GENM.US,5,20250909,171500,10.3043,10.3043,10.3043,10.3043,6061,0
GENM.US,5,20250909,175000,10.2901,10.3029,10.2901,10.3029,691,0
GENM.US,5,20250910,171500,10.33,10.36,10.33,10.36,2320,0
GENM.US,5,20250910,183500,10.32,10.32,10.32,10.32,16172,0
GENM.US,5,20250910,185000,10.31,10.31,10.31,10.31,100,0
GENM.US,5,20250910,191000,10.335,10.335,10.32,10.32,200,0
GENM.US,5,20250910,191500,10.3,10.3,10.3,10.3,100,0
GENM.US,5,20250910,194000,10.3,10.3,10.3,10.3,100,0
GENM.US,5,20250910,200500,10.3,10.3,10.3,10.3,100,0
GENM.US,5,20250910,202500,10.31,10.31,10.31,10.31,100,0
GENM.US,5,20250910,204500,10.3,10.3,10.3,10.3,100,0
GENM.US,5,20250910,210500,10.3,10.3,10.3,10.3,100,0
GENM.US,5,20250910,212500,10.3,10.3,10.3,10.3,100,0
GENM.US,5,20250910,214000,10.3,10.3,10.3,10.3,100,0
GENM.US,5,20250910,215000,10.31,10.31,10.31,10.31,100,0
GENM.US,5,20250910,215500,10.31,10.31,10.31,10.31,100,0
GENM.US,5,20250911,173000,10.3294,10.3294,10.3294,10.3294,5308,0
GENM.US,5,20250911,181000,10.33,10.36,10.3299,10.3304,2390,0
GENM.US,5,20250911,181500,10.34,10.34,10.3273,10.3273,14000,0
GENM.US,5,20250911,182000,10.33,10.339,10.325,10.325,3796,0
GENM.US,5,20250911,182500,10.31,10.31,10.31,10.31,100,0
GENM.US,5,20250911,184000,10.33,10.34,10.33,10.34,10100,0
GENM.US,5,20250911,184500,10.31,10.31,10.31,10.31,100,0
GENM.US,5,20250911,191000,10.32,10.32,10.32,10.32,100,0
GENM.US,5,20250911,193000,10.31,10.31,10.31,10.31,100,0
GENM.US,5,20250911,194000,10.33,10.33,10.33,10.33,100,0
GENM.US,5,20250911,195500,10.31,10.31,10.31,10.31,100,0
GENM.US,5,20250911,201500,10.33,10.38,10.33,10.34,12100,0
GENM.US,5,20250911,203000,10.34,10.4,10.3306,10.4,5400,0
GENM.US,5,20250911,203500,10.34,10.39,10.34,10.349,17380,0
GENM.US,5,20250911,204000,10.35,10.35,10.3499,10.3499,2000,0
GENM.US,5,20250911,205000,10.32,10.32,10.32,10.32,100,0
GENM.US,5,20250911,210500,10.35,10.35,10.35,10.35,100,0
GENM.US,5,20250911,212000,10.32,10.32,10.32,10.32,100,0
GENM.US,5,20250911,213500,10.32,10.32,10.32,10.32,100,0
GENM.US,5,20250911,214500,10.32,10.32,10.32,10.32,100,0
GENM.US,5,20250911,215000,10.32,10.32,10.32,10.32,100,0
GENM.US,5,20250911,215500,10.32,10.34,10.32,10.32,320,0
GENM.US,5,20250912,195000,10.3263,10.36,10.3263,10.345,1138,0
GENM.US,5,20250912,200000,10.335,10.335,10.335,10.335,100,0
GENM.US,5,20250912,204000,10.33,10.35,10.325,10.35,6042,0
GENM.US,5,20250912,210000,10.35,10.35,10.35,10.35,100,0
GENM.US,5,20250912,214500,10.34,10.345,10.34,10.345,400,0
GENM.US,5,20250915,165500,10.3233,10.3233,10.3233,10.3233,106,0
GENM.US,5,20250915,175500,10.33,10.37,10.3299,10.33,7400,0
GENM.US,5,20250915,183500,10.3395,10.3395,10.33,10.33,1988,0
GENM.US,5,20250915,184500,10.31,10.31,10.31,10.31,100,0
GENM.US,5,20250916,165500,10.32,10.32,10.32,10.32,100,0
GENM.US,5,20250916,172000,10.34,10.34,10.34,10.34,7692,0
GENM.US,5,20250916,175500,10.34,10.355,10.335,10.35,3162,0
GENM.US,5,20250916,201000,10.35,10.4,10.3499,10.35,11262,0
GENM.US,5,20250916,201500,10.36,10.36,10.36,10.36,2765,0
GENM.US,5,20250916,210500,10.36,10.365,10.35,10.35,300,0
GENM.US,5,20250916,212000,10.36,10.36,10.36,10.36,554,0
GENM.US,5,20250916,215500,10.35,10.35,10.35,10.35,100,0
GENM.US,5,20250917,153500,10.3403,10.35,10.3403,10.35,500,0
GENM.US,5,20250917,161500,10.35,10.35,10.35,10.35,100,0
GENM.US,5,20250917,163500,10.35,10.35,10.35,10.35,100,0
GENM.US,5,20250917,164000,10.35,10.36,10.35,10.36,2700,0
GENM.US,5,20250917,164500,10.355,10.37,10.35,10.36,20295,0
GENM.US,5,20250917,175000,10.36,10.36,10.36,10.36,100,0
GENM.US,5,20250917,182000,10.35,10.36,10.35,10.36,1321,0
GENM.US,5,20250917,191500,10.36,10.36,10.36,10.36,200,0
GENM.US,5,20250917,193500,10.36,10.36,10.36,10.36,200,0
GENM.US,5,20250917,200500,10.355,10.36,10.355,10.36,200,0
GENM.US,5,20250917,203000,10.35,10.36,10.35,10.36,200,0
GENM.US,5,20250917,204000,10.35,10.35,10.35,10.35,200,0
GENM.US,5,20250917,210000,10.35,10.35,10.35,10.35,100,0
GENM.US,5,20250917,211000,10.345,10.35,10.345,10.35,200,0
GENM.US,5,20250917,212500,10.35,10.35,10.35,10.35,100,0
GENM.US,5,20250917,213000,10.36,10.36,10.36,10.36,100,0
GENM.US,5,20250917,214000,10.36,10.36,10.36,10.36,100,0
GENM.US,5,20250917,215000,10.35,10.35,10.35,10.35,151,0
GENM.US,5,20250918,153000,10.3285,10.3285,10.3285,10.3285,116,0
GENM.US,5,20250918,163500,10.31,10.31,10.31,10.31,100,0
GENM.US,5,20250918,164500,10.3238,10.3238,10.3238,10.3238,2491,0
GENM.US,5,20250918,173000,10.3102,10.3102,10.26,10.26,3900,0
GENM.US,5,20250918,191500,10.3298,10.3298,10.31,10.31,5235,0
GENM.US,5,20250919,160500,10.34,10.34,10.34,10.34,100,0
GENM.US,5,20250919,165000,10.32,10.32,10.32,10.32,100,0
GENM.US,5,20250919,165500,10.34,10.34,10.34,10.34,15813,0
GENM.US,5,20250919,183500,10.3341,10.3341,10.33,10.33,2319,0
GENM.US,5,20250919,184500,10.34,10.37,10.34,10.35,2814,0
GENM.US,5,20250919,215500,10.32,10.32,10.32,10.32,100,0
GENM.US,5,20250922,175500,10.34,10.37,10.34,10.35,7858,0
GENM.US,5,20250922,215500,10.34,10.41,10.33,10.38,4900,0
GENM.US,5,20250923,171500,10.34,10.38,10.3399,10.34,4700,0
GENM.US,5,20250924,170000,10.3293,10.3293,10.32,10.32,1600,0
GENM.US,5,20250924,203000,10.3134,10.3134,10.3134,10.3134,427,0
GENM.US,5,20250925,203000,10.3001,10.3002,10.27,10.27,2720,0
GENM.US,5,20250925,210000,10.3186,10.32,10.3186,10.32,400,0
GENM.US,5,20250926,153000,10.33,10.33,10.33,10.33,100,0
GENM.US,5,20250926,163500,10.31,10.31,10.31,10.31,100,0
GENM.US,5,20250926,171500,10.32,10.32,10.32,10.32,23267,0
GENM.US,5,20250926,175500,10.3091,10.3091,10.3091,10.3091,276,0
GENM.US,5,20250926,190000,10.31,10.31,10.31,10.31,21340,0
GENM.US,5,20250926,193000,10.32,10.35,10.3,10.3,2624,0
GENM.US,5,20250926,194500,10.3693,10.3693,10.3693,10.3693,714,0
GENM.US,5,20250929,215000,10.27,10.27,10.27,10.27,200,0
GENM.US,5,20250929,215500,10.27,10.27,10.27,10.27,100,0
GENM.US,5,20250930,153500,10.2894,10.49,10.2894,10.49,26900,0
GENM.US,5,20250930,154000,10.29,10.29,10.29,10.29,100,0
GENM.US,5,20250930,164500,10.3,10.3,10.3,10.3,200,0
GENM.US,5,20250930,212000,10.3,10.3,10.3,10.3,100,0
GENM.US,5,20251001,160000,10.3,10.3,10.3,10.3,100,0
GENM.US,5,20251001,164000,10.28,10.28,10.28,10.28,100,0
GENM.US,5,20251001,201000,10.299,10.33,10.28,10.28,1000,0
GENM.US,5,20251002,165500,10.2997,10.2997,10.2997,10.2997,3415,0
GENM.US,5,20251002,171000,10.3,10.3,10.3,10.3,100,0
GENM.US,5,20251002,185000,10.3,10.33,10.3,10.33,1400,0
GENM.US,5,20251002,204500,10.299,10.33,10.299,10.33,900,0
GENM.US,5,20251003,155000,10.3,10.3,10.3,10.3,100,0
GENM.US,5,20251003,175500,10.2927,10.2927,10.28,10.28,939,0
GENM.US,5,20251003,182000,10.3095,10.3095,10.3095,10.3095,935,0
GENM.US,5,20251003,215500,10.28,10.28,10.28,10.28,100,0
GENM.US,5,20251006,171500,10.2908,10.2908,10.2908,10.2908,1001,0
GENM.US,5,20251007,182000,10.335,10.335,10.31,10.31,215,0
GENM.US,5,20251007,213000,10.309,10.309,10.3013,10.3013,391,0
GENM.US,5,20251007,215000,10.29,10.29,10.29,10.29,200,0
GENM.US,5,20251008,175000,10.31,10.32,10.31,10.32,200,0
GENM.US,5,20251008,182000,10.32,10.32,10.3199,10.3199,1390,0
GENM.US,5,20251008,190000,10.33,10.33,10.33,10.33,100,0
GENM.US,5,20251009,174000,10.31,10.35,10.28,10.31,31064,0
GENM.US,5,20251009,174500,10.31,10.31,10.31,10.31,500,0
GENM.US,5,20251009,175000,10.31,10.31,10.29,10.29,200,0
GENM.US,5,20251009,175500,10.29,10.29,10.29,10.29,400,0
GENM.US,5,20251009,180000,10.29,10.29,10.29,10.29,400,0
GENM.US,5,20251009,180500,10.29,10.29,10.29,10.29,400,0
GENM.US,5,20251009,181000,10.29,10.29,10.29,10.29,200,0
GENM.US,5,20251009,181500,10.3,10.3,10.29,10.29,400,0
GENM.US,5,20251009,182000,10.29,10.29,10.29,10.29,400,0
GENM.US,5,20251009,183500,10.29,10.29,10.29,10.29,100,0
GENM.US,5,20251009,205000,10.3,10.3,10.29,10.29,1288,0
GENM.US,5,20251010,170000,10.31,10.34,10.31,10.31,1700,0
GENM.US,5,20251010,211000,10.32,10.34,10.32,10.32,4648,0
GENM.US,5,20251013,171000,10.31,10.32,10.31,10.32,36052,0
GENM.US,5,20251013,182500,10.3099,10.34,10.3099,10.3099,800,0
GENM.US,5,20251014,181500,10.31,10.32,10.31,10.32,200,0
GENM.US,5,20251014,182000,10.32,10.34,10.32,10.32,8155,0
GENM.US,5,20251014,185000,10.31,10.31,10.31,10.31,100,0
GENM.US,5,20251014,191500,10.31,10.31,10.31,10.31,100,0
GENM.US,5,20251014,213000,10.31,10.31,10.29,10.29,16248,0
GENM.US,5,20251015,191500,10.32,10.32,10.32,10.32,100,0
GENM.US,5,20251015,211000,10.32,10.32,10.3105,10.3105,200,0
GENM.US,5,20251016,153000,10.37,10.37,10.3194,10.3194,4467,0
GENM.US,5,20251016,154000,10.32,10.32,10.32,10.32,100,0
GENM.US,5,20251016,155000,10.32,10.32,10.32,10.32,100,0
GENM.US,5,20251016,160000,10.32,10.32,10.32,10.32,100,0
GENM.US,5,20251016,161500,10.33,10.33,10.33,10.33,100,0
GENM.US,5,20251016,162500,10.33,10.33,10.33,10.33,100,0
GENM.US,5,20251016,164000,10.34,10.34,10.34,10.34,100,0
GENM.US,5,20251016,164500,10.3233,10.34,10.3233,10.3399,3208,0
GENM.US,5,20251016,170000,10.34,10.34,10.34,10.34,100,0
GENM.US,5,20251016,171500,10.33,10.33,10.33,10.33,100,0
GENM.US,5,20251016,172000,10.3135,10.3135,10.3135,10.3135,113,0
GENM.US,5,20251016,173500,10.33,10.33,10.33,10.33,100,0
GENM.US,5,20251016,175500,10.33,10.33,10.33,10.33,100,0
GENM.US,5,20251016,182000,10.33,10.33,10.33,10.33,100,0
GENM.US,5,20251016,184500,10.34,10.345,10.34,10.345,200,0
GENM.US,5,20251016,191000,10.34,10.34,10.34,10.34,100,0
GENM.US,5,20251016,193500,10.34,10.34,10.34,10.34,100,0
GENM.US,5,20251016,200500,10.34,10.34,10.34,10.34,100,0
GENM.US,5,20251016,203000,10.34,10.34,10.34,10.34,100,0
GENM.US,5,20251016,204000,10.32,10.33,10.32,10.32,8458,0
GENM.US,5,20251016,204500,10.3316,10.3316,10.3316,10.3316,435,0
GENM.US,5,20251016,205500,10.33,10.33,10.33,10.33,100,0
GENM.US,5,20251016,212000,10.34,10.34,10.34,10.34,100,0
GENM.US,5,20251016,213500,10.34,10.34,10.34,10.34,100,0
GENM.US,5,20251016,214500,10.35,10.35,10.35,10.35,100,0
GENM.US,5,20251016,215000,10.34,10.34,10.34,10.34,100,0
GENM.US,5,20251017,164000,10.31,10.31,10.31,10.31,100,0
GENM.US,5,20251017,205000,10.33,10.33,10.32,10.32,22347,0
GENM.US,5,20251017,210000,10.31,10.31,10.31,10.31,100,0
GENM.US,5,20251017,211000,10.31,10.31,10.31,10.31,100,0
GENM.US,5,20251017,212500,10.31,10.31,10.31,10.31,100,0
GENM.US,5,20251017,213000,10.31,10.31,10.31,10.31,100,0
GENM.US,5,20251017,214000,10.31,10.31,10.31,10.31,100,0
GENM.US,5,20251017,214500,10.32,10.32,10.32,10.32,100,0
GENM.US,5,20251017,215000,10.31,10.31,10.31,10.31,100,0
GENM.US,5,20251017,215500,10.32,10.32,10.27,10.27,1226,0
GENM.US,5,20251020,153000,10.34,10.355,10.34,10.355,916,0
GENM.US,5,20251020,154000,10.34,10.34,10.34,10.34,119,0
GENM.US,5,20251020,160500,10.3305,10.3305,10.3305,10.3305,100,0
GENM.US,5,20251020,165500,10.3301,10.3301,10.3301,10.3301,591,0
GENM.US,5,20251020,171000,10.32,10.32,10.32,10.32,100,0
GENM.US,5,20251020,180500,10.33,10.38,10.3299,10.33,9882,0
GENM.US,5,20251020,182000,10.32,10.32,10.32,10.32,100,0
GENM.US,5,20251020,183000,10.32,10.32,10.32,10.32,100,0
GENM.US,5,20251020,194000,10.32,10.32,10.32,10.32,100,0
GENM.US,5,20251020,202500,10.32,10.32,10.32,10.32,100,0
GENM.US,5,20251020,204500,10.32,10.32,10.32,10.32,100,0
GENM.US,5,20251020,211500,10.32,10.32,10.32,10.32,100,0
GENM.US,5,20251020,214000,10.32,10.32,10.32,10.32,100,0
GENM.US,5,20251021,172500,10.32,10.32,10.32,10.32,100,0
GENM.US,5,20251021,212000,10.34,10.34,10.34,10.34,131894,0
GENM.US,5,20251022,154500,10.32,10.32,10.32,10.32,100,0
GENM.US,5,20251022,160000,10.32,10.32,10.32,10.32,100,0
GENM.US,5,20251022,171000,10.33,10.33,10.33,10.33,400,0
GENM.US,5,20251022,172000,10.32,10.32,10.32,10.32,100,0
GENM.US,5,20251022,182500,10.33,10.33,10.33,10.33,938,0
GENM.US,5,20251022,185000,10.34,10.35,10.34,10.35,18902,0
GENM.US,5,20251022,190000,10.34,10.34,10.34,10.34,100,0
GENM.US,5,20251022,191500,10.32,10.32,10.32,10.32,100,0
GENM.US,5,20251022,193500,10.32,10.32,10.32,10.32,100,0
GENM.US,5,20251022,195000,10.34,10.36,10.335,10.34,13328,0
GENM.US,5,20251022,195500,10.3375,10.3375,10.3375,10.3375,100,0
GENM.US,5,20251022,200500,10.34,10.34,10.34,10.34,100,0
GENM.US,5,20251022,201000,10.35,10.55,10.3498,10.36,15700,0
GENM.US,5,20251022,201500,10.36,10.37,10.36,10.36,1300,0
GENM.US,5,20251022,202000,10.36,10.36,10.36,10.36,800,0
GENM.US,5,20251022,202500,10.36,10.36,10.35,10.36,700,0
GENM.US,5,20251022,203000,10.36,10.36,10.35,10.36,400,0
GENM.US,5,20251022,203500,10.36,10.36,10.35,10.36,800,0
GENM.US,5,20251022,204000,10.36,10.36,10.35,10.36,400,0
GENM.US,5,20251022,204500,10.36,10.36,10.36,10.36,400,0
GENM.US,5,20251022,205000,10.36,10.37,10.35,10.37,500,0
GENM.US,5,20251022,205500,10.35,10.35,10.35,10.35,100,0
GENM.US,5,20251022,210000,10.34,10.37,10.34,10.37,200,0
GENM.US,5,20251022,210500,10.35,10.35,10.35,10.35,100,0
GENM.US,5,20251022,211000,10.34,10.34,10.34,10.34,100,0
GENM.US,5,20251022,211500,10.34,10.34,10.34,10.34,100,0
GENM.US,5,20251022,212000,10.34,10.34,10.34,10.34,100,0
GENM.US,5,20251022,212500,10.34,10.34,10.34,10.34,200,0
GENM.US,5,20251022,213000,10.34,10.34,10.34,10.34,100,0
GENM.US,5,20251022,213500,10.34,10.34,10.34,10.34,200,0
GENM.US,5,20251022,214000,10.34,10.34,10.34,10.34,200,0
GENM.US,5,20251022,214500,10.34,10.34,10.34,10.34,200,0
GENM.US,5,20251022,215000,10.34,10.34,10.34,10.34,300,0
GENM.US,5,20251022,215500,10.34,10.35,10.33,10.33,846,0
GENM.US,5,20251023,154000,10.34,10.34,10.34,10.34,17708,0
GENM.US,5,20251023,160500,10.34,10.34,10.34,10.34,2500,0
GENM.US,5,20251023,162500,10.32,10.32,10.32,10.32,100,0
GENM.US,5,20251023,164000,10.32,10.32,10.32,10.32,100,0
GENM.US,5,20251023,180000,10.34,10.34,10.34,10.34,100,0
GENM.US,5,20251023,190500,10.32,10.32,10.32,10.32,100,0
GENM.US,5,20251023,201500,10.35,10.36,10.35,10.36,200,0
GENM.US,5,20251023,203000,10.36,10.37,10.36,10.365,2414,0
GENM.US,5,20251023,203500,10.36,10.36,10.36,10.36,100,0
GENM.US,5,20251023,210000,10.36,10.36,10.35,10.35,247,0
GENM.US,5,20251024,165500,10.35,10.399,10.3449,10.3449,10338,0
GENM.US,5,20251027,143000,10.33,10.33,10.33,10.33,100,0
GENM.US,5,20251027,152000,10.33,10.34,10.33,10.34,200,0
GENM.US,5,20251027,153500,10.34,10.34,10.34,10.34,100,0
GENM.US,5,20251027,155000,10.3313,10.34,10.3313,10.34,2006,0
GENM.US,5,20251027,161000,10.34,10.345,10.34,10.345,200,0
GENM.US,5,20251027,162500,10.34,10.34,10.34,10.34,100,0
GENM.US,5,20251027,164000,10.34,10.35,10.34,10.35,200,0
GENM.US,5,20251027,164500,10.34,10.35,10.34,10.35,300,0
GENM.US,5,20251027,170000,10.34,10.34,10.34,10.34,200,0
GENM.US,5,20251027,173500,10.34,10.35,10.34,10.35,200,0
GENM.US,5,20251027,175000,10.34,10.34,10.34,10.34,100,0
GENM.US,5,20251027,181000,10.35,10.35,10.35,10.35,100,0
GENM.US,5,20251027,182500,10.35,10.35,10.35,10.35,200,0
GENM.US,5,20251027,184000,10.35,10.35,10.35,10.35,100,0
GENM.US,5,20251027,190000,10.35,10.38,10.35,10.35,300,0
GENM.US,5,20251027,192000,10.349,10.349,10.349,10.349,1024,0
GENM.US,5,20251027,193500,10.35,10.35,10.35,10.35,100,0
GENM.US,5,20251027,195000,10.35,10.35,10.35,10.35,200,0
GENM.US,5,20251027,200500,10.35,10.355,10.35,10.35,700,0
GENM.US,5,20251027,202500,10.35,10.35,10.35,10.35,100,0
GENM.US,5,20251027,204000,10.35,10.35,10.35,10.35,100,0
GENM.US,5,20251027,205500,10.37,10.39,10.33,10.38,3400,0
GENM.US,5,20251028,151000,10.32,10.32,10.32,10.32,100,0
GENM.US,5,20251028,154000,10.3392,10.3392,10.3392,10.3392,1319,0
GENM.US,5,20251028,202000,10.3399,10.34,10.32,10.3399,6194,0
GENM.US,5,20251028,205500,10.32,10.32,10.32,10.32,100,0
GENM.US,5,20251029,160000,10.32,10.32,10.32,10.32,100,0
GENM.US,5,20251029,163500,10.34,10.38,10.34,10.34,3091,0
GENM.US,5,20251029,194000,10.32,10.32,10.32,10.32,100,0
GENM.US,5,20251029,200500,10.34,10.34,10.34,10.34,100,0
GENM.US,5,20251029,201500,10.32,10.32,10.32,10.32,100,0
GENM.US,5,20251030,160000,10.2949,10.2949,10.2949,10.2949,2436,0
GENM.US,5,20251030,161500,10.28,10.28,10.28,10.28,100,0
GENM.US,5,20251030,163000,10.29,10.3,10.28,10.3,2414,0
GENM.US,5,20251030,164500,10.29,10.29,10.29,10.29,100,0
GENM.US,5,20251030,182000,10.2997,10.2997,10.296,10.2974,8621,0
GENM.US,5,20251031,150000,10.28,10.3099,10.28,10.3099,591,0
GENM.US,5,20251031,164500,10.29,10.29,10.29,10.29,100,0
GENM.US,5,20251031,175000,10.31,10.35,10.3099,10.3099,5748,0
GENM.US,5,20251031,181000,10.29,10.29,10.29,10.29,100,0
GENM.US,5,20251103,170500,10.28,10.28,10.28,10.28,100,0
GENM.US,5,20251103,192500,10.3,10.3,10.3,10.3,100,0
GENM.US,5,20251103,195000,10.292,10.292,10.29,10.29,2095,0
GENM.US,5,20251104,165000,10.3,10.3,10.3,10.3,100,0
GENM.US,5,20251104,174000,10.32,10.35,10.32,10.35,1700,0
GENM.US,5,20251104,182000,10.3,10.3,10.3,10.3,100,0
GENM.US,5,20251104,193500,10.32,10.32,10.32,10.32,100,0
GENM.US,5,20251104,205000,10.3,10.3,10.3,10.3,100,0
GENM.US,5,20251105,164500,10.3,10.33,10.2996,10.33,2157,0
GENM.US,5,20251105,165500,10.28,10.28,10.28,10.28,100,0
GENM.US,5,20251105,211000,10.281,10.2901,10.28,10.28,2666,0
GENM.US,5,20251105,215500,10.28,10.28,10.28,10.28,100,0
GENM.US,5,20251106,165500,10.29,10.29,10.29,10.29,100,0
GENM.US,5,20251107,154500,10.305,10.305,10.305,10.305,911,0
GENM.US,5,20251107,162000,10.3,10.3,10.3,10.3,100,0
GENM.US,5,20251110,171500,10.2925,10.2925,10.2925,10.2925,160,0
GENM.US,5,20251110,172000,10.2965,10.2965,10.2965,10.2965,912,0
GENM.US,5,20251110,180000,10.3,10.31,10.3,10.31,19119,0
GENM.US,5,20251111,170500,10.3,10.3,10.3,10.3,100,0
GENM.US,5,20251111,171500,10.32,10.35,10.3199,10.33,4362,0
GENM.US,5,20251111,174500,10.3197,10.3197,10.3197,10.3197,3795,0
GENM.US,5,20251112,183500,10.3,10.33,10.28,10.28,5976,0
GENM.US,5,20251113,170500,10.3,10.3,10.3,10.3,906,0
GENM.US,5,20251113,180500,10.2969,10.2969,10.2969,10.2969,1094,0
GENM.US,5,20251113,202500,10.295,10.295,10.295,10.295,153,0
GENM.US,5,20251114,210000,10.29,10.29,10.29,10.29,2431,0
GENM.US,5,20251114,211500,10.3,10.3,10.28,10.3,1100,0
GENM.US,5,20251114,212500,10.31,10.32,10.28,10.31,7900,0
GENM.US,5,20251117,171000,10.31,10.32,10.31,10.32,10361,0
GENM.US,5,20251117,185000,10.31,10.34,10.29,10.29,6347,0
GENM.US,5,20251117,203000,10.2987,10.3002,10.29,10.29,501,0
GENM.US,5,20251118,172500,10.31,10.31,10.31,10.31,100,0
GENM.US,5,20251118,174500,10.3142,10.3142,10.3142,10.3142,2313,0
GENM.US,5,20251118,175000,10.31,10.31,10.31,10.31,7250,0
GENM.US,5,20251118,180000,10.301,10.32,10.3,10.32,1179,0
GENM.US,5,20251118,210500,10.3007,10.3007,10.3007,10.3007,925,0
GENM.US,5,20251119,162000,10.32,10.32,10.32,10.32,100,0
GENM.US,5,20251119,165500,10.32,10.32,10.32,10.32,15401,0
GENM.US,5,20251119,184000,10.32,10.32,10.32,10.32,19991,0
GENM.US,5,20251119,185500,10.31,10.31,10.31,10.31,600,0
GENM.US,5,20251119,214500,10.31,10.31,10.31,10.31,100,0
GENM.US,5,20251120,154500,10.31,10.31,10.31,10.31,100,0
GENM.US,5,20251120,171500,10.31,10.32,10.31,10.32,1800,0
GENM.US,5,20251120,172000,10.32,10.32,10.32,10.32,600,0
GENM.US,5,20251120,172500,10.32,10.32,10.32,10.32,300,0
GENM.US,5,20251120,173500,10.32,10.32,10.31,10.3101,564,0
GENM.US,5,20251120,180500,10.32,10.388,10.32,10.33,23993,0
GENM.US,5,20251120,193500,10.33,10.335,10.31,10.32,5600,0
GENM.US,5,20251120,194000,10.32,10.32,10.32,10.32,100,0
GENM.US,5,20251120,205500,10.33,10.33,10.33,10.33,100,0
GENM.US,5,20251120,210000,10.3101,10.3101,10.3101,10.3101,137,0
GENM.US,5,20251121,171500,10.32,10.32,10.32,10.32,100,0
GENM.US,5,20251124,160500,10.32,10.32,10.32,10.32,100,0
GENM.US,5,20251124,182000,10.3199,10.3199,10.3199,10.3199,313,0
GENM.US,5,20251124,215500,10.35,10.39,10.32,10.33,4845,0
GENM.US,5,20251125,184000,10.3199,10.3199,10.3199,10.3199,2469,0
GENM.US,5,20251125,190000,10.33,10.33,10.33,10.33,100,0
GENM.US,5,20251125,191500,10.32,10.32,10.32,10.32,100,0
GENM.US,5,20251126,174000,10.2901,10.2943,10.29,10.2943,1908,0
GENM.US,5,20251128,164000,10.3,10.3,10.3,10.3,5236,0
GENM.US,5,20251128,182000,10.3,10.3,10.3,10.3,938,0
GENM.US,5,20251128,185500,10.3,10.3,10.3,10.3,100,0
GENM.US,5,20251201,164500,10.2939,10.33,10.2939,10.2999,12296,0
GENM.US,5,20251201,170500,10.3,10.3,10.3,10.3,100,0
GENM.US,5,20251201,175000,10.3,10.3,10.3,10.3,100,0
GENM.US,5,20251201,184000,10.3,10.3,10.3,10.3,100,0
GENM.US,5,20251201,193500,10.3,10.3,10.3,10.3,100,0
GENM.US,5,20251201,200000,10.28,10.28,10.28,10.28,100,0
GENM.US,5,20251201,202500,10.3,10.3,10.3,10.3,100,0
GENM.US,5,20251201,211000,10.3,10.3,10.3,10.3,100,0
GENM.US,5,20251201,214000,10.3,10.3,10.3,10.3,100,0
GENM.US,5,20251201,215500,10.3,10.31,10.3,10.31,300,0
GENM.US,5,20251202,165000,10.28,10.28,10.27,10.27,6876,0
GENM.US,5,20251202,165500,10.29,10.29,10.29,10.29,300,0
GENM.US,5,20251202,170500,10.28,10.28,10.28,10.28,200,0
GENM.US,5,20251202,174000,10.28,10.28,10.28,10.28,100,0
GENM.US,5,20251202,200500,10.299,10.299,10.299,10.299,100,0
GENM.US,5,20251202,203000,10.29,10.29,10.29,10.29,2209,0
GENM.US,5,20251203,201500,10.3,10.3,10.3,10.3,100,0
GENM.US,5,20251203,205000,10.298,10.298,10.298,10.298,669,0
GENM.US,5,20251203,215500,10.3,10.3,10.3,10.3,100,0
GENM.US,5,20251204,161000,10.29,10.29,10.29,10.29,100,0
GENM.US,5,20251204,170000,10.29,10.319,10.29,10.3,8209,0
GENM.US,5,20251204,175000,10.3,10.3,10.3,10.3,100,0
GENM.US,5,20251204,180500,10.3,10.3,10.3,10.3,2427,0
GENM.US,5,20251204,182500,10.3,10.3,10.3,10.3,500,0
GENM.US,5,20251204,203500,10.295,10.295,10.295,10.295,139,0
GENM.US,5,20251205,212000,10.29,10.29,10.29,10.29,1339,0
GENM.US,5,20251208,162000,10.3,10.3,10.3,10.3,100,0
GENM.US,5,20251208,170000,10.29,10.35,10.29,10.31,4621,0
GENM.US,5,20251208,171500,10.3,10.33,10.3,10.305,2242,0
GENM.US,5,20251208,185500,10.31,10.31,10.31,10.31,100,0
GENM.US,5,20251208,192500,10.3,10.3,10.3,10.3,200,0
GENM.US,5,20251209,184000,10.3,10.3,10.3,10.3,951,0
GENM.US,5,20251209,192500,10.31,10.31,10.31,10.31,100,0
GENM.US,5,20251210,155500,10.3,10.3,10.3,10.3,100,0
GENM.US,5,20251211,171500,10.3053,10.3053,10.3053,10.3053,100,0
GENM.US,5,20251211,180500,10.305,10.305,10.305,10.305,100,0
GENM.US,5,20251211,182000,10.31,10.31,10.31,10.31,9127,0
GENM.US,5,20251211,184000,10.3,10.3,10.3,10.3,100,0
GENM.US,5,20251211,191000,10.3,10.3,10.3,10.3,100,0
GENM.US,5,20251211,194500,10.29,10.29,10.29,10.29,100,0
GENM.US,5,20251211,201500,10.29,10.29,10.29,10.29,100,0
GENM.US,5,20251211,203500,10.3,10.3,10.3,10.3,411,0
GENM.US,5,20251211,204500,10.29,10.29,10.29,10.29,100,0
GENM.US,5,20251211,210500,10.29,10.29,10.29,10.29,100,0
GENM.US,5,20251211,213000,10.3,10.3,10.3,10.3,100,0
GENM.US,5,20251211,214500,10.305,10.305,10.305,10.305,100,0
GENM.US,5,20251211,215500,10.29,10.29,10.29,10.29,100,0
GENM.US,5,20251212,171000,10.31,10.33,10.3099,10.31,3299,0
GENM.US,5,20251212,190000,10.3039,10.3039,10.3039,10.3039,1083,0
GENM.US,5,20251215,171000,10.2999,10.2999,10.2999,10.2999,1046,0
GENM.US,5,20251215,181500,10.3,10.3,10.3,10.3,25766,0
GENM.US,5,20251215,182000,10.28,10.28,10.28,10.28,100,0
GENM.US,5,20251215,183500,10.28,10.28,10.28,10.28,100,0
GENM.US,5,20251215,184500,10.28,10.28,10.28,10.28,100,0
GENM.US,5,20251215,190000,10.28,10.28,10.28,10.28,100,0
GENM.US,5,20251215,191500,10.28,10.28,10.28,10.28,100,0
GENM.US,5,20251215,192500,10.28,10.28,10.28,10.28,100,0
GENM.US,5,20251215,194000,10.28,10.28,10.28,10.28,100,0
GENM.US,5,20251215,195000,10.28,10.28,10.28,10.28,100,0
GENM.US,5,20251215,200500,10.28,10.28,10.28,10.28,100,0
GENM.US,5,20251215,201500,10.28,10.28,10.28,10.28,100,0
GENM.US,5,20251215,202500,10.28,10.28,10.28,10.28,100,0
GENM.US,5,20251215,203500,10.28,10.28,10.28,10.28,100,0
GENM.US,5,20251215,204500,10.28,10.28,10.28,10.28,100,0
GENM.US,5,20251215,205500,10.29,10.29,10.29,10.29,100,0
GENM.US,5,20251215,210500,10.29,10.29,10.29,10.29,100,0
GENM.US,5,20251215,211500,10.28,10.28,10.28,10.28,100,0
GENM.US,5,20251215,212500,10.29,10.29,10.29,10.29,100,0
GENM.US,5,20251215,213000,10.29,10.29,10.29,10.29,100,0
GENM.US,5,20251215,214000,10.29,10.29,10.29,10.29,100,0
GENM.US,5,20251215,214500,10.28,10.28,10.28,10.28,100,0
GENM.US,5,20251215,215000,10.28,10.28,10.28,10.28,200,0
GENM.US,5,20251215,215500,10.28,10.28,10.28,10.28,300,0
GENM.US,5,20251216,165500,10.3,10.35,10.3,10.35,1700,0
GENM.US,5,20251216,171000,10.31,10.33,10.3099,10.32,1366,0
GENM.US,5,20251216,173500,10.31,10.32,10.31,10.32,200,0
GENM.US,5,20251216,180500,10.31,10.31,10.31,10.31,100,0
GENM.US,5,20251216,182500,10.3093,10.3093,10.3093,10.3093,2033,0
GENM.US,5,20251216,184000,10.31,10.31,10.31,10.31,100,0
GENM.US,5,20251216,190500,10.29,10.29,10.2665,10.2665,2080,0
GENM.US,5,20251216,191000,10.31,10.31,10.31,10.31,100,0
GENM.US,5,20251216,194500,10.31,10.31,10.31,10.31,100,0
GENM.US,5,20251216,201500,10.31,10.31,10.31,10.31,100,0
GENM.US,5,20251217,183500,10.299,10.299,10.299,10.299,1911,0
GENM.US,5,20251218,164000,10.32,10.32,10.32,10.32,100,0
GENM.US,5,20251218,170000,10.3199,10.3199,10.3199,10.3199,368,0
GENM.US,5,20251218,173000,10.32,10.32,10.32,10.32,7802,0
GENM.US,5,20251218,174000,10.31,10.31,10.31,10.31,100,0
GENM.US,5,20251218,174500,10.305,10.305,10.305,10.305,100,0
GENM.US,5,20251218,182000,10.3,10.3,10.3,10.3,100,0
GENM.US,5,20251218,184000,10.3097,10.3097,10.3097,10.3097,1018,0
GENM.US,5,20251218,190000,10.31,10.31,10.31,10.31,100,0
GENM.US,5,20251218,193500,10.305,10.305,10.305,10.305,100,0
GENM.US,5,20251218,201000,10.29,10.29,10.29,10.29,100,0
GENM.US,5,20251218,204500,10.29,10.29,10.29,10.29,100,0
GENM.US,5,20251218,211500,10.29,10.29,10.29,10.29,100,0
GENM.US,5,20251218,214000,10.29,10.29,10.29,10.29,100,0
GENM.US,5,20251219,153000,10.31,10.31,10.31,10.31,100,0
GENM.US,5,20251222,162000,10.31,10.31,10.31,10.31,100,0
GENM.US,5,20251222,165000,10.31,10.31,10.31,10.31,15561,0
GENM.US,5,20251222,170500,10.29,10.3099,10.29,10.3099,1227,0
GENM.US,5,20251222,172500,10.29,10.29,10.29,10.29,100,0
GENM.US,5,20251222,175000,10.29,10.29,10.29,10.29,100,0
GENM.US,5,20251222,181500,10.29,10.29,10.29,10.29,100,0
GENM.US,5,20251222,184500,10.29,10.29,10.29,10.29,100,0
GENM.US,5,20251222,192000,10.29,10.2901,10.29,10.2901,200,0
GENM.US,5,20251222,195000,10.29,10.29,10.29,10.29,100,0
GENM.US,5,20251222,202000,10.29,10.29,10.29,10.29,100,0
GENM.US,5,20251222,204500,10.29,10.29,10.29,10.29,100,0
GENM.US,5,20251222,211000,10.29,10.29,10.29,10.29,100,0
GENM.US,5,20251222,213500,10.295,10.295,10.295,10.295,100,0
GENM.US,5,20251222,215000,10.29,10.29,10.29,10.29,100,0
GENM.US,5,20251222,215500,10.3,10.3,10.3,10.3,13537,0
GENM.US,5,20251223,182000,10.31,10.31,10.31,10.31,100,0
GENM.US,5,20251224,162500,10.31,10.34,10.3099,10.31,7914,0
GENM.US,5,20251224,164500,10.3,10.3,10.3,10.3,100,0
GENM.US,5,20251224,173000,10.32,10.32,10.32,10.32,100,0
GENM.US,5,20251226,165000,10.3,10.3,10.3,10.3,100,0
GENM.US,5,20251226,173000,10.31,10.31,10.31,10.31,3381,0
GENM.US,5,20251226,173500,10.3097,10.3097,10.3097,10.3097,2157,0
GENM.US,5,20251226,185500,10.305,10.305,10.305,10.305,100,0
GENM.US,5,20251226,202000,10.3055,10.3055,10.3055,10.3055,774,0
GENM.US,5,20251226,205500,10.3,10.3,10.3,10.3,100,0
GENM.US,5,20251229,172000,10.31,10.31,10.31,10.31,293,0
GENM.US,5,20251229,172500,10.3,10.3,10.3,10.3,364,0
GENM.US,5,20251229,173000,10.3,10.3,10.28,10.28,2410,0
GENM.US,5,20251229,174000,10.3,10.3,10.3,10.3,110,0
GENM.US,5,20251229,181500,10.29,10.29,10.29,10.29,100,0
GENM.US,5,20251229,195000,10.31,10.31,10.31,10.31,100,0
GENM.US,5,20251230,173000,10.27,10.27,10.27,10.27,100,0
GENM.US,5,20251230,173500,10.2701,10.29,10.2701,10.29,594,0
GENM.US,5,20251230,190000,10.29,10.29,10.29,10.29,100,0
GENM.US,5,20251230,193000,10.29,10.29,10.29,10.29,100,0
GENM.US,5,20251230,205500,10.29,10.3099,10.29,10.29,782,0
GENM.US,5,20251230,214500,10.29,10.29,10.29,10.29,100,0
GENM.US,5,20251231,161500,10.27,10.27,10.27,10.27,100,0
GENM.US,5,20251231,165500,10.29,10.3,10.29,10.3,13896,0
GENM.US,5,20251231,170000,10.29,10.3,10.29,10.3,7356,0
GENM.US,5,20251231,180000,10.29,10.29,10.29,10.29,108,0
GENM.US,5,20251231,182500,10.2859,10.29,10.2859,10.29,281,0
GENM.US,5,20251231,190500,10.3,10.3,10.3,10.3,100,0
GENM.US,5,20251231,193000,10.3,10.3,10.3,10.3,100,0
GENM.US,5,20251231,204500,10.28,10.28,10.28,10.28,100,0
GENM.US,5,20260102,165500,10.2999,10.32,10.2999,10.305,1500,0
GENM.US,5,20260102,200500,10.3,10.3,10.3,10.3,100,0
GENM.US,5,20260102,202000,10.2999,10.31,10.2999,10.31,940,0
GENM.US,5,20260105,154500,10.31,10.31,10.31,10.31,100,0
GENM.US,5,20260105,162000,10.31,10.31,10.31,10.31,100,0
GENM.US,5,20260105,204500,10.3,10.31,10.3,10.3,5600,0
GENM.US,5,20260105,215500,10.31,10.32,10.31,10.32,400,0
GENM.US,5,20260106,155500,10.32,10.34,10.3199,10.3199,400,0
GENM.US,5,20260107,181000,10.35,10.35,10.35,10.35,38650,0
GENM.US,5,20260107,190000,10.36,10.38,10.3599,10.36,8352,0
GENM.US,5,20260107,203000,10.36,10.36,10.36,10.36,300,0
GENM.US,5,20260107,205000,10.3598,10.37,10.3598,10.37,6031,0
GENM.US,5,20260107,205500,10.37,10.37,10.37,10.37,100,0
GENM.US,5,20260107,211500,10.36,10.36,10.36,10.36,100,0
GENM.US,5,20260107,215500,10.36,10.36,10.36,10.36,100,0
GENM.US,5,20260108,153500,10.35,10.35,10.35,10.35,100,0
GENM.US,5,20260108,170500,10.3401,10.345,10.3401,10.345,1706,0
GENM.US,5,20260108,175500,10.35,10.36,10.35,10.36,200,0
GENM.US,5,20260108,193500,10.36,10.36,10.35,10.358,7010,0
GENM.US,5,20260108,203000,10.36,10.36,10.36,10.36,200,0
GENM.US,5,20260109,153000,10.3518,10.36,10.3518,10.36,600,0
GENM.US,5,20260109,163500,10.36,10.36,10.36,10.36,500,0
GENM.US,5,20260109,170000,10.36,10.36,10.36,10.36,100,0
GENM.US,5,20260109,205500,10.36,10.39,10.3599,10.38,13144,0
GENM.US,5,20260109,215000,10.37,10.37,10.37,10.37,100,0
GENM.US,5,20260112,154000,10.35,10.35,10.35,10.35,100,0
GENM.US,5,20260112,171000,10.3599,10.3599,10.3599,10.3599,1352,0
GENM.US,5,20260112,175000,10.36,10.38,10.36,10.38,1000,0
GENM.US,5,20260112,181000,10.35,10.35,10.35,10.35,578,0
GENM.US,5,20260112,182500,10.36,10.375,10.36,10.375,400,0
GENM.US,5,20260112,185000,10.375,10.375,10.375,10.375,100,0
GENM.US,5,20260112,191500,10.375,10.375,10.375,10.375,100,0
GENM.US,5,20260112,194500,10.375,10.375,10.375,10.375,100,0
GENM.US,5,20260112,195000,10.375,10.375,10.375,10.375,200,0
GENM.US,5,20260112,202500,10.375,10.375,10.375,10.375,100,0
GENM.US,5,20260112,203500,10.375,10.375,10.375,10.375,100,0
GENM.US,5,20260112,210000,10.36,10.36,10.33,10.35,18667,0
GENM.US,5,20260112,210500,10.35,10.35,10.35,10.35,100,0
GENM.US,5,20260112,211500,10.35,10.35,10.35,10.35,100,0
GENM.US,5,20260112,212000,10.36,10.36,10.36,10.36,200,0
GENM.US,5,20260112,213000,10.36,10.36,10.36,10.36,100,0
GENM.US,5,20260112,213500,10.36,10.36,10.36,10.36,100,0
GENM.US,5,20260112,214000,10.36,10.36,10.36,10.36,100,0
GENM.US,5,20260113,153000,10.36,10.36,10.36,10.36,100,0
GENM.US,5,20260113,154000,10.36,10.36,10.36,10.36,100,0
GENM.US,5,20260113,155500,10.36,10.36,10.36,10.36,100,0
GENM.US,5,20260113,160500,10.36,10.36,10.36,10.36,100,0
GENM.US,5,20260113,162000,10.36,10.37,10.36,10.37,200,0
GENM.US,5,20260113,164000,10.36,10.37,10.36,10.37,200,0
GENM.US,5,20260113,165000,10.3699,10.3699,10.3529,10.3529,411,0
GENM.US,5,20260113,165500,10.37,10.37,10.37,10.37,100,0
GENM.US,5,20260113,171500,10.37,10.37,10.37,10.37,100,0
GENM.US,5,20260113,173500,10.37,10.37,10.37,10.37,100,0
GENM.US,5,20260113,180000,10.37,10.37,10.37,10.37,100,0
GENM.US,5,20260113,183000,10.37,10.37,10.37,10.37,100,0
GENM.US,5,20260113,183500,10.3699,10.3699,10.3699,10.3699,2265,0
GENM.US,5,20260113,190000,10.37,10.37,10.37,10.37,500,0
GENM.US,5,20260113,193000,10.37,10.37,10.37,10.37,100,0
GENM.US,5,20260113,195500,10.385,10.385,10.385,10.385,100,0
GENM.US,5,20260113,200000,10.38,10.38,10.38,10.38,100,0
GENM.US,5,20260113,203000,10.38,10.38,10.38,10.38,100,0
GENM.US,5,20260113,204000,10.378,10.378,10.378,10.378,100,0
GENM.US,5,20260113,210000,10.38,10.38,10.38,10.38,100,0
GENM.US,5,20260113,212500,10.38,10.38,10.38,10.38,400,0
GENM.US,5,20260113,214000,10.38,10.385,10.38,10.385,200,0
GENM.US,5,20260113,215000,10.37,10.37,10.37,10.37,100,0
GENM.US,5,20260113,215500,10.38,10.385,10.38,10.38,300,0
GENM.US,5,20260114,192500,10.36,10.36,10.36,10.36,950,0
GENM.US,5,20260114,210500,10.36,10.36,10.36,10.36,100,0
GENM.US,5,20260115,153000,10.37,10.37,10.37,10.37,100,0
GENM.US,5,20260115,185000,10.37,10.37,10.368,10.368,8282,0
GENM.US,5,20260115,204500,10.3699,10.3699,10.3699,10.3699,2603,0
GENM.US,5,20260116,162500,10.36,10.36,10.36,10.36,100,0
GENM.US,5,20260116,170500,10.37,10.38,10.37,10.37,7398,0
GENM.US,5,20260116,185500,10.37,10.4,10.3699,10.39,6120,0
GENM.US,5,20260116,201000,10.36,10.36,10.36,10.36,100,0
GENM.US,5,20260116,204000,10.365,10.365,10.36,10.3601,4155,0
GENM.US,5,20260116,205000,10.36,10.36,10.36,10.36,100,0
GENM.US,5,20260116,205500,10.37,10.4,10.37,10.375,863,0
GENM.US,5,20260116,212500,10.35,10.35,10.35,10.35,100,0
GENM.US,5,20260120,153000,10.37,10.37,10.3699,10.3699,400,0
GENM.US,5,20260120,154500,10.36,10.36,10.36,10.36,100,0
GENM.US,5,20260120,163000,10.35,10.36,10.35,10.35,18902,0
GENM.US,5,20260120,183500,10.3599,10.3599,10.3599,10.3599,709,0
GENM.US,5,20260120,184500,10.35,10.36,10.35,10.36,379,0
GENM.US,5,20260121,172000,10.33,10.33,10.33,10.33,100,0
GENM.US,5,20260121,215500,10.36,10.36,10.36,10.36,100,0
GENM.US,5,20260122,171500,10.34,10.34,10.34,10.34,100,0
GENM.US,5,20260122,191500,10.34,10.38,10.34,10.36,6924,0
GENM.US,5,20260122,203500,10.35,10.35,10.35,10.35,100,0
GENM.US,5,20260123,160500,10.35,10.35,10.35,10.35,100,0
GENM.US,5,20260123,165000,10.3698,10.3698,10.3698,10.3698,1393,0
GENM.US,5,20260123,203000,10.36,10.36,10.36,10.36,1492,0
