<TICKER>,<PER>,<DATE>,<TIME>,<OPEN>,<HIGH>,<LOW>,<CLOSE>,<VOL>,<OPENINT>
GUT_C.US,5,20250829,180500,22.6,22.6,22.6,22.6,100,0
GUT_C.US,5,20250829,194000,22.67,22.67,22.54,22.54,717,0
GUT_C.US,5,20250829,212000,22.58,22.58,22.58,22.58,100,0
GUT_C.US,5,20250829,212500,22.62,22.62,22.62,22.62,120,0
GUT_C.US,5,20250902,183000,22.7799,22.7799,22.7799,22.7799,100,0
GUT_C.US,5,20250902,185000,22.605,22.605,22.605,22.605,527,0
GUT_C.US,5,20250902,190500,22.4963,22.62,22.4963,22.62,1000,0
GUT_C.US,5,20250902,193500,22.55,22.55,22.55,22.55,400,0
GUT_C.US,5,20250902,195500,22.6,22.6,22.6,22.6,100,0
GUT_C.US,5,20250902,200500,22.63,22.63,22.63,22.63,100,0
GUT_C.US,5,20250902,201500,22.65,22.65,22.65,22.65,100,0
GUT_C.US,5,20250902,214000,22.57,22.58,22.57,22.58,440,0
GUT_C.US,5,20250902,214500,22.58,22.58,22.58,22.58,100,0
GUT_C.US,5,20250903,160000,22.5863,22.5863,22.5863,22.5863,303,0
GUT_C.US,5,20250903,174500,22.625,22.625,22.625,22.625,125,0
GUT_C.US,5,20250903,185000,22.6938,22.6938,22.6938,22.6938,100,0
GUT_C.US,5,20250903,192500,22.7,22.7,22.7,22.7,100,0
GUT_C.US,5,20250903,193000,22.6008,22.6008,22.6008,22.6008,620,0
GUT_C.US,5,20250903,204000,22.6934,22.6934,22.6934,22.6934,100,0
GUT_C.US,5,20250903,214000,22.65,22.65,22.65,22.65,125,0
GUT_C.US,5,20250904,163000,22.645,22.645,22.645,22.645,200,0
GUT_C.US,5,20250904,192000,22.6002,22.6002,22.55,22.55,500,0
GUT_C.US,5,20250904,193000,22.59,22.59,22.59,22.59,100,0
GUT_C.US,5,20250904,193500,22.655,22.655,22.655,22.655,100,0
GUT_C.US,5,20250904,211500,22.64,22.65,22.64,22.65,200,0
GUT_C.US,5,20250905,153000,22.6907,22.88,22.6907,22.88,2400,0
GUT_C.US,5,20250905,162000,22.76,22.76,22.75,22.75,200,0
GUT_C.US,5,20250905,185500,22.76,22.77,22.76,22.77,200,0
GUT_C.US,5,20250905,201500,22.8244,22.8244,22.8244,22.8244,1600,0
GUT_C.US,5,20250905,213000,22.85,22.85,22.85,22.85,100,0
GUT_C.US,5,20250905,213500,22.85,22.85,22.85,22.85,194,0
GUT_C.US,5,20250905,214500,22.76,22.76,22.75,22.75,2467,0
GUT_C.US,5,20250905,215000,22.76,22.76,22.76,22.76,200,0
GUT_C.US,5,20250908,153500,22.86,23,22.86,22.98,5240,0
GUT_C.US,5,20250908,154000,22.9418,22.9418,22.92,22.93,450,0
GUT_C.US,5,20250908,154500,22.92,22.95,22.92,22.95,400,0
GUT_C.US,5,20250908,155000,22.94,22.98,22.94,22.98,600,0
GUT_C.US,5,20250908,155500,23,23,23,23,200,0
GUT_C.US,5,20250908,161000,23.1,23.1,23.1,23.1,100,0
GUT_C.US,5,20250908,164000,23.09,23.0999,23.09,23.0999,300,0
GUT_C.US,5,20250908,170000,23.04,23.04,23.04,23.04,100,0
GUT_C.US,5,20250908,185500,22.8398,22.965,22.8301,22.92,4200,0
GUT_C.US,5,20250908,200500,23.0717,23.0717,23.0717,23.0717,100,0
GUT_C.US,5,20250908,202500,23.02,23.02,22.975,22.975,250,0
GUT_C.US,5,20250908,212500,22.97,22.97,22.97,22.97,424,0
GUT_C.US,5,20250909,154500,23.0499,23.0499,23.0499,23.0499,100,0
GUT_C.US,5,20250909,155000,23.02,23.02,23.02,23.02,100,0
GUT_C.US,5,20250909,184500,22.8855,22.8855,22.881,22.881,2000,0
GUT_C.US,5,20250909,191500,22.9,22.91,22.9,22.91,200,0
GUT_C.US,5,20250909,194000,22.89,22.89,22.89,22.89,100,0
GUT_C.US,5,20250909,194500,22.95,22.95,22.95,22.95,200,0
GUT_C.US,5,20250909,205500,22.87,22.9154,22.87,22.9154,800,0
GUT_C.US,5,20250909,210500,23.0499,23.0499,23.0499,23.0499,110,0
GUT_C.US,5,20250909,214000,22.84,22.89,22.84,22.89,700,0
GUT_C.US,5,20250909,214500,22.9,22.9,22.9,22.9,100,0
GUT_C.US,5,20250909,215500,22.96,22.96,22.96,22.96,100,0
GUT_C.US,5,20250910,160000,23.12,23.12,23.12,23.12,100,0
GUT_C.US,5,20250910,184000,22.8433,22.8433,22.8433,22.8433,500,0
GUT_C.US,5,20250910,190000,22.98,22.98,22.98,22.98,100,0
GUT_C.US,5,20250910,205000,23.1355,23.1355,23.1355,23.1355,100,0
GUT_C.US,5,20250910,214500,23.1,23.1,23.1,23.1,100,0
GUT_C.US,5,20250910,215000,23.06,23.06,23.06,23.06,100,0
GUT_C.US,5,20250911,160000,23.09,23.12,23.09,23.12,200,0
GUT_C.US,5,20250911,163000,23.189,23.189,23.189,23.189,100,0
GUT_C.US,5,20250911,173000,23.15,23.15,23.15,23.15,200,0
GUT_C.US,5,20250911,181500,23.1,23.1,23.1,23.1,200,0
GUT_C.US,5,20250911,194500,23.09,23.09,23.09,23.09,200,0
GUT_C.US,5,20250911,195000,23.09,23.1,23.09,23.1,200,0
GUT_C.US,5,20250911,204500,23.09,23.09,23.09,23.09,200,0
GUT_C.US,5,20250911,205500,23.09,23.1348,23.09,23.1348,875,0
GUT_C.US,5,20250911,210000,23.09,23.0927,23.09,23.09,1330,0
GUT_C.US,5,20250911,215500,23.14,23.14,23.14,23.14,100,0
GUT_C.US,5,20250912,155500,23.1399,23.3,23.1399,23.3,4703,0
GUT_C.US,5,20250912,164000,23.32,23.32,23.32,23.32,754,0
GUT_C.US,5,20250912,164500,23.32,23.32,23.32,23.32,4565,0
GUT_C.US,5,20250912,194000,23.35,23.35,23.35,23.35,200,0
GUT_C.US,5,20250912,195000,23.295,23.295,23.295,23.295,150,0
GUT_C.US,5,20250912,210000,23.4399,23.4399,23.4399,23.4399,200,0
GUT_C.US,5,20250912,215000,23.15,23.2,23.15,23.16,600,0
GUT_C.US,5,20250915,154000,23.39,23.39,23.39,23.39,100,0
GUT_C.US,5,20250915,210000,23.2024,23.2024,23.2024,23.2024,100,0
GUT_C.US,5,20250915,215000,23.18,23.18,23.18,23.18,100,0
GUT_C.US,5,20250915,215500,23.18,23.18,23.18,23.18,100,0
GUT_C.US,5,20250916,153000,23.3,23.35,23.3,23.35,1700,0
GUT_C.US,5,20250916,153500,23.35,23.35,23.35,23.35,100,0
GUT_C.US,5,20250916,154500,23.34,23.35,23.34,23.35,334,0
GUT_C.US,5,20250916,163500,23.4299,23.4299,23.4299,23.4299,300,0
GUT_C.US,5,20250916,174500,23.3388,23.3388,23.3388,23.3388,100,0
GUT_C.US,5,20250916,180500,23.34,23.34,23.34,23.34,500,0
GUT_C.US,5,20250916,183000,23.3501,23.3501,23.3501,23.3501,600,0
GUT_C.US,5,20250916,185000,23.4,23.49,23.4,23.49,2550,0
GUT_C.US,5,20250916,185500,23.49,23.58,23.49,23.58,1300,0
GUT_C.US,5,20250916,192000,23.5384,23.5384,23.5384,23.5384,100,0
GUT_C.US,5,20250917,165000,23.38,23.38,23.38,23.38,400,0
GUT_C.US,5,20250917,172000,23.37,23.37,23.37,23.37,100,0
GUT_C.US,5,20250917,174500,23.3,23.3,23.3,23.3,100,0
GUT_C.US,5,20250917,180500,23.31,23.5,23.3,23.3,1554,0
GUT_C.US,5,20250917,183000,23.48,23.48,23.421,23.421,2134,0
GUT_C.US,5,20250917,183500,23.46,23.48,23.46,23.47,770,0
GUT_C.US,5,20250917,184000,23.47,23.47,23.47,23.47,500,0
GUT_C.US,5,20250917,185000,23.46,23.47,23.46,23.47,479,0
GUT_C.US,5,20250917,190000,23.47,23.56,23.47,23.56,1100,0
GUT_C.US,5,20250917,203500,23.51,23.51,23.51,23.51,100,0
GUT_C.US,5,20250917,205000,23.51,23.51,23.5,23.5,313,0
GUT_C.US,5,20250917,211500,23.5,23.7252,23.5,23.7252,300,0
GUT_C.US,5,20250918,154000,23.6802,23.6802,23.6802,23.6802,100,0
GUT_C.US,5,20250918,161000,23.61,23.61,23.61,23.61,1000,0
GUT_C.US,5,20250918,164500,23.4583,23.4583,23.4583,23.4583,133,0
GUT_C.US,5,20250918,170000,23.48,23.48,23.48,23.48,100,0
GUT_C.US,5,20250918,172500,23.54,23.55,23.54,23.55,400,0
GUT_C.US,5,20250918,173000,23.6725,23.6725,23.36,23.6725,1400,0
GUT_C.US,5,20250918,184000,23.5549,23.5549,23.5549,23.5549,200,0
GUT_C.US,5,20250918,194000,23.6699,23.6699,23.6699,23.6699,100,0
GUT_C.US,5,20250919,192000,23.1,23.1,23.1,23.1,200,0
GUT_C.US,5,20250919,193000,23.27,23.27,23.27,23.27,100,0
GUT_C.US,5,20250919,215000,23.2784,23.2784,23.2784,23.2784,1000,0
GUT_C.US,5,20250922,160000,23.1101,23.17,23.1101,23.17,500,0
GUT_C.US,5,20250922,162500,23.21,23.21,23.21,23.21,400,0
GUT_C.US,5,20250922,185500,23.2575,23.2575,23.2575,23.2575,200,0
GUT_C.US,5,20250922,194500,23.1849,23.1849,23.1849,23.1849,100,0
GUT_C.US,5,20250922,201500,23.27,23.27,23.27,23.27,100,0
GUT_C.US,5,20250922,202000,23.1739,23.1739,23.1,23.1,2509,0
GUT_C.US,5,20250922,203000,23.14,23.14,23.08,23.09,800,0
GUT_C.US,5,20250922,203500,23.14,23.14,23.14,23.14,100,0
GUT_C.US,5,20250922,215500,23.13,23.17,23.13,23.17,250,0
GUT_C.US,5,20250923,215000,23.06,23.06,23.06,23.06,100,0
GUT_C.US,5,20250924,162000,23.0539,23.0539,23.0539,23.0539,244,0
GUT_C.US,5,20250924,165000,23.03,23.03,23.03,23.03,184,0
GUT_C.US,5,20250924,180000,22.97,22.9899,22.94,22.94,1017,0
GUT_C.US,5,20250924,194000,22.88,22.88,22.88,22.88,100,0
GUT_C.US,5,20250924,202000,22.93,22.93,22.93,22.93,775,0
GUT_C.US,5,20250924,215000,22.83,22.84,22.82,22.82,595,0
GUT_C.US,5,20250924,215500,22.95,22.95,22.95,22.95,244,0
GUT_C.US,5,20250925,163000,23,23,23,23,100,0
GUT_C.US,5,20250925,172500,22.96,22.99,22.96,22.99,200,0
GUT_C.US,5,20250925,175000,22.9139,22.9139,22.9139,22.9139,600,0
GUT_C.US,5,20250925,194500,22.98,22.98,22.98,22.98,100,0
GUT_C.US,5,20250925,204500,22.884,22.884,22.884,22.884,100,0
GUT_C.US,5,20250926,153000,22.7064,22.7064,22.7064,22.7064,380,0
GUT_C.US,5,20250926,153500,22.87,22.87,22.87,22.87,100,0
GUT_C.US,5,20250926,160000,22.9648,22.9648,22.9648,22.9648,179,0
GUT_C.US,5,20250926,162000,22.72,22.73,22.69,22.69,3910,0
GUT_C.US,5,20250926,163000,22.8576,22.8576,22.8576,22.8576,230,0
GUT_C.US,5,20250926,194000,22.87,22.87,22.87,22.87,100,0
GUT_C.US,5,20250929,184000,22.72,22.72,22.63,22.63,1294,0
GUT_C.US,5,20250929,200500,22.65,22.67,22.63,22.67,900,0
GUT_C.US,5,20250929,215500,22.79,22.79,22.79,22.79,100,0
GUT_C.US,5,20250930,161500,22.7684,22.7684,22.7684,22.7684,200,0
GUT_C.US,5,20250930,185000,22.8784,22.8784,22.8784,22.8784,959,0
GUT_C.US,5,20251001,165000,22.8,22.8,22.8,22.8,100,0
GUT_C.US,5,20251001,165500,22.83,22.83,22.83,22.83,100,0
GUT_C.US,5,20251001,170000,22.84,22.84,22.84,22.84,100,0
GUT_C.US,5,20251001,171000,22.795,22.795,22.795,22.795,546,0
GUT_C.US,5,20251001,193500,22.76,22.76,22.76,22.76,160,0
GUT_C.US,5,20251001,200000,22.78,22.8,22.78,22.8,599,0
GUT_C.US,5,20251001,200500,22.87,22.87,22.87,22.87,100,0
GUT_C.US,5,20251001,203500,22.87,22.87,22.86,22.86,522,0
GUT_C.US,5,20251001,204000,22.87,22.87,22.87,22.87,308,0
GUT_C.US,5,20251001,204500,22.87,22.92,22.87,22.9,4100,0
GUT_C.US,5,20251001,215500,22.92,22.92,22.92,22.92,100,0
GUT_C.US,5,20251002,153000,22.8875,22.8875,22.8875,22.8875,108,0
GUT_C.US,5,20251002,191000,22.89,22.89,22.89,22.89,100,0
GUT_C.US,5,20251002,193500,22.89,22.89,22.89,22.89,100,0
GUT_C.US,5,20251002,202500,22.89,22.89,22.89,22.89,120,0
GUT_C.US,5,20251002,213500,22.89,22.89,22.89,22.89,200,0
GUT_C.US,5,20251002,215000,22.81,22.81,22.81,22.81,100,0
GUT_C.US,5,20251003,154500,22.75,22.75,22.6101,22.6101,976,0
GUT_C.US,5,20251003,161000,22.69,22.69,22.69,22.69,100,0
GUT_C.US,5,20251003,210000,22.77,22.77,22.77,22.77,150,0
GUT_C.US,5,20251006,160500,22.7499,22.7499,22.7499,22.7499,100,0
GUT_C.US,5,20251006,163500,22.83,22.83,22.83,22.83,150,0
GUT_C.US,5,20251006,171000,22.8,22.8,22.8,22.8,100,0
GUT_C.US,5,20251007,153500,22.75,22.75,22.6,22.6,3623,0
GUT_C.US,5,20251007,155500,22.75,22.75,22.75,22.75,300,0
GUT_C.US,5,20251007,164500,22.85,22.85,22.85,22.85,300,0
GUT_C.US,5,20251007,165500,22.75,22.75,22.75,22.75,100,0
GUT_C.US,5,20251007,203500,22.75,22.75,22.75,22.75,100,0
GUT_C.US,5,20251007,204000,22.79,22.825,22.7878,22.7878,1100,0
GUT_C.US,5,20251007,210500,22.75,22.75,22.75,22.75,100,0
GUT_C.US,5,20251008,190000,22.78,22.78,22.78,22.78,200,0
GUT_C.US,5,20251008,210500,22.8333,22.8333,22.8333,22.8333,100,0
GUT_C.US,5,20251008,213500,22.7475,22.7475,22.56,22.72,2465,0
GUT_C.US,5,20251009,160000,22.6,22.6,22.57,22.57,331,0
GUT_C.US,5,20251009,162000,22.64,22.64,22.64,22.64,100,0
GUT_C.US,5,20251009,163500,22.5301,22.7549,22.53,22.67,1100,0
GUT_C.US,5,20251009,182500,22.55,22.6047,22.52,22.6047,600,0
GUT_C.US,5,20251009,185500,22.44,22.4537,22.42,22.4537,2000,0
GUT_C.US,5,20251009,190500,22.49,22.49,22.49,22.49,100,0
GUT_C.US,5,20251009,192500,22.44,22.53,22.35,22.35,2271,0
GUT_C.US,5,20251009,193000,22.32,22.32,22.32,22.32,1168,0
GUT_C.US,5,20251009,193500,22.35,22.35,22.35,22.35,100,0
GUT_C.US,5,20251009,194000,22.36,22.36,22.36,22.36,100,0
GUT_C.US,5,20251009,200000,22.4,22.4,22.4,22.4,100,0
GUT_C.US,5,20251009,200500,22.4,22.4,22.4,22.4,100,0
GUT_C.US,5,20251009,201500,22.4,22.4,22.4,22.4,475,0
GUT_C.US,5,20251009,211000,22.44,22.44,22.44,22.44,100,0
GUT_C.US,5,20251009,214500,22.68,22.68,22.68,22.68,150,0
GUT_C.US,5,20251009,215500,22.56,22.56,22.56,22.56,277,0
GUT_C.US,5,20251010,153000,22.56,22.56,22.56,22.56,100,0
GUT_C.US,5,20251010,162000,22.44,22.44,22.42,22.42,800,0
GUT_C.US,5,20251010,173000,22.38,22.38,22.34,22.34,1382,0
GUT_C.US,5,20251010,213000,22.5,22.5,22.5,22.5,200,0
GUT_C.US,5,20251010,214000,22.32,22.32,22.31,22.31,2000,0
GUT_C.US,5,20251010,215500,22.42,22.42,22.42,22.42,100,0
GUT_C.US,5,20251013,153000,22.64,22.64,22.64,22.64,200,0
GUT_C.US,5,20251013,154500,22.5,22.5,22.5,22.5,300,0
GUT_C.US,5,20251013,155500,22.5,22.5,22.5,22.5,300,0
GUT_C.US,5,20251013,161000,22.45,22.45,22.45,22.45,100,0
GUT_C.US,5,20251013,162000,22.45,22.45,22.45,22.45,100,0
GUT_C.US,5,20251013,165500,22.4501,22.4501,22.45,22.45,200,0
GUT_C.US,5,20251013,203500,22.45,22.4899,22.45,22.4899,1420,0
GUT_C.US,5,20251013,211500,22.4615,22.4615,22.4615,22.4615,1000,0
GUT_C.US,5,20251014,154500,22.49,22.49,22.486,22.486,200,0
GUT_C.US,5,20251014,160500,22.4984,22.4984,22.4984,22.4984,100,0
GUT_C.US,5,20251014,162000,22.45,22.48,22.45,22.48,500,0
GUT_C.US,5,20251014,214500,22.5,22.5,22.5,22.5,200,0
GUT_C.US,5,20251015,153500,22.5,22.55,22.49,22.55,848,0
GUT_C.US,5,20251015,154000,22.6,22.6,22.6,22.6,100,0
GUT_C.US,5,20251015,155500,22.56,22.61,22.5101,22.5102,1600,0
GUT_C.US,5,20251015,161000,22.53,22.53,22.53,22.53,100,0
GUT_C.US,5,20251015,164000,22.59,22.59,22.59,22.59,100,0
GUT_C.US,5,20251015,164500,22.59,22.59,22.59,22.59,100,0
GUT_C.US,5,20251015,165500,22.6,22.6,22.6,22.6,200,0
GUT_C.US,5,20251015,170500,22.5935,22.5935,22.5935,22.5935,400,0
GUT_C.US,5,20251015,192500,22.5572,22.5572,22.5572,22.5572,500,0
GUT_C.US,5,20251015,203000,22.52,22.52,22.52,22.52,100,0
GUT_C.US,5,20251015,204000,22.58,22.58,22.58,22.58,100,0
GUT_C.US,5,20251015,205000,22.53,22.53,22.53,22.53,299,0
GUT_C.US,5,20251015,212500,22.58,22.58,22.58,22.58,100,0
GUT_C.US,5,20251015,215500,22.61,22.61,22.61,22.61,100,0
GUT_C.US,5,20251016,153500,22.61,22.61,22.61,22.61,300,0
GUT_C.US,5,20251016,155500,22.5,22.5,22.5,22.5,400,0
GUT_C.US,5,20251016,161500,22.58,22.58,22.58,22.58,100,0
GUT_C.US,5,20251016,162000,22.6,22.6,22.6,22.6,100,0
GUT_C.US,5,20251016,193000,22.53,22.5301,22.52,22.52,700,0
GUT_C.US,5,20251016,203000,22.5,22.5,22.5,22.5,100,0
GUT_C.US,5,20251017,163000,22.6,22.6,22.6,22.6,100,0
GUT_C.US,5,20251017,181500,22.53,22.53,22.53,22.53,150,0
GUT_C.US,5,20251017,201000,22.6,22.6,22.6,22.6,100,0
GUT_C.US,5,20251017,202000,22.53,22.53,22.53,22.53,100,0
GUT_C.US,5,20251017,212000,22.6,22.6,22.6,22.6,100,0
GUT_C.US,5,20251020,153500,22.6,22.62,22.6,22.62,712,0
GUT_C.US,5,20251020,154500,22.65,22.65,22.65,22.65,100,0
GUT_C.US,5,20251020,160500,22.66,22.66,22.65,22.65,200,0
GUT_C.US,5,20251020,161000,22.65,22.65,22.65,22.65,100,0
GUT_C.US,5,20251020,164000,22.64,22.65,22.64,22.65,1049,0
GUT_C.US,5,20251020,165000,22.65,22.65,22.65,22.65,100,0
GUT_C.US,5,20251020,191500,22.64,22.64,22.64,22.64,100,0
GUT_C.US,5,20251020,193000,22.64,22.64,22.64,22.64,100,0
GUT_C.US,5,20251020,193500,22.65,22.65,22.64,22.65,1366,0
GUT_C.US,5,20251020,202500,22.75,22.75,22.75,22.75,100,0
GUT_C.US,5,20251020,210500,22.7183,22.74,22.7183,22.74,525,0
GUT_C.US,5,20251020,215500,22.68,22.72,22.68,22.72,590,0
GUT_C.US,5,20251021,164000,22.83,22.83,22.75,22.75,200,0
GUT_C.US,5,20251021,170000,22.77,22.8399,22.77,22.8399,1000,0
GUT_C.US,5,20251021,180500,22.7,22.79,22.7,22.79,300,0
GUT_C.US,5,20251021,190000,22.71,22.71,22.71,22.71,120,0
GUT_C.US,5,20251021,203000,22.7,22.73,22.7,22.7252,300,0
GUT_C.US,5,20251021,211000,22.78,22.78,22.78,22.78,200,0
GUT_C.US,5,20251022,175000,22.5759,22.5759,22.5759,22.5759,280,0
GUT_C.US,5,20251022,175500,22.66,22.66,22.66,22.66,100,0
GUT_C.US,5,20251022,192000,22.645,22.645,22.645,22.645,100,0
GUT_C.US,5,20251022,212000,22.68,22.68,22.68,22.68,100,0
GUT_C.US,5,20251022,212500,22.68,22.68,22.68,22.68,100,0
GUT_C.US,5,20251022,213500,22.76,22.76,22.76,22.76,100,0
GUT_C.US,5,20251022,215000,22.62,22.62,22.62,22.62,100,0
GUT_C.US,5,20251022,215500,22.74,22.74,22.74,22.74,100,0
GUT_C.US,5,20251023,201500,22.7,22.7,22.7,22.7,100,0
GUT_C.US,5,20251023,215500,22.75,22.75,22.75,22.75,100,0
GUT_C.US,5,20251024,155500,22.81,22.82,22.81,22.81,1041,0
GUT_C.US,5,20251024,160000,22.81,22.84,22.81,22.84,300,0
GUT_C.US,5,20251024,160500,22.81,22.81,22.81,22.81,700,0
GUT_C.US,5,20251024,161500,22.81,22.81,22.81,22.81,1903,0
GUT_C.US,5,20251024,200000,22.6898,22.6898,22.6898,22.6898,300,0
GUT_C.US,5,20251024,215500,22.8,22.8,22.8,22.8,100,0
GUT_C.US,5,20251027,165500,22.88,22.88,22.88,22.88,100,0
GUT_C.US,5,20251027,183000,22.88,22.89,22.88,22.89,358,0
GUT_C.US,5,20251028,162000,22.765,22.765,22.765,22.765,100,0
GUT_C.US,5,20251028,164000,22.7345,22.7345,22.7345,22.7345,100,0
GUT_C.US,5,20251028,170000,22.8,22.8,22.8,22.8,100,0
GUT_C.US,5,20251028,174500,22.87,22.87,22.87,22.87,100,0
GUT_C.US,5,20251028,184000,22.8999,22.8999,22.8999,22.8999,100,0
GUT_C.US,5,20251028,201000,22.774,22.774,22.774,22.774,269,0
GUT_C.US,5,20251028,205000,22.89,22.89,22.89,22.89,100,0
GUT_C.US,5,20251028,205500,22.82,22.82,22.73,22.8101,1402,0
GUT_C.US,5,20251029,155500,22.7001,22.7001,22.7001,22.7001,100,0
GUT_C.US,5,20251029,201500,22.71,22.71,22.71,22.71,100,0
GUT_C.US,5,20251030,144500,22.69,22.69,22.69,22.69,300,0
GUT_C.US,5,20251030,151000,22.6314,22.89,22.6,22.6,2000,0
GUT_C.US,5,20251030,154000,22.56,22.56,22.55,22.55,1859,0
GUT_C.US,5,20251030,163500,22.56,22.56,22.56,22.56,100,0
GUT_C.US,5,20251030,173000,22.595,22.595,22.595,22.595,100,0
GUT_C.US,5,20251030,194500,22.59,22.59,22.59,22.59,100,0
GUT_C.US,5,20251030,200000,22.59,22.59,22.59,22.59,100,0
GUT_C.US,5,20251031,161000,22.66,22.66,22.66,22.66,100,0
GUT_C.US,5,20251031,191000,22.5,22.5,22.5,22.5,100,0
GUT_C.US,5,20251031,192500,22.49,22.55,22.49,22.55,2178,0
GUT_C.US,5,20251031,205000,22.53,22.53,22.53,22.53,100,0
GUT_C.US,5,20251031,205500,22.55,22.55,22.55,22.55,100,0
GUT_C.US,5,20251103,154500,22.64,22.64,22.64,22.64,100,0
GUT_C.US,5,20251103,160000,22.55,22.55,22.55,22.55,2200,0
GUT_C.US,5,20251103,161000,22.6,22.6,22.6,22.6,100,0
GUT_C.US,5,20251103,183000,22.63,22.73,22.63,22.73,500,0
GUT_C.US,5,20251103,204000,22.6065,22.6065,22.6065,22.6065,100,0
GUT_C.US,5,20251103,214500,22.615,22.615,22.615,22.615,200,0
GUT_C.US,5,20251104,160500,22.62,22.62,22.62,22.62,100,0
GUT_C.US,5,20251104,173000,22.53,22.565,22.51,22.565,500,0
GUT_C.US,5,20251104,191000,22.51,22.51,22.51,22.51,300,0
GUT_C.US,5,20251104,193000,22.62,22.62,22.62,22.62,100,0
GUT_C.US,5,20251104,204500,22.5,22.5,22.5,22.5,100,0
GUT_C.US,5,20251104,205500,22.45,22.45,22.31,22.38,5800,0
GUT_C.US,5,20251104,210500,22.38,22.38,22.38,22.38,100,0
GUT_C.US,5,20251104,211500,22.4,22.4,22.4,22.4,100,0
GUT_C.US,5,20251104,212000,22.4199,22.4199,22.4199,22.4199,200,0
GUT_C.US,5,20251104,215000,22.44,22.48,22.44,22.48,1196,0
GUT_C.US,5,20251104,215500,22.47,22.56,22.45,22.56,900,0
GUT_C.US,5,20251105,154000,22.56,22.56,22.55,22.55,200,0
GUT_C.US,5,20251105,173500,22.3894,22.3894,22.3894,22.3894,362,0
GUT_C.US,5,20251105,185500,22.5159,22.5159,22.5159,22.5159,200,0
GUT_C.US,5,20251105,192500,22.5,22.5,22.5,22.5,200,0
GUT_C.US,5,20251105,215500,22.48,22.48,22.48,22.48,200,0
GUT_C.US,5,20251106,160000,22.63,22.64,22.44,22.44,955,0
GUT_C.US,5,20251106,162000,22.48,22.48,22.48,22.48,201,0
GUT_C.US,5,20251106,163500,22.48,22.48,22.48,22.48,288,0
GUT_C.US,5,20251106,164000,22.48,22.48,22.48,22.48,1673,0
GUT_C.US,5,20251106,172500,22.515,22.515,22.515,22.515,100,0
GUT_C.US,5,20251106,200000,22.48,22.5,22.48,22.5,200,0
GUT_C.US,5,20251106,201500,22.48,22.48,22.48,22.48,100,0
GUT_C.US,5,20251106,210500,22.54,22.54,22.54,22.54,100,0
GUT_C.US,5,20251106,212000,22.4,22.5,22.4,22.49,1100,0
GUT_C.US,5,20251106,212500,22.53,22.53,22.53,22.53,100,0
GUT_C.US,5,20251106,214000,22.42,22.4765,22.4,22.4765,1200,0
GUT_C.US,5,20251107,153000,22.5,22.5,22.5,22.5,401,0
GUT_C.US,5,20251107,180500,22.49,22.49,22.49,22.49,200,0
GUT_C.US,5,20251107,181000,22.54,22.54,22.54,22.54,100,0
GUT_C.US,5,20251107,201000,22.525,22.525,22.525,22.525,100,0
GUT_C.US,5,20251107,212500,22.54,22.54,22.5292,22.5292,552,0
GUT_C.US,5,20251110,192000,22.5709,22.5709,22.5709,22.5709,230,0
GUT_C.US,5,20251110,212000,22.68,22.69,22.63,22.69,701,0
GUT_C.US,5,20251111,210000,22.6,22.6,22.5,22.6,6100,0
GUT_C.US,5,20251112,153500,22.5,22.62,22.5,22.62,300,0
GUT_C.US,5,20251112,160500,22.67,22.67,22.67,22.67,100,0
GUT_C.US,5,20251112,162000,22.54,22.62,22.54,22.62,200,0
GUT_C.US,5,20251112,165000,22.64,22.64,22.64,22.64,100,0
GUT_C.US,5,20251112,171000,22.55,22.61,22.55,22.61,200,0
GUT_C.US,5,20251112,173500,22.61,22.61,22.61,22.61,300,0
GUT_C.US,5,20251112,174500,22.55,22.55,22.55,22.55,100,0
GUT_C.US,5,20251112,180000,22.565,22.61,22.565,22.61,947,0
GUT_C.US,5,20251112,181000,22.55,22.55,22.55,22.55,100,0
GUT_C.US,5,20251112,183500,22.59,22.59,22.5875,22.5875,300,0
GUT_C.US,5,20251112,190000,22.55,22.55,22.55,22.55,100,0
GUT_C.US,5,20251112,202500,22.52,22.52,22.52,22.52,100,0
GUT_C.US,5,20251113,154500,22.52,22.52,22.52,22.52,800,0
GUT_C.US,5,20251113,203000,22.3401,22.3401,22.3401,22.3401,600,0
GUT_C.US,5,20251113,203500,22.38,22.38,22.38,22.38,100,0
GUT_C.US,5,20251113,210000,22.41,22.41,22.41,22.41,100,0
GUT_C.US,5,20251113,210500,22.38,22.41,22.36,22.36,533,0
GUT_C.US,5,20251113,215500,22.38,22.43,22.38,22.43,200,0
GUT_C.US,5,20251114,162000,22.43,22.43,22.43,22.43,246,0
GUT_C.US,5,20251114,165000,22.34,22.34,22.34,22.34,100,0
GUT_C.US,5,20251114,172000,22.45,22.45,22.45,22.45,100,0
GUT_C.US,5,20251114,174500,22.425,22.425,22.425,22.425,522,0
GUT_C.US,5,20251114,181000,22.42,22.42,22.42,22.42,500,0
GUT_C.US,5,20251114,182000,22.41,22.41,22.41,22.41,100,0
GUT_C.US,5,20251117,160500,22.41,22.41,22.41,22.41,100,0
GUT_C.US,5,20251117,161500,22.35,22.35,22.35,22.35,200,0
GUT_C.US,5,20251117,162000,22.36,22.36,22.36,22.36,100,0
GUT_C.US,5,20251117,172000,22.3995,22.3995,22.3995,22.3995,100,0
GUT_C.US,5,20251117,175500,22.4078,22.4078,22.4078,22.4078,2000,0
GUT_C.US,5,20251117,185000,22.39,22.39,22.39,22.39,150,0
GUT_C.US,5,20251117,210000,22.3,22.3,22.3,22.3,100,0
GUT_C.US,5,20251117,212500,22.31,22.32,22.31,22.32,200,0
GUT_C.US,5,20251117,214500,22.32,22.32,22.29,22.29,200,0
GUT_C.US,5,20251117,215500,22.36,22.36,22.36,22.36,100,0
GUT_C.US,5,20251118,154000,22.29,22.29,22.29,22.29,200,0
GUT_C.US,5,20251118,155000,22.34,22.34,22.3301,22.3301,200,0
GUT_C.US,5,20251118,155500,22.33,22.33,22.33,22.33,3500,0
GUT_C.US,5,20251118,162000,22.35,22.36,22.35,22.35,447,0
GUT_C.US,5,20251118,164000,22.36,22.36,22.36,22.36,100,0
GUT_C.US,5,20251118,180500,22.423,22.423,22.423,22.423,191,0
GUT_C.US,5,20251118,184500,22.43,22.43,22.43,22.43,100,0
GUT_C.US,5,20251118,193500,22.37,22.53,22.36,22.53,1405,0
GUT_C.US,5,20251118,194500,22.38,22.38,22.38,22.38,100,0
GUT_C.US,5,20251118,204500,22.4095,22.4095,22.4095,22.4095,500,0
GUT_C.US,5,20251118,205000,22.36,22.36,22.35,22.35,600,0
GUT_C.US,5,20251118,212000,22.36,22.36,22.36,22.36,1000,0
GUT_C.US,5,20251119,153000,22.35,22.35,22.35,22.35,100,0
GUT_C.US,5,20251119,154000,22.36,22.36,22.3575,22.3575,200,0
GUT_C.US,5,20251119,154500,22.402,22.402,22.402,22.402,303,0
GUT_C.US,5,20251119,162000,22.37,22.37,22.37,22.37,100,0
GUT_C.US,5,20251119,183000,22.4254,22.4254,22.4254,22.4254,100,0
GUT_C.US,5,20251119,213500,22.36,22.405,22.36,22.405,680,0
GUT_C.US,5,20251120,163000,22.38,22.4,22.36,22.36,1097,0
GUT_C.US,5,20251120,172000,22.38,22.38,22.38,22.38,200,0
GUT_C.US,5,20251120,175000,22.36,22.36,22.36,22.36,1000,0
GUT_C.US,5,20251120,181000,22.2501,22.27,22.2501,22.2501,700,0
GUT_C.US,5,20251120,185000,22.25,22.25,22.23,22.23,200,0
GUT_C.US,5,20251120,191500,22.2201,22.2201,22.2201,22.2201,400,0
GUT_C.US,5,20251120,195500,22.24,22.24,22.24,22.24,200,0
GUT_C.US,5,20251120,200000,22.2399,22.2399,22.2399,22.2399,200,0
GUT_C.US,5,20251120,202000,22.23,22.23,22.23,22.23,100,0
GUT_C.US,5,20251120,202500,22.22,22.22,22.22,22.22,247,0
GUT_C.US,5,20251120,205000,22.22,22.22,22.21,22.22,1000,0
GUT_C.US,5,20251120,205500,22.22,22.24,22.22,22.24,400,0
GUT_C.US,5,20251120,210000,22.3,22.31,22.3,22.31,400,0
GUT_C.US,5,20251120,210500,22.31,22.31,22.3,22.3,207,0
GUT_C.US,5,20251120,211000,22.2,22.2,22.2,22.2,300,0
GUT_C.US,5,20251121,154500,22.27,22.27,22.27,22.27,200,0
GUT_C.US,5,20251121,155000,22.36,22.36,22.36,22.36,200,0
GUT_C.US,5,20251121,170000,22.28,22.28,22.28,22.28,100,0
GUT_C.US,5,20251121,171500,22.36,22.36,22.36,22.36,100,0
GUT_C.US,5,20251121,175500,22.4,22.4,22.22,22.22,400,0
GUT_C.US,5,20251121,180500,22.3,22.3,22.3,22.3,100,0
GUT_C.US,5,20251121,181000,22.29,22.29,22.29,22.29,100,0
GUT_C.US,5,20251121,204000,22.413,22.413,22.413,22.413,100,0
GUT_C.US,5,20251124,153500,22.46,22.46,22.46,22.46,100,0
GUT_C.US,5,20251124,161500,22.46,22.5463,22.46,22.5463,300,0
GUT_C.US,5,20251124,162500,22.39,22.39,22.39,22.39,100,0
GUT_C.US,5,20251124,170000,22.46,22.46,22.46,22.46,100,0
GUT_C.US,5,20251124,172500,22.38,22.38,22.38,22.38,100,0
GUT_C.US,5,20251124,183000,22.42,22.42,22.42,22.42,100,0
GUT_C.US,5,20251124,184000,22.3901,22.3901,22.3901,22.3901,546,0
GUT_C.US,5,20251124,193500,22.4,22.4,22.39,22.4,800,0
GUT_C.US,5,20251124,212000,22.4,22.4,22.4,22.4,100,0
GUT_C.US,5,20251124,215500,22.45,22.45,22.45,22.45,100,0
GUT_C.US,5,20251125,170000,22.64,22.64,22.64,22.64,400,0
GUT_C.US,5,20251125,200000,22.53,22.53,22.53,22.53,250,0
GUT_C.US,5,20251125,213000,22.64,22.64,22.64,22.64,437,0
GUT_C.US,5,20251126,153500,22.25,22.3,22.2,22.2,9500,0
GUT_C.US,5,20251126,154500,22.36,22.36,22.36,22.36,100,0
GUT_C.US,5,20251126,155500,22.42,22.42,22.42,22.42,100,0
GUT_C.US,5,20251126,163500,22.41,22.41,22.41,22.41,100,0
GUT_C.US,5,20251126,164000,22.42,22.42,22.42,22.42,400,0
GUT_C.US,5,20251126,185000,22.45,22.45,22.45,22.45,446,0
GUT_C.US,5,20251126,190500,22.46,22.46,22.46,22.46,100,0
GUT_C.US,5,20251126,214000,22.45,22.46,22.45,22.46,200,0
GUT_C.US,5,20251128,160500,22.38,22.38,22.38,22.38,100,0
GUT_C.US,5,20251128,161000,22.46,22.46,22.46,22.46,100,0
GUT_C.US,5,20251128,165500,22.55,22.55,22.55,22.55,444,0
GUT_C.US,5,20251201,162000,22.4688,22.4688,22.4688,22.4688,100,0
GUT_C.US,5,20251201,164000,22.32,22.32,22.32,22.32,100,0
GUT_C.US,5,20251201,165000,22.47,22.47,22.47,22.47,100,0
GUT_C.US,5,20251201,211000,22.405,22.405,22.405,22.405,550,0
GUT_C.US,5,20251201,213500,22.43,22.43,22.43,22.43,100,0
GUT_C.US,5,20251202,164500,22.45,22.4999,22.45,22.4999,500,0
GUT_C.US,5,20251202,181000,22.4767,22.4767,22.4767,22.4767,1000,0
GUT_C.US,5,20251202,201000,22.33,22.36,22.2,22.36,1400,0
GUT_C.US,5,20251202,214000,22.34,22.34,22.34,22.34,100,0
GUT_C.US,5,20251202,215000,22.43,22.43,22.43,22.43,100,0
GUT_C.US,5,20251203,154500,22.22,22.25,22.22,22.2201,500,0
GUT_C.US,5,20251203,155000,22.26,22.26,22.26,22.26,100,0
GUT_C.US,5,20251203,161500,22.3,22.3,22.3,22.3,100,0
GUT_C.US,5,20251203,170500,22.31,22.31,22.31,22.31,100,0
GUT_C.US,5,20251203,181000,22.38,22.38,22.38,22.38,100,0
GUT_C.US,5,20251203,182000,22.32,22.32,22.32,22.32,100,0
GUT_C.US,5,20251203,184500,22.3,22.3,22.3,22.3,100,0
GUT_C.US,5,20251203,185000,22.3,22.3,22.3,22.3,200,0
GUT_C.US,5,20251203,193000,22.37,22.37,22.37,22.37,100,0
GUT_C.US,5,20251203,194000,22.3,22.3,22.3,22.3,100,0
GUT_C.US,5,20251203,195500,22.3,22.3,22.3,22.3,100,0
GUT_C.US,5,20251203,200500,22.33,22.33,22.33,22.33,100,0
GUT_C.US,5,20251203,201500,22.37,22.37,22.37,22.37,705,0
GUT_C.US,5,20251204,170500,22.31,22.31,22.31,22.31,100,0
GUT_C.US,5,20251204,182500,22.33,22.34,22.33,22.33,432,0
GUT_C.US,5,20251204,185500,22.3,22.3,22.3,22.3,100,0
GUT_C.US,5,20251204,210000,22.3,22.31,22.3,22.3,700,0
GUT_C.US,5,20251205,154000,22.459,22.459,22.459,22.459,135,0
GUT_C.US,5,20251205,155500,22.4514,22.4514,22.4514,22.4514,459,0
GUT_C.US,5,20251205,161000,22.425,22.425,22.425,22.425,700,0
GUT_C.US,5,20251205,170500,22.41,22.41,22.41,22.41,100,0
GUT_C.US,5,20251205,193500,22.3,22.3,22.27,22.27,373,0
GUT_C.US,5,20251205,195500,22.319,22.319,22.319,22.319,637,0
GUT_C.US,5,20251205,201500,22.3068,22.3068,22.3068,22.3068,500,0
GUT_C.US,5,20251205,202000,22.28,22.28,22.27,22.27,627,0
GUT_C.US,5,20251205,212500,22.23,22.2501,22.23,22.2501,1000,0
GUT_C.US,5,20251205,214500,22.22,22.22,22.22,22.22,200,0
GUT_C.US,5,20251205,215500,22.22,22.33,22.22,22.33,375,0
GUT_C.US,5,20251208,182000,22.3282,22.3282,22.3282,22.3282,3000,0
GUT_C.US,5,20251208,182500,22.3012,22.3012,22.3012,22.3012,1000,0
GUT_C.US,5,20251208,202000,22.36,22.36,22.36,22.36,225,0
GUT_C.US,5,20251208,205500,22.21,22.285,22.21,22.285,390,0
GUT_C.US,5,20251208,210500,22.22,22.22,22.22,22.22,100,0
GUT_C.US,5,20251208,211000,22.21,22.24,22.21,22.23,481,0
GUT_C.US,5,20251208,212000,22.23,22.23,22.2,22.2,1000,0
GUT_C.US,5,20251208,214500,22.16,22.16,22.16,22.16,200,0
GUT_C.US,5,20251208,215500,22.17,22.17,22.17,22.17,100,0
GUT_C.US,5,20251209,162000,22.18,22.2571,22.18,22.2571,1973,0
GUT_C.US,5,20251209,163500,22.356,22.356,22.356,22.356,200,0
GUT_C.US,5,20251209,165000,22.2865,22.2865,22.2865,22.2865,100,0
GUT_C.US,5,20251209,175000,22.285,22.285,22.285,22.285,600,0
GUT_C.US,5,20251209,181500,22.27,22.27,22.27,22.27,100,0
GUT_C.US,5,20251209,182500,22.2551,22.2551,22.2551,22.2551,100,0
GUT_C.US,5,20251209,183000,22.27,22.27,22.2552,22.2552,250,0
GUT_C.US,5,20251209,184500,22.2499,22.25,22.22,22.25,5319,0
GUT_C.US,5,20251209,185000,22.22,22.22,22.22,22.22,700,0
GUT_C.US,5,20251209,192000,22.22,22.22,22.22,22.22,100,0
GUT_C.US,5,20251209,192500,22.22,22.22,22.22,22.22,171,0
GUT_C.US,5,20251209,194500,22.22,22.22,22.22,22.22,100,0
GUT_C.US,5,20251209,201000,22.2412,22.25,22.2,22.25,2279,0
GUT_C.US,5,20251209,203500,22.19,22.1901,22.11,22.1901,2800,0
GUT_C.US,5,20251209,204000,22.18,22.18,22.18,22.18,100,0
GUT_C.US,5,20251209,204500,22.1501,22.1501,22.1501,22.1501,1445,0
GUT_C.US,5,20251209,210000,22.18,22.18,22.18,22.18,100,0
GUT_C.US,5,20251209,215500,22.11,22.17,22.11,22.17,637,0
GUT_C.US,5,20251210,153000,22.17,22.17,22.17,22.17,100,0
GUT_C.US,5,20251210,154000,22.25,22.25,22.25,22.25,100,0
GUT_C.US,5,20251210,161000,22.25,22.25,22.25,22.25,400,0
GUT_C.US,5,20251210,180000,22.2252,22.2252,22.2252,22.2252,1000,0
GUT_C.US,5,20251210,194000,22.26,22.26,22.26,22.26,100,0
GUT_C.US,5,20251210,195500,22.23,22.23,22.23,22.23,220,0
GUT_C.US,5,20251210,203000,22.25,22.25,22.25,22.25,100,0
GUT_C.US,5,20251211,161000,22.3,22.3,22.3,22.3,100,0
GUT_C.US,5,20251211,184500,22.2279,22.2279,22.2279,22.2279,700,0
GUT_C.US,5,20251211,201500,22.21,22.21,22.21,22.21,400,0
GUT_C.US,5,20251211,204000,22.2749,22.2749,22.2749,22.2749,100,0
GUT_C.US,5,20251211,213000,22.202,22.202,22.202,22.202,375,0
GUT_C.US,5,20251212,170500,22.15,22.15,22.15,22.15,800,0
GUT_C.US,5,20251212,180000,22.15,22.15,22.15,22.15,400,0
GUT_C.US,5,20251212,180500,22.15,22.15,22.15,22.15,500,0
GUT_C.US,5,20251212,184500,22.21,22.21,22.21,22.21,3003,0
GUT_C.US,5,20251212,185000,22.2417,22.2417,22.2417,22.2417,315,0
GUT_C.US,5,20251212,195000,22.21,22.21,22.21,22.21,277,0
GUT_C.US,5,20251212,200000,22.23,22.23,22.23,22.23,100,0
GUT_C.US,5,20251212,201500,22.23,22.23,22.23,22.23,600,0
GUT_C.US,5,20251212,205500,22.245,22.245,22.245,22.245,405,0
GUT_C.US,5,20251212,213000,22.23,22.23,22.1101,22.1101,5700,0
GUT_C.US,5,20251212,213500,22.15,22.15,22.15,22.15,900,0
GUT_C.US,5,20251212,214500,22.17,22.18,22.17,22.18,600,0
GUT_C.US,5,20251212,215000,22.2204,22.2204,22.2,22.2,3100,0
GUT_C.US,5,20251212,215500,22.21,22.21,22.21,22.21,443,0
GUT_C.US,5,20251215,154000,22.3,22.3,22.3,22.3,300,0
GUT_C.US,5,20251215,155000,22.306,22.306,22.306,22.306,100,0
GUT_C.US,5,20251215,161500,22.17,22.17,22.17,22.17,100,0
GUT_C.US,5,20251215,162000,22.2739,22.2739,22.2739,22.2739,135,0
GUT_C.US,5,20251215,162500,22.3,22.3,22.3,22.3,200,0
GUT_C.US,5,20251215,173500,22.34,22.34,22.34,22.34,700,0
GUT_C.US,5,20251215,183500,22.4442,22.4442,22.4442,22.4442,438,0
GUT_C.US,5,20251215,202500,22.28,22.28,22.28,22.28,100,0
GUT_C.US,5,20251215,204500,22.28,22.28,22.28,22.28,200,0
GUT_C.US,5,20251215,210000,22.25,22.25,22.25,22.25,100,0
GUT_C.US,5,20251215,213000,22.31,22.31,22.31,22.31,100,0
GUT_C.US,5,20251216,155000,22.28,22.28,22.28,22.28,140,0
GUT_C.US,5,20251216,160000,22.2603,22.2603,22.22,22.22,1246,0
GUT_C.US,5,20251216,165000,22.3,22.31,22.3,22.31,1400,0
GUT_C.US,5,20251216,165500,22.25,22.25,22.25,22.25,100,0
GUT_C.US,5,20251216,171000,22.32,22.32,22.27,22.32,500,0
GUT_C.US,5,20251216,173000,22.25,22.25,22.25,22.25,100,0
GUT_C.US,5,20251216,174000,22.3,22.3,22.3,22.3,1160,0
GUT_C.US,5,20251216,175500,22.2928,22.2928,22.2928,22.2928,100,0
GUT_C.US,5,20251216,181000,22.25,22.25,22.25,22.25,100,0
GUT_C.US,5,20251216,190000,22.35,22.35,22.35,22.35,200,0
GUT_C.US,5,20251216,200500,22.35,22.35,22.3,22.3,200,0
GUT_C.US,5,20251216,201000,22.4038,22.4038,22.4038,22.4038,150,0
GUT_C.US,5,20251216,201500,22.31,22.31,22.31,22.31,100,0
GUT_C.US,5,20251216,203000,22.35,22.35,22.35,22.35,200,0
GUT_C.US,5,20251216,203500,22.36,22.36,22.36,22.36,400,0
GUT_C.US,5,20251216,205000,22.32,22.32,22.32,22.32,100,0
GUT_C.US,5,20251216,210500,22.32,22.36,22.32,22.36,900,0
GUT_C.US,5,20251216,211000,22.32,22.32,22.32,22.32,100,0
GUT_C.US,5,20251216,213000,22.38,22.38,22.38,22.38,200,0
GUT_C.US,5,20251216,213500,22.35,22.35,22.35,22.35,100,0
GUT_C.US,5,20251216,215500,22.35,22.35,22.35,22.35,111,0
GUT_C.US,5,20251217,154000,22.35,22.35,22.35,22.35,100,0
GUT_C.US,5,20251217,155000,22.24,22.34,22.2,22.34,2393,0
GUT_C.US,5,20251217,161000,22.24,22.24,22.24,22.24,100,0
GUT_C.US,5,20251217,163500,22.26,22.26,22.2501,22.2501,200,0
GUT_C.US,5,20251217,164500,22.35,22.35,22.35,22.35,200,0
GUT_C.US,5,20251217,170500,22.23,22.23,22.23,22.23,100,0
GUT_C.US,5,20251217,172000,22.31,22.31,22.31,22.31,100,0
GUT_C.US,5,20251218,153000,22.15,22.15,22.15,22.15,269,0
GUT_C.US,5,20251218,154500,22.1,22.1,22.1,22.1,100,0
GUT_C.US,5,20251218,160500,22.11,22.11,22.11,22.11,100,0
GUT_C.US,5,20251218,161000,22.06,22.1,22.06,22.07,831,0
GUT_C.US,5,20251218,163500,22.11,22.11,22.11,22.11,100,0
GUT_C.US,5,20251218,170000,22.19,22.19,22.19,22.19,200,0
GUT_C.US,5,20251218,172500,22.11,22.11,22.11,22.11,100,0
GUT_C.US,5,20251218,182000,22.19,22.19,22.18,22.18,300,0
GUT_C.US,5,20251218,191500,22.13,22.13,22.13,22.13,100,0
GUT_C.US,5,20251219,153000,22.11,22.11,22.11,22.11,100,0
GUT_C.US,5,20251219,153500,22.11,22.11,22.11,22.11,100,0
GUT_C.US,5,20251219,161000,22.11,22.1194,22.11,22.1194,209,0
GUT_C.US,5,20251219,164500,22.1444,22.15,22.1444,22.15,1000,0
GUT_C.US,5,20251219,173500,22.16,22.16,22.16,22.16,100,0
GUT_C.US,5,20251219,183000,22.14,22.14,22.1301,22.1301,409,0
GUT_C.US,5,20251219,192000,22.13,22.145,22.11,22.11,994,0
GUT_C.US,5,20251219,202000,22.155,22.2,22.155,22.2,4406,0
GUT_C.US,5,20251219,215500,22.15,22.15,22.15,22.15,400,0
GUT_C.US,5,20251222,154000,22.11,22.11,22.11,22.11,200,0
GUT_C.US,5,20251222,161500,22.11,22.1101,22.11,22.1101,840,0
GUT_C.US,5,20251222,173500,22.11,22.11,22.11,22.11,1153,0
GUT_C.US,5,20251222,180000,22.1036,22.1036,22.1036,22.1036,100,0
GUT_C.US,5,20251222,194000,22.09,22.09,22.09,22.09,121,0
GUT_C.US,5,20251222,194500,22.06,22.0601,22.01,22.01,3058,0
GUT_C.US,5,20251222,201500,22,22.01,22,22.01,300,0
GUT_C.US,5,20251222,202500,21.995,22,21.995,22,1000,0
GUT_C.US,5,20251222,210500,22.06,22.06,22.06,22.06,700,0
GUT_C.US,5,20251222,215500,22.085,22.085,22.085,22.085,100,0
GUT_C.US,5,20251223,165000,22.08,22.08,22.08,22.08,600,0
GUT_C.US,5,20251223,170500,22.1436,22.1436,22.1436,22.1436,500,0
GUT_C.US,5,20251223,181500,22.0801,22.0801,22.0801,22.0801,100,0
GUT_C.US,5,20251223,185500,22.08,22.145,22.08,22.145,950,0
GUT_C.US,5,20251223,201500,22.16,22.16,22.16,22.16,1000,0
GUT_C.US,5,20251223,213000,22.129,22.15,22.08,22.093,5407,0
GUT_C.US,5,20251223,213500,22.12,22.12,22.12,22.12,200,0
GUT_C.US,5,20251224,153000,22.06,22.06,22.03,22.03,236,0
GUT_C.US,5,20251224,163000,22.17,22.17,22.17,22.17,100,0
GUT_C.US,5,20251224,180000,22.1913,22.1913,22.1913,22.1913,450,0
GUT_C.US,5,20251224,183000,22.17,22.17,22.17,22.17,100,0
GUT_C.US,5,20251226,153000,22.1245,22.1245,22.1245,22.1245,107,0
GUT_C.US,5,20251226,155500,22.0201,22.0201,22.0201,22.0201,150,0
GUT_C.US,5,20251226,181000,22.13,22.13,22.13,22.13,400,0
GUT_C.US,5,20251226,183000,22.13,22.13,22.13,22.13,10000,0
GUT_C.US,5,20251226,184500,22.13,22.13,22.13,22.13,100,0
GUT_C.US,5,20251226,193000,22.1,22.1001,22.1,22.1001,278,0
GUT_C.US,5,20251226,193500,22.115,22.2,22.1,22.2,600,0
GUT_C.US,5,20251226,194500,22.15,22.15,22.15,22.15,1000,0
GUT_C.US,5,20251226,195500,22.15,22.15,22.15,22.15,100,0
GUT_C.US,5,20251226,215500,22.17,22.17,22.17,22.17,181,0
GUT_C.US,5,20251229,161500,22.2,22.2,22.2,22.2,187,0
GUT_C.US,5,20251229,162000,22.2,22.2,22.2,22.2,139,0
GUT_C.US,5,20251229,164500,22.22,22.22,22.22,22.22,174,0
GUT_C.US,5,20251229,165000,22.22,22.22,22.22,22.22,200,0
GUT_C.US,5,20251229,165500,22.24,22.24,22.21,22.21,1000,0
GUT_C.US,5,20251229,174000,22.2447,22.2447,22.22,22.22,600,0
GUT_C.US,5,20251229,183000,22.22,22.22,22.22,22.22,100,0
GUT_C.US,5,20251229,213500,22.2,22.2013,22.2,22.2013,400,0
GUT_C.US,5,20251230,154500,22.1,22.1,22.1,22.1,401,0
GUT_C.US,5,20251230,160500,22.13,22.13,22.13,22.13,100,0
GUT_C.US,5,20251230,162500,22.17,22.2,22.17,22.2,300,0
GUT_C.US,5,20251230,164000,22.13,22.13,22.13,22.13,100,0
GUT_C.US,5,20251230,164500,22.13,22.15,22.13,22.15,500,0
GUT_C.US,5,20251230,181000,22.2,22.23,22.2,22.2299,1900,0
GUT_C.US,5,20251230,184000,22.23,22.23,22.23,22.23,600,0
GUT_C.US,5,20251230,184500,22.23,22.25,22.23,22.231,2000,0
GUT_C.US,5,20251230,185500,22.23,22.23,22.23,22.23,200,0
GUT_C.US,5,20251230,192500,22.2299,22.2299,22.2299,22.2299,200,0
GUT_C.US,5,20251230,195000,22.21,22.32,22.21,22.32,4018,0
GUT_C.US,5,20251230,212500,22.32,22.32,22.32,22.32,100,0
GUT_C.US,5,20251230,213000,22.3,22.3,22.3,22.3,752,0
GUT_C.US,5,20251230,215000,22.335,22.335,22.335,22.335,160,0
GUT_C.US,5,20251231,153000,22.37,22.37,22.36,22.36,200,0
GUT_C.US,5,20251231,153500,22.37,22.37,22.37,22.37,800,0
GUT_C.US,5,20251231,171500,22.08,22.08,22.08,22.08,225,0
GUT_C.US,5,20251231,201500,22.16,22.16,22.15,22.15,1684,0
GUT_C.US,5,20251231,210500,22.16,22.16,22.16,22.16,282,0
GUT_C.US,5,20260102,171500,22.17,22.1701,22.15,22.1501,1340,0
GUT_C.US,5,20260102,175000,22.17,22.17,22.17,22.17,100,0
GUT_C.US,5,20260102,190500,22.08,22.08,22.08,22.08,100,0
GUT_C.US,5,20260102,191500,22.18,22.18,22.15,22.15,200,0
GUT_C.US,5,20260102,210000,22.2,22.2,22.2,22.2,300,0
GUT_C.US,5,20260102,212500,22.2,22.25,22.2,22.25,1335,0
GUT_C.US,5,20260102,213000,22.24,22.24,22.24,22.24,100,0
GUT_C.US,5,20260102,214000,22.27,22.2799,22.26,22.26,500,0
GUT_C.US,5,20260105,155500,22.3,22.32,22.29,22.32,600,0
GUT_C.US,5,20260105,160000,22.356,22.356,22.356,22.356,800,0
GUT_C.US,5,20260105,172000,22.22,22.22,22.22,22.22,100,0
GUT_C.US,5,20260105,175000,22.25,22.25,22.25,22.25,149,0
GUT_C.US,5,20260105,181000,22.3858,22.3858,22.3858,22.3858,100,0
GUT_C.US,5,20260105,182500,22.3304,22.3304,22.3304,22.3304,100,0
GUT_C.US,5,20260105,194000,22.2778,22.2778,22.2778,22.2778,258,0
GUT_C.US,5,20260105,204000,22.29,22.314,22.28,22.28,1200,0
GUT_C.US,5,20260105,205000,22.34,22.34,22.34,22.34,125,0
GUT_C.US,5,20260105,205500,22.28,22.28,22.28,22.28,100,0
GUT_C.US,5,20260105,210000,22.2801,22.2801,22.23,22.23,728,0
GUT_C.US,5,20260105,213500,22.23,22.23,22.23,22.23,100,0
GUT_C.US,5,20260105,215000,22.24,22.24,22.24,22.24,185,0
GUT_C.US,5,20260106,154500,22.4,22.42,22.3404,22.35,1000,0
GUT_C.US,5,20260106,160000,22.24,22.2401,22.24,22.2401,1120,0
GUT_C.US,5,20260106,164000,22.295,22.295,22.22,22.281,740,0
GUT_C.US,5,20260106,170000,22.335,22.335,22.335,22.335,323,0
GUT_C.US,5,20260106,184500,22.3,22.3,22.3,22.3,100,0
GUT_C.US,5,20260106,195000,22.31,22.45,22.31,22.37,5656,0
GUT_C.US,5,20260106,200000,22.35,22.35,22.32,22.32,210,0
GUT_C.US,5,20260106,201000,22.3395,22.4199,22.29,22.4199,1800,0
GUT_C.US,5,20260106,213000,22.35,22.36,22.33,22.33,500,0
GUT_C.US,5,20260106,213500,22.34,22.34,22.34,22.34,2286,0
GUT_C.US,5,20260107,185500,22.24,22.2401,22.24,22.2401,1600,0
GUT_C.US,5,20260107,203500,22.35,22.4,22.33,22.4,1933,0
GUT_C.US,5,20260107,204000,22.41,22.41,22.41,22.41,500,0
GUT_C.US,5,20260107,205000,22.41,22.41,22.39,22.39,630,0
GUT_C.US,5,20260107,210000,22.37,22.37,22.36,22.37,1100,0
GUT_C.US,5,20260107,211000,22.38,22.38,22.37,22.37,200,0
GUT_C.US,5,20260107,211500,22.37,22.37,22.37,22.37,100,0
GUT_C.US,5,20260108,153500,22.34,22.34,22.34,22.34,499,0
GUT_C.US,5,20260108,175000,22.385,22.385,22.385,22.385,400,0
GUT_C.US,5,20260108,194500,22.3505,22.3505,22.3505,22.3505,100,0
GUT_C.US,5,20260108,210000,22.34,22.34,22.34,22.34,100,0
GUT_C.US,5,20260109,154500,22.42,22.42,22.42,22.42,110,0
GUT_C.US,5,20260109,160000,22.43,22.43,22.42,22.42,351,0
GUT_C.US,5,20260109,160500,22.42,22.42,22.42,22.42,100,0
GUT_C.US,5,20260109,164000,22.38,22.4,22.38,22.39,1600,0
GUT_C.US,5,20260109,164500,22.39,22.39,22.39,22.39,100,0
GUT_C.US,5,20260109,182000,22.36,22.4,22.36,22.36,2049,0
GUT_C.US,5,20260109,182500,22.36,22.36,22.36,22.36,100,0
GUT_C.US,5,20260109,185000,22.39,22.39,22.39,22.39,1000,0
GUT_C.US,5,20260109,185500,22.4232,22.4232,22.4232,22.4232,100,0
GUT_C.US,5,20260109,192500,22.397,22.4,22.39,22.4,500,0
GUT_C.US,5,20260109,200500,22.38,22.38,22.38,22.38,100,0
GUT_C.US,5,20260109,201000,22.392,22.392,22.38,22.39,980,0
GUT_C.US,5,20260109,202000,22.395,22.395,22.395,22.395,550,0
GUT_C.US,5,20260109,203000,22.395,22.395,22.395,22.395,250,0
GUT_C.US,5,20260109,212500,22.4399,22.4399,22.3914,22.3914,1000,0
GUT_C.US,5,20260109,213000,22.39,22.39,22.39,22.39,384,0
GUT_C.US,5,20260109,215000,22.3914,22.3914,22.3914,22.3914,500,0
GUT_C.US,5,20260112,154000,22.4799,22.4799,22.4799,22.4799,100,0
GUT_C.US,5,20260112,155000,22.465,22.465,22.45,22.45,400,0
GUT_C.US,5,20260112,155500,22.45,22.45,22.45,22.45,500,0
GUT_C.US,5,20260112,175000,22.43,22.43,22.43,22.43,105,0
GUT_C.US,5,20260112,182000,22.439,22.439,22.439,22.439,500,0
GUT_C.US,5,20260112,191500,22.392,22.392,22.38,22.38,1200,0
GUT_C.US,5,20260112,194500,22.38,22.38,22.37,22.37,500,0
GUT_C.US,5,20260112,200500,22.3999,22.3999,22.3999,22.3999,113,0
GUT_C.US,5,20260112,201500,22.35,22.4,22.32,22.32,842,0
GUT_C.US,5,20260112,205000,22.4,22.4,22.39,22.39,200,0
GUT_C.US,5,20260112,210500,22.4,22.4,22.4,22.4,100,0
GUT_C.US,5,20260112,215500,22.39,22.3999,22.39,22.3999,300,0
GUT_C.US,5,20260113,155000,22.415,22.415,22.415,22.415,100,0
GUT_C.US,5,20260113,173500,22.415,22.415,22.415,22.415,225,0
GUT_C.US,5,20260113,184500,22.4,22.4,22.4,22.4,500,0
GUT_C.US,5,20260113,192000,22.405,22.405,22.405,22.405,100,0
GUT_C.US,5,20260113,194500,22.44,22.44,22.43,22.44,400,0
GUT_C.US,5,20260113,195000,22.45,22.45,22.43,22.43,400,0
GUT_C.US,5,20260113,200500,22.43,22.43,22.43,22.43,898,0
GUT_C.US,5,20260113,211000,22.425,22.425,22.425,22.425,300,0
GUT_C.US,5,20260113,215000,22.3256,22.3256,22.3256,22.3256,100,0
GUT_C.US,5,20260113,215500,22.41,22.41,22.41,22.41,100,0
GUT_C.US,5,20260114,172000,22.31,22.31,22.31,22.31,100,0
GUT_C.US,5,20260114,172500,22.47,22.47,22.47,22.47,100,0
GUT_C.US,5,20260114,181500,22.45,22.45,22.45,22.45,101,0
GUT_C.US,5,20260115,153000,22.48,22.48,22.48,22.48,125,0
GUT_C.US,5,20260115,155000,22.425,22.48,22.425,22.48,400,0
GUT_C.US,5,20260115,162500,22.4398,22.4398,22.4398,22.4398,500,0
GUT_C.US,5,20260115,165000,22.38,22.39,22.26,22.26,4928,0
GUT_C.US,5,20260115,175000,22.36,22.36,22.36,22.36,100,0
GUT_C.US,5,20260115,204000,22.4456,22.4456,22.4456,22.4456,800,0
GUT_C.US,5,20260116,154500,22.46,22.49,22.43,22.43,900,0
GUT_C.US,5,20260116,190000,22.4201,22.4201,22.4201,22.4201,300,0
GUT_C.US,5,20260116,214500,22.39,22.4,22.38,22.38,471,0
GUT_C.US,5,20260120,161500,22.43,22.43,22.43,22.43,100,0
GUT_C.US,5,20260120,162000,22.32,22.32,22.32,22.32,125,0
GUT_C.US,5,20260120,165000,22.35,22.35,22.35,22.35,200,0
GUT_C.US,5,20260120,173500,22.4037,22.4037,22.4037,22.4037,1000,0
GUT_C.US,5,20260120,182000,22.33,22.33,22.33,22.33,300,0
GUT_C.US,5,20260120,184500,22.27,22.27,22.25,22.2525,1225,0
GUT_C.US,5,20260120,194000,22.3,22.3,22.3,22.3,250,0
GUT_C.US,5,20260120,203000,22.25,22.25,22.25,22.25,650,0
GUT_C.US,5,20260120,203500,22.25,22.25,22.25,22.25,592,0
GUT_C.US,5,20260120,205000,22.22,22.22,22.22,22.22,100,0
GUT_C.US,5,20260120,210500,22.2591,22.2591,22.2591,22.2591,100,0
GUT_C.US,5,20260121,162000,22.26,22.26,22.26,22.26,100,0
GUT_C.US,5,20260121,180000,22.34,22.3499,22.34,22.34,1000,0
GUT_C.US,5,20260121,193500,22.35,22.35,22.35,22.35,100,0
GUT_C.US,5,20260121,200000,22.3316,22.3316,22.3316,22.3316,200,0
GUT_C.US,5,20260121,210000,22.3238,22.3238,22.3238,22.3238,500,0
GUT_C.US,5,20260121,213000,22.34,22.34,22.34,22.34,100,0
GUT_C.US,5,20260122,154500,22.32,22.33,22.31,22.33,497,0
GUT_C.US,5,20260122,163500,22.3352,22.3352,22.3352,22.3352,200,0
GUT_C.US,5,20260122,171500,22.34,22.34,22.3399,22.34,400,0
GUT_C.US,5,20260123,155000,22.351,22.351,22.351,22.351,123,0
GUT_C.US,5,20260123,192500,22.4,22.4,22.4,22.4,349,0
GUT_C.US,5,20260123,202500,22.36,22.395,22.35,22.395,3296,0
GUT_C.US,5,20260123,203000,22.35,22.3501,22.34,22.35,1700,0
GUT_C.US,5,20260123,212500,22.3788,22.3788,22.3788,22.3788,100,0
