<TICKER>,<PER>,<DATE>,<TIME>,<OPEN>,<HIGH>,<LOW>,<CLOSE>,<VOL>,<OPENINT>
KFEB.US,5,20250829,193500,26.17,26.195,26.17,26.195,1660,0
KFEB.US,5,20250829,194000,26.17,26.17,26.16,26.17,3200,0
KFEB.US,5,20250829,194500,26.16,26.17,26.16,26.16,7700,0
KFEB.US,5,20250829,195000,26.17,26.17,26.17,26.17,800,0
KFEB.US,5,20250829,195500,26.17,26.17,26.17,26.17,400,0
KFEB.US,5,20250829,203500,26.15,26.15,26.15,26.15,800,0
KFEB.US,5,20250829,211000,26.13,26.132,26.13,26.13,3400,0
KFEB.US,5,20250902,154500,25.99,25.99,25.99,25.99,100,0
KFEB.US,5,20250902,163500,26.0789,26.0789,26.0789,26.0789,2501,0
KFEB.US,5,20250902,164000,26.03,26.03,26.01,26.01,1100,0
KFEB.US,5,20250902,185000,26.0177,26.0177,26.0177,26.0177,350,0
KFEB.US,5,20250902,203000,26,26,26,26,150,0
KFEB.US,5,20250903,164000,26.08,26.08,26.08,26.08,100,0
KFEB.US,5,20250903,170000,26.091,26.091,26.091,26.091,200,0
KFEB.US,5,20250903,171000,26.08,26.08,26.08,26.08,100,0
KFEB.US,5,20250904,161000,26.09,26.09,26.09,26.09,100,0
KFEB.US,5,20250904,163000,26.1,26.1,26.1,26.1,100,0
KFEB.US,5,20250904,164000,26.11,26.11,26.11,26.11,100,0
KFEB.US,5,20250905,154000,26.435,26.435,26.435,26.435,1000,0
KFEB.US,5,20250905,155000,26.39,26.4419,26.39,26.4419,1100,0
KFEB.US,5,20250905,162000,26.26,26.26,26.26,26.26,1000,0
KFEB.US,5,20250905,171500,26.3,26.31,26.266,26.266,1380,0
KFEB.US,5,20250905,172000,26.22,26.22,26.22,26.22,100,0
KFEB.US,5,20250905,195000,26.3005,26.3005,26.3005,26.3005,600,0
KFEB.US,5,20250905,201000,26.3015,26.3015,26.3015,26.3015,600,0
KFEB.US,5,20250905,202500,26.2501,26.2501,26.2501,26.2501,800,0
KFEB.US,5,20250905,203000,26.3,26.3,26.3,26.3,381,0
KFEB.US,5,20250905,213500,26.3544,26.3544,26.3544,26.3544,299,0
KFEB.US,5,20250908,154000,26.346,26.346,26.346,26.346,300,0
KFEB.US,5,20250908,160000,26.287,26.287,26.287,26.287,788,0
KFEB.US,5,20250908,160500,26.26,26.26,26.26,26.26,405,0
KFEB.US,5,20250908,164000,26.35,26.35,26.35,26.35,200,0
KFEB.US,5,20250908,165000,26.31,26.31,26.31,26.31,100,0
KFEB.US,5,20250908,192000,26.39,26.39,26.39,26.39,181,0
KFEB.US,5,20250908,192500,26.34,26.34,26.34,26.34,100,0
KFEB.US,5,20250909,172500,26.26,26.26,26.26,26.26,100,0
KFEB.US,5,20250909,195500,26.2927,26.2927,26.2927,26.2927,167,0
KFEB.US,5,20250909,204000,26.31,26.34,26.31,26.33,1917,0
KFEB.US,5,20250909,204500,26.28,26.28,26.28,26.28,100,0
KFEB.US,5,20250909,211500,26.33,26.34,26.33,26.33,571,0
KFEB.US,5,20250909,212500,26.27,26.27,26.27,26.27,100,0
KFEB.US,5,20250909,215000,26.24,26.28,26.24,26.28,200,0
KFEB.US,5,20250910,160500,26.34,26.3401,26.33,26.3401,1296,0
KFEB.US,5,20250910,161500,26.35,26.35,26.35,26.35,100,0
KFEB.US,5,20250910,180500,26.29,26.29,26.29,26.29,100,0
KFEB.US,5,20250910,181000,26.27,26.27,26.27,26.27,100,0
KFEB.US,5,20250910,210500,26.27,26.27,26.25,26.25,900,0
KFEB.US,5,20250910,214500,26.2382,26.2382,26.2382,26.2382,2883,0
KFEB.US,5,20250911,161000,26.4354,26.4354,26.4354,26.4354,1500,0
KFEB.US,5,20250911,173500,26.49,26.49,26.49,26.49,100,0
KFEB.US,5,20250911,174000,26.508,26.508,26.508,26.508,410,0
KFEB.US,5,20250911,213000,26.55,26.55,26.55,26.55,100,0
KFEB.US,5,20250912,171500,26.43,26.43,26.43,26.43,100,0
KFEB.US,5,20250912,172500,26.41,26.41,26.41,26.41,166,0
KFEB.US,5,20250912,194500,26.41,26.41,26.41,26.41,2880,0
KFEB.US,5,20250915,212500,26.5,26.5,26.5,26.5,2200,0
KFEB.US,5,20250915,214000,26.48,26.49,26.48,26.49,853753,0
KFEB.US,5,20250916,153500,26.45,26.45,26.45,26.45,2000,0
KFEB.US,5,20250916,202000,26.371,26.371,26.371,26.371,400,0
KFEB.US,5,20250916,214000,26.44,26.44,26.44,26.44,355,0
KFEB.US,5,20250916,215000,26.5,26.5,26.5,26.5,1159,0
KFEB.US,5,20250916,215500,26.41,26.41,26.41,26.41,658,0
KFEB.US,5,20250917,190000,26.6,26.6,26.6,26.6,1717,0
KFEB.US,5,20250917,210500,26.64,26.64,26.63,26.63,5296,0
KFEB.US,5,20250917,211000,26.62,26.62,26.62,26.62,18195,0
KFEB.US,5,20250917,213000,26.57,26.57,26.57,26.57,3481,0
KFEB.US,5,20250918,170500,26.75,26.75,26.75,26.75,741,0
KFEB.US,5,20250918,180000,26.82,26.82,26.82,26.82,1415,0
KFEB.US,5,20250918,180500,26.765,26.765,26.765,26.765,200,0
KFEB.US,5,20250918,181000,26.8,26.8,26.8,26.8,100,0
KFEB.US,5,20250918,201000,26.88,26.88,26.88,26.88,12547,0
KFEB.US,5,20250918,210500,26.91,26.91,26.91,26.91,1962,0
KFEB.US,5,20250918,213000,26.88,26.88,26.88,26.88,4600,0
KFEB.US,5,20250918,215500,26.9,26.9,26.9,26.9,100,0
KFEB.US,5,20250919,170000,26.85,26.85,26.85,26.85,6241,0
KFEB.US,5,20250919,180000,26.77,26.77,26.77,26.77,147,0
KFEB.US,5,20250919,215000,26.83,26.83,26.83,26.83,100,0
KFEB.US,5,20250922,153000,26.725,26.725,26.725,26.725,329,0
KFEB.US,5,20250922,190500,26.84,26.84,26.84,26.84,100,0
KFEB.US,5,20250922,205000,26.86,26.86,26.86,26.86,117,0
KFEB.US,5,20250922,205500,26.89,26.89,26.89,26.89,100,0
KFEB.US,5,20250923,170000,27.02,27.02,27.02,27.02,1540,0
KFEB.US,5,20250923,210000,26.87,26.87,26.87,26.87,100,0
KFEB.US,5,20250923,213500,26.87,26.88,26.87,26.87,300,0
KFEB.US,5,20250923,214000,26.88,26.88,26.88,26.88,100,0
KFEB.US,5,20250924,170500,26.815,26.815,26.815,26.815,1301,0
KFEB.US,5,20250924,184000,26.72,26.78,26.72,26.78,300,0
KFEB.US,5,20250925,165000,26.61,26.61,26.61,26.61,100,0
KFEB.US,5,20250925,180500,26.59,26.59,26.59,26.59,1136,0
KFEB.US,5,20250926,154000,26.6,26.6,26.6,26.6,186,0
KFEB.US,5,20250926,154500,26.66,26.66,26.66,26.66,100,0
KFEB.US,5,20250926,155000,26.63,26.64,26.63,26.64,1618,0
KFEB.US,5,20250926,155500,26.64,26.65,26.64,26.65,1100,0
KFEB.US,5,20250926,161000,26.67,26.67,26.67,26.67,100,0
KFEB.US,5,20250926,174500,26.68,26.68,26.68,26.68,100,0
KFEB.US,5,20250926,183000,26.68,26.68,26.68,26.68,100,0
KFEB.US,5,20250926,210000,26.6501,26.6501,26.6501,26.6501,150,0
KFEB.US,5,20250929,160500,26.7349,26.7349,26.7349,26.7349,2358,0
KFEB.US,5,20250929,182500,26.715,26.715,26.715,26.715,206,0
KFEB.US,5,20250929,190500,26.72,26.72,26.72,26.72,100,0
KFEB.US,5,20250929,195500,26.67,26.72,26.66,26.72,300,0
KFEB.US,5,20250930,201000,26.6,26.6,26.6,26.6,43953,0
KFEB.US,5,20250930,202000,26.67,26.67,26.67,26.67,100,0
KFEB.US,5,20250930,214000,26.668,26.668,26.668,26.668,177,0
KFEB.US,5,20250930,215500,26.77,26.78,26.77,26.77,2872,0
KFEB.US,5,20251001,170000,26.7,26.7,26.7,26.7,165,0
KFEB.US,5,20251001,190500,26.769,26.769,26.769,26.769,114,0
KFEB.US,5,20251001,194500,26.681,26.681,26.681,26.681,275,0
KFEB.US,5,20251001,200000,26.75,26.75,26.75,26.75,3486,0
KFEB.US,5,20251001,200500,26.75,26.75,26.75,26.75,706,0
KFEB.US,5,20251001,201000,26.7311,26.7311,26.7311,26.7311,1494,0
KFEB.US,5,20251002,154500,26.7684,26.7684,26.7684,26.7684,449,0
KFEB.US,5,20251002,171000,26.79,26.79,26.79,26.79,1600,0
KFEB.US,5,20251002,193500,26.76,26.76,26.76,26.76,500,0
KFEB.US,5,20251002,194000,26.76,26.76,26.76,26.76,179,0
KFEB.US,5,20251002,200000,26.812,26.812,26.812,26.812,516,0
KFEB.US,5,20251002,201000,26.83,26.83,26.83,26.83,788,0
KFEB.US,5,20251002,204500,26.8,26.8,26.8,26.8,500,0
KFEB.US,5,20251002,210000,26.81,26.82,26.81,26.82,200,0
KFEB.US,5,20251003,153500,27.04,27.04,27.04,27.04,2000,0
KFEB.US,5,20251003,174500,27.03,27.03,27.0131,27.0131,1013,0
KFEB.US,5,20251003,191500,27.03,27.03,27.03,27.03,100,0
KFEB.US,5,20251003,202000,26.96,26.96,26.96,26.96,100,0
KFEB.US,5,20251003,210000,26.975,26.975,26.975,26.975,734,0
KFEB.US,5,20251006,165500,27.12,27.13,27.05,27.05,600,0
KFEB.US,5,20251006,181000,27.1215,27.1215,27.06,27.06,1066,0
KFEB.US,5,20251006,183500,27.07,27.07,27.07,27.07,600,0
KFEB.US,5,20251006,194500,27.07,27.08,27.07,27.07,300,0
KFEB.US,5,20251006,195000,27.08,27.08,27.08,27.08,100,0
KFEB.US,5,20251006,200000,27.15,27.15,27.07,27.08,1010,0
KFEB.US,5,20251006,200500,27.07,27.07,27.07,27.07,100,0
KFEB.US,5,20251006,202500,27.04,27.04,27.04,27.04,100,0
KFEB.US,5,20251006,203000,27.03,27.03,27.03,27.03,100,0
KFEB.US,5,20251007,173500,26.87,26.87,26.82,26.82,356,0
KFEB.US,5,20251007,190000,26.94,26.95,26.84,26.95,365,0
KFEB.US,5,20251009,155500,26.94,26.94,26.94,26.94,100,0
KFEB.US,5,20251009,160000,26.97,26.97,26.97,26.97,104,0
KFEB.US,5,20251010,170000,26.83,26.83,26.83,26.83,217,0
KFEB.US,5,20251010,171000,26.8612,26.8612,26.8612,26.8612,533,0
KFEB.US,5,20251010,174000,26.66,26.66,26.66,26.66,138,0
KFEB.US,5,20251010,183500,26.77,26.77,26.77,26.77,187,0
KFEB.US,5,20251010,185000,26.65,26.65,26.65,26.65,210,0
KFEB.US,5,20251010,190000,26.62,26.62,26.62,26.62,185,0
KFEB.US,5,20251010,202500,26.7299,26.7299,26.7299,26.7299,187,0
KFEB.US,5,20251010,205000,26.62,26.62,26.62,26.62,100,0
KFEB.US,5,20251010,213000,26.55,26.55,26.55,26.55,210,0
KFEB.US,5,20251013,184500,26.8824,26.8824,26.8824,26.8824,800,0
KFEB.US,5,20251013,202500,26.89,26.89,26.89,26.89,574,0
KFEB.US,5,20251013,215000,26.89,26.89,26.89,26.89,1172,0
KFEB.US,5,20251014,153500,26.748,26.748,26.748,26.748,500,0
KFEB.US,5,20251014,160500,26.88,26.88,26.88,26.88,810,0
KFEB.US,5,20251015,163500,27.34,27.34,27.34,27.34,200,0
KFEB.US,5,20251015,170000,27.34,27.34,27.34,27.34,3590,0
KFEB.US,5,20251015,204500,27.18,27.29,27.17,27.29,2513,0
KFEB.US,5,20251015,211000,27.29,27.29,27.29,27.29,2161,0
KFEB.US,5,20251016,160000,27.2,27.2,27.2,27.2,100,0
KFEB.US,5,20251016,165500,27.21,27.21,27.21,27.21,100,0
KFEB.US,5,20251016,200500,27,27,27,27,100,0
KFEB.US,5,20251016,204000,26.9376,26.9376,26.9376,26.9376,494,0
KFEB.US,5,20251016,211500,26.98,26.98,26.98,26.98,764,0
KFEB.US,5,20251016,212500,26.9215,26.9215,26.9215,26.9215,1027,0
KFEB.US,5,20251017,161500,26.92,26.92,26.92,26.92,100,0
KFEB.US,5,20251017,171000,26.79,26.79,26.79,26.79,119,0
KFEB.US,5,20251017,192000,26.83,26.83,26.81,26.81,1364,0
KFEB.US,5,20251017,210000,26.821,26.89,26.8201,26.89,2040,0
KFEB.US,5,20251020,201500,27.21,27.21,27.21,27.21,1185,0
KFEB.US,5,20251021,170000,27.1301,27.172,27.1301,27.172,397,0
KFEB.US,5,20251021,175500,27.2,27.2,27.2,27.2,829,0
KFEB.US,5,20251021,184500,27.2,27.2,27.2,27.2,150,0
KFEB.US,5,20251021,200000,27.091,27.1228,27.09,27.1228,1999,0
KFEB.US,5,20251021,201000,27.1395,27.1395,27.1395,27.1395,106,0
KFEB.US,5,20251021,202500,27.1,27.1,27.1,27.1,2000,0
KFEB.US,5,20251021,212500,27.09,27.09,27.09,27.09,195,0
KFEB.US,5,20251022,181500,26.84,26.84,26.84,26.84,185,0
KFEB.US,5,20251022,211500,26.8472,26.8472,26.8472,26.8472,427,0
KFEB.US,5,20251023,171000,27.01,27.01,27.01,27.01,771,0
KFEB.US,5,20251023,195500,27.075,27.075,27.07,27.07,2100,0
KFEB.US,5,20251023,205500,27.06,27.06,27.06,27.06,100,0
KFEB.US,5,20251024,165500,27.2755,27.2755,27.2755,27.2755,500,0
KFEB.US,5,20251024,170000,27.26,27.26,27.26,27.26,100,0
KFEB.US,5,20251024,171000,27.3125,27.3125,27.3125,27.3125,800,0
KFEB.US,5,20251024,184000,27.29,27.29,27.29,27.29,121,0
KFEB.US,5,20251024,184500,27.24,27.24,27.24,27.24,100,0
KFEB.US,5,20251024,210500,27.29,27.29,27.29,27.29,128,0
KFEB.US,5,20251027,143000,27.33,27.375,27.33,27.33,1700,0
KFEB.US,5,20251027,143500,27.35,27.35,27.35,27.35,222,0
KFEB.US,5,20251027,144500,27.4263,27.4263,27.4263,27.4263,200,0
KFEB.US,5,20251027,160500,27.3124,27.3124,27.3124,27.3124,123,0
KFEB.US,5,20251027,161000,27.27,27.27,27.27,27.27,100,0
KFEB.US,5,20251027,183500,27.28,27.28,27.28,27.28,388,0
KFEB.US,5,20251027,202500,27.27,27.27,27.27,27.27,100,0
KFEB.US,5,20251028,152000,27.24,27.24,27.23,27.23,588,0
KFEB.US,5,20251028,160000,27.26,27.26,27.25,27.25,1428,0
KFEB.US,5,20251028,162500,27.24,27.24,27.24,27.24,100,0
KFEB.US,5,20251028,170000,27.26,27.26,27.26,27.26,224,0
KFEB.US,5,20251028,172500,27.27,27.28,27.27,27.28,200,0
KFEB.US,5,20251028,173000,27.29,27.29,27.29,27.29,100,0
KFEB.US,5,20251028,190000,27.26,27.26,27.26,27.26,100,0
KFEB.US,5,20251028,194000,27.25,27.25,27.25,27.25,100,0
KFEB.US,5,20251028,200000,27.22,27.22,27.22,27.22,100,0
KFEB.US,5,20251029,152500,27.19,27.19,27.19,27.19,200,0
KFEB.US,5,20251029,160000,27.26,27.26,27.26,27.26,228,0
KFEB.US,5,20251029,160500,27.26,27.26,27.26,27.26,100,0
KFEB.US,5,20251029,193500,27.04,27.04,27.04,27.04,200,0
KFEB.US,5,20251029,194000,27.07,27.07,27.07,27.07,100,0
KFEB.US,5,20251029,194500,27.07,27.07,27.07,27.07,100,0
KFEB.US,5,20251029,195000,27.11,27.11,27.11,27.11,100,0
KFEB.US,5,20251029,200500,27.11,27.11,27.11,27.11,100,0
KFEB.US,5,20251029,202500,27.05,27.05,27.05,27.05,100,0
KFEB.US,5,20251029,204000,26.95,26.95,26.95,26.95,100,0
KFEB.US,5,20251030,144000,27.04,27.04,27.01,27.01,533,0
KFEB.US,5,20251030,144500,27.09,27.09,27.09,27.09,100,0
KFEB.US,5,20251030,175000,27.09,27.09,27.09,27.09,301,0
KFEB.US,5,20251030,175500,27.1,27.1,27.1,27.1,100,0
KFEB.US,5,20251030,180500,27.11,27.11,27.11,27.11,4246,0
KFEB.US,5,20251030,181000,27.03,27.03,27.03,27.03,100,0
KFEB.US,5,20251030,182000,27.05,27.05,27.05,27.05,9547,0
KFEB.US,5,20251030,190500,27.05,27.05,27.05,27.05,1108,0
KFEB.US,5,20251030,192000,27.0506,27.0506,27.0506,27.0506,232,0
KFEB.US,5,20251030,200500,27.07,27.07,27.07,27.07,2188,0
KFEB.US,5,20251030,205000,26.96,26.96,26.96,26.96,166,0
KFEB.US,5,20251031,180500,26.94,26.94,26.92,26.92,219,0
KFEB.US,5,20251031,183500,26.91,26.9135,26.91,26.9135,260,0
KFEB.US,5,20251031,184000,26.91,26.91,26.91,26.91,100,0
KFEB.US,5,20251031,191500,26.98,26.98,26.98,26.98,1722,0
KFEB.US,5,20251031,194000,27.0411,27.0411,27.0411,27.0411,800,0
KFEB.US,5,20251031,201500,27.02,27.0604,27.01,27.0604,2689,0
KFEB.US,5,20251031,203000,27.0768,27.0768,27.0768,27.0768,1200,0
KFEB.US,5,20251031,204000,27.095,27.095,27.095,27.095,200,0
KFEB.US,5,20251031,204500,27.105,27.105,27.105,27.105,800,0
KFEB.US,5,20251103,154000,26.9715,26.9715,26.9715,26.9715,750,0
KFEB.US,5,20251103,164000,26.9,26.9,26.88,26.88,200,0
KFEB.US,5,20251103,182500,26.931,26.931,26.93,26.93,300,0
KFEB.US,5,20251103,184000,26.99,26.99,26.99,26.99,1300,0
KFEB.US,5,20251103,191000,27.0056,27.0056,27.0056,27.0056,600,0
KFEB.US,5,20251103,193500,26.95,26.95,26.93,26.95,1103,0
KFEB.US,5,20251103,194000,26.95,26.95,26.95,26.95,100,0
KFEB.US,5,20251103,195500,26.95,26.95,26.94,26.945,1000,0
KFEB.US,5,20251103,200000,26.95,26.95,26.95,26.95,100,0
KFEB.US,5,20251103,201000,26.96,26.96,26.96,26.96,400,0
KFEB.US,5,20251103,201500,26.97,26.97,26.97,26.97,100,0
KFEB.US,5,20251103,202500,26.98,26.98,26.98,26.98,300,0
KFEB.US,5,20251103,203500,26.98,26.98,26.97,26.98,400,0
KFEB.US,5,20251103,204000,26.99,27.0185,26.98,27.0185,886414,0
KFEB.US,5,20251103,204500,26.99,27.0099,26.9701,26.9701,1200,0
KFEB.US,5,20251103,205000,26.98,26.98,26.98,26.98,100,0
KFEB.US,5,20251103,210000,26.955,26.97,26.955,26.97,1000,0
KFEB.US,5,20251103,211000,26.9501,26.9501,26.9501,26.9501,150,0
KFEB.US,5,20251103,211500,26.97,26.97,26.96,26.97,300,0
KFEB.US,5,20251103,212000,27.016,27.016,27.016,27.016,600,0
KFEB.US,5,20251103,213000,27.005,27.005,26.95,26.95,1100,0
KFEB.US,5,20251103,213500,26.95,26.95,26.95,26.95,100,0
KFEB.US,5,20251103,215000,27.0215,27.0215,27.0215,27.0215,200,0
KFEB.US,5,20251104,161500,26.87,26.88,26.86,26.88,600,0
KFEB.US,5,20251104,162500,26.94,26.94,26.94,26.94,900,0
KFEB.US,5,20251104,164000,26.913,26.913,26.913,26.913,300,0
KFEB.US,5,20251104,165000,26.895,26.895,26.895,26.895,400,0
KFEB.US,5,20251104,170500,26.9085,26.9085,26.9085,26.9085,500,0
KFEB.US,5,20251104,172500,26.8915,26.8915,26.8915,26.8915,1400,0
KFEB.US,5,20251104,180500,26.85,26.85,26.85,26.85,200,0
KFEB.US,5,20251104,181000,26.84,26.84,26.84,26.84,100,0
KFEB.US,5,20251104,183500,26.82,26.82,26.82,26.82,400,0
KFEB.US,5,20251104,184000,26.82,26.82,26.82,26.82,100,0
KFEB.US,5,20251104,185000,26.81,26.81,26.81,26.81,500,0
KFEB.US,5,20251104,185500,26.8285,26.8285,26.8,26.8,500,0
KFEB.US,5,20251104,190500,26.78,26.78,26.78,26.78,300,0
KFEB.US,5,20251104,191000,26.79,26.79,26.79,26.79,100,0
KFEB.US,5,20251105,181000,26.96,26.96,26.96,26.96,200,0
KFEB.US,5,20251105,184500,26.98,26.98,26.98,26.98,200,0
KFEB.US,5,20251105,185000,26.98,26.98,26.98,26.98,100,0
KFEB.US,5,20251105,194500,26.97,26.97,26.97,26.97,200,0
KFEB.US,5,20251105,195000,26.97,26.97,26.97,26.97,100,0
KFEB.US,5,20251105,200000,26.95,26.95,26.95,26.95,5007,0
KFEB.US,5,20251105,200500,26.96,26.96,26.96,26.96,19463,0
KFEB.US,5,20251105,202500,26.98,26.98,26.98,26.98,644,0
KFEB.US,5,20251105,210500,27.02,27.02,27.02,27.02,100,0
KFEB.US,5,20251105,211000,27.02,27.0201,27.01,27.02,1900,0
KFEB.US,5,20251105,212000,27.01,27.01,27.01,27.01,10354,0
KFEB.US,5,20251105,213000,27,27.01,26.99,27,1100,0
KFEB.US,5,20251106,164500,26.74,26.74,26.74,26.74,100,0
KFEB.US,5,20251106,170000,26.74,26.7401,26.73,26.74,1040,0
KFEB.US,5,20251106,170500,26.76,26.76,26.76,26.76,100,0
KFEB.US,5,20251106,194000,26.76,26.76,26.76,26.76,100,0
KFEB.US,5,20251106,194500,26.76,26.76,26.76,26.76,100,0
KFEB.US,5,20251107,194000,26.59,26.59,26.59,26.59,100,0
KFEB.US,5,20251107,195000,26.59,26.59,26.59,26.59,1000,0
KFEB.US,5,20251110,165000,26.82,26.82,26.81,26.81,357,0
KFEB.US,5,20251110,181000,26.9,26.9,26.895,26.895,500,0
KFEB.US,5,20251110,181500,26.9,26.9,26.9,26.9,100,0
KFEB.US,5,20251110,185000,26.93,26.93,26.93,26.93,3727,0
KFEB.US,5,20251110,191000,26.96,26.96,26.96,26.96,200,0
KFEB.US,5,20251110,191500,26.96,26.96,26.96,26.96,100,0
KFEB.US,5,20251111,161000,26.89,26.89,26.88,26.88,4383,0
KFEB.US,5,20251111,162000,26.85,26.86,26.84,26.86,4276,0
KFEB.US,5,20251111,163000,26.84,26.84,26.84,26.84,100,0
KFEB.US,5,20251111,175000,26.9,26.9,26.88,26.89,3318,0
KFEB.US,5,20251111,180500,26.91,26.91,26.91,26.91,100,0
KFEB.US,5,20251111,183000,26.92,26.92,26.9,26.9,3393,0
KFEB.US,5,20251111,184500,26.9,26.9,26.9,26.9,100,0
KFEB.US,5,20251111,190000,26.94,26.95,26.94,26.95,3393,0
KFEB.US,5,20251111,191500,26.95,26.95,26.95,26.95,100,0
KFEB.US,5,20251111,194500,26.95,26.95,26.95,26.95,100,0
KFEB.US,5,20251111,210500,26.9685,26.9685,26.9685,26.9685,125,0
KFEB.US,5,20251112,164000,26.9925,26.9925,26.9925,26.9925,984,0
KFEB.US,5,20251112,171500,26.92,26.92,26.92,26.92,100,0
KFEB.US,5,20251112,173000,26.95,26.95,26.95,26.95,100,0
KFEB.US,5,20251112,173500,26.94,26.94,26.94,26.94,100,0
KFEB.US,5,20251113,174000,26.64,26.64,26.64,26.64,100,0
KFEB.US,5,20251113,174500,26.6201,26.6201,26.6201,26.6201,510,0
KFEB.US,5,20251113,184000,26.62,26.62,26.62,26.62,100,0
KFEB.US,5,20251113,193000,26.52,26.52,26.52,26.52,104,0
KFEB.US,5,20251113,193500,26.5,26.5,26.48,26.48,242,0
KFEB.US,5,20251113,202500,26.47,26.47,26.47,26.47,100,0
KFEB.US,5,20251113,204000,26.45,26.45,26.45,26.45,150,0
KFEB.US,5,20251113,205500,26.43,26.4302,26.43,26.4302,1600,0
KFEB.US,5,20251113,210000,26.43,26.43,26.43,26.43,100,0
KFEB.US,5,20251113,213500,26.415,26.42,26.415,26.42,301,0
KFEB.US,5,20251113,214500,26.44,26.44,26.44,26.44,100,0
KFEB.US,5,20251114,165000,26.5015,26.5015,26.5015,26.5015,600,0
KFEB.US,5,20251117,164000,26.38,26.38,26.37,26.375,400,0
KFEB.US,5,20251117,194500,26.33,26.34,26.33,26.33,1000,0
KFEB.US,5,20251117,195500,26.32,26.32,26.32,26.32,152,0
KFEB.US,5,20251117,202500,26.3,26.3,26.3,26.3,176,0
KFEB.US,5,20251117,203500,26.24,26.24,26.24,26.24,276,0
KFEB.US,5,20251117,204500,26.22,26.22,26.22,26.22,124,0
KFEB.US,5,20251117,205500,26.2,26.2,26.2,26.2,265,0
KFEB.US,5,20251117,210000,26.18,26.18,26.18,26.18,276,0
KFEB.US,5,20251118,161500,26.1095,26.1095,26.1095,26.1095,1000,0
KFEB.US,5,20251118,172000,26.127,26.127,26.127,26.127,1000,0
KFEB.US,5,20251119,165500,26.29,26.29,26.29,26.29,100,0
KFEB.US,5,20251119,183500,26.21,26.21,26.21,26.21,180,0
KFEB.US,5,20251119,190000,26.22,26.22,26.22,26.22,147,0
KFEB.US,5,20251120,153000,26.5,26.5,26.5,26.5,590,0
KFEB.US,5,20251120,165500,26.525,26.525,26.525,26.525,377,0
KFEB.US,5,20251120,180500,26.16,26.17,26.16,26.16,377,0
KFEB.US,5,20251121,171000,26.12,26.12,26.12,26.12,200,0
KFEB.US,5,20251124,170500,26.62,26.62,26.62,26.62,2708,0
KFEB.US,5,20251124,214000,26.67,26.67,26.67,26.67,100,0
KFEB.US,5,20251125,163000,26.88,26.88,26.88,26.88,200,0
KFEB.US,5,20251125,180000,26.96,26.96,26.96,26.96,100,0
KFEB.US,5,20251125,180500,26.97,26.97,26.97,26.97,100,0
KFEB.US,5,20251125,210000,27.06,27.06,27.06,27.06,100,0
KFEB.US,5,20251126,164500,27.1447,27.1447,27.1447,27.1447,160,0
KFEB.US,5,20251126,170000,27.19,27.19,27.18,27.18,300,0
KFEB.US,5,20251201,165000,27.19,27.19,27.19,27.19,100,0
KFEB.US,5,20251202,165000,27.21,27.21,27.19,27.21,300,0
KFEB.US,5,20251203,165000,27.27,27.27,27.27,27.27,100,0
KFEB.US,5,20251203,170500,27.3,27.3,27.3,27.3,200,0
KFEB.US,5,20251203,171500,27.27,27.27,27.27,27.27,100,0
KFEB.US,5,20251204,161500,27.43,27.43,27.41,27.41,300,0
KFEB.US,5,20251205,163000,27.64,27.64,27.62,27.62,300,0
KFEB.US,5,20251205,192500,27.5699,27.5699,27.5699,27.5699,362,0
KFEB.US,5,20251205,204500,27.52,27.5201,27.52,27.5201,200,0
KFEB.US,5,20251205,205000,27.53,27.53,27.53,27.53,100,0
KFEB.US,5,20251208,155500,27.61,27.61,27.6012,27.61,740,0
KFEB.US,5,20251208,172500,27.59,27.59,27.59,27.59,200,0
KFEB.US,5,20251208,173000,27.58,27.58,27.58,27.58,100,0
KFEB.US,5,20251208,184000,27.62,27.62,27.62,27.62,700,0
KFEB.US,5,20251208,184500,27.52,27.52,27.52,27.52,100,0
KFEB.US,5,20251208,204000,27.52,27.52,27.52,27.52,100,0
KFEB.US,5,20251209,163500,27.61,27.61,27.595,27.61,300,0
KFEB.US,5,20251209,193500,27.6168,27.6168,27.6168,27.6168,1415,0
KFEB.US,5,20251210,172000,27.6,27.6,27.6,27.6,100,0
KFEB.US,5,20251210,200500,27.7,27.7,27.7,27.7,100,0
KFEB.US,5,20251210,201000,27.74,27.74,27.74,27.74,100,0
KFEB.US,5,20251210,204000,27.73,27.73,27.68,27.68,1084,0
KFEB.US,5,20251210,204500,27.73,27.73,27.73,27.73,100,0
KFEB.US,5,20251210,205000,27.8,27.8,27.8,27.8,100,0
KFEB.US,5,20251210,212000,27.9,27.9,27.9,27.9,100,0
KFEB.US,5,20251211,163000,27.91,27.91,27.91,27.91,100,0
KFEB.US,5,20251211,165500,27.92,27.92,27.92,27.92,200,0
KFEB.US,5,20251211,170000,27.91,27.91,27.91,27.91,100,0
KFEB.US,5,20251212,170500,27.83,27.83,27.83,27.83,100,0
KFEB.US,5,20251212,181500,27.84,27.84,27.84,27.84,100,0
KFEB.US,5,20251212,182000,27.86,27.86,27.86,27.86,100,0
KFEB.US,5,20251212,205500,27.83,27.83,27.83,27.83,666,0
KFEB.US,5,20251212,215000,27.78,27.78,27.78,27.78,312,0
KFEB.US,5,20251215,164000,27.71,27.71,27.71,27.71,100,0
KFEB.US,5,20251215,211500,27.715,27.715,27.715,27.715,900,0
KFEB.US,5,20251216,163500,27.61,27.61,27.6,27.6,200,0
KFEB.US,5,20251216,164500,27.61,27.62,27.61,27.61,500,0
KFEB.US,5,20251216,165500,27.61,27.61,27.61,27.61,100,0
KFEB.US,5,20251216,171500,27.55,27.55,27.55,27.55,100,0
KFEB.US,5,20251216,184500,27.48,27.48,27.48,27.48,600,0
KFEB.US,5,20251216,185500,27.495,27.495,27.495,27.495,634,0
KFEB.US,5,20251216,193500,27.52,27.52,27.52,27.52,100,0
KFEB.US,5,20251217,164000,27.551,27.551,27.55,27.55,350,0
KFEB.US,5,20251217,182500,27.51,27.51,27.51,27.51,100,0
KFEB.US,5,20251217,183000,27.47,27.47,27.47,27.47,100,0
KFEB.US,5,20251217,192000,27.41,27.41,27.41,27.41,1100,0
KFEB.US,5,20251217,192500,27.4,27.4,27.4,27.4,100,0
KFEB.US,5,20251217,195500,27.382,27.382,27.382,27.382,200,0
KFEB.US,5,20251217,202500,27.34,27.34,27.34,27.34,100,0
KFEB.US,5,20251217,204500,27.38,27.38,27.35,27.364,560,0
KFEB.US,5,20251217,205000,27.35,27.35,27.35,27.35,100,0
KFEB.US,5,20251217,213000,27.34,27.3699,27.33,27.3699,1290,0
KFEB.US,5,20251218,164500,27.66,27.66,27.66,27.66,100,0
KFEB.US,5,20251218,165500,27.58,27.58,27.58,27.58,100,0
KFEB.US,5,20251218,184000,27.51,27.51,27.51,27.51,100,0
KFEB.US,5,20251218,203000,27.52,27.52,27.52,27.52,800,0
KFEB.US,5,20251218,211000,27.4816,27.4816,27.4816,27.4816,109,0
KFEB.US,5,20251222,164500,27.95,27.95,27.95,27.95,100,0
KFEB.US,5,20251222,184000,27.96,27.96,27.96,27.96,150,0
KFEB.US,5,20251222,185000,27.98,27.98,27.98,27.98,100,0
KFEB.US,5,20251222,215500,27.9006,27.9006,27.9006,27.9006,100,0
KFEB.US,5,20251223,162000,27.8,27.8,27.8,27.8,100,0
KFEB.US,5,20251226,163000,27.69,27.69,27.69,27.69,200,0
KFEB.US,5,20251226,201000,27.661,27.661,27.661,27.661,181,0
KFEB.US,5,20251226,213000,27.72,27.72,27.72,27.72,100,0
KFEB.US,5,20251229,214500,27.57,27.6,27.57,27.6,1156,0
KFEB.US,5,20251230,173500,27.53,27.53,27.53,27.53,100,0
KFEB.US,5,20251231,172000,27.305,27.3051,27.3,27.3,532,0
KFEB.US,5,20251231,173500,27.3,27.3,27.3,27.3,945,0
KFEB.US,5,20251231,185000,27.31,27.31,27.31,27.31,15431,0
KFEB.US,5,20251231,192000,27.31,27.31,27.295,27.295,3392,0
KFEB.US,5,20251231,212000,27.23,27.23,27.23,27.23,800,0
KFEB.US,5,20260102,164500,27.35,27.35,27.35,27.35,100,0
KFEB.US,5,20260102,175000,27.31,27.31,27.31,27.31,100,0
KFEB.US,5,20260102,181500,27.38,27.38,27.38,27.38,100,0
KFEB.US,5,20260102,205000,27.47,27.47,27.47,27.47,400,0
KFEB.US,5,20260105,155500,27.705,27.705,27.705,27.705,200,0
KFEB.US,5,20260105,174000,27.79,27.79,27.7701,27.7701,600,0
KFEB.US,5,20260105,175000,27.81,27.81,27.81,27.81,100,0
KFEB.US,5,20260105,185000,27.86,27.86,27.86,27.86,1800,0
KFEB.US,5,20260105,214500,27.87,27.87,27.87,27.87,600,0
KFEB.US,5,20260106,181000,27.9,27.9,27.9,27.9,1100,0
KFEB.US,5,20260106,195000,28.01,28.01,28.01,28.01,100,0
KFEB.US,5,20260106,203000,28.08,28.08,28.08,28.08,100,0
KFEB.US,5,20260106,211000,28.1,28.11,28.1,28.1,2243,0
KFEB.US,5,20260107,163500,28.05,28.05,28.05,28.05,200,0
KFEB.US,5,20260107,181000,28.17,28.17,28.16,28.165,2068,0
KFEB.US,5,20260107,184500,28.16,28.16,28.16,28.16,115,0
KFEB.US,5,20260107,205500,28.14,28.14,28.14,28.14,100,0
KFEB.US,5,20260107,210000,28.13,28.14,28.13,28.13,2242,0
KFEB.US,5,20260108,162000,28.3,28.322,28.3,28.322,300,0
KFEB.US,5,20260108,171500,28.22,28.22,28.22,28.22,300,0
KFEB.US,5,20260109,162000,28.46,28.46,28.46,28.46,200,0
KFEB.US,5,20260109,205500,28.52,28.52,28.52,28.52,100,0
KFEB.US,5,20260112,163000,28.48,28.48,28.48,28.48,100,0
KFEB.US,5,20260112,214500,28.64,28.64,28.64,28.64,100,0
KFEB.US,5,20260113,161000,28.59,28.59,28.59,28.59,600,0
KFEB.US,5,20260113,163500,28.65,28.65,28.65,28.65,500,0
KFEB.US,5,20260113,170000,28.66,28.66,28.66,28.66,300,0
KFEB.US,5,20260113,172000,28.65,28.65,28.65,28.65,221,0
KFEB.US,5,20260113,174000,28.65,28.65,28.65,28.65,100,0
KFEB.US,5,20260114,161000,28.68,28.68,28.68,28.68,100,0
KFEB.US,5,20260114,171500,28.63,28.63,28.63,28.63,100,0
KFEB.US,5,20260114,200500,28.734,28.734,28.734,28.734,133,0
KFEB.US,5,20260114,211000,28.74,28.74,28.74,28.74,100,0
KFEB.US,5,20260115,162000,28.95,28.95,28.95,28.95,300,0
KFEB.US,5,20260115,163000,28.96,28.96,28.96,28.96,200,0
KFEB.US,5,20260116,163000,28.95,28.95,28.95,28.95,759,0
KFEB.US,5,20260116,190000,29.035,29.035,29.035,29.035,600,0
KFEB.US,5,20260116,190500,29.07,29.07,29.07,29.07,1550,0
KFEB.US,5,20260116,205500,28.9801,28.9801,28.9801,28.9801,750,0
KFEB.US,5,20260116,210500,29.02,29.02,29.02,29.02,140,0
KFEB.US,5,20260116,215000,29.02,29.02,29.02,29.02,100,0
KFEB.US,5,20260120,163000,28.86,28.86,28.86,28.86,100,0
KFEB.US,5,20260120,204500,28.76,28.76,28.76,28.76,275,0
KFEB.US,5,20260120,211000,28.78,28.78,28.78,28.78,200,0
KFEB.US,5,20260121,153500,28.9,28.9,28.9,28.9,775,0
KFEB.US,5,20260121,162000,29.0214,29.0214,29.0214,29.0214,400,0
KFEB.US,5,20260121,162500,29.005,29.005,29.005,29.005,163,0
KFEB.US,5,20260121,163000,29.01,29.01,29.01,29.01,200,0
KFEB.US,5,20260121,173500,29,29,29,29,608,0
KFEB.US,5,20260121,185500,28.87,28.89,28.87,28.89,300,0
KFEB.US,5,20260121,193500,28.91,28.91,28.91,28.91,243,0
KFEB.US,5,20260121,200500,28.87,28.87,28.87,28.87,600,0
KFEB.US,5,20260122,200000,29.295,29.295,29.295,29.295,252,0
KFEB.US,5,20260122,202500,29.255,29.255,29.255,29.255,272,0
KFEB.US,5,20260122,203500,29.266,29.266,29.266,29.266,266,0
KFEB.US,5,20260122,204500,29.2494,29.2494,29.2494,29.2494,500,0
KFEB.US,5,20260122,215000,29.23,29.23,29.23,29.23,120,0
KFEB.US,5,20260123,153500,29.215,29.22,29.21,29.22,412,0
KFEB.US,5,20260123,162000,29.15,29.15,29.15,29.15,100,0
KFEB.US,5,20260123,163500,29.155,29.155,29.155,29.155,1200,0
KFEB.US,5,20260123,164000,29.19,29.2,29.18,29.2,3000,0
KFEB.US,5,20260123,174000,29.16,29.18,29.14,29.14,2400,0
KFEB.US,5,20260123,202000,29.09,29.09,29.09,29.09,100,0
KFEB.US,5,20260123,215500,29.07,29.07,29.07,29.07,188,0
