<TICKER>,<PER>,<DATE>,<TIME>,<OPEN>,<HIGH>,<LOW>,<CLOSE>,<VOL>,<OPENINT>
PQOC.US,D,20250108,000000,25.13,25.13,25.1041,25.1041,850,0
PQOC.US,D,20250203,000000,25.2,25.2737,25.2,25.2737,102,0
PQOC.US,D,20250207,000000,25.51,25.51,25.418,25.418,200,0
PQOC.US,D,20250305,000000,25.02,25.02,24.989,24.989,1100,0
PQOC.US,D,20250307,000000,24.77,24.8,24.69,24.7289,4300,0
PQOC.US,D,20250310,000000,24.18,24.18,24.1303,24.1303,200,0
PQOC.US,D,20250311,000000,24.13,24.17,24.0853,24.0853,56000,0
PQOC.US,D,20250312,000000,24.3,24.3128,24.25,24.3128,1800,0
PQOC.US,D,20250317,000000,24.15,24.4792,24.07,24.4792,7400,0
PQOC.US,D,20250328,000000,24.42,24.42,24.0984,24.0984,305,0
PQOC.US,D,20250331,000000,24.02,24.1156,24.02,24.1156,1701,0
PQOC.US,D,20250401,000000,24.05,24.2153,24.04,24.2153,1391,0
PQOC.US,D,20250410,000000,23.2,23.2655,23.2,23.2655,300,0
PQOC.US,D,20250414,000000,23.74,23.74,23.68,23.68,198,0
PQOC.US,D,20250416,000000,23.15,23.32,23.15,23.2918,1000,0
PQOC.US,D,20250417,000000,23.39,23.39,23.3128,23.3128,600,0
PQOC.US,D,20250422,000000,23.39,23.39,23.35,23.35,520,0
PQOC.US,D,20250610,000000,26,26.0549,26,26.0549,100,0
PQOC.US,D,20250707,000000,26.6237,26.6237,26.56,26.6037,1560,0
PQOC.US,D,20250724,000000,27.01,27.0347,26.99,27.0347,1601,0
PQOC.US,D,20250725,000000,27.02,27.0751,27.02,27.0751,1849,0
PQOC.US,D,20250728,000000,27.08,27.115,27.06,27.115,3688,0
PQOC.US,D,20250729,000000,27.08,27.1057,27.08,27.1057,364,0
PQOC.US,D,20250820,000000,27.016,27.1953,27.016,27.1953,375,0
PQOC.US,D,20250821,000000,27.15,27.18,27.1307,27.1307,1500,0
PQOC.US,D,20250828,000000,27.55,27.56,27.5122,27.5122,800,0
PQOC.US,D,20250902,000000,27.18,27.2594,27.145,27.2594,680,0
PQOC.US,D,20250930,000000,28.01,28.04,28,28.005,4677,0
PQOC.US,D,20251001,000000,27.97,28.105,27.91,28.0847,13830,0
PQOC.US,D,20251002,000000,28.11,28.13,28.04,28.0996,5447,0
PQOC.US,D,20251003,000000,28.14,28.15,28.03,28.055,4879,0
PQOC.US,D,20251006,000000,28.14,28.17,28.135,28.135,2749,0
PQOC.US,D,20251008,000000,28.1358,28.17,28.132,28.155,2560,0
PQOC.US,D,20251009,000000,28.17,28.18,28.17,28.18,559,0
PQOC.US,D,20251010,000000,28.16,28.22,27.6266,27.6266,967,0
PQOC.US,D,20251013,000000,27.96,27.96,27.925,27.925,650,0
PQOC.US,D,20251014,000000,27.86,27.89,27.86,27.8738,200,0
PQOC.US,D,20251015,000000,27.8622,28,27.8622,27.9438,6996,0
PQOC.US,D,20251016,000000,28.06,28.06,27.81,27.8785,1468,0
PQOC.US,D,20251017,000000,27.87,28.0415,27.87,28.0415,288,0
PQOC.US,D,20251020,000000,28.2694,28.27,28.225,28.2272,2236,0
PQOC.US,D,20251021,000000,28.24,28.3899,28.2384,28.2384,28671,0
PQOC.US,D,20251022,000000,28.24,28.24,28.0825,28.0825,5722,0
PQOC.US,D,20251023,000000,28.26,28.26,28.2088,28.2088,2959,0
PQOC.US,D,20251024,000000,28.4,28.5499,28.3775,28.3993,49220,0
PQOC.US,D,20251027,000000,28.47,28.72,28.47,28.5941,7573,0
PQOC.US,D,20251028,000000,28.67,28.7,28.64,28.64,7120,0
PQOC.US,D,20251029,000000,28.63,28.72,28.61,28.671,9420,0
PQOC.US,D,20251030,000000,28.54,28.5948,28.4934,28.4934,3980,0
PQOC.US,D,20251031,000000,28.55,28.55,28.535,28.535,700,0
PQOC.US,D,20251103,000000,28.63,28.63,28.54,28.54,21885,0
PQOC.US,D,20251104,000000,28.37,28.4,28.3091,28.3091,22557,0
PQOC.US,D,20251105,000000,28.375,28.46,28.375,28.4223,2456,0
PQOC.US,D,20251106,000000,28.27,28.27,28.1434,28.1434,5137,0
PQOC.US,D,20251107,000000,27.86,28.1204,27.86,28.1204,2033,0
PQOC.US,D,20251110,000000,28.36,28.4305,28.36,28.4305,1081,0
PQOC.US,D,20251112,000000,28.41,28.41,28.31,28.3713,7047,0
PQOC.US,D,20251113,000000,28.24,28.26,28.05,28.069,1858,0
PQOC.US,D,20251114,000000,28.115,28.18,28.0839,28.0839,10508,0
PQOC.US,D,20251118,000000,27.76,27.94,27.76,27.8184,7152,0
PQOC.US,D,20251119,000000,27.98,27.98,27.79,27.8691,9060,0
PQOC.US,D,20251120,000000,28.23,28.23,27.5255,27.5255,4765,0
PQOC.US,D,20251121,000000,27.6,27.8,27.46,27.665,1665,0
PQOC.US,D,20251124,000000,28.1,28.13,28.02,28.0858,4806,0
PQOC.US,D,20251125,000000,28.15,28.27,27.98,28.2105,5630,0
PQOC.US,D,20251126,000000,28.41,28.42,28.28,28.343,3458,0
PQOC.US,D,20251201,000000,28.46,28.47,28.43,28.4306,768,0
PQOC.US,D,20251202,000000,28.61,28.61,28.54,28.5636,323,0
PQOC.US,D,20251203,000000,28.5503,28.61,28.54,28.575,7088,0
PQOC.US,D,20251204,000000,28.54,28.59,28.53,28.5661,2271,0
PQOC.US,D,20251205,000000,28.74,28.74,28.59,28.6392,1137,0
PQOC.US,D,20251208,000000,28.65,28.65,28.5825,28.5825,807,0
PQOC.US,D,20251209,000000,28.58,28.6799,28.58,28.6288,3049,0
PQOC.US,D,20251210,000000,28.58,28.7116,28.58,28.7116,201,0
PQOC.US,D,20251211,000000,28.65,28.7,28.6255,28.6809,4037,0
PQOC.US,D,20251212,000000,28.5622,28.5622,28.38,28.4195,9035,0
PQOC.US,D,20251215,000000,28.36,28.3828,28.36,28.3828,132,0
PQOC.US,D,20251216,000000,28.33,28.4434,28.33,28.4434,100,0
PQOC.US,D,20251217,000000,28.38,28.38,28.1081,28.1081,885,0
PQOC.US,D,20251218,000000,28.35,28.396,28.35,28.396,218,0
PQOC.US,D,20251219,000000,28.52,28.5875,28.52,28.5875,123,0
PQOC.US,D,20251222,000000,28.62,28.71,28.6,28.665,207290,0
PQOC.US,D,20251223,000000,28.77,28.77,28.7644,28.7644,4941,0
PQOC.US,D,20251224,000000,28.74,28.8,28.74,28.8,101,0
PQOC.US,D,20251226,000000,28.78,28.84,28.78,28.83,2241,0
PQOC.US,D,20251229,000000,28.71,28.79,28.71,28.748,7751,0
PQOC.US,D,20260102,000000,28.64,28.64,28.5598,28.5598,101,0
PQOC.US,D,20260107,000000,28.89,28.89,28.83,28.848,1901,0
PQOC.US,D,20260115,000000,28.87,28.87,28.782,28.782,100,0
PQOC.US,D,20260120,000000,28.42,28.4493,28.4,28.4345,1843,0
PQOC.US,D,20260121,000000,28.73,28.73,28.68,28.68,3133,0
PQOC.US,D,20260123,000000,28.91,28.91,28.8743,28.8743,501,0
