<TICKER>,<PER>,<DATE>,<TIME>,<OPEN>,<HIGH>,<LOW>,<CLOSE>,<VOL>,<OPENINT>
PRVS.US,5,20250829,160000,26,26,26,26,251,0
PRVS.US,5,20250829,164500,25.94,25.94,25.94,25.94,100,0
PRVS.US,5,20250829,173500,25.96,25.96,25.96,25.96,100,0
PRVS.US,5,20250829,183000,26,26,26,26,100,0
PRVS.US,5,20250829,211000,25.98,25.98,25.98,25.98,1154,0
PRVS.US,5,20250829,214500,26.01,26.01,26.01,26.01,270,0
PRVS.US,5,20250902,172500,25.65,25.65,25.65,25.65,100,0
PRVS.US,5,20250902,214000,25.7185,25.7185,25.7185,25.7185,125,0
PRVS.US,5,20250902,214500,25.74,25.74,25.74,25.74,119,0
PRVS.US,5,20250903,153000,25.85,25.85,25.85,25.85,200,0
PRVS.US,5,20250903,172500,25.81,25.81,25.81,25.81,100,0
PRVS.US,5,20250903,211000,25.74,25.74,25.74,25.74,100,0
PRVS.US,5,20250904,195000,25.9943,25.9943,25.9943,25.9943,200,0
PRVS.US,5,20250908,180000,26.0742,26.0742,26.0742,26.0742,250,0
PRVS.US,5,20250908,180500,26.07,26.07,26.07,26.07,192,0
PRVS.US,5,20250908,211500,26.0697,26.0697,26.0697,26.0697,153,0
PRVS.US,5,20250909,162000,26.134,26.16,26.134,26.16,616,0
PRVS.US,5,20250909,204500,26.3,26.3,26.3,26.3,100,0
PRVS.US,5,20250909,214000,26.25,26.25,26.25,26.25,400,0
PRVS.US,5,20250910,171500,26.14,26.14,26.14,26.14,100,0
PRVS.US,5,20250910,213000,26.13,26.1399,26.119,26.119,500,0
PRVS.US,5,20250910,214500,26.1595,26.16,26.1595,26.16,461,0
PRVS.US,5,20250911,164000,26.46,26.46,26.46,26.46,100,0
PRVS.US,5,20250911,191000,26.51,26.51,26.51,26.51,100,0
PRVS.US,5,20250911,211500,26.54,26.54,26.5399,26.5399,200,0
PRVS.US,5,20250911,212000,26.53,26.53,26.53,26.53,100,0
PRVS.US,5,20250911,214500,26.56,26.56,26.56,26.56,305,0
PRVS.US,5,20250912,155500,26.524,26.524,26.524,26.524,150,0
PRVS.US,5,20250912,172500,26.44,26.44,26.44,26.44,100,0
PRVS.US,5,20250912,180500,26.42,26.43,26.42,26.43,200,0
PRVS.US,5,20250912,191000,26.44,26.44,26.44,26.44,100,0
PRVS.US,5,20250912,194500,26.46,26.46,26.449,26.455,300,0
PRVS.US,5,20250912,195500,26.46,26.46,26.46,26.46,1500,0
PRVS.US,5,20250912,214500,26.47,26.47,26.47,26.47,400,0
PRVS.US,5,20250915,171000,26.52,26.52,26.52,26.52,100,0
PRVS.US,5,20250915,184500,26.47,26.47,26.47,26.47,100,0
PRVS.US,5,20250915,203500,26.46,26.46,26.46,26.46,100,0
PRVS.US,5,20250915,204500,26.46,26.46,26.46,26.46,100,0
PRVS.US,5,20250915,205000,26.48,26.48,26.48,26.48,200,0
PRVS.US,5,20250915,214500,26.47,26.48,26.47,26.48,200,0
PRVS.US,5,20250916,163500,26.38,26.38,26.38,26.38,120,0
PRVS.US,5,20250916,210500,26.5,26.51,26.5,26.51,1514,0
PRVS.US,5,20250916,214500,26.48,26.48,26.48,26.48,100,0
PRVS.US,5,20250917,201000,26.57,26.57,26.57,26.57,100,0
PRVS.US,5,20250917,202500,26.5605,26.5605,26.5605,26.5605,174,0
PRVS.US,5,20250918,171000,26.67,26.67,26.67,26.67,100,0
PRVS.US,5,20250918,180000,26.6535,26.6535,26.6535,26.6535,250,0
PRVS.US,5,20250918,192500,26.68,26.68,26.68,26.68,100,0
PRVS.US,5,20250918,204500,26.64,26.64,26.64,26.64,100,0
PRVS.US,5,20250918,214000,26.63,26.63,26.63,26.63,200,0
PRVS.US,5,20250919,171000,26.65,26.65,26.65,26.65,100,0
PRVS.US,5,20250919,193000,26.69,26.69,26.69,26.69,100,0
PRVS.US,5,20250919,211500,26.69,26.69,26.6701,26.6701,300,0
PRVS.US,5,20250919,214500,26.72,26.72,26.72,26.72,100,0
PRVS.US,5,20250922,182000,26.7,26.7,26.7,26.7,250,0
PRVS.US,5,20250922,191500,26.71,26.71,26.71,26.71,400,0
PRVS.US,5,20250922,214500,26.72,26.72,26.72,26.72,102,0
PRVS.US,5,20250923,185500,26.71,26.72,26.71,26.72,3751,0
PRVS.US,5,20250923,203500,26.655,26.655,26.655,26.655,150,0
PRVS.US,5,20250924,194000,26.52,26.52,26.49,26.49,500,0
PRVS.US,5,20250924,195000,26.47,26.47,26.47,26.47,100,0
PRVS.US,5,20250924,195500,26.46,26.46,26.46,26.46,100,0
PRVS.US,5,20250924,201000,26.45,26.45,26.45,26.45,100,0
PRVS.US,5,20250924,201500,26.45,26.45,26.45,26.45,100,0
PRVS.US,5,20250924,203000,26.45,26.45,26.45,26.45,100,0
PRVS.US,5,20250924,204000,26.47,26.47,26.47,26.47,100,0
PRVS.US,5,20250924,205000,26.47,26.47,26.47,26.47,100,0
PRVS.US,5,20250924,210500,26.45,26.45,26.45,26.45,100,0
PRVS.US,5,20250924,211500,26.45,26.45,26.45,26.45,100,0
PRVS.US,5,20250924,212500,26.46,26.46,26.46,26.46,100,0
PRVS.US,5,20250924,213000,26.47,26.48,26.47,26.48,200,0
PRVS.US,5,20250924,213500,26.47,26.47,26.47,26.47,100,0
PRVS.US,5,20250924,214000,26.47,26.47,26.47,26.47,100,0
PRVS.US,5,20250924,214500,26.47,26.47,26.47,26.47,100,0
PRVS.US,5,20250924,215000,26.48,26.49,26.48,26.49,200,0
PRVS.US,5,20250924,215500,26.47,26.48,26.47,26.48,771,0
PRVS.US,5,20250925,195500,26.27,26.27,26.2699,26.2699,6502,0
PRVS.US,5,20250925,204500,26.31,26.31,26.31,26.31,100,0
PRVS.US,5,20250926,153500,26.4394,26.4394,26.4394,26.4394,250,0
PRVS.US,5,20250926,195500,26.45,26.45,26.45,26.45,431,0
PRVS.US,5,20250926,204500,26.43,26.445,26.43,26.445,482,0
PRVS.US,5,20250929,164000,26.525,26.525,26.525,26.525,113,0
PRVS.US,5,20250929,165000,26.56,26.56,26.56,26.56,200,0
PRVS.US,5,20250929,210000,26.53,26.53,26.53,26.53,110,0
PRVS.US,5,20250929,214000,26.56,26.56,26.56,26.56,200,0
PRVS.US,5,20251001,164500,26.77,26.77,26.77,26.77,100,0
PRVS.US,5,20251001,191500,26.87,26.87,26.87,26.87,100,0
PRVS.US,5,20251001,203500,26.93,26.93,26.93,26.93,100,0
PRVS.US,5,20251001,205000,26.96,26.96,26.96,26.96,100,0
PRVS.US,5,20251001,214500,26.97,26.97,26.97,26.97,100,0
PRVS.US,5,20251002,164000,26.9,26.91,26.883,26.89,3700,0
PRVS.US,5,20251002,164500,26.8547,26.8547,26.8547,26.8547,1169,0
PRVS.US,5,20251002,194000,26.92,26.92,26.92,26.92,100,0
PRVS.US,5,20251002,200000,26.95,26.95,26.95,26.95,100,0
PRVS.US,5,20251002,201500,26.9699,26.9699,26.9699,26.9699,192,0
PRVS.US,5,20251002,214000,26.95,26.95,26.95,26.95,100,0
PRVS.US,5,20251003,174500,27.15,27.15,27.15,27.15,100,0
PRVS.US,5,20251003,201000,27.14,27.14,27.14,27.14,400,0
PRVS.US,5,20251003,201500,27.13,27.13,27.13,27.13,100,0
PRVS.US,5,20251003,214500,27.16,27.16,27.16,27.16,100,0
PRVS.US,5,20251006,184000,27.22,27.22,27.22,27.22,100,0
PRVS.US,5,20251006,214500,27.26,27.26,27.26,27.26,108,0
PRVS.US,5,20251007,162500,27.21,27.21,27.21,27.21,200,0
PRVS.US,5,20251007,202500,27.04,27.04,27.029,27.029,300,0
PRVS.US,5,20251007,204000,27.04,27.04,27.04,27.04,100,0
PRVS.US,5,20251007,205500,27.04,27.04,27.04,27.04,100,0
PRVS.US,5,20251008,183500,27.2,27.2,27.2,27.2,100,0
PRVS.US,5,20251008,184000,27.1948,27.1948,27.1948,27.1948,400,0
PRVS.US,5,20251008,193500,27.19,27.19,27.19,27.19,100,0
PRVS.US,5,20251008,203000,27.17,27.17,27.17,27.17,100,0
PRVS.US,5,20251008,210000,27.15,27.15,27.15,27.15,100,0
PRVS.US,5,20251008,211000,27.15,27.15,27.15,27.15,100,0
PRVS.US,5,20251008,212000,27.16,27.16,27.16,27.16,100,0
PRVS.US,5,20251008,214500,27.16,27.16,27.16,27.16,400,0
PRVS.US,5,20251009,164500,27.01,27.01,27.01,27.01,200,0
PRVS.US,5,20251009,174500,27,27,27,27,100,0
PRVS.US,5,20251009,175000,27.04,27.04,27.04,27.04,100,0
PRVS.US,5,20251009,184500,27,27,27,27,100,0
PRVS.US,5,20251009,190500,26.96,26.96,26.96,26.96,100,0
PRVS.US,5,20251009,211500,26.96,26.96,26.96,26.96,200,0
PRVS.US,5,20251013,161000,26.73,26.73,26.73,26.73,100,0
PRVS.US,5,20251013,162000,26.72,26.72,26.72,26.72,100,0
PRVS.US,5,20251013,162500,26.69,26.69,26.69,26.69,100,0
PRVS.US,5,20251013,171500,26.7299,26.74,26.719,26.74,500,0
PRVS.US,5,20251013,174000,26.76,26.76,26.76,26.76,100,0
PRVS.US,5,20251013,181500,26.76,26.76,26.76,26.76,100,0
PRVS.US,5,20251013,183000,26.77,26.77,26.77,26.77,100,0
PRVS.US,5,20251013,184500,26.76,26.76,26.76,26.76,100,0
PRVS.US,5,20251013,191000,26.76,26.76,26.76,26.76,100,0
PRVS.US,5,20251013,211000,26.73,26.73,26.73,26.73,500,0
PRVS.US,5,20251014,163500,26.7,26.7,26.7,26.7,375,0
PRVS.US,5,20251014,172500,26.76,26.76,26.76,26.76,100,0
PRVS.US,5,20251014,190000,26.93,26.93,26.93,26.93,100,0
PRVS.US,5,20251015,165000,27.12,27.12,27.12,27.12,100,0
PRVS.US,5,20251015,170500,27.09,27.09,27.09,27.09,100,0
PRVS.US,5,20251015,173000,27.0504,27.065,27.04,27.065,2037,0
PRVS.US,5,20251015,173500,27.03,27.03,27.03,27.03,100,0
PRVS.US,5,20251015,175500,26.97,26.97,26.97,26.97,119,0
PRVS.US,5,20251016,164000,27.16,27.16,27.16,27.16,100,0
PRVS.US,5,20251016,164500,27.16,27.16,27.16,27.16,100,0
PRVS.US,5,20251016,170500,27.16,27.16,27.16,27.16,110,0
PRVS.US,5,20251016,192000,26.97,26.97,26.97,26.97,100,0
PRVS.US,5,20251016,210000,26.86,26.86,26.86,26.86,250,0
PRVS.US,5,20251016,212000,26.85,26.85,26.85,26.85,100,0
PRVS.US,5,20251016,214000,26.84,26.84,26.84,26.84,200,0
PRVS.US,5,20251017,185500,26.83,26.83,26.83,26.83,100,0
PRVS.US,5,20251017,205500,26.9232,26.9232,26.9232,26.9232,100,0
PRVS.US,5,20251017,210000,26.95,26.95,26.9499,26.9499,400,0
PRVS.US,5,20251017,211500,26.95,26.97,26.95,26.9554,600,0
PRVS.US,5,20251017,212500,26.97,26.97,26.9699,26.9699,2000,0
PRVS.US,5,20251017,213000,26.96,26.96,26.925,26.925,2100,0
PRVS.US,5,20251020,161500,27.14,27.14,27.11,27.11,200,0
PRVS.US,5,20251020,162500,27.14,27.14,27.14,27.14,100,0
PRVS.US,5,20251020,163500,27.17,27.17,27.17,27.17,100,0
PRVS.US,5,20251020,210500,27.1942,27.1942,27.1942,27.1942,1000,0
PRVS.US,5,20251020,214500,27.1874,27.1874,27.1874,27.1874,600,0
PRVS.US,5,20251020,215000,27.1932,27.1932,27.1932,27.1932,400,0
PRVS.US,5,20251021,162500,27.2,27.2,27.19,27.19,200,0
PRVS.US,5,20251021,171500,27.23,27.23,27.23,27.23,100,0
PRVS.US,5,20251021,174000,27.21,27.21,27.21,27.21,100,0
PRVS.US,5,20251021,174500,27.209,27.23,27.209,27.209,440,0
PRVS.US,5,20251021,185000,27.23,27.23,27.23,27.23,100,0
PRVS.US,5,20251021,195000,27.22,27.22,27.22,27.22,420,0
PRVS.US,5,20251021,202000,27.21,27.21,27.21,27.21,100,0
PRVS.US,5,20251021,203000,27.23,27.23,27.23,27.23,100,0
PRVS.US,5,20251021,203500,27.22,27.22,27.22,27.22,100,0
PRVS.US,5,20251021,204500,27.22,27.22,27.22,27.22,200,0
PRVS.US,5,20251021,205000,27.21,27.21,27.21,27.21,100,0
PRVS.US,5,20251021,205500,27.21,27.21,27.21,27.21,100,0
PRVS.US,5,20251021,210500,27.2,27.2,27.2,27.2,100,0
PRVS.US,5,20251021,211500,27.21,27.21,27.2099,27.2099,400,0
PRVS.US,5,20251021,213000,27.2,27.2,27.2,27.2,100,0
PRVS.US,5,20251021,214500,27.2,27.2,27.2,27.2,500,0
PRVS.US,5,20251021,215500,27.19,27.19,27.18,27.18,604,0
PRVS.US,5,20251022,162500,27.14,27.15,27.14,27.15,200,0
PRVS.US,5,20251022,164500,27.08,27.08,27.0799,27.0799,1060,0
PRVS.US,5,20251022,165500,27.13,27.13,27.13,27.13,100,0
PRVS.US,5,20251022,171000,27.14,27.14,27.14,27.14,100,0
PRVS.US,5,20251022,184500,27.06,27.06,27.06,27.06,100,0
PRVS.US,5,20251022,185500,27.08,27.08,27.08,27.08,100,0
PRVS.US,5,20251022,190500,27.05,27.05,27.05,27.05,100,0
PRVS.US,5,20251022,192500,26.99,26.99,26.99,26.99,100,0
PRVS.US,5,20251022,193000,26.99,26.99,26.99,26.99,100,0
PRVS.US,5,20251022,201000,26.98,26.98,26.98,26.98,520,0
PRVS.US,5,20251022,204000,27,27,27,27,100,0
PRVS.US,5,20251022,214500,27.05,27.05,27.05,27.05,800,0
PRVS.US,5,20251022,215000,27.04,27.04,27.0399,27.0399,600,0
PRVS.US,5,20251023,161500,27.1,27.1,27.07,27.07,200,0
PRVS.US,5,20251023,174500,27.06,27.06,27.06,27.06,100,0
PRVS.US,5,20251023,190500,27.12,27.12,27.12,27.12,100,0
PRVS.US,5,20251023,193000,27.14,27.14,27.1399,27.14,2100,0
PRVS.US,5,20251023,193500,27.15,27.15,27.15,27.15,100,0
PRVS.US,5,20251023,200500,27.17,27.17,27.1699,27.1699,600,0
PRVS.US,5,20251023,201500,27.17,27.17,27.17,27.17,500,0
PRVS.US,5,20251023,205000,27.17,27.17,27.17,27.17,100,0
PRVS.US,5,20251023,214500,27.1499,27.1499,27.1499,27.1499,400,0
PRVS.US,5,20251024,163000,27.35,27.35,27.35,27.35,100,0
PRVS.US,5,20251024,170000,27.34,27.34,27.34,27.34,100,0
PRVS.US,5,20251024,184500,27.32,27.32,27.32,27.32,100,0
PRVS.US,5,20251024,190000,27.35,27.35,27.35,27.35,100,0
PRVS.US,5,20251024,191500,27.36,27.36,27.36,27.36,100,0
PRVS.US,5,20251024,203000,27.39,27.4,27.3705,27.4,1405,0
PRVS.US,5,20251024,204000,27.3944,27.3944,27.3944,27.3944,143,0
PRVS.US,5,20251024,214000,27.39,27.39,27.39,27.39,500,0
PRVS.US,5,20251024,215000,27.38,27.39,27.38,27.3899,300,0
PRVS.US,5,20251024,215500,27.37,27.37,27.37,27.37,597,0
PRVS.US,5,20251027,152000,27.48,27.48,27.48,27.48,100,0
PRVS.US,5,20251027,181000,27.49,27.49,27.49,27.49,100,0
PRVS.US,5,20251027,182500,27.48,27.48,27.48,27.48,100,0
PRVS.US,5,20251027,192000,27.51,27.51,27.51,27.51,100,0
PRVS.US,5,20251027,192500,27.51,27.51,27.51,27.51,100,0
PRVS.US,5,20251027,193000,27.52,27.52,27.52,27.52,100,0
PRVS.US,5,20251027,193500,27.53,27.53,27.53,27.53,100,0
PRVS.US,5,20251027,194000,27.53,27.53,27.53,27.53,100,0
PRVS.US,5,20251027,194500,27.52,27.52,27.52,27.52,100,0
PRVS.US,5,20251027,195000,27.52,27.52,27.52,27.52,100,0
PRVS.US,5,20251027,195500,27.52,27.52,27.52,27.52,100,0
PRVS.US,5,20251027,205500,27.55,27.55,27.54,27.54,451,0
PRVS.US,5,20251028,152500,27.58,27.58,27.58,27.58,100,0
PRVS.US,5,20251028,162500,27.57,27.57,27.57,27.57,100,0
PRVS.US,5,20251028,164500,27.51,27.51,27.51,27.51,100,0
PRVS.US,5,20251028,175500,27.56,27.56,27.56,27.56,100,0
PRVS.US,5,20251028,191000,27.5326,27.5326,27.5326,27.5326,112,0
PRVS.US,5,20251028,203000,27.51,27.51,27.51,27.51,100,0
PRVS.US,5,20251029,143500,27.562,27.562,27.562,27.562,545,0
PRVS.US,5,20251029,183000,27.57,27.57,27.57,27.57,100,0
PRVS.US,5,20251029,204000,27.34,27.34,27.34,27.34,100,0
PRVS.US,5,20251030,155000,27.52,27.52,27.5199,27.5199,2000,0
PRVS.US,5,20251030,163500,27.5,27.5,27.5,27.5,100,0
PRVS.US,5,20251030,171000,27.49,27.49,27.49,27.49,100,0
PRVS.US,5,20251030,203000,27.37,27.37,27.37,27.37,100,0
PRVS.US,5,20251030,205000,27.34,27.34,27.34,27.34,100,0
PRVS.US,5,20251031,151500,27.38,27.38,27.38,27.38,100,0
PRVS.US,5,20251031,152000,27.37,27.37,27.37,27.37,100,0
PRVS.US,5,20251031,203000,27.48,27.48,27.48,27.48,100,0
PRVS.US,5,20251103,162500,27.3,27.3,27.3,27.3,100,0
PRVS.US,5,20251103,163000,27.24,27.24,27.24,27.24,100,0
PRVS.US,5,20251103,185000,27.43,27.43,27.43,27.43,100,0
PRVS.US,5,20251103,191000,27.425,27.44,27.425,27.429,500,0
PRVS.US,5,20251103,210500,27.45,27.47,27.45,27.47,850,0
PRVS.US,5,20251103,213000,27.44,27.44,27.4399,27.4399,600,0
PRVS.US,5,20251104,203000,27.28,27.28,27.28,27.28,100,0
PRVS.US,5,20251104,203500,27.26,27.26,27.26,27.26,100,0
PRVS.US,5,20251104,204000,27.245,27.245,27.245,27.245,100,0
PRVS.US,5,20251104,204500,27.26,27.26,27.26,27.26,100,0
PRVS.US,5,20251104,205000,27.27,27.27,27.27,27.27,100,0
PRVS.US,5,20251104,205500,27.27,27.27,27.27,27.27,200,0
PRVS.US,5,20251104,214500,27.31,27.31,27.31,27.31,100,0
PRVS.US,5,20251104,215500,27.27,27.27,27.27,27.27,109,0
PRVS.US,5,20251106,204000,27.4128,27.4128,27.4128,27.4128,1000,0
PRVS.US,5,20251107,162000,27.26,27.26,27.26,27.26,100,0
PRVS.US,5,20251107,164000,27.23,27.23,27.23,27.23,100,0
PRVS.US,5,20251107,180500,27.13,27.13,27.13,27.13,100,0
PRVS.US,5,20251107,182000,27.16,27.16,27.16,27.16,100,0
PRVS.US,5,20251107,202500,27.2646,27.2646,27.2646,27.2646,1000,0
PRVS.US,5,20251107,205000,27.3435,27.3435,27.3435,27.3435,953,0
PRVS.US,5,20251107,212000,27.35,27.35,27.35,27.35,100,0
PRVS.US,5,20251107,213000,27.35,27.35,27.35,27.35,100,0
PRVS.US,5,20251110,162500,27.63,27.63,27.63,27.63,100,0
PRVS.US,5,20251110,214500,27.73,27.73,27.73,27.73,100,0
PRVS.US,5,20251111,155000,27.63,27.63,27.63,27.63,430,0
PRVS.US,5,20251111,160500,27.64,27.64,27.64,27.64,100,0
PRVS.US,5,20251111,191000,27.7305,27.75,27.7305,27.7305,718,0
PRVS.US,5,20251111,201000,27.74,27.74,27.74,27.74,100,0
PRVS.US,5,20251111,213500,27.74,27.74,27.74,27.74,100,0
PRVS.US,5,20251112,164500,27.87,27.88,27.87,27.88,200,0
PRVS.US,5,20251112,171000,27.83,27.83,27.83,27.83,100,0
PRVS.US,5,20251112,211500,27.835,27.835,27.835,27.835,161,0
PRVS.US,5,20251112,214500,27.85,27.85,27.85,27.85,100,0
PRVS.US,5,20251113,163000,27.77,27.77,27.77,27.77,100,0
PRVS.US,5,20251113,164000,27.73,27.73,27.73,27.73,333,0
PRVS.US,5,20251113,165000,27.71,27.71,27.71,27.71,100,0
PRVS.US,5,20251113,185500,27.66,27.66,27.66,27.66,1600,0
PRVS.US,5,20251113,191500,27.65,27.65,27.65,27.65,200,0
PRVS.US,5,20251113,192500,27.63,27.63,27.63,27.63,100,0
PRVS.US,5,20251113,194000,27.54,27.56,27.54,27.56,2320,0
PRVS.US,5,20251113,194500,27.57,27.57,27.5699,27.5699,396,0
PRVS.US,5,20251113,195500,27.57,27.58,27.56,27.57,6571,0
PRVS.US,5,20251113,205500,27.56,27.56,27.56,27.56,100,0
PRVS.US,5,20251113,212500,27.455,27.47,27.455,27.47,200,0
PRVS.US,5,20251113,213000,27.5,27.5,27.47,27.49,3136,0
PRVS.US,5,20251113,215000,27.48,27.48,27.48,27.48,324,0
PRVS.US,5,20251114,160000,27.3,27.3,27.3,27.3,1094,0
PRVS.US,5,20251114,174500,27.48,27.48,27.4799,27.4799,2000,0
PRVS.US,5,20251114,180000,27.52,27.52,27.51,27.51,1673,0
PRVS.US,5,20251114,183000,27.49,27.49,27.49,27.49,100,0
PRVS.US,5,20251114,204000,27.47,27.47,27.47,27.47,1530,0
PRVS.US,5,20251114,212500,27.45,27.45,27.45,27.45,273,0
PRVS.US,5,20251114,213000,27.43,27.43,27.43,27.43,100,0
PRVS.US,5,20251117,192500,27.35,27.35,27.35,27.35,495,0
PRVS.US,5,20251117,195500,27.33,27.33,27.33,27.33,438,0
PRVS.US,5,20251117,203500,27.21,27.21,27.21,27.21,100,0
PRVS.US,5,20251117,204000,27.16,27.16,27.16,27.16,100,0
PRVS.US,5,20251117,204500,27.17,27.17,27.17,27.17,100,0
PRVS.US,5,20251117,205500,27.13,27.13,27.13,27.13,100,0
PRVS.US,5,20251117,213000,27.13,27.13,27.13,27.13,100,0
PRVS.US,5,20251118,153000,27,27,27,27,500,0
PRVS.US,5,20251118,161500,26.81,26.81,26.81,26.81,100,0
PRVS.US,5,20251118,163000,26.86,26.86,26.86,26.86,100,0
PRVS.US,5,20251118,164500,26.81,26.81,26.81,26.81,100,0
PRVS.US,5,20251118,170000,26.76,26.76,26.76,26.76,309,0
PRVS.US,5,20251118,192000,27.02,27.02,27.02,27.02,200,0
PRVS.US,5,20251118,193000,27.04,27.05,27.03,27.03,758,0
PRVS.US,5,20251118,213000,26.97,26.97,26.97,26.97,400,0
PRVS.US,5,20251119,153000,27,27,27,27,150,0
PRVS.US,5,20251119,163000,27.09,27.09,27.09,27.09,100,0
PRVS.US,5,20251119,165000,27.02,27.02,27.02,27.02,100,0
PRVS.US,5,20251119,165500,27,27,27,27,2542,0
PRVS.US,5,20251119,180500,26.9,26.9,26.9,26.9,1009,0
PRVS.US,5,20251119,181500,26.87,26.87,26.87,26.87,200,0
PRVS.US,5,20251119,193000,26.9035,26.9035,26.9035,26.9035,125,0
PRVS.US,5,20251119,194000,26.9035,26.9095,26.9035,26.9095,390,0
PRVS.US,5,20251119,201500,26.8746,26.8746,26.8746,26.8746,134,0
PRVS.US,5,20251119,210000,26.9145,26.9145,26.9145,26.9145,790,0
PRVS.US,5,20251119,211000,26.93,26.9301,26.9299,26.9301,1200,0
PRVS.US,5,20251119,212000,26.987,27.01,26.987,27.01,978,0
PRVS.US,5,20251119,212500,26.98,26.99,26.98,26.9845,9767,0
PRVS.US,5,20251119,213000,26.99,26.99,26.9835,26.99,3164,0
PRVS.US,5,20251119,214000,26.99,26.99,26.99,26.99,1065,0
PRVS.US,5,20251119,214500,26.96,26.96,26.96,26.96,699,0
PRVS.US,5,20251120,162000,27.3,27.3,27.3,27.3,100,0
PRVS.US,5,20251120,164500,27.28,27.28,27.28,27.28,200,0
PRVS.US,5,20251120,165000,27.26,27.26,27.26,27.26,100,0
PRVS.US,5,20251120,180500,26.8,26.8,26.8,26.8,100,0
PRVS.US,5,20251120,182000,26.75,26.75,26.75,26.75,100,0
PRVS.US,5,20251120,183000,26.76,26.76,26.76,26.76,100,0
PRVS.US,5,20251120,190000,26.75,26.75,26.75,26.75,100,0
PRVS.US,5,20251120,191000,26.845,26.88,26.845,26.8799,300,0
PRVS.US,5,20251120,191500,26.8374,26.8374,26.8374,26.8374,200,0
PRVS.US,5,20251120,192000,26.85,26.85,26.85,26.85,300,0
PRVS.US,5,20251120,192500,26.84,26.84,26.84,26.84,100,0
PRVS.US,5,20251120,193000,26.85,26.85,26.82,26.82,400,0
PRVS.US,5,20251120,193500,26.81,26.81,26.81,26.81,100,0
PRVS.US,5,20251120,211500,26.72,26.72,26.72,26.72,100,0
PRVS.US,5,20251120,213000,26.7,26.7,26.7,26.7,300,0
PRVS.US,5,20251120,213500,26.67,26.67,26.67,26.67,100,0
PRVS.US,5,20251121,153500,26.78,26.78,26.78,26.78,1000,0
PRVS.US,5,20251121,154500,26.69,26.69,26.69,26.69,100,0
PRVS.US,5,20251121,160000,26.74,26.74,26.74,26.74,100,0
PRVS.US,5,20251121,163500,26.78,26.78,26.78,26.78,100,0
PRVS.US,5,20251121,165000,26.77,26.77,26.77,26.77,100,0
PRVS.US,5,20251121,170000,26.78,26.78,26.75,26.75,200,0
PRVS.US,5,20251121,181500,27.1,27.1,27.1,27.1,100,0
PRVS.US,5,20251121,185000,27.06,27.06,27.06,27.06,100,0
PRVS.US,5,20251121,195500,27.16,27.16,27.16,27.16,100,0
PRVS.US,5,20251121,204000,27.21,27.21,27.21,27.21,100,0
PRVS.US,5,20251121,204500,27.18,27.18,27.14,27.14,300,0
PRVS.US,5,20251121,205500,27.13,27.13,27.13,27.13,101,0
PRVS.US,5,20251121,212000,27.13,27.13,27.13,27.13,360,0
PRVS.US,5,20251121,213000,27.0327,27.0327,27.0327,27.0327,120,0
PRVS.US,5,20251121,215500,27.08,27.08,27.04,27.04,200,0
PRVS.US,5,20251124,160500,27.23,27.23,27.23,27.23,100,0
PRVS.US,5,20251124,161500,27.24,27.24,27.24,27.24,100,0
PRVS.US,5,20251124,163000,27.23,27.23,27.23,27.23,200,0
PRVS.US,5,20251124,170000,27.27,27.28,27.27,27.28,300,0
PRVS.US,5,20251124,171500,27.29,27.29,27.29,27.29,303,0
PRVS.US,5,20251124,172500,27.28,27.28,27.28,27.28,100,0
PRVS.US,5,20251124,174000,27.25,27.25,27.25,27.25,100,0
PRVS.US,5,20251124,175000,27.23,27.23,27.23,27.23,100,0
PRVS.US,5,20251124,181500,27.22,27.22,27.22,27.22,100,0
PRVS.US,5,20251124,183000,27.25,27.25,27.25,27.25,100,0
PRVS.US,5,20251124,190500,27.2835,27.285,27.2835,27.285,2013,0
PRVS.US,5,20251124,201500,27.29,27.29,27.29,27.29,200,0
PRVS.US,5,20251124,203000,27.27,27.27,27.27,27.27,589,0
PRVS.US,5,20251124,203500,27.27,27.27,27.27,27.27,100,0
PRVS.US,5,20251124,205000,27.26,27.26,27.26,27.26,2117,0
PRVS.US,5,20251124,205500,27.27,27.27,27.27,27.27,2722,0
PRVS.US,5,20251124,210000,27.28,27.28,27.28,27.28,116,0
PRVS.US,5,20251124,213000,27.3,27.3,27.3,27.3,100,0
PRVS.US,5,20251124,214000,27.29,27.29,27.29,27.29,100,0
PRVS.US,5,20251124,214500,27.28,27.28,27.28,27.28,200,0
PRVS.US,5,20251125,162000,27.45,27.45,27.45,27.45,100,0
PRVS.US,5,20251125,192000,27.63,27.63,27.63,27.63,100,0
PRVS.US,5,20251125,194000,27.67,27.67,27.6699,27.6699,400,0
PRVS.US,5,20251125,211500,27.685,27.7,27.685,27.7,200,0
PRVS.US,5,20251125,214000,27.73,27.73,27.7299,27.7299,1600,0
PRVS.US,5,20251125,215500,27.71,27.71,27.71,27.71,1014,0
PRVS.US,5,20251126,153500,27.7316,27.7316,27.7316,27.7316,400,0
PRVS.US,5,20251126,161500,27.75,27.76,27.75,27.76,200,0
PRVS.US,5,20251126,163500,27.76,27.76,27.76,27.76,100,0
PRVS.US,5,20251126,165500,27.75,27.75,27.75,27.75,100,0
PRVS.US,5,20251126,170500,27.8,27.8,27.76,27.76,1350,0
PRVS.US,5,20251126,172000,27.78,27.78,27.78,27.78,325,0
PRVS.US,5,20251126,172500,27.8174,27.8174,27.8174,27.8174,275,0
PRVS.US,5,20251126,205000,27.84,27.84,27.84,27.84,100,0
PRVS.US,5,20251126,214000,27.86,27.86,27.86,27.86,100,0
PRVS.US,5,20251126,214500,27.86,27.86,27.8599,27.8599,400,0
PRVS.US,5,20251126,215500,27.78,27.78,27.78,27.78,315,0
PRVS.US,5,20251128,173000,27.89,27.89,27.89,27.89,100,0
PRVS.US,5,20251128,173500,27.91,27.91,27.91,27.91,100,0
PRVS.US,5,20251128,174000,27.92,27.92,27.91,27.91,200,0
PRVS.US,5,20251128,174500,27.91,27.92,27.91,27.92,200,0
PRVS.US,5,20251128,175000,27.92,27.92,27.92,27.92,200,0
PRVS.US,5,20251128,175500,27.92,27.93,27.92,27.93,200,0
PRVS.US,5,20251128,183000,27.89,27.89,27.89,27.89,500,0
PRVS.US,5,20251201,153000,27.78,27.78,27.7,27.7,1600,0
PRVS.US,5,20251201,173000,27.779,27.7865,27.779,27.7865,1458,0
PRVS.US,5,20251201,174500,27.8195,27.8195,27.8195,27.8195,100,0
PRVS.US,5,20251203,161500,27.7,27.7,27.7,27.7,100,0
PRVS.US,5,20251203,213000,27.89,27.89,27.89,27.89,100,0
PRVS.US,5,20251203,215500,27.8797,27.8797,27.86,27.86,1000,0
PRVS.US,5,20251204,161500,27.78,27.78,27.78,27.78,500,0
PRVS.US,5,20251204,190500,27.84,27.84,27.84,27.84,180,0
PRVS.US,5,20251204,213000,27.79,27.79,27.79,27.79,100,0
PRVS.US,5,20251204,215500,27.83,27.83,27.83,27.83,401,0
PRVS.US,5,20251205,183000,27.895,27.895,27.895,27.895,1000,0
PRVS.US,5,20251205,185000,27.89,27.89,27.89,27.89,100,0
PRVS.US,5,20251205,213000,27.84,27.84,27.82,27.82,664,0
PRVS.US,5,20251208,163500,27.732,27.732,27.732,27.732,200,0
PRVS.US,5,20251208,191000,27.66,27.66,27.6599,27.6599,11302,0
PRVS.US,5,20251208,193500,27.6335,27.6335,27.6335,27.6335,312,0
PRVS.US,5,20251208,205000,27.63,27.63,27.63,27.63,300,0
PRVS.US,5,20251208,205500,27.62,27.6201,27.62,27.6201,908,0
PRVS.US,5,20251208,214500,27.615,27.615,27.615,27.615,221,0
PRVS.US,5,20251209,181500,27.7,27.7,27.7,27.7,1000,0
PRVS.US,5,20251209,215500,27.53,27.53,27.53,27.53,1022,0
PRVS.US,5,20251210,155500,27.58,27.58,27.58,27.58,100,0
PRVS.US,5,20251210,162500,27.6,27.6,27.6,27.6,975,0
PRVS.US,5,20251210,181000,27.62,27.62,27.6199,27.6199,300,0
PRVS.US,5,20251210,200000,27.7488,27.7488,27.7488,27.7488,500,0
PRVS.US,5,20251210,205500,27.87,27.87,27.8699,27.8699,400,0
PRVS.US,5,20251210,213000,27.92,27.92,27.92,27.92,100,0
PRVS.US,5,20251211,161500,27.91,27.91,27.91,27.91,300,0
PRVS.US,5,20251211,185000,27.9832,27.9832,27.9832,27.9832,500,0
PRVS.US,5,20251211,214500,28.0316,28.0316,28.0316,28.0316,140,0
PRVS.US,5,20251211,215500,28.05,28.05,28.05,28.05,383,0
PRVS.US,5,20251212,161500,27.95,27.95,27.95,27.95,100,0
PRVS.US,5,20251212,204500,27.89,27.89,27.8899,27.8899,600,0
PRVS.US,5,20251215,162000,27.94,27.94,27.94,27.94,100,0
PRVS.US,5,20251215,204000,27.91,27.91,27.91,27.91,436,0
PRVS.US,5,20251215,212000,27.94,27.94,27.94,27.94,100,0
PRVS.US,5,20251216,161500,27.83,27.83,27.83,27.83,100,0
PRVS.US,5,20251217,194500,27.5499,27.5499,27.5499,27.5499,500,0
PRVS.US,5,20251217,205000,27.55,27.55,27.5499,27.5499,400,0
PRVS.US,5,20251217,210000,27.559,27.559,27.559,27.559,500,0
PRVS.US,5,20251217,213000,27.54,27.54,27.54,27.54,100,0
PRVS.US,5,20251217,215500,27.55,27.55,27.55,27.55,194,0
PRVS.US,5,20251218,161000,27.81,27.81,27.8,27.8,2300,0
PRVS.US,5,20251218,161500,27.8,27.8,27.8,27.8,100,0
PRVS.US,5,20251218,162000,27.7552,27.7552,27.7552,27.7552,200,0
PRVS.US,5,20251218,163000,27.81,27.81,27.81,27.81,100,0
PRVS.US,5,20251222,154500,27.87,27.87,27.843,27.843,4800,0
PRVS.US,5,20251222,191500,27.98,27.98,27.98,27.98,100,0
PRVS.US,5,20251222,203500,27.99,27.99,27.99,27.99,100,0
PRVS.US,5,20251222,204000,28,28,28,28,100,0
PRVS.US,5,20251222,205000,28,28,28,28,100,0
PRVS.US,5,20251222,205500,27.99,27.99,27.99,27.99,100,0
PRVS.US,5,20251222,215000,27.9675,27.9675,27.9675,27.9675,730,0
PRVS.US,5,20251223,161000,28.03,28.03,28.03,28.03,1176,0
PRVS.US,5,20251223,182500,28.055,28.055,28.055,28.055,883,0
PRVS.US,5,20251223,203000,28.08,28.08,28.08,28.08,128,0
PRVS.US,5,20251223,210500,28.08,28.08,28.08,28.08,100,0
PRVS.US,5,20251223,211000,28.0756,28.0756,28.0756,28.0756,952,0
PRVS.US,5,20251223,214000,28.045,28.07,28.045,28.0699,5086,0
PRVS.US,5,20251224,161000,28.16,28.16,28.16,28.16,101,0
PRVS.US,5,20251226,194000,28.21,28.21,28.21,28.21,290,0
PRVS.US,5,20251229,164500,28.1999,28.1999,28.1999,28.1999,200,0
PRVS.US,5,20251229,183500,28.115,28.115,28.115,28.115,1850,0
PRVS.US,5,20251229,205500,28.21,28.21,28.21,28.21,100,0
PRVS.US,5,20251229,210500,28.22,28.23,28.205,28.205,1000,0
PRVS.US,5,20251229,213000,28.24,28.24,28.24,28.24,100,0
PRVS.US,5,20251230,162000,28.19,28.19,28.19,28.19,100,0
PRVS.US,5,20251230,170000,28.1932,28.1932,28.1932,28.1932,425,0
PRVS.US,5,20251230,172000,28.22,28.22,28.22,28.22,100,0
PRVS.US,5,20251230,213000,28.21,28.21,28.21,28.21,200,0
PRVS.US,5,20251231,193500,28.096,28.096,28.096,28.096,100,0
PRVS.US,5,20251231,205500,28.085,28.085,28.085,28.085,150,0
PRVS.US,5,20251231,211000,28.08,28.08,28.08,28.08,100,0
PRVS.US,5,20251231,211500,28.06,28.06,28.02,28.02,1786,0
PRVS.US,5,20251231,212000,28.05,28.05,28.04,28.04,200,0
PRVS.US,5,20260102,162500,28.06,28.06,28.06,28.06,136,0
PRVS.US,5,20260105,182500,28.66,28.66,28.66,28.66,100,0
PRVS.US,5,20260106,153500,28.92,28.92,28.92,28.92,100,0
PRVS.US,5,20260106,161000,29.04,29.04,29.0265,29.0265,400,0
PRVS.US,5,20260106,163000,29.01,29.01,29.01,29.01,100,0
PRVS.US,5,20260106,182500,29.06,29.06,29.0525,29.0525,400,0
PRVS.US,5,20260106,202500,29.09,29.09,29.09,29.09,100,0
PRVS.US,5,20260106,210500,29.14,29.14,29.13,29.13,200,0
PRVS.US,5,20260106,212000,29.1495,29.1495,29.1495,29.1495,109,0
PRVS.US,5,20260106,215500,29.19,29.19,29.19,29.19,1012,0
PRVS.US,5,20260107,162000,29.04,29.04,29.04,29.04,100,0
PRVS.US,5,20260107,183000,29.04,29.04,29.04,29.04,229,0
PRVS.US,5,20260107,213000,28.92,28.92,28.92,28.92,100,0
PRVS.US,5,20260108,174000,29.06,29.06,29.06,29.06,100,0
PRVS.US,5,20260108,174500,29.06,29.06,29.06,29.06,835,0
PRVS.US,5,20260108,175000,29.035,29.035,29.035,29.035,1720,0
PRVS.US,5,20260108,175500,29.0599,29.06,29.0599,29.06,340,0
PRVS.US,5,20260108,180500,29.07,29.07,29.07,29.07,100,0
PRVS.US,5,20260108,191500,29.03,29.03,29.03,29.03,100,0
PRVS.US,5,20260108,203000,29.01,29.01,29.01,29.01,100,0
PRVS.US,5,20260108,215000,28.99,28.995,28.99,28.99,1663,0
PRVS.US,5,20260108,215500,28.96,28.96,28.96,28.96,502,0
PRVS.US,5,20260109,201500,29.14,29.14,29.14,29.14,285,0
PRVS.US,5,20260109,212000,29.165,29.19,29.165,29.1698,10180,0
PRVS.US,5,20260109,213000,29.18,29.19,29.1759,29.1759,6850,0
PRVS.US,5,20260109,213500,29.18,29.18,29.18,29.18,1160,0
PRVS.US,5,20260109,214000,29.18,29.18,29.1799,29.1799,4112,0
PRVS.US,5,20260109,214500,29.18,29.18,29.18,29.18,170,0
PRVS.US,5,20260109,215000,29.1759,29.1759,29.1759,29.1759,1713,0
PRVS.US,5,20260109,215500,29.17,29.17,29.17,29.17,1370,0
PRVS.US,5,20260112,153000,28.99,28.99,28.99,28.99,100,0
PRVS.US,5,20260112,161500,29.08,29.08,29.08,29.08,100,0
PRVS.US,5,20260112,180000,29.16,29.16,29.16,29.16,200,0
PRVS.US,5,20260112,183500,29.15,29.15,29.15,29.15,100,0
PRVS.US,5,20260112,190000,29.14,29.14,29.14,29.14,100,0
PRVS.US,5,20260112,202000,29.14,29.14,29.14,29.14,100,0
PRVS.US,5,20260112,205000,29.16,29.16,29.16,29.16,100,0
PRVS.US,5,20260112,214500,29.2,29.2,29.2,29.2,100,0
PRVS.US,5,20260113,162500,29,29,29,29,100,0
PRVS.US,5,20260113,164500,29.04,29.04,29.03,29.03,200,0
PRVS.US,5,20260113,172000,29.0224,29.0224,29.0224,29.0224,1343,0
PRVS.US,5,20260113,185500,29,29,29,29,100,0
PRVS.US,5,20260113,203500,29.01,29.01,29.01,29.01,197,0
PRVS.US,5,20260114,163000,28.94,28.96,28.94,28.96,200,0
PRVS.US,5,20260114,163500,28.92,28.92,28.92,28.92,100,0
PRVS.US,5,20260114,191500,28.91,28.91,28.91,28.91,200,0
PRVS.US,5,20260114,201000,28.94,28.94,28.94,28.94,100,0
PRVS.US,5,20260114,203500,28.94,28.94,28.94,28.94,100,0
PRVS.US,5,20260114,204000,28.94,28.94,28.94,28.94,100,0
PRVS.US,5,20260114,204500,28.96,28.96,28.96,28.96,100,0
PRVS.US,5,20260114,205000,28.945,28.96,28.945,28.96,350,0
PRVS.US,5,20260114,205500,28.95,28.95,28.95,28.95,100,0
PRVS.US,5,20260114,210000,28.95,28.95,28.95,28.95,291,0
PRVS.US,5,20260114,212000,28.96,28.97,28.96,28.9699,300,0
PRVS.US,5,20260114,214500,28.97,28.97,28.97,28.97,100,0
PRVS.US,5,20260115,153500,29.166,29.166,29.166,29.166,500,0
PRVS.US,5,20260115,162500,29.24,29.24,29.24,29.24,100,0
PRVS.US,5,20260115,165000,29.25,29.25,29.25,29.25,100,0
PRVS.US,5,20260115,200000,29.27,29.27,29.27,29.27,3137,0
PRVS.US,5,20260115,204500,29.28,29.28,29.28,29.28,100,0
PRVS.US,5,20260115,205500,29.27,29.27,29.27,29.27,200,0
PRVS.US,5,20260115,210500,29.2758,29.2758,29.2758,29.2758,200,0
PRVS.US,5,20260115,211000,29.27,29.27,29.27,29.27,100,0
PRVS.US,5,20260115,211500,29.24,29.27,29.24,29.27,200,0
PRVS.US,5,20260115,213000,29.24,29.24,29.24,29.24,100,0
PRVS.US,5,20260116,163500,29.28,29.28,29.27,29.27,200,0
PRVS.US,5,20260116,194500,29.32,29.32,29.32,29.32,100,0
PRVS.US,5,20260116,202000,29.32,29.32,29.3199,29.32,1000,0
PRVS.US,5,20260116,212000,29.32,29.32,29.305,29.305,6710,0
PRVS.US,5,20260116,212500,29.295,29.295,29.295,29.295,200,0
PRVS.US,5,20260116,213500,29.29,29.29,29.29,29.29,100,0
PRVS.US,5,20260116,214000,29.295,29.2998,29.295,29.2998,300,0
PRVS.US,5,20260120,160500,28.9,28.9,28.9,28.9,100,0
PRVS.US,5,20260120,162000,28.87,28.89,28.87,28.89,200,0
PRVS.US,5,20260120,163500,28.93,28.93,28.93,28.93,100,0
PRVS.US,5,20260120,165000,28.92,28.93,28.92,28.93,300,0
PRVS.US,5,20260120,172500,28.93,28.93,28.93,28.93,100,0
PRVS.US,5,20260120,184000,28.89,28.89,28.89,28.89,100,0
PRVS.US,5,20260120,202000,28.7,28.71,28.7,28.71,1000,0
PRVS.US,5,20260120,203000,28.68,28.68,28.68,28.68,200,0
PRVS.US,5,20260120,210000,28.68,28.68,28.68,28.68,400,0
PRVS.US,5,20260120,210500,28.7,28.7,28.7,28.7,200,0
PRVS.US,5,20260120,211000,28.69,28.69,28.67,28.67,200,0
PRVS.US,5,20260120,215500,28.69,28.69,28.69,28.69,1399,0
PRVS.US,5,20260121,155500,28.96,28.96,28.96,28.96,100,0
PRVS.US,5,20260121,161000,28.94,28.94,28.94,28.94,400,0
PRVS.US,5,20260121,162000,28.95,28.95,28.95,28.95,100,0
PRVS.US,5,20260121,164500,29.05,29.05,29.05,29.05,100,0
PRVS.US,5,20260121,171000,28.9984,28.9984,28.9984,28.9984,430,0
PRVS.US,5,20260121,180500,28.89,28.89,28.89,28.89,100,0
PRVS.US,5,20260121,203500,29.11,29.11,29.11,29.11,100,0
PRVS.US,5,20260121,204000,29.18,29.18,29.18,29.18,100,0
PRVS.US,5,20260121,204500,29.18,29.18,29.18,29.18,100,0
PRVS.US,5,20260121,205000,29.17,29.17,29.17,29.17,200,0
PRVS.US,5,20260121,213000,29.08,29.08,29.08,29.08,100,0
PRVS.US,5,20260121,215500,29.11,29.11,29.11,29.11,1195,0
PRVS.US,5,20260122,162000,29.24,29.24,29.24,29.24,100,0
PRVS.US,5,20260122,170000,29.27,29.27,29.27,29.27,100,0
PRVS.US,5,20260122,200500,29.2441,29.2441,29.2441,29.2441,1565,0
PRVS.US,5,20260122,201500,29.24,29.24,29.24,29.24,300,0
PRVS.US,5,20260122,204000,29.23,29.23,29.23,29.23,100,0
PRVS.US,5,20260122,212000,29.19,29.19,29.19,29.19,100,0
PRVS.US,5,20260122,213000,29.17,29.17,29.17,29.17,100,0
PRVS.US,5,20260122,215500,29.19,29.19,29.19,29.19,698,0
PRVS.US,5,20260123,163000,29.18,29.18,29.18,29.18,100,0
PRVS.US,5,20260123,164500,29.17,29.17,29.17,29.17,2056,0
PRVS.US,5,20260123,172500,29.19,29.19,29.19,29.19,200,0
PRVS.US,5,20260123,173000,29.16,29.16,29.16,29.16,100,0
PRVS.US,5,20260123,184000,29.13,29.13,29.129,29.129,343,0
PRVS.US,5,20260123,184500,29.09,29.09,29.09,29.09,100,0
PRVS.US,5,20260123,204000,29.14,29.14,29.14,29.14,743,0
