<TICKER>,<PER>,<DATE>,<TIME>,<OPEN>,<HIGH>,<LOW>,<CLOSE>,<VOL>,<OPENINT>
RITM_A.US,5,20250829,153500,25.423,25.423,25.42,25.42,371,0
RITM_A.US,5,20250829,154000,25.41,25.41,25.41,25.41,329,0
RITM_A.US,5,20250829,154500,25.4,25.4,25.4,25.4,1000,0
RITM_A.US,5,20250829,155000,25.4,25.4,25.4,25.4,120,0
RITM_A.US,5,20250829,155500,25.4,25.41,25.4,25.41,807,0
RITM_A.US,5,20250829,170500,25.3491,25.3491,25.3491,25.3491,137,0
RITM_A.US,5,20250829,171000,25.35,25.35,25.3401,25.3401,390,0
RITM_A.US,5,20250829,171500,25.35,25.35,25.35,25.35,100,0
RITM_A.US,5,20250829,193000,25.35,25.35,25.35,25.35,1000,0
RITM_A.US,5,20250829,203000,25.386,25.386,25.386,25.386,100,0
RITM_A.US,5,20250829,203500,25.3999,25.3999,25.36,25.36,300,0
RITM_A.US,5,20250829,213000,25.36,25.36,25.36,25.36,126,0
RITM_A.US,5,20250829,213500,25.38,25.38,25.38,25.38,670,0
RITM_A.US,5,20250829,214500,25.4,25.4,25.392,25.392,500,0
RITM_A.US,5,20250829,215000,25.39,25.39,25.39,25.39,240,0
RITM_A.US,5,20250829,215500,25.3949,25.4,25.3949,25.4,2683,0
RITM_A.US,5,20250902,154500,25.35,25.35,25.35,25.35,300,0
RITM_A.US,5,20250902,155500,25.3677,25.3677,25.3677,25.3677,100,0
RITM_A.US,5,20250902,160500,25.385,25.385,25.385,25.385,393,0
RITM_A.US,5,20250902,162000,25.3901,25.3901,25.3901,25.3901,500,0
RITM_A.US,5,20250902,162500,25.42,25.42,25.4,25.4,402,0
RITM_A.US,5,20250902,163000,25.39,25.39,25.39,25.39,100,0
RITM_A.US,5,20250902,180500,25.39,25.3901,25.39,25.3901,400,0
RITM_A.US,5,20250902,181000,25.3707,25.3707,25.3707,25.3707,200,0
RITM_A.US,5,20250902,182000,25.39,25.39,25.39,25.39,100,0
RITM_A.US,5,20250902,200000,25.3916,25.3916,25.3916,25.3916,270,0
RITM_A.US,5,20250902,201000,25.3749,25.3974,25.3749,25.3974,533,0
RITM_A.US,5,20250902,201500,25.4043,25.4043,25.4043,25.4043,122,0
RITM_A.US,5,20250902,204500,25.39,25.39,25.39,25.39,107,0
RITM_A.US,5,20250903,154500,25.4,25.4,25.4,25.4,501,0
RITM_A.US,5,20250903,155000,25.4,25.4,25.4,25.4,500,0
RITM_A.US,5,20250903,161500,25.4,25.4,25.4,25.4,202,0
RITM_A.US,5,20250903,203000,25.3955,25.3955,25.3955,25.3955,101,0
RITM_A.US,5,20250904,153500,25.4014,25.4014,25.4014,25.4014,100,0
RITM_A.US,5,20250904,161500,25.4014,25.4014,25.4014,25.4014,100,0
RITM_A.US,5,20250904,162500,25.4,25.405,25.4,25.405,506,0
RITM_A.US,5,20250904,183000,25.425,25.425,25.42,25.42,1048,0
RITM_A.US,5,20250904,202500,25.42,25.433,25.4199,25.433,695,0
RITM_A.US,5,20250904,211500,25.42,25.42,25.42,25.42,517,0
RITM_A.US,5,20250904,212000,25.41,25.41,25.41,25.41,200,0
RITM_A.US,5,20250905,161000,25.445,25.445,25.445,25.445,100,0
RITM_A.US,5,20250905,163000,25.4899,25.4899,25.4899,25.4899,135,0
RITM_A.US,5,20250905,165500,25.4223,25.4223,25.4223,25.4223,271,0
RITM_A.US,5,20250905,180500,25.47,25.47,25.47,25.47,269,0
RITM_A.US,5,20250905,193000,25.49,25.49,25.49,25.49,100,0
RITM_A.US,5,20250905,203000,25.49,25.49,25.4899,25.4899,900,0
RITM_A.US,5,20250905,204500,25.49,25.49,25.49,25.49,100,0
RITM_A.US,5,20250905,211500,25.49,25.49,25.49,25.49,100,0
RITM_A.US,5,20250905,215500,25.4501,25.4501,25.4501,25.4501,196,0
RITM_A.US,5,20250908,153000,25.49,25.49,25.49,25.49,100,0
RITM_A.US,5,20250908,154500,25.477,25.477,25.477,25.477,124,0
RITM_A.US,5,20250908,155000,25.49,25.49,25.4873,25.4873,600,0
RITM_A.US,5,20250908,160000,25.4775,25.48,25.4775,25.48,641,0
RITM_A.US,5,20250908,160500,25.48,25.48,25.48,25.48,100,0
RITM_A.US,5,20250908,164000,25.49,25.49,25.49,25.49,100,0
RITM_A.US,5,20250908,170000,25.4886,25.49,25.4886,25.49,600,0
RITM_A.US,5,20250908,171000,25.477,25.477,25.477,25.477,100,0
RITM_A.US,5,20250908,172000,25.49,25.49,25.49,25.49,100,0
RITM_A.US,5,20250908,174000,25.48,25.48,25.48,25.48,1000,0
RITM_A.US,5,20250908,195000,25.4804,25.4804,25.4804,25.4804,225,0
RITM_A.US,5,20250908,200500,25.48,25.48,25.48,25.48,100,0
RITM_A.US,5,20250908,201000,25.479,25.479,25.479,25.479,100,0
RITM_A.US,5,20250908,202500,25.4816,25.4816,25.4816,25.4816,197,0
RITM_A.US,5,20250908,203000,25.4804,25.4804,25.4804,25.4804,200,0
RITM_A.US,5,20250908,211500,25.4783,25.4783,25.4783,25.4783,274,0
RITM_A.US,5,20250909,154500,25.4522,25.4522,25.4522,25.4522,100,0
RITM_A.US,5,20250909,164500,25.4899,25.4899,25.4899,25.4899,132,0
RITM_A.US,5,20250909,170000,25.44,25.44,25.44,25.44,100,0
RITM_A.US,5,20250909,193500,25.43,25.43,25.43,25.43,723,0
RITM_A.US,5,20250909,200500,25.44,25.44,25.44,25.44,300,0
RITM_A.US,5,20250909,203500,25.44,25.44,25.44,25.44,100,0
RITM_A.US,5,20250909,211500,25.4495,25.4495,25.445,25.445,300,0
RITM_A.US,5,20250909,214500,25.46,25.46,25.46,25.46,100,0
RITM_A.US,5,20250910,162000,25.455,25.455,25.455,25.455,100,0
RITM_A.US,5,20250910,164500,25.45,25.45,25.45,25.45,199,0
RITM_A.US,5,20250910,170000,25.4584,25.4584,25.4584,25.4584,667,0
RITM_A.US,5,20250910,170500,25.4608,25.4608,25.46,25.46,250,0
RITM_A.US,5,20250910,173500,25.46,25.46,25.46,25.46,100,0
RITM_A.US,5,20250910,174000,25.45,25.45,25.45,25.45,401,0
RITM_A.US,5,20250910,174500,25.445,25.445,25.445,25.445,100,0
RITM_A.US,5,20250910,180000,25.4434,25.4434,25.4434,25.4434,750,0
RITM_A.US,5,20250910,182000,25.44,25.44,25.44,25.44,100,0
RITM_A.US,5,20250910,191500,25.43,25.43,25.43,25.43,311,0
RITM_A.US,5,20250910,192500,25.4495,25.4495,25.4495,25.4495,150,0
RITM_A.US,5,20250910,193500,25.44,25.44,25.44,25.44,100,0
RITM_A.US,5,20250910,194500,25.431,25.431,25.431,25.431,200,0
RITM_A.US,5,20250910,213500,25.4301,25.4301,25.4301,25.4301,133,0
RITM_A.US,5,20250910,214500,25.435,25.435,25.435,25.435,100,0
RITM_A.US,5,20250911,161000,25.46,25.46,25.46,25.46,1000,0
RITM_A.US,5,20250911,165000,25.4895,25.4895,25.4895,25.4895,100,0
RITM_A.US,5,20250911,175500,25.4826,25.4826,25.4826,25.4826,192,0
RITM_A.US,5,20250911,183500,25.49,25.49,25.49,25.49,100,0
RITM_A.US,5,20250911,190000,25.47,25.47,25.47,25.47,100,0
RITM_A.US,5,20250911,190500,25.485,25.485,25.485,25.485,100,0
RITM_A.US,5,20250911,191500,25.4883,25.4883,25.47,25.47,834,0
RITM_A.US,5,20250911,194000,25.47,25.49,25.47,25.4897,1264,0
RITM_A.US,5,20250911,195000,25.49,25.5,25.49,25.495,1900,0
RITM_A.US,5,20250911,201500,25.49,25.49,25.49,25.49,300,0
RITM_A.US,5,20250911,202000,25.52,25.52,25.52,25.52,100,0
RITM_A.US,5,20250911,203000,25.536,25.536,25.536,25.536,750,0
RITM_A.US,5,20250911,204000,25.5336,25.5336,25.5336,25.5336,1000,0
RITM_A.US,5,20250911,204500,25.5398,25.5398,25.5398,25.5398,500,0
RITM_A.US,5,20250911,210000,25.5308,25.5308,25.5308,25.5308,100,0
RITM_A.US,5,20250911,210500,25.53,25.53,25.53,25.53,150,0
RITM_A.US,5,20250911,211000,25.53,25.53,25.5,25.5,596,0
RITM_A.US,5,20250911,211500,25.45,25.45,25.45,25.45,4655,0
RITM_A.US,5,20250912,180500,25.484,25.484,25.484,25.484,750,0
RITM_A.US,5,20250912,190000,25.46,25.46,25.46,25.46,134,0
RITM_A.US,5,20250912,193000,25.47,25.48,25.47,25.47,592,0
RITM_A.US,5,20250912,194500,25.4831,25.49,25.48,25.49,500,0
RITM_A.US,5,20250912,195000,25.472,25.472,25.472,25.472,147,0
RITM_A.US,5,20250912,203000,25.47,25.47,25.47,25.47,300,0
RITM_A.US,5,20250912,205500,25.47,25.4879,25.47,25.4879,349,0
RITM_A.US,5,20250912,211500,25.45,25.46,25.45,25.45,674,0
RITM_A.US,5,20250912,214500,25.45,25.4591,25.45,25.455,334,0
RITM_A.US,5,20250912,215000,25.46,25.46,25.4575,25.4575,826,0
RITM_A.US,5,20250915,154500,25.5103,25.5103,25.5103,25.5103,100,0
RITM_A.US,5,20250915,161000,25.52,25.52,25.52,25.52,352,0
RITM_A.US,5,20250915,162000,25.5,25.5,25.5,25.5,166,0
RITM_A.US,5,20250915,170000,25.52,25.52,25.52,25.52,125,0
RITM_A.US,5,20250915,174000,25.5001,25.5001,25.5001,25.5001,100,0
RITM_A.US,5,20250915,182000,25.52,25.52,25.52,25.52,200,0
RITM_A.US,5,20250915,184000,25.5348,25.5348,25.5348,25.5348,257,0
RITM_A.US,5,20250915,194500,25.54,25.54,25.5,25.52,1600,0
RITM_A.US,5,20250915,201000,25.506,25.506,25.506,25.506,136,0
RITM_A.US,5,20250915,210000,25.534,25.534,25.534,25.534,400,0
RITM_A.US,5,20250915,212000,25.5351,25.5351,25.5351,25.5351,484,0
RITM_A.US,5,20250915,215000,25.4963,25.4963,25.4963,25.4963,589,0
RITM_A.US,5,20250916,163500,25.49,25.49,25.49,25.49,100,0
RITM_A.US,5,20250916,203500,25.4934,25.4934,25.4934,25.4934,800,0
RITM_A.US,5,20250916,205500,25.5126,25.52,25.46,25.5199,3624,0
RITM_A.US,5,20250916,210000,25.49,25.54,25.49,25.54,1569,0
RITM_A.US,5,20250916,210500,25.53,25.53,25.53,25.53,100,0
RITM_A.US,5,20250916,211500,25.54,25.54,25.5314,25.5314,2300,0
RITM_A.US,5,20250916,212000,25.54,25.54,25.54,25.54,808,0
RITM_A.US,5,20250916,213000,25.54,25.57,25.5399,25.57,2084,0
RITM_A.US,5,20250916,214000,25.57,25.5936,25.57,25.5936,1700,0
RITM_A.US,5,20250916,214500,25.53,25.5986,25.53,25.59,1744,0
RITM_A.US,5,20250916,215000,25.53,25.53,25.53,25.53,900,0
RITM_A.US,5,20250916,215500,25.53,25.5986,25.53,25.5986,1800,0
RITM_A.US,5,20250917,153500,25.6,25.6,25.6,25.6,100,0
RITM_A.US,5,20250917,161500,25.59,25.59,25.59,25.59,673,0
RITM_A.US,5,20250917,162000,25.6,25.6,25.54,25.54,780,0
RITM_A.US,5,20250917,164000,25.6,25.6,25.6,25.6,100,0
RITM_A.US,5,20250917,164500,25.55,25.55,25.55,25.55,1000,0
RITM_A.US,5,20250917,170000,25.515,25.55,25.515,25.55,1400,0
RITM_A.US,5,20250917,170500,25.515,25.515,25.515,25.515,100,0
RITM_A.US,5,20250917,171000,25.55,25.55,25.5499,25.55,900,0
RITM_A.US,5,20250917,172000,25.54,25.54,25.54,25.54,100,0
RITM_A.US,5,20250917,172500,25.6,25.6,25.6,25.6,100,0
RITM_A.US,5,20250917,173500,25.54,25.6,25.54,25.6,2590,0
RITM_A.US,5,20250917,174500,25.6,25.6,25.5999,25.5999,1700,0
RITM_A.US,5,20250917,175500,25.6,25.61,25.5993,25.5993,1600,0
RITM_A.US,5,20250917,181500,25.6,25.6,25.6,25.6,669,0
RITM_A.US,5,20250917,183500,25.6,25.64,25.6,25.6004,600,0
RITM_A.US,5,20250917,184000,25.625,25.625,25.62,25.6201,744,0
RITM_A.US,5,20250917,184500,25.6273,25.64,25.62,25.64,700,0
RITM_A.US,5,20250917,185000,25.6217,25.6218,25.6201,25.6201,1153,0
RITM_A.US,5,20250917,185500,25.62,25.6201,25.6107,25.62,1100,0
RITM_A.US,5,20250917,190000,25.62,25.62,25.61,25.61,500,0
RITM_A.US,5,20250917,191500,25.64,25.64,25.6399,25.64,2500,0
RITM_A.US,5,20250917,192000,25.64,25.64,25.64,25.64,100,0
RITM_A.US,5,20250917,193000,25.63,25.63,25.63,25.63,100,0
RITM_A.US,5,20250917,194500,25.63,25.63,25.63,25.63,100,0
RITM_A.US,5,20250917,195000,25.6,25.6,25.6,25.6,800,0
RITM_A.US,5,20250917,200000,25.63,25.63,25.63,25.63,100,0
RITM_A.US,5,20250917,201000,25.57,25.57,25.57,25.57,100,0
RITM_A.US,5,20250917,201500,25.57,25.57,25.57,25.57,200,0
RITM_A.US,5,20250917,202000,25.5301,25.5301,25.5301,25.5301,100,0
RITM_A.US,5,20250917,202500,25.53,25.53,25.53,25.53,100,0
RITM_A.US,5,20250917,205000,25.51,25.53,25.51,25.53,200,0
RITM_A.US,5,20250917,205500,25.5296,25.5296,25.5296,25.5296,224,0
RITM_A.US,5,20250917,210500,25.52,25.52,25.52,25.52,200,0
RITM_A.US,5,20250917,211000,25.507,25.507,25.507,25.507,1100,0
RITM_A.US,5,20250917,211500,25.5299,25.53,25.49,25.53,3793,0
RITM_A.US,5,20250917,212000,25.51,25.51,25.51,25.51,100,0
RITM_A.US,5,20250917,212500,25.49,25.49,25.49,25.49,935,0
RITM_A.US,5,20250917,213000,25.5248,25.5248,25.5248,25.5248,1300,0
RITM_A.US,5,20250917,214000,25.5051,25.5051,25.5051,25.5051,2900,0
RITM_A.US,5,20250917,215000,25.53,25.53,25.53,25.53,100,0
RITM_A.US,5,20250917,215500,25.52,25.53,25.52,25.53,6800,0
RITM_A.US,5,20250918,170500,25.4601,25.487,25.4601,25.4735,1133,0
RITM_A.US,5,20250918,171500,25.54,25.54,25.54,25.54,100,0
RITM_A.US,5,20250918,172000,25.505,25.505,25.4301,25.44,4998,0
RITM_A.US,5,20250918,173500,25.43,25.43,25.43,25.43,200,0
RITM_A.US,5,20250918,174000,25.43,25.43,25.43,25.43,600,0
RITM_A.US,5,20250918,175000,25.42,25.42,25.4163,25.42,1900,0
RITM_A.US,5,20250918,175500,25.4163,25.4199,25.4114,25.4114,1400,0
RITM_A.US,5,20250918,180000,25.4,25.42,25.4,25.42,2725,0
RITM_A.US,5,20250918,180500,25.42,25.42,25.4199,25.4199,1000,0
RITM_A.US,5,20250918,181000,25.42,25.42,25.42,25.42,100,0
RITM_A.US,5,20250918,181500,25.402,25.402,25.402,25.402,205,0
RITM_A.US,5,20250918,182000,25.4,25.41,25.39,25.4,5679,0
RITM_A.US,5,20250918,182500,25.395,25.4,25.395,25.3982,1900,0
RITM_A.US,5,20250918,183000,25.4,25.4,25.3963,25.3963,10397,0
RITM_A.US,5,20250918,183500,25.4,25.4,25.3982,25.3982,5600,0
RITM_A.US,5,20250918,184000,25.4,25.43,25.3982,25.43,4896,0
RITM_A.US,5,20250918,190500,25.53,25.53,25.47,25.47,1200,0
RITM_A.US,5,20250918,193000,25.53,25.53,25.53,25.53,100,0
RITM_A.US,5,20250918,193500,25.5025,25.5025,25.5025,25.5025,195,0
RITM_A.US,5,20250918,205500,25.52,25.52,25.52,25.52,100,0
RITM_A.US,5,20250918,211000,25.51,25.51,25.51,25.51,393,0
RITM_A.US,5,20250918,211500,25.51,25.52,25.505,25.52,1789,0
RITM_A.US,5,20250918,212000,25.52,25.53,25.52,25.53,1088,0
RITM_A.US,5,20250918,212500,25.58,25.58,25.555,25.555,200,0
RITM_A.US,5,20250918,213000,25.58,25.58,25.58,25.58,300,0
RITM_A.US,5,20250918,214000,25.58,25.58,25.58,25.58,100,0
RITM_A.US,5,20250918,214500,25.565,25.58,25.55,25.58,835,0
RITM_A.US,5,20250918,215500,25.565,25.58,25.55,25.58,500,0
RITM_A.US,5,20250919,153000,25.55,25.55,25.55,25.55,100,0
RITM_A.US,5,20250919,155000,25.53,25.55,25.53,25.55,200,0
RITM_A.US,5,20250919,161000,25.5687,25.57,25.5687,25.5699,600,0
RITM_A.US,5,20250919,161500,25.55,25.55,25.55,25.55,767,0
RITM_A.US,5,20250919,162000,25.55,25.55,25.55,25.55,100,0
RITM_A.US,5,20250919,162500,25.55,25.55,25.55,25.55,200,0
RITM_A.US,5,20250919,163500,25.535,25.535,25.535,25.535,500,0
RITM_A.US,5,20250919,164000,25.55,25.55,25.55,25.55,100,0
RITM_A.US,5,20250919,164500,25.5271,25.5271,25.5271,25.5271,400,0
RITM_A.US,5,20250919,165000,25.5376,25.5376,25.5376,25.5376,5521,0
RITM_A.US,5,20250919,170000,25.55,25.55,25.55,25.55,250,0
RITM_A.US,5,20250919,171000,25.55,25.57,25.55,25.57,1000,0
RITM_A.US,5,20250919,171500,25.57,25.57,25.57,25.57,100,0
RITM_A.US,5,20250919,173500,25.56,25.56,25.56,25.56,100,0
RITM_A.US,5,20250919,174500,25.53,25.55,25.53,25.55,200,0
RITM_A.US,5,20250919,175000,25.5302,25.5302,25.53,25.53,600,0
RITM_A.US,5,20250919,180000,25.56,25.56,25.56,25.56,100,0
RITM_A.US,5,20250919,180500,25.5489,25.56,25.545,25.5599,1790,0
RITM_A.US,5,20250919,182000,25.545,25.545,25.545,25.545,200,0
RITM_A.US,5,20250919,183000,25.56,25.56,25.56,25.56,1300,0
RITM_A.US,5,20250919,184000,25.5303,25.5437,25.5043,25.5043,5512,0
RITM_A.US,5,20250919,184500,25.5,25.5109,25.4883,25.4883,1783,0
RITM_A.US,5,20250919,185500,25.44,25.44,25.39,25.39,2760,0
RITM_A.US,5,20250919,191000,25.4355,25.4355,25.4355,25.4355,220,0
RITM_A.US,5,20250919,191500,25.47,25.47,25.47,25.47,100,0
RITM_A.US,5,20250919,194500,25.43,25.47,25.43,25.47,300,0
RITM_A.US,5,20250919,200000,25.47,25.47,25.4699,25.4699,1100,0
RITM_A.US,5,20250919,202000,25.4928,25.4928,25.4928,25.4928,170,0
RITM_A.US,5,20250919,203500,25.53,25.53,25.53,25.53,100,0
RITM_A.US,5,20250919,204500,25.47,25.53,25.47,25.53,1400,0
RITM_A.US,5,20250919,205000,25.53,25.53,25.5299,25.5299,800,0
RITM_A.US,5,20250919,210000,25.56,25.56,25.56,25.56,100,0
RITM_A.US,5,20250919,212500,25.48,25.48,25.47,25.47,328,0
RITM_A.US,5,20250919,213500,25.56,25.56,25.47,25.47,1900,0
RITM_A.US,5,20250919,214500,25.515,25.515,25.515,25.515,1200,0
RITM_A.US,5,20250919,215000,25.5212,25.56,25.5195,25.5599,3068,0
RITM_A.US,5,20250919,215500,25.54,25.56,25.54,25.5599,900,0
RITM_A.US,5,20250922,155000,25.59,25.59,25.5899,25.5899,400,0
RITM_A.US,5,20250922,155500,25.55,25.55,25.55,25.55,100,0
RITM_A.US,5,20250922,161000,25.54,25.55,25.54,25.55,600,0
RITM_A.US,5,20250922,161500,25.5201,25.5201,25.5201,25.5201,200,0
RITM_A.US,5,20250922,162500,25.54,25.54,25.54,25.54,167,0
RITM_A.US,5,20250922,172000,25.53,25.54,25.53,25.54,300,0
RITM_A.US,5,20250922,173000,25.52,25.52,25.52,25.52,100,0
RITM_A.US,5,20250922,174000,25.53,25.53,25.53,25.53,200,0
RITM_A.US,5,20250922,175000,25.5314,25.5314,25.53,25.53,1300,0
RITM_A.US,5,20250922,181000,25.53,25.53,25.53,25.53,100,0
RITM_A.US,5,20250922,195500,25.53,25.53,25.515,25.53,400,0
RITM_A.US,5,20250922,201500,25.54,25.54,25.54,25.54,100,0
RITM_A.US,5,20250922,202500,25.53,25.53,25.53,25.53,1017,0
RITM_A.US,5,20250922,204000,25.52,25.52,25.52,25.52,190,0
RITM_A.US,5,20250922,205500,25.54,25.54,25.54,25.54,100,0
RITM_A.US,5,20250922,214000,25.53,25.54,25.53,25.53,915,0
RITM_A.US,5,20250922,215500,25.55,25.55,25.55,25.55,200,0
RITM_A.US,5,20250923,164000,25.57,25.57,25.57,25.57,225,0
RITM_A.US,5,20250923,174500,25.52,25.529,25.51,25.51,528,0
RITM_A.US,5,20250923,180000,25.55,25.55,25.51,25.51,447,0
RITM_A.US,5,20250923,203500,25.54,25.54,25.54,25.54,1000,0
RITM_A.US,5,20250923,205000,25.525,25.525,25.525,25.525,100,0
RITM_A.US,5,20250924,160500,25.5201,25.5201,25.5201,25.5201,249,0
RITM_A.US,5,20250924,162500,25.5408,25.5408,25.5408,25.5408,790,0
RITM_A.US,5,20250924,165000,25.5253,25.5253,25.5201,25.5201,200,0
RITM_A.US,5,20250924,165500,25.52,25.52,25.52,25.52,399,0
RITM_A.US,5,20250924,171000,25.53,25.53,25.53,25.53,228,0
RITM_A.US,5,20250924,171500,25.53,25.53,25.5,25.5,2399,0
RITM_A.US,5,20250924,182000,25.51,25.51,25.51,25.51,100,0
RITM_A.US,5,20250924,182500,25.51,25.52,25.5,25.5,2534,0
RITM_A.US,5,20250924,183500,25.5198,25.5198,25.5198,25.5198,1000,0
RITM_A.US,5,20250924,184000,25.52,25.52,25.52,25.52,100,0
RITM_A.US,5,20250924,193000,25.5,25.52,25.5,25.52,1324,0
RITM_A.US,5,20250924,194000,25.52,25.52,25.52,25.52,100,0
RITM_A.US,5,20250924,202500,25.52,25.52,25.5098,25.5199,3774,0
RITM_A.US,5,20250924,203000,25.5002,25.5002,25.5002,25.5002,100,0
RITM_A.US,5,20250924,203500,25.51,25.52,25.51,25.52,780,0
RITM_A.US,5,20250924,205500,25.52,25.52,25.52,25.52,100,0
RITM_A.US,5,20250924,212500,25.52,25.52,25.52,25.52,1294,0
RITM_A.US,5,20250924,213500,25.5019,25.52,25.5019,25.52,700,0
RITM_A.US,5,20250925,153000,25.59,25.59,25.59,25.59,100,0
RITM_A.US,5,20250925,155000,25.57,25.57,25.57,25.57,100,0
RITM_A.US,5,20250925,163500,25.5539,25.5539,25.5539,25.5539,400,0
RITM_A.US,5,20250925,170000,25.54,25.54,25.54,25.54,200,0
RITM_A.US,5,20250925,172000,25.55,25.55,25.55,25.55,100,0
RITM_A.US,5,20250925,173000,25.5401,25.5401,25.52,25.5201,1218,0
RITM_A.US,5,20250925,173500,25.5216,25.5216,25.5216,25.5216,1770,0
RITM_A.US,5,20250925,175500,25.54,25.54,25.54,25.54,100,0
RITM_A.US,5,20250925,180500,25.54,25.54,25.54,25.54,100,0
RITM_A.US,5,20250925,182500,25.51,25.51,25.51,25.51,300,0
RITM_A.US,5,20250925,183500,25.5259,25.5295,25.5259,25.5295,835,0
RITM_A.US,5,20250925,184500,25.51,25.51,25.51,25.51,200,0
RITM_A.US,5,20250925,190500,25.54,25.54,25.54,25.54,200,0
RITM_A.US,5,20250925,191000,25.52,25.52,25.52,25.52,335,0
RITM_A.US,5,20250925,193500,25.5,25.5,25.5,25.5,274,0
RITM_A.US,5,20250925,195000,25.5,25.5,25.5,25.5,500,0
RITM_A.US,5,20250925,205500,25.47,25.47,25.47,25.47,700,0
RITM_A.US,5,20250925,214500,25.46,25.46,25.46,25.46,122,0
RITM_A.US,5,20250926,171000,25.52,25.52,25.52,25.52,100,0
RITM_A.US,5,20250926,180000,25.52,25.52,25.5,25.5,300,0
RITM_A.US,5,20250926,182500,25.49,25.49,25.49,25.49,200,0
RITM_A.US,5,20250926,184500,25.4819,25.4819,25.4819,25.4819,500,0
RITM_A.US,5,20250926,190000,25.48,25.48,25.48,25.48,1053,0
RITM_A.US,5,20250926,192000,25.486,25.486,25.46,25.46,232,0
RITM_A.US,5,20250926,213000,25.46,25.46,25.45,25.45,2522,0
RITM_A.US,5,20250926,215500,25.47,25.47,25.47,25.47,200,0
RITM_A.US,5,20250929,160500,25.525,25.525,25.525,25.525,500,0
RITM_A.US,5,20250929,164000,25.54,25.54,25.54,25.54,140,0
RITM_A.US,5,20250929,165000,25.53,25.53,25.53,25.53,199,0
RITM_A.US,5,20250929,170500,25.53,25.53,25.53,25.53,100,0
RITM_A.US,5,20250929,172000,25.52,25.52,25.52,25.52,140,0
RITM_A.US,5,20250929,173000,25.52,25.52,25.52,25.52,289,0
RITM_A.US,5,20250929,174000,25.52,25.52,25.52,25.52,353,0
RITM_A.US,5,20250929,181500,25.55,25.55,25.55,25.55,436,0
RITM_A.US,5,20250929,182000,25.5452,25.5452,25.5452,25.5452,390,0
RITM_A.US,5,20250929,182500,25.5203,25.55,25.52,25.5359,598,0
RITM_A.US,5,20250929,183000,25.55,25.55,25.52,25.5359,3220,0
RITM_A.US,5,20250929,183500,25.52,25.5349,25.52,25.5349,1000,0
RITM_A.US,5,20250929,184000,25.52,25.52,25.51,25.5129,2348,0
RITM_A.US,5,20250929,184500,25.5251,25.5295,25.5,25.5,1055,0
RITM_A.US,5,20250929,193500,25.5,25.5,25.49,25.5,700,0
RITM_A.US,5,20250929,202000,25.505,25.5199,25.505,25.5199,712,0
RITM_A.US,5,20250929,202500,25.49,25.49,25.49,25.49,122,0
RITM_A.US,5,20250929,204000,25.5197,25.5197,25.5197,25.5197,750,0
RITM_A.US,5,20250929,204500,25.5086,25.5086,25.5086,25.5086,1000,0
RITM_A.US,5,20250929,205000,25.52,25.52,25.5199,25.5199,3800,0
RITM_A.US,5,20250929,210000,25.54,25.55,25.54,25.5499,600,0
RITM_A.US,5,20250929,210500,25.55,25.55,25.5499,25.55,1110,0
RITM_A.US,5,20250929,211000,25.525,25.5325,25.5079,25.5079,950,0
RITM_A.US,5,20250929,211500,25.525,25.525,25.525,25.525,1000,0
RITM_A.US,5,20250930,155500,25.5364,25.5364,25.5364,25.5364,278,0
RITM_A.US,5,20250930,160000,25.512,25.512,25.512,25.512,900,0
RITM_A.US,5,20250930,160500,25.52,25.52,25.52,25.52,254,0
RITM_A.US,5,20250930,164000,25.5,25.52,25.5,25.52,200,0
RITM_A.US,5,20250930,164500,25.5316,25.5316,25.5316,25.5316,750,0
RITM_A.US,5,20250930,165500,25.5499,25.5499,25.495,25.495,1750,0
RITM_A.US,5,20250930,170500,25.52,25.52,25.52,25.52,1446,0
RITM_A.US,5,20250930,171500,25.4596,25.46,25.45,25.45,1500,0
RITM_A.US,5,20250930,172000,25.46,25.46,25.46,25.46,100,0
RITM_A.US,5,20250930,172500,25.45,25.4809,25.45,25.4809,1943,0
RITM_A.US,5,20250930,173000,25.485,25.5,25.46,25.46,1600,0
RITM_A.US,5,20250930,173500,25.481,25.481,25.481,25.481,823,0
RITM_A.US,5,20250930,174000,25.45,25.465,25.45,25.465,850,0
RITM_A.US,5,20250930,174500,25.46,25.4899,25.46,25.4899,750,0
RITM_A.US,5,20250930,175000,25.43,25.43,25.43,25.43,1746,0
RITM_A.US,5,20250930,181000,25.42,25.42,25.42,25.42,1437,0
RITM_A.US,5,20250930,182000,25.45,25.45,25.43,25.43,490,0
RITM_A.US,5,20250930,182500,25.41,25.41,25.41,25.41,840,0
RITM_A.US,5,20250930,183000,25.4699,25.4699,25.44,25.44,900,0
RITM_A.US,5,20250930,183500,25.445,25.46,25.42,25.42,2170,0
RITM_A.US,5,20250930,184000,25.41,25.41,25.41,25.41,760,0
RITM_A.US,5,20250930,184500,25.41,25.41,25.41,25.41,100,0
RITM_A.US,5,20250930,185000,25.4,25.41,25.4,25.41,438,0
RITM_A.US,5,20250930,185500,25.41,25.41,25.4,25.4,1200,0
RITM_A.US,5,20250930,190000,25.41,25.41,25.41,25.41,100,0
RITM_A.US,5,20250930,190500,25.45,25.45,25.45,25.45,100,0
RITM_A.US,5,20250930,191000,25.45,25.45,25.45,25.45,200,0
RITM_A.US,5,20250930,191500,25.41,25.4275,25.41,25.4275,320,0
RITM_A.US,5,20250930,192500,25.41,25.43,25.41,25.43,644,0
RITM_A.US,5,20250930,193000,25.41,25.41,25.41,25.41,100,0
RITM_A.US,5,20250930,194500,25.41,25.41,25.41,25.41,200,0
RITM_A.US,5,20250930,195000,25.43,25.45,25.43,25.4499,900,0
RITM_A.US,5,20250930,195500,25.41,25.41,25.41,25.41,100,0
RITM_A.US,5,20250930,200000,25.41,25.41,25.41,25.41,100,0
RITM_A.US,5,20250930,201000,25.41,25.41,25.41,25.41,100,0
RITM_A.US,5,20250930,201500,25.4,25.4,25.4,25.4,100,0
RITM_A.US,5,20250930,202000,25.41,25.41,25.41,25.41,100,0
RITM_A.US,5,20250930,202500,25.4,25.4,25.4,25.4,100,0
RITM_A.US,5,20250930,203500,25.42,25.42,25.42,25.42,100,0
RITM_A.US,5,20250930,204000,25.42,25.42,25.42,25.42,200,0
RITM_A.US,5,20250930,204500,25.42,25.42,25.42,25.42,700,0
RITM_A.US,5,20250930,205500,25.42,25.42,25.4199,25.42,832,0
RITM_A.US,5,20250930,210000,25.4301,25.4301,25.424,25.424,235,0
RITM_A.US,5,20250930,210500,25.42,25.42,25.42,25.42,200,0
RITM_A.US,5,20250930,211000,25.42,25.44,25.42,25.4254,1100,0
RITM_A.US,5,20250930,212000,25.44,25.45,25.44,25.45,600,0
RITM_A.US,5,20250930,212500,25.45,25.45,25.45,25.45,300,0
RITM_A.US,5,20250930,213000,25.45,25.45,25.42,25.42,500,0
RITM_A.US,5,20250930,213500,25.42,25.42,25.42,25.42,100,0
RITM_A.US,5,20250930,214000,25.42,25.42,25.42,25.42,200,0
RITM_A.US,5,20250930,214500,25.465,25.465,25.36,25.37,7893,0
RITM_A.US,5,20250930,215000,25.37,25.43,25.34,25.37,7140,0
RITM_A.US,5,20250930,215500,25.52,25.52,25.4,25.4,41574,0
RITM_A.US,5,20251001,153500,25.44,25.44,25.44,25.44,1100,0
RITM_A.US,5,20251001,160000,25.4992,25.4992,25.4992,25.4992,1500,0
RITM_A.US,5,20251001,160500,25.5,25.5,25.44,25.44,200,0
RITM_A.US,5,20251001,161000,25.5,25.5,25.5,25.5,200,0
RITM_A.US,5,20251001,165500,25.5,25.5,25.5,25.5,531,0
RITM_A.US,5,20251001,180000,25.48,25.48,25.48,25.48,101,0
RITM_A.US,5,20251001,183500,25.5052,25.5052,25.5052,25.5052,100,0
RITM_A.US,5,20251001,195500,25.5,25.5,25.5,25.5,100,0
RITM_A.US,5,20251001,200000,25.48,25.48,25.48,25.48,450,0
RITM_A.US,5,20251001,201500,25.49,25.49,25.49,25.49,200,0
RITM_A.US,5,20251001,203000,25.5,25.5,25.5,25.5,1456,0
RITM_A.US,5,20251001,212500,25.49,25.498,25.49,25.498,852,0
RITM_A.US,5,20251001,214000,25.5159,25.5159,25.5159,25.5159,135,0
RITM_A.US,5,20251001,215000,25.52,25.52,25.49,25.49,1359,0
RITM_A.US,5,20251002,160000,25.52,25.52,25.52,25.52,199,0
RITM_A.US,5,20251002,161500,25.524,25.524,25.524,25.524,280,0
RITM_A.US,5,20251002,180500,25.46,25.53,25.45,25.53,1812,0
RITM_A.US,5,20251002,181000,25.5,25.5,25.5,25.5,800,0
RITM_A.US,5,20251002,182000,25.4916,25.4916,25.4916,25.4916,176,0
RITM_A.US,5,20251002,182500,25.46,25.46,25.45,25.45,314,0
RITM_A.US,5,20251002,195500,25.47,25.47,25.47,25.47,375,0
RITM_A.US,5,20251002,200500,25.5193,25.5193,25.51,25.5193,677,0
RITM_A.US,5,20251002,203500,25.47,25.47,25.47,25.47,412,0
RITM_A.US,5,20251002,205000,25.47,25.47,25.47,25.47,303,0
RITM_A.US,5,20251002,212000,25.49,25.49,25.49,25.49,500,0
RITM_A.US,5,20251002,213500,25.4927,25.4927,25.4927,25.4927,800,0
RITM_A.US,5,20251002,214000,25.51,25.51,25.49,25.5099,2527,0
RITM_A.US,5,20251002,215500,25.47,25.47,25.47,25.47,242,0
RITM_A.US,5,20251003,153000,25.5712,25.5712,25.5712,25.5712,250,0
RITM_A.US,5,20251003,162500,25.5501,25.5501,25.5501,25.5501,135,0
RITM_A.US,5,20251003,163000,25.56,25.57,25.56,25.57,944,0
RITM_A.US,5,20251003,165000,25.55,25.55,25.54,25.54,270,0
RITM_A.US,5,20251003,170000,25.51,25.51,25.51,25.51,200,0
RITM_A.US,5,20251003,172000,25.5399,25.54,25.525,25.525,500,0
RITM_A.US,5,20251003,174000,25.5254,25.5254,25.5254,25.5254,200,0
RITM_A.US,5,20251003,174500,25.51,25.51,25.51,25.51,530,0
RITM_A.US,5,20251003,175000,25.54,25.54,25.54,25.54,844,0
RITM_A.US,5,20251003,180500,25.54,25.54,25.51,25.54,1824,0
RITM_A.US,5,20251003,181000,25.51,25.51,25.51,25.51,323,0
RITM_A.US,5,20251003,182500,25.5248,25.5248,25.5248,25.5248,100,0
RITM_A.US,5,20251003,191000,25.54,25.54,25.54,25.54,100,0
RITM_A.US,5,20251003,195000,25.54,25.54,25.5399,25.54,1100,0
RITM_A.US,5,20251003,201500,25.5179,25.5179,25.5179,25.5179,160,0
RITM_A.US,5,20251003,205500,25.5,25.5,25.5,25.5,427,0
RITM_A.US,5,20251003,211500,25.5248,25.5248,25.5248,25.5248,1000,0
RITM_A.US,5,20251003,212500,25.518,25.518,25.518,25.518,200,0
RITM_A.US,5,20251003,215000,25.5,25.5,25.5,25.5,105,0
RITM_A.US,5,20251003,215500,25.5,25.51,25.5,25.5,795,0
RITM_A.US,5,20251006,161000,25.545,25.545,25.545,25.545,130,0
RITM_A.US,5,20251006,161500,25.5107,25.5107,25.5107,25.5107,100,0
RITM_A.US,5,20251006,163500,25.5799,25.5799,25.545,25.545,391,0
RITM_A.US,5,20251006,171500,25.57,25.57,25.5699,25.5699,800,0
RITM_A.US,5,20251006,172000,25.555,25.57,25.555,25.57,1850,0
RITM_A.US,5,20251006,172500,25.555,25.555,25.555,25.555,500,0
RITM_A.US,5,20251006,174500,25.5514,25.5514,25.5514,25.5514,135,0
RITM_A.US,5,20251006,180500,25.56,25.56,25.56,25.56,100,0
RITM_A.US,5,20251006,183500,25.56,25.56,25.5599,25.5599,200,0
RITM_A.US,5,20251006,185500,25.5659,25.57,25.5659,25.5699,324,0
RITM_A.US,5,20251006,190000,25.58,25.58,25.58,25.58,100,0
RITM_A.US,5,20251006,192000,25.5701,25.5703,25.57,25.57,3000,0
RITM_A.US,5,20251006,201000,25.58,25.58,25.5799,25.58,1104,0
RITM_A.US,5,20251006,203500,25.5701,25.5701,25.5701,25.5701,500,0
RITM_A.US,5,20251006,205000,25.5735,25.5735,25.5735,25.5735,135,0
RITM_A.US,5,20251006,210000,25.57,25.58,25.57,25.58,200,0
RITM_A.US,5,20251006,213500,25.57,25.57,25.56,25.56,650,0
RITM_A.US,5,20251007,160500,25.58,25.6,25.58,25.6,2450,0
RITM_A.US,5,20251007,163000,25.5848,25.5848,25.5848,25.5848,850,0
RITM_A.US,5,20251007,163500,25.6,25.6,25.585,25.585,478,0
RITM_A.US,5,20251007,164500,25.61,25.68,25.6099,25.68,2890,0
RITM_A.US,5,20251007,165500,25.6799,25.6799,25.6799,25.6799,190,0
RITM_A.US,5,20251007,170500,25.6603,25.6603,25.6603,25.6603,572,0
RITM_A.US,5,20251007,171000,25.66,25.6601,25.66,25.6601,1000,0
RITM_A.US,5,20251007,195000,25.61,25.61,25.61,25.61,100,0
RITM_A.US,5,20251007,200000,25.6,25.6,25.6,25.6,400,0
RITM_A.US,5,20251007,202000,25.6094,25.6094,25.6094,25.6094,140,0
RITM_A.US,5,20251007,211500,25.6062,25.6062,25.6062,25.6062,210,0
RITM_A.US,5,20251007,213000,25.6,25.6,25.6,25.6,100,0
RITM_A.US,5,20251007,215000,25.55,25.55,25.55,25.55,100,0
RITM_A.US,5,20251008,153500,25.62,25.62,25.62,25.62,374,0
RITM_A.US,5,20251008,154000,25.602,25.602,25.59,25.59,300,0
RITM_A.US,5,20251008,155000,25.5888,25.5888,25.5888,25.5888,1000,0
RITM_A.US,5,20251008,160000,25.5972,25.5972,25.5972,25.5972,675,0
RITM_A.US,5,20251008,160500,25.62,25.62,25.6101,25.6101,300,0
RITM_A.US,5,20251008,163000,25.62,25.62,25.62,25.62,847,0
RITM_A.US,5,20251008,163500,25.604,25.604,25.6,25.6,1418,0
RITM_A.US,5,20251008,165500,25.5954,25.5954,25.5954,25.5954,300,0
RITM_A.US,5,20251008,170000,25.5945,25.5945,25.5945,25.5945,175,0
RITM_A.US,5,20251008,172500,25.58,25.58,25.58,25.58,150,0
RITM_A.US,5,20251008,180000,25.58,25.58,25.58,25.58,200,0
RITM_A.US,5,20251008,181000,25.6,25.6,25.5999,25.5999,784,0
RITM_A.US,5,20251008,185000,25.6,25.6,25.6,25.6,100,0
RITM_A.US,5,20251008,185500,25.6,25.6,25.5935,25.6,300,0
RITM_A.US,5,20251008,190000,25.6,25.6,25.5963,25.5963,1116,0
RITM_A.US,5,20251008,202500,25.6035,25.6098,25.6035,25.6098,982,0
RITM_A.US,5,20251008,204000,25.605,25.605,25.605,25.605,432,0
RITM_A.US,5,20251008,205000,25.6199,25.6199,25.6199,25.6199,113,0
RITM_A.US,5,20251008,210500,25.62,25.62,25.61,25.61,884,0
RITM_A.US,5,20251008,211000,25.6056,25.61,25.6056,25.61,600,0
RITM_A.US,5,20251008,215500,25.605,25.61,25.605,25.61,300,0
RITM_A.US,5,20251009,154500,25.6,25.63,25.6,25.63,200,0
RITM_A.US,5,20251009,160500,25.58,25.58,25.58,25.58,200,0
RITM_A.US,5,20251009,162000,25.6,25.6,25.6,25.6,100,0
RITM_A.US,5,20251009,162500,25.62,25.62,25.62,25.62,100,0
RITM_A.US,5,20251009,185500,25.58,25.6,25.58,25.6,200,0
RITM_A.US,5,20251009,190500,25.6,25.61,25.6,25.61,300,0
RITM_A.US,5,20251009,193000,25.61,25.61,25.61,25.61,100,0
RITM_A.US,5,20251009,195000,25.62,25.62,25.62,25.62,100,0
RITM_A.US,5,20251009,203000,25.6,25.6,25.6,25.6,251,0
RITM_A.US,5,20251009,211000,25.613,25.613,25.6076,25.6076,268,0
RITM_A.US,5,20251009,214000,25.62,25.62,25.62,25.62,100,0
RITM_A.US,5,20251010,165000,25.6165,25.6165,25.61,25.61,740,0
RITM_A.US,5,20251010,170000,25.6,25.6,25.6,25.6,1239,0
RITM_A.US,5,20251010,170500,25.6199,25.62,25.6199,25.62,900,0
RITM_A.US,5,20251010,175500,25.625,25.6252,25.6005,25.6103,400,0
RITM_A.US,5,20251010,180500,25.6066,25.6066,25.6066,25.6066,800,0
RITM_A.US,5,20251010,181000,25.64,25.64,25.625,25.625,3893,0
RITM_A.US,5,20251010,181500,25.6123,25.6123,25.6123,25.6123,1343,0
RITM_A.US,5,20251010,193500,25.6,25.6,25.6,25.6,100,0
RITM_A.US,5,20251010,194000,25.6123,25.6123,25.6123,25.6123,500,0
RITM_A.US,5,20251010,195000,25.6,25.613,25.6,25.613,2700,0
RITM_A.US,5,20251010,200000,25.6,25.6,25.6,25.6,100,0
RITM_A.US,5,20251010,200500,25.6042,25.6042,25.6042,25.6042,1000,0
RITM_A.US,5,20251010,205000,25.6,25.6052,25.6,25.6052,3000,0
RITM_A.US,5,20251010,205500,25.6,25.6,25.6,25.6,262,0
RITM_A.US,5,20251010,210000,25.62,25.62,25.62,25.62,200,0
RITM_A.US,5,20251010,210500,25.6013,25.6013,25.6013,25.6013,700,0
RITM_A.US,5,20251010,211500,25.6,25.6,25.6,25.6,4380,0
RITM_A.US,5,20251010,213500,25.6,25.6151,25.6,25.6151,369,0
RITM_A.US,5,20251010,214500,25.6,25.62,25.6,25.62,200,0
RITM_A.US,5,20251013,153000,25.6,25.6,25.6,25.6,800,0
RITM_A.US,5,20251013,153500,25.626,25.626,25.626,25.626,156,0
RITM_A.US,5,20251013,154500,25.633,25.633,25.633,25.633,100,0
RITM_A.US,5,20251013,160000,25.61,25.61,25.61,25.61,100,0
RITM_A.US,5,20251013,164000,25.6171,25.6171,25.6171,25.6171,1000,0
RITM_A.US,5,20251013,164500,25.61,25.6101,25.61,25.6101,482,0
RITM_A.US,5,20251013,165000,25.6102,25.6102,25.6102,25.6102,310,0
RITM_A.US,5,20251013,172000,25.5901,25.5901,25.5901,25.5901,698,0
RITM_A.US,5,20251013,172500,25.5604,25.5604,25.5604,25.5604,200,0
RITM_A.US,5,20251013,175000,25.585,25.585,25.585,25.585,100,0
RITM_A.US,5,20251013,175500,25.6,25.6,25.5999,25.5999,200,0
RITM_A.US,5,20251013,180000,25.5999,25.5999,25.5999,25.5999,310,0
RITM_A.US,5,20251013,182000,25.5877,25.5877,25.5877,25.5877,190,0
RITM_A.US,5,20251013,184000,25.6,25.6,25.6,25.6,310,0
RITM_A.US,5,20251013,190500,25.595,25.595,25.595,25.595,100,0
RITM_A.US,5,20251013,191000,25.5993,25.5993,25.5993,25.5993,310,0
RITM_A.US,5,20251013,192500,25.59,25.59,25.59,25.59,500,0
RITM_A.US,5,20251013,194500,25.595,25.595,25.595,25.595,214,0
RITM_A.US,5,20251013,200000,25.6,25.6,25.6,25.6,100,0
RITM_A.US,5,20251013,205500,25.6,25.6,25.6,25.6,310,0
RITM_A.US,5,20251013,214000,25.6013,25.6013,25.6013,25.6013,100,0
RITM_A.US,5,20251014,162000,25.65,25.65,25.65,25.65,100,0
RITM_A.US,5,20251014,170500,25.56,25.56,25.56,25.56,230,0
RITM_A.US,5,20251014,173500,25.6,25.61,25.6,25.61,700,0
RITM_A.US,5,20251014,174000,25.61,25.65,25.61,25.65,880,0
RITM_A.US,5,20251014,183500,25.69,25.69,25.69,25.69,100,0
RITM_A.US,5,20251014,185500,25.65,25.65,25.65,25.65,100,0
RITM_A.US,5,20251014,191500,25.654,25.654,25.654,25.654,310,0
RITM_A.US,5,20251014,193000,25.659,25.659,25.659,25.659,100,0
RITM_A.US,5,20251014,193500,25.67,25.67,25.67,25.67,100,0
RITM_A.US,5,20251014,195000,25.65,25.65,25.65,25.65,500,0
RITM_A.US,5,20251014,201500,25.66,25.69,25.66,25.69,2700,0
RITM_A.US,5,20251014,202500,25.675,25.675,25.675,25.675,375,0
RITM_A.US,5,20251014,213500,25.6747,25.6747,25.6747,25.6747,500,0
RITM_A.US,5,20251014,215500,25.69,25.69,25.69,25.69,522,0
RITM_A.US,5,20251015,160000,25.62,25.62,25.61,25.61,1100,0
RITM_A.US,5,20251015,170500,25.6343,25.6343,25.6343,25.6343,500,0
RITM_A.US,5,20251015,171000,25.6305,25.6305,25.6305,25.6305,100,0
RITM_A.US,5,20251015,171500,25.645,25.645,25.645,25.645,100,0
RITM_A.US,5,20251015,172500,25.6452,25.6452,25.6452,25.6452,200,0
RITM_A.US,5,20251015,173000,25.644,25.644,25.644,25.644,116,0
RITM_A.US,5,20251015,173500,25.65,25.65,25.65,25.65,100,0
RITM_A.US,5,20251015,174000,25.65,25.65,25.65,25.65,220,0
RITM_A.US,5,20251015,175000,25.64,25.64,25.64,25.64,137,0
RITM_A.US,5,20251015,182000,25.6383,25.6383,25.6383,25.6383,180,0
RITM_A.US,5,20251015,182500,25.6395,25.65,25.6395,25.65,420,0
RITM_A.US,5,20251015,183500,25.65,25.65,25.65,25.65,217,0
RITM_A.US,5,20251015,185000,25.66,25.66,25.66,25.66,100,0
RITM_A.US,5,20251015,190000,25.646,25.646,25.646,25.646,400,0
RITM_A.US,5,20251015,192500,25.6311,25.6311,25.6311,25.6311,138,0
RITM_A.US,5,20251015,202000,25.66,25.66,25.6565,25.6565,777,0
RITM_A.US,5,20251015,211000,25.66,25.66,25.66,25.66,100,0
RITM_A.US,5,20251015,212500,25.65,25.65,25.65,25.65,350,0
RITM_A.US,5,20251015,213000,25.655,25.655,25.655,25.655,200,0
RITM_A.US,5,20251015,214000,25.66,25.66,25.66,25.66,539,0
RITM_A.US,5,20251016,153500,25.66,25.66,25.66,25.66,200,0
RITM_A.US,5,20251016,154500,25.66,25.66,25.66,25.66,100,0
RITM_A.US,5,20251016,161500,25.66,25.66,25.66,25.66,216,0
RITM_A.US,5,20251016,162000,25.675,25.675,25.675,25.675,1000,0
RITM_A.US,5,20251016,183500,25.6808,25.6808,25.6808,25.6808,100,0
RITM_A.US,5,20251016,204500,25.6999,25.6999,25.6999,25.6999,500,0
RITM_A.US,5,20251016,212000,25.6717,25.6717,25.6601,25.6619,605,0
RITM_A.US,5,20251016,212500,25.66,25.6606,25.66,25.6606,1000,0
RITM_A.US,5,20251016,213000,25.6815,25.6815,25.6815,25.6815,1276,0
RITM_A.US,5,20251016,213500,25.66,25.66,25.66,25.66,246,0
RITM_A.US,5,20251017,153000,25.65,25.65,25.6,25.6,337,0
RITM_A.US,5,20251017,162000,25.6,25.6,25.6,25.6,500,0
RITM_A.US,5,20251017,163000,25.65,25.65,25.65,25.65,200,0
RITM_A.US,5,20251017,165000,25.65,25.65,25.65,25.65,200,0
RITM_A.US,5,20251017,174500,25.65,25.6502,25.65,25.6502,1046,0
RITM_A.US,5,20251017,175000,25.65,25.65,25.65,25.65,578,0
RITM_A.US,5,20251017,181000,25.6427,25.65,25.6427,25.65,577,0
RITM_A.US,5,20251017,200000,25.6138,25.6138,25.6138,25.6138,309,0
RITM_A.US,5,20251017,201000,25.64,25.64,25.64,25.64,100,0
RITM_A.US,5,20251017,215500,25.61,25.61,25.61,25.61,491,0
RITM_A.US,5,20251020,153500,25.6931,25.6931,25.6931,25.6931,100,0
RITM_A.US,5,20251020,160000,25.655,25.655,25.655,25.655,210,0
RITM_A.US,5,20251020,161000,25.6896,25.6896,25.6896,25.6896,100,0
RITM_A.US,5,20251020,162000,25.6899,25.6899,25.6899,25.6899,2000,0
RITM_A.US,5,20251020,162500,25.6732,25.6732,25.6732,25.6732,200,0
RITM_A.US,5,20251020,171000,25.65,25.65,25.65,25.65,200,0
RITM_A.US,5,20251020,171500,25.65,25.65,25.65,25.65,100,0
RITM_A.US,5,20251020,173000,25.67,25.67,25.67,25.67,325,0
RITM_A.US,5,20251020,181000,25.67,25.6722,25.67,25.6722,319,0
RITM_A.US,5,20251020,192500,25.6755,25.6755,25.6755,25.6755,250,0
RITM_A.US,5,20251020,193500,25.68,25.6899,25.68,25.6899,4337,0
RITM_A.US,5,20251020,195500,25.69,25.69,25.6899,25.6899,882,0
RITM_A.US,5,20251020,200500,25.6811,25.6811,25.6811,25.6811,103,0
RITM_A.US,5,20251020,204000,25.67,25.6874,25.67,25.6874,546,0
RITM_A.US,5,20251020,215000,25.6996,25.6996,25.6996,25.6996,200,0
RITM_A.US,5,20251021,161000,25.7,25.7,25.6999,25.7,948,0
RITM_A.US,5,20251021,165000,25.66,25.695,25.66,25.695,1367,0
RITM_A.US,5,20251021,182000,25.73,25.73,25.7032,25.7032,1393,0
RITM_A.US,5,20251021,183000,25.72,25.72,25.71,25.71,400,0
RITM_A.US,5,20251021,204000,25.7298,25.73,25.7298,25.73,2144,0
RITM_A.US,5,20251021,211500,25.74,25.74,25.7399,25.7399,400,0
RITM_A.US,5,20251021,213000,25.725,25.725,25.725,25.725,269,0
RITM_A.US,5,20251021,214000,25.74,25.74,25.7399,25.7399,1310,0
RITM_A.US,5,20251021,215000,25.75,25.75,25.7499,25.7499,1794,0
RITM_A.US,5,20251021,215500,25.77,25.77,25.77,25.77,320,0
RITM_A.US,5,20251022,153500,25.74,25.74,25.71,25.7399,900,0
RITM_A.US,5,20251022,160500,25.7275,25.7275,25.7275,25.7275,500,0
RITM_A.US,5,20251022,161000,25.75,25.75,25.75,25.75,700,0
RITM_A.US,5,20251022,170000,25.7427,25.7427,25.7427,25.7427,800,0
RITM_A.US,5,20251022,181500,25.74,25.74,25.74,25.74,609,0
RITM_A.US,5,20251022,183000,25.74,25.74,25.74,25.74,152,0
RITM_A.US,5,20251022,184500,25.74,25.76,25.74,25.7599,957,0
RITM_A.US,5,20251022,202000,25.74,25.745,25.74,25.745,543,0
RITM_A.US,5,20251022,210000,25.76,25.76,25.7599,25.7599,1422,0
RITM_A.US,5,20251022,212500,25.77,25.77,25.7699,25.77,1726,0
RITM_A.US,5,20251022,213500,25.77,25.77,25.77,25.77,398,0
RITM_A.US,5,20251022,215000,25.77,25.77,25.77,25.77,200,0
RITM_A.US,5,20251023,164000,25.77,25.77,25.7699,25.7699,802,0
RITM_A.US,5,20251023,172000,25.75,25.75,25.75,25.75,588,0
RITM_A.US,5,20251023,172500,25.7468,25.75,25.73,25.73,654,0
RITM_A.US,5,20251023,181000,25.7524,25.7524,25.7524,25.7524,515,0
RITM_A.US,5,20251023,185000,25.7696,25.77,25.7696,25.77,236,0
RITM_A.US,5,20251023,185500,25.7658,25.7658,25.7658,25.7658,500,0
RITM_A.US,5,20251023,190000,25.7635,25.7635,25.7635,25.7635,500,0
RITM_A.US,5,20251023,191500,25.7656,25.7656,25.7656,25.7656,900,0
RITM_A.US,5,20251023,192000,25.77,25.78,25.7699,25.78,400,0
RITM_A.US,5,20251023,192500,25.79,25.79,25.79,25.79,100,0
RITM_A.US,5,20251023,193000,25.79,25.79,25.79,25.79,100,0
RITM_A.US,5,20251023,204000,25.79,25.79,25.7899,25.79,424,0
RITM_A.US,5,20251023,204500,25.79,25.79,25.79,25.79,100,0
RITM_A.US,5,20251023,210000,25.783,25.783,25.783,25.783,500,0
RITM_A.US,5,20251023,210500,25.781,25.781,25.781,25.781,500,0
RITM_A.US,5,20251023,212000,25.77,25.77,25.77,25.77,100,0
RITM_A.US,5,20251024,153000,25.8,25.8,25.8,25.8,100,0
RITM_A.US,5,20251024,154000,25.755,25.7805,25.755,25.7805,300,0
RITM_A.US,5,20251024,160500,25.7999,25.7999,25.7999,25.7999,500,0
RITM_A.US,5,20251024,161000,25.755,25.8,25.755,25.8,704,0
RITM_A.US,5,20251024,163000,25.76,25.76,25.76,25.76,150,0
RITM_A.US,5,20251024,163500,25.79,25.81,25.79,25.7999,1820,0
RITM_A.US,5,20251024,165500,25.7984,25.805,25.78,25.7975,1150,0
RITM_A.US,5,20251024,170500,25.78,25.8,25.78,25.78,750,0
RITM_A.US,5,20251024,173500,25.83,25.83,25.8,25.82,466,0
RITM_A.US,5,20251024,174000,25.82,25.82,25.82,25.82,100,0
RITM_A.US,5,20251024,192500,25.8254,25.8254,25.8254,25.8254,100,0
RITM_A.US,5,20251024,200500,25.83,25.84,25.83,25.84,1968,0
RITM_A.US,5,20251024,214000,25.8187,25.8187,25.8187,25.8187,800,0
RITM_A.US,5,20251027,151500,25.765,25.765,25.765,25.765,230,0
RITM_A.US,5,20251027,162500,25.8,25.81,25.789,25.8045,1622,0
RITM_A.US,5,20251027,165000,25.8,25.8,25.8,25.8,900,0
RITM_A.US,5,20251027,194000,25.8,25.8,25.8,25.8,500,0
RITM_A.US,5,20251027,201000,25.79,25.79,25.79,25.79,100,0
RITM_A.US,5,20251027,202000,25.8,25.8,25.8,25.8,100,0
RITM_A.US,5,20251027,204500,25.793,25.8,25.793,25.8,1068,0
RITM_A.US,5,20251028,144500,25.7993,25.8,25.7993,25.8,200,0
RITM_A.US,5,20251028,145500,25.7776,25.7776,25.7776,25.7776,104,0
RITM_A.US,5,20251028,160500,25.79,25.79,25.79,25.79,139,0
RITM_A.US,5,20251028,161000,25.79,25.79,25.79,25.79,100,0
RITM_A.US,5,20251028,161500,25.8,25.8,25.8,25.8,129,0
RITM_A.US,5,20251028,162000,25.8,25.8,25.8,25.8,100,0
RITM_A.US,5,20251028,173000,25.7901,25.81,25.78,25.81,1611,0
RITM_A.US,5,20251028,174000,25.82,25.82,25.82,25.82,100,0
RITM_A.US,5,20251028,182000,25.82,25.82,25.82,25.82,100,0
RITM_A.US,5,20251028,182500,25.805,25.805,25.805,25.805,126,0
RITM_A.US,5,20251028,185500,25.82,25.82,25.82,25.82,100,0
RITM_A.US,5,20251028,194500,25.81,25.81,25.81,25.81,277,0
RITM_A.US,5,20251028,195000,25.8106,25.8106,25.8106,25.8106,270,0
RITM_A.US,5,20251028,201000,25.8364,25.8364,25.8364,25.8364,100,0
RITM_A.US,5,20251028,203500,25.81,25.81,25.81,25.81,678,0
RITM_A.US,5,20251028,204500,25.8324,25.8324,25.8324,25.8324,670,0
RITM_A.US,5,20251029,152000,25.8599,25.8599,25.8599,25.8599,400,0
RITM_A.US,5,20251029,162000,25.83,25.83,25.83,25.83,279,0
RITM_A.US,5,20251029,175500,25.81,25.81,25.81,25.81,750,0
RITM_A.US,5,20251029,180500,25.7986,25.7986,25.7986,25.7986,300,0
RITM_A.US,5,20251029,200000,25.8279,25.8279,25.8279,25.8279,968,0
RITM_A.US,5,20251029,202000,25.825,25.825,25.825,25.825,300,0
RITM_A.US,5,20251029,203000,25.85,25.85,25.8499,25.8499,200,0
RITM_A.US,5,20251030,143500,25.8238,25.88,25.82,25.82,2469,0
RITM_A.US,5,20251030,151500,25.8315,25.8315,25.8315,25.8315,831,0
RITM_A.US,5,20251030,152000,25.815,25.815,25.815,25.815,225,0
RITM_A.US,5,20251030,161000,25.7843,25.7843,25.7843,25.7843,350,0
RITM_A.US,5,20251030,164000,25.77,25.77,25.77,25.77,100,0
RITM_A.US,5,20251030,172500,25.815,25.815,25.815,25.815,100,0
RITM_A.US,5,20251030,173000,25.85,25.85,25.85,25.85,152,0
RITM_A.US,5,20251030,192500,25.78,25.808,25.78,25.808,200,0
RITM_A.US,5,20251030,193500,25.78,25.78,25.78,25.78,100,0
RITM_A.US,5,20251030,194000,25.8,25.8,25.8,25.8,100,0
RITM_A.US,5,20251030,200500,25.8494,25.8494,25.8494,25.8494,300,0
RITM_A.US,5,20251030,201000,25.8,25.8,25.8,25.8,100,0
RITM_A.US,5,20251030,202500,25.8,25.8,25.8,25.8,100,0
RITM_A.US,5,20251030,203000,25.81,25.81,25.81,25.81,200,0
RITM_A.US,5,20251030,205500,25.84,25.84,25.84,25.84,193,0
RITM_A.US,5,20251031,143000,25.312,25.312,25.312,25.312,835,0
RITM_A.US,5,20251031,145000,25.31,25.34,25.31,25.34,456,0
RITM_A.US,5,20251031,145500,25.3,25.3,25.3,25.3,888,0
RITM_A.US,5,20251031,150000,25.3399,25.3399,25.3399,25.3399,426,0
RITM_A.US,5,20251031,151000,25.28,25.3,25.28,25.3,1134,0
RITM_A.US,5,20251031,151500,25.2833,25.2833,25.2833,25.2833,193,0
RITM_A.US,5,20251031,152500,25.29,25.29,25.29,25.29,100,0
RITM_A.US,5,20251031,153500,25.3167,25.319,25.3,25.3,1960,0
RITM_A.US,5,20251031,154000,25.3,25.3,25.29,25.29,989,0
RITM_A.US,5,20251031,154500,25.29,25.29,25.29,25.29,500,0
RITM_A.US,5,20251031,160500,25.26,25.26,25.26,25.26,100,0
RITM_A.US,5,20251031,161000,25.2884,25.2884,25.2884,25.2884,396,0
RITM_A.US,5,20251031,161500,25.3012,25.3012,25.285,25.285,706,0
RITM_A.US,5,20251031,162000,25.31,25.31,25.26,25.26,206,0
RITM_A.US,5,20251031,164500,25.26,25.26,25.26,25.26,200,0
RITM_A.US,5,20251031,165500,25.26,25.26,25.26,25.26,270,0
RITM_A.US,5,20251031,170500,25.2765,25.2765,25.2765,25.2765,118,0
RITM_A.US,5,20251031,171000,25.26,25.26,25.26,25.26,310,0
RITM_A.US,5,20251031,171500,25.2799,25.2799,25.2799,25.2799,300,0
RITM_A.US,5,20251031,172000,25.2782,25.2782,25.2782,25.2782,300,0
RITM_A.US,5,20251031,173000,25.27,25.27,25.27,25.27,100,0
RITM_A.US,5,20251031,173500,25.26,25.26,25.26,25.26,500,0
RITM_A.US,5,20251031,174500,25.2601,25.2601,25.2601,25.2601,310,0
RITM_A.US,5,20251031,175000,25.26,25.26,25.26,25.26,100,0
RITM_A.US,5,20251031,182500,25.25,25.25,25.25,25.25,100,0
RITM_A.US,5,20251031,183000,25.25,25.26,25.25,25.26,600,0
RITM_A.US,5,20251031,183500,25.27,25.27,25.27,25.27,400,0
RITM_A.US,5,20251031,184000,25.25,25.25,25.25,25.25,100,0
RITM_A.US,5,20251031,190500,25.25,25.25,25.25,25.25,2075,0
RITM_A.US,5,20251031,192000,25.255,25.26,25.25,25.25,1146,0
RITM_A.US,5,20251031,192500,25.25,25.25,25.25,25.25,100,0
RITM_A.US,5,20251031,193000,25.2512,25.253,25.241,25.241,700,0
RITM_A.US,5,20251031,200000,25.26,25.26,25.26,25.26,300,0
RITM_A.US,5,20251031,201500,25.2745,25.28,25.2745,25.28,300,0
RITM_A.US,5,20251031,202500,25.28,25.28,25.28,25.28,100,0
RITM_A.US,5,20251031,205500,25.3,25.35,25.3,25.35,1275,0
RITM_A.US,5,20251103,153000,25.325,25.325,25.325,25.325,147,0
RITM_A.US,5,20251103,155000,25.32,25.32,25.32,25.32,100,0
RITM_A.US,5,20251103,155500,25.345,25.345,25.32,25.32,1100,0
RITM_A.US,5,20251103,160000,25.36,25.37,25.3599,25.3599,2958,0
RITM_A.US,5,20251103,160500,25.37,25.37,25.37,25.37,100,0
RITM_A.US,5,20251103,161000,25.379,25.379,25.379,25.379,190,0
RITM_A.US,5,20251103,162500,25.37,25.37,25.37,25.37,200,0
RITM_A.US,5,20251103,163000,25.37,25.38,25.37,25.38,696,0
RITM_A.US,5,20251103,163500,25.37,25.37,25.37,25.37,300,0
RITM_A.US,5,20251103,165500,25.37,25.385,25.37,25.385,350,0
RITM_A.US,5,20251103,171500,25.4,25.4,25.39,25.39,802,0
RITM_A.US,5,20251103,172000,25.3799,25.39,25.37,25.39,1190,0
RITM_A.US,5,20251103,172500,25.39,25.39,25.37,25.3846,1162,0
RITM_A.US,5,20251103,174500,25.32,25.32,25.32,25.32,100,0
RITM_A.US,5,20251103,175000,25.32,25.32,25.32,25.32,676,0
RITM_A.US,5,20251103,180500,25.26,25.26,25.26,25.26,100,0
RITM_A.US,5,20251103,183000,25.26,25.298,25.26,25.298,250,0
RITM_A.US,5,20251103,185500,25.2899,25.2899,25.2899,25.2899,599,0
RITM_A.US,5,20251103,190000,25.295,25.295,25.295,25.295,100,0
RITM_A.US,5,20251103,200500,25.28,25.28,25.28,25.28,100,0
RITM_A.US,5,20251103,201500,25.2927,25.2927,25.2927,25.2927,396,0
RITM_A.US,5,20251103,211000,25.31,25.31,25.31,25.31,1000,0
RITM_A.US,5,20251103,212000,25.3099,25.3099,25.3099,25.3099,1000,0
RITM_A.US,5,20251103,214000,25.27,25.27,25.27,25.27,100,0
RITM_A.US,5,20251103,215000,25.2859,25.29,25.2859,25.29,1188,0
RITM_A.US,5,20251104,153000,25.26,25.3349,25.26,25.3349,200,0
RITM_A.US,5,20251104,154500,25.2715,25.2715,25.2715,25.2715,350,0
RITM_A.US,5,20251104,161500,25.27,25.27,25.27,25.27,305,0
RITM_A.US,5,20251104,162500,25.38,25.39,25.325,25.325,900,0
RITM_A.US,5,20251104,180500,25.314,25.314,25.314,25.314,133,0
RITM_A.US,5,20251104,184000,25.27,25.27,25.27,25.27,200,0
RITM_A.US,5,20251104,185000,25.26,25.27,25.26,25.27,216,0
RITM_A.US,5,20251104,190500,25.2516,25.27,25.2516,25.2599,1260,0
RITM_A.US,5,20251104,191500,25.26,25.26,25.2533,25.26,596,0
RITM_A.US,5,20251104,193500,25.2599,25.2599,25.2599,25.2599,500,0
RITM_A.US,5,20251104,204000,25.2475,25.2475,25.2475,25.2475,100,0
RITM_A.US,5,20251104,204500,25.2624,25.27,25.26,25.2699,1532,0
RITM_A.US,5,20251104,215500,25.34,25.34,25.34,25.34,100,0
RITM_A.US,5,20251105,162500,25.41,25.41,25.4099,25.4099,442,0
RITM_A.US,5,20251105,163000,25.42,25.42,25.42,25.42,100,0
RITM_A.US,5,20251105,182500,25.37,25.37,25.37,25.37,100,0
RITM_A.US,5,20251105,194000,25.345,25.345,25.345,25.345,200,0
RITM_A.US,5,20251105,203500,25.32,25.3449,25.32,25.3449,300,0
RITM_A.US,5,20251105,210500,25.3525,25.3525,25.3525,25.3525,100,0
RITM_A.US,5,20251105,211000,25.3367,25.3367,25.32,25.32,200,0
RITM_A.US,5,20251105,212500,25.348,25.348,25.348,25.348,100,0
RITM_A.US,5,20251105,213500,25.3499,25.3499,25.33,25.33,200,0
RITM_A.US,5,20251106,153500,25.38,25.38,25.38,25.38,1970,0
RITM_A.US,5,20251106,163000,25.39,25.4,25.39,25.4,1696,0
RITM_A.US,5,20251106,165500,25.25,25.2501,25.25,25.2501,231,0
RITM_A.US,5,20251106,202500,25.2836,25.2836,25.2836,25.2836,337,0
RITM_A.US,5,20251107,154000,25.4405,25.4405,25.4405,25.4405,2000,0
RITM_A.US,5,20251107,162500,25.3,25.334,25.3,25.334,574,0
RITM_A.US,5,20251107,164000,25.29,25.29,25.29,25.29,500,0
RITM_A.US,5,20251107,164500,25.29,25.3168,25.29,25.3168,700,0
RITM_A.US,5,20251107,165500,25.3385,25.3385,25.3385,25.3385,731,0
RITM_A.US,5,20251107,180000,25.32,25.32,25.32,25.32,100,0
RITM_A.US,5,20251107,182500,25.3025,25.33,25.2975,25.317,1800,0
RITM_A.US,5,20251107,191000,25.37,25.41,25.37,25.41,300,0
RITM_A.US,5,20251107,192000,25.39,25.3901,25.35,25.35,500,0
RITM_A.US,5,20251107,192500,25.3408,25.3408,25.3408,25.3408,199,0
RITM_A.US,5,20251107,193500,25.32,25.32,25.32,25.32,130,0
RITM_A.US,5,20251107,195000,25.35,25.35,25.35,25.35,200,0
RITM_A.US,5,20251107,212000,25.36,25.36,25.3599,25.3599,350,0
RITM_A.US,5,20251110,153500,25.36,25.36,25.36,25.36,100,0
RITM_A.US,5,20251110,154000,25.32,25.32,25.32,25.32,125,0
RITM_A.US,5,20251110,155500,25.28,25.36,25.28,25.36,200,0
RITM_A.US,5,20251110,162500,25.3486,25.3486,25.3486,25.3486,400,0
RITM_A.US,5,20251110,164500,25.35,25.35,25.35,25.35,100,0
RITM_A.US,5,20251110,171000,25.36,25.36,25.36,25.36,100,0
RITM_A.US,5,20251110,182000,25.36,25.36,25.36,25.36,400,0
RITM_A.US,5,20251110,183000,25.35,25.35,25.35,25.35,100,0
RITM_A.US,5,20251110,183500,25.36,25.36,25.36,25.36,100,0
RITM_A.US,5,20251110,210000,25.3565,25.3565,25.3565,25.3565,100,0
RITM_A.US,5,20251111,155000,25.34,25.34,25.34,25.34,100,0
RITM_A.US,5,20251111,160000,25.32,25.324,25.32,25.324,2400,0
RITM_A.US,5,20251111,160500,25.32,25.32,25.294,25.294,200,0
RITM_A.US,5,20251111,162000,25.302,25.32,25.3,25.3,600,0
RITM_A.US,5,20251111,162500,25.32,25.32,25.32,25.32,100,0
RITM_A.US,5,20251111,165500,25.294,25.294,25.294,25.294,100,0
RITM_A.US,5,20251111,170000,25.32,25.32,25.32,25.32,100,0
RITM_A.US,5,20251111,171000,25.28,25.32,25.28,25.32,400,0
RITM_A.US,5,20251111,171500,25.32,25.32,25.32,25.32,100,0
RITM_A.US,5,20251111,172500,25.29,25.29,25.29,25.29,100,0
RITM_A.US,5,20251111,174000,25.32,25.32,25.32,25.32,100,0
RITM_A.US,5,20251111,183000,25.31,25.31,25.3,25.31,650,0
RITM_A.US,5,20251111,183500,25.31,25.31,25.31,25.31,250,0
RITM_A.US,5,20251111,184500,25.2937,25.31,25.2937,25.31,3659,0
RITM_A.US,5,20251111,185500,25.31,25.31,25.31,25.31,226,0
RITM_A.US,5,20251111,193500,25.29,25.29,25.29,25.29,711,0
RITM_A.US,5,20251111,210500,25.31,25.31,25.31,25.31,100,0
RITM_A.US,5,20251111,214000,25.3072,25.3072,25.3072,25.3072,120,0
RITM_A.US,5,20251112,162000,25.35,25.3599,25.35,25.3599,750,0
RITM_A.US,5,20251112,163000,25.35,25.35,25.35,25.35,100,0
RITM_A.US,5,20251112,190500,25.34,25.34,25.32,25.32,689,0
RITM_A.US,5,20251112,193000,25.3275,25.3275,25.3275,25.3275,108,0
RITM_A.US,5,20251112,194500,25.35,25.35,25.3225,25.3225,2000,0
RITM_A.US,5,20251112,203000,25.33,25.35,25.33,25.3499,1338,0
RITM_A.US,5,20251112,210000,25.35,25.35,25.3499,25.3499,900,0
RITM_A.US,5,20251112,211000,25.35,25.35,25.35,25.35,100,0
RITM_A.US,5,20251112,212000,25.35,25.35,25.35,25.35,821,0
RITM_A.US,5,20251112,214000,25.36,25.36,25.355,25.355,1766,0
RITM_A.US,5,20251112,215500,25.4084,25.48,25.4084,25.48,304,0
RITM_A.US,5,20251113,161000,25.39,25.39,25.39,25.39,101,0
RITM_A.US,5,20251113,163500,25.41,25.41,25.41,25.41,100,0
RITM_A.US,5,20251113,164500,25.35,25.3506,25.35,25.3506,868,0
RITM_A.US,5,20251113,172000,25.35,25.35,25.29,25.29,200,0
RITM_A.US,5,20251113,173500,25.3005,25.3005,25.3,25.3,225,0
RITM_A.US,5,20251113,175000,25.3,25.3167,25.29,25.29,2000,0
RITM_A.US,5,20251113,175500,25.29,25.29,25.29,25.29,100,0
RITM_A.US,5,20251113,180500,25.29,25.29,25.29,25.29,100,0
RITM_A.US,5,20251113,182000,25.29,25.29,25.29,25.29,100,0
RITM_A.US,5,20251113,183500,25.29,25.29,25.29,25.29,100,0
RITM_A.US,5,20251113,191500,25.32,25.32,25.32,25.32,1589,0
RITM_A.US,5,20251113,192000,25.32,25.32,25.32,25.32,200,0
RITM_A.US,5,20251113,192500,25.32,25.32,25.32,25.32,750,0
RITM_A.US,5,20251113,195500,25.3335,25.3335,25.3335,25.3335,500,0
RITM_A.US,5,20251113,200000,25.39,25.39,25.3899,25.3899,800,0
RITM_A.US,5,20251113,211500,25.38,25.4,25.38,25.4,720,0
RITM_A.US,5,20251114,163000,25.4118,25.4118,25.4118,25.4118,150,0
RITM_A.US,5,20251114,164500,25.43,25.4301,25.4,25.4,2212,0
RITM_A.US,5,20251114,165500,25.3501,25.3501,25.3501,25.3501,338,0
RITM_A.US,5,20251114,171500,25.41,25.41,25.41,25.41,100,0
RITM_A.US,5,20251114,173500,25.41,25.41,25.41,25.41,100,0
RITM_A.US,5,20251114,182000,25.4,25.4,25.4,25.4,100,0
RITM_A.US,5,20251114,193500,25.375,25.4,25.375,25.4,200,0
RITM_A.US,5,20251114,205500,25.4,25.4,25.4,25.4,100,0
RITM_A.US,5,20251114,211500,25.3733,25.3733,25.3733,25.3733,133,0
RITM_A.US,5,20251114,212500,25.4,25.4,25.375,25.3999,512,0
RITM_A.US,5,20251114,215500,25.36,25.36,25.35,25.35,3400,0
RITM_A.US,5,20251117,153000,25.3787,25.3787,25.3787,25.3787,396,0
RITM_A.US,5,20251117,155000,25.39,25.39,25.39,25.39,400,0
RITM_A.US,5,20251117,162500,25.4,25.4,25.4,25.4,124,0
RITM_A.US,5,20251117,182500,25.37,25.39,25.37,25.39,3370,0
RITM_A.US,5,20251117,194500,25.34,25.34,25.34,25.34,100,0
RITM_A.US,5,20251117,195000,25.32,25.32,25.32,25.32,100,0
RITM_A.US,5,20251117,195500,25.32,25.32,25.32,25.32,100,0
RITM_A.US,5,20251117,200000,25.32,25.32,25.32,25.32,300,0
RITM_A.US,5,20251117,200500,25.32,25.32,25.32,25.32,600,0
RITM_A.US,5,20251117,201000,25.32,25.3308,25.32,25.32,690,0
RITM_A.US,5,20251117,201500,25.32,25.32,25.32,25.32,300,0
RITM_A.US,5,20251117,202000,25.32,25.32,25.32,25.32,300,0
RITM_A.US,5,20251117,202500,25.32,25.32,25.32,25.32,300,0
RITM_A.US,5,20251117,203000,25.32,25.32,25.32,25.32,400,0
RITM_A.US,5,20251117,203500,25.32,25.32,25.32,25.32,400,0
RITM_A.US,5,20251117,204000,25.32,25.32,25.32,25.32,200,0
RITM_A.US,5,20251117,210500,25.335,25.335,25.335,25.335,100,0
RITM_A.US,5,20251117,212500,25.3,25.3,25.3,25.3,100,0
RITM_A.US,5,20251117,213500,25.3,25.3,25.28,25.28,1772,0
RITM_A.US,5,20251117,215000,25.295,25.32,25.28,25.28,1000,0
RITM_A.US,5,20251118,154000,25.27,25.27,25.27,25.27,700,0
RITM_A.US,5,20251118,155000,25.25,25.2501,25.25,25.25,1980,0
RITM_A.US,5,20251118,160500,25.27,25.27,25.27,25.27,100,0
RITM_A.US,5,20251118,161000,25.27,25.27,25.27,25.27,100,0
RITM_A.US,5,20251118,164500,25.26,25.26,25.26,25.26,100,0
RITM_A.US,5,20251118,165500,25.25,25.25,25.25,25.25,1670,0
RITM_A.US,5,20251118,170000,25.29,25.29,25.29,25.29,200,0
RITM_A.US,5,20251118,171500,25.3063,25.3063,25.3063,25.3063,1353,0
RITM_A.US,5,20251118,172000,25.2837,25.2837,25.2837,25.2837,265,0
RITM_A.US,5,20251118,180000,25.27,25.27,25.27,25.27,800,0
RITM_A.US,5,20251118,181500,25.2656,25.2656,25.2656,25.2656,200,0
RITM_A.US,5,20251118,182500,25.2621,25.2621,25.2621,25.2621,500,0
RITM_A.US,5,20251118,184000,25.2726,25.2726,25.27,25.27,1100,0
RITM_A.US,5,20251118,193500,25.28,25.28,25.28,25.28,200,0
RITM_A.US,5,20251118,194000,25.28,25.28,25.26,25.2607,494,0
RITM_A.US,5,20251118,202500,25.26,25.295,25.26,25.295,300,0
RITM_A.US,5,20251118,205500,25.26,25.295,25.26,25.295,500,0
RITM_A.US,5,20251118,215500,25.2985,25.2985,25.26,25.26,300,0
RITM_A.US,5,20251119,153000,25.26,25.26,25.26,25.26,1600,0
RITM_A.US,5,20251119,153500,25.22,25.22,25.22,25.22,100,0
RITM_A.US,5,20251119,160000,25.25,25.26,25.25,25.26,400,0
RITM_A.US,5,20251119,160500,25.25,25.25,25.25,25.25,120,0
RITM_A.US,5,20251119,163500,25.2798,25.2798,25.2798,25.2798,500,0
RITM_A.US,5,20251119,174500,25.33,25.33,25.33,25.33,100,0
RITM_A.US,5,20251119,183000,25.2966,25.2966,25.2966,25.2966,1000,0
RITM_A.US,5,20251119,213000,25.26,25.26,25.25,25.25,384,0
RITM_A.US,5,20251119,215000,25.25,25.25,25.25,25.25,400,0
RITM_A.US,5,20251119,215500,25.25,25.25,25.25,25.25,200,0
RITM_A.US,5,20251120,153000,25.25,25.25,25.25,25.25,631,0
RITM_A.US,5,20251120,153500,25.25,25.25,25.25,25.25,600,0
RITM_A.US,5,20251120,155500,25.25,25.25,25.2225,25.2412,1400,0
RITM_A.US,5,20251120,163500,25.25,25.29,25.25,25.275,507,0
RITM_A.US,5,20251120,170000,25.265,25.265,25.25,25.2602,3100,0
RITM_A.US,5,20251120,172000,25.25,25.25,25.25,25.25,200,0
RITM_A.US,5,20251120,173500,25.25,25.25,25.25,25.25,497,0
RITM_A.US,5,20251120,175500,25.25,25.25,25.25,25.25,606,0
RITM_A.US,5,20251120,180500,25.2,25.2,25.2,25.2,488,0
RITM_A.US,5,20251120,191500,25.2249,25.2249,25.2,25.215,2066,0
RITM_A.US,5,20251120,194500,25.22,25.22,25.22,25.22,200,0
RITM_A.US,5,20251120,195500,25.22,25.22,25.22,25.22,1000,0
RITM_A.US,5,20251120,203000,25.24,25.24,25.24,25.24,119,0
RITM_A.US,5,20251120,213500,25.23,25.23,25.22,25.22,345,0
RITM_A.US,5,20251120,214000,25.22,25.22,25.22,25.22,100,0
RITM_A.US,5,20251120,215000,25.22,25.22,25.22,25.22,510,0
RITM_A.US,5,20251120,215500,25.22,25.22,25.22,25.22,100,0
RITM_A.US,5,20251121,154000,25.21,25.21,25.21,25.21,100,0
RITM_A.US,5,20251121,154500,25.2047,25.2047,25.2,25.2,1280,0
RITM_A.US,5,20251121,155000,25.21,25.21,25.2,25.2,4216,0
RITM_A.US,5,20251121,155500,25.195,25.195,25.195,25.195,200,0
RITM_A.US,5,20251121,160000,25.19,25.19,25.19,25.19,1000,0
RITM_A.US,5,20251121,161500,25.2,25.2001,25.2,25.2001,7312,0
RITM_A.US,5,20251121,162000,25.2121,25.2121,25.2121,25.2121,100,0
RITM_A.US,5,20251121,173000,25.22,25.22,25.22,25.22,100,0
RITM_A.US,5,20251121,173500,25.2,25.22,25.2,25.22,2002,0
RITM_A.US,5,20251121,175000,25.24,25.24,25.24,25.24,1000,0
RITM_A.US,5,20251121,182500,25.28,25.28,25.28,25.28,100,0
RITM_A.US,5,20251121,184000,25.25,25.25,25.19,25.24,1355,0
RITM_A.US,5,20251121,201500,25.24,25.24,25.24,25.24,200,0
RITM_A.US,5,20251121,211000,25.259,25.259,25.259,25.259,1000,0
RITM_A.US,5,20251121,211500,25.2639,25.2644,25.2639,25.2644,200,0
RITM_A.US,5,20251121,213000,25.27,25.28,25.27,25.28,2580,0
RITM_A.US,5,20251124,170000,25.25,25.25,25.2,25.2,3906,0
RITM_A.US,5,20251124,173500,25.28,25.28,25.28,25.28,316,0
RITM_A.US,5,20251124,181000,25.2519,25.2519,25.2519,25.2519,532,0
RITM_A.US,5,20251124,185000,25.25,25.25,25.2499,25.2499,2150,0
RITM_A.US,5,20251124,190000,25.25,25.26,25.25,25.25,1295,0
RITM_A.US,5,20251124,194000,25.295,25.295,25.295,25.295,500,0
RITM_A.US,5,20251124,195000,25.32,25.33,25.32,25.32,680,0
RITM_A.US,5,20251124,215500,25.32,25.32,25.32,25.32,456,0
RITM_A.US,5,20251125,164500,25.29,25.29,25.29,25.29,103,0
RITM_A.US,5,20251125,170500,25.26,25.26,25.25,25.25,937,0
RITM_A.US,5,20251125,171000,25.26,25.26,25.26,25.26,1454,0
RITM_A.US,5,20251125,172000,25.28,25.28,25.28,25.28,406,0
RITM_A.US,5,20251125,180000,25.2777,25.2777,25.2777,25.2777,741,0
RITM_A.US,5,20251125,181000,25.2831,25.2831,25.2831,25.2831,395,0
RITM_A.US,5,20251125,182500,25.2999,25.3,25.2999,25.3,1900,0
RITM_A.US,5,20251125,185500,25.28,25.31,25.28,25.28,2806,0
RITM_A.US,5,20251125,194500,25.27,25.27,25.2601,25.2601,496,0
RITM_A.US,5,20251125,215500,25.33,25.33,25.33,25.33,100,0
RITM_A.US,5,20251126,161500,25.27,25.27,25.25,25.25,1053,0
RITM_A.US,5,20251126,163000,25.2372,25.25,25.2372,25.25,1250,0
RITM_A.US,5,20251126,163500,25.25,25.25,25.25,25.25,250,0
RITM_A.US,5,20251126,164500,25.3102,25.3193,25.26,25.26,1100,0
RITM_A.US,5,20251126,165000,25.26,25.26,25.26,25.26,679,0
RITM_A.US,5,20251126,170000,25.26,25.26,25.23,25.23,2617,0
RITM_A.US,5,20251126,171500,25.26,25.26,25.26,25.26,110,0
RITM_A.US,5,20251126,184000,25.26,25.26,25.23,25.2575,1786,0
RITM_A.US,5,20251126,190500,25.25,25.25,25.25,25.25,200,0
RITM_A.US,5,20251126,194000,25.31,25.31,25.31,25.31,175,0
RITM_A.US,5,20251126,201000,25.283,25.283,25.283,25.283,437,0
RITM_A.US,5,20251126,205000,25.3013,25.3013,25.3013,25.3013,250,0
RITM_A.US,5,20251126,205500,25.31,25.31,25.31,25.31,545,0
RITM_A.US,5,20251128,165500,25.24,25.24,25.24,25.24,270,0
RITM_A.US,5,20251128,170500,25.23,25.23,25.23,25.23,2200,0
RITM_A.US,5,20251128,173000,25.27,25.27,25.2699,25.27,2500,0
RITM_A.US,5,20251128,174000,25.255,25.27,25.255,25.2598,795,0
RITM_A.US,5,20251128,182500,25.27,25.27,25.27,25.27,100,0
RITM_A.US,5,20251201,153500,25.265,25.265,25.265,25.265,750,0
RITM_A.US,5,20251201,161000,25.2661,25.2661,25.2661,25.2661,200,0
RITM_A.US,5,20251201,162000,25.265,25.265,25.25,25.25,202,0
RITM_A.US,5,20251201,162500,25.25,25.25,25.25,25.25,1022,0
RITM_A.US,5,20251201,181500,25.27,25.27,25.27,25.27,300,0
RITM_A.US,5,20251201,183500,25.23,25.23,25.23,25.23,100,0
RITM_A.US,5,20251201,184500,25.26,25.26,25.26,25.26,400,0
RITM_A.US,5,20251201,193000,25.25,25.25,25.25,25.25,100,0
RITM_A.US,5,20251201,194000,25.2458,25.25,25.2455,25.25,673,0
RITM_A.US,5,20251201,194500,25.25,25.25,25.2499,25.25,400,0
RITM_A.US,5,20251201,202000,25.26,25.26,25.2599,25.2599,800,0
RITM_A.US,5,20251201,214500,25.24,25.24,25.24,25.24,500,0
RITM_A.US,5,20251201,215500,25.25,25.25,25.25,25.25,289,0
RITM_A.US,5,20251202,163000,25.27,25.27,25.27,25.27,190,0
RITM_A.US,5,20251202,172500,25.2691,25.2691,25.2691,25.2691,200,0
RITM_A.US,5,20251202,180500,25.2699,25.27,25.2699,25.27,1944,0
RITM_A.US,5,20251202,181500,25.27,25.27,25.2635,25.2635,240,0
RITM_A.US,5,20251202,185500,25.25,25.25,25.25,25.25,480,0
RITM_A.US,5,20251202,194500,25.2699,25.27,25.2699,25.27,890,0
RITM_A.US,5,20251202,195000,25.27,25.27,25.2699,25.2699,200,0
RITM_A.US,5,20251202,195500,25.2539,25.2539,25.25,25.25,886,0
RITM_A.US,5,20251202,203000,25.2655,25.2655,25.2655,25.2655,125,0
RITM_A.US,5,20251202,205000,25.2655,25.2655,25.2655,25.2655,400,0
RITM_A.US,5,20251202,210000,25.28,25.28,25.28,25.28,388,0
RITM_A.US,5,20251203,153000,25.3,25.3,25.3,25.3,1100,0
RITM_A.US,5,20251203,160000,25.278,25.278,25.278,25.278,395,0
RITM_A.US,5,20251203,182000,25.3,25.3,25.3,25.3,100,0
RITM_A.US,5,20251203,184000,25.3,25.3,25.29,25.29,294,0
RITM_A.US,5,20251203,191500,25.3,25.3,25.2999,25.2999,268,0
RITM_A.US,5,20251203,192000,25.3147,25.3147,25.3147,25.3147,500,0
RITM_A.US,5,20251203,193000,25.3,25.3,25.3,25.3,100,0
RITM_A.US,5,20251203,203500,25.29,25.29,25.29,25.29,131,0
RITM_A.US,5,20251203,204000,25.29,25.29,25.29,25.29,100,0
RITM_A.US,5,20251203,204500,25.3,25.3,25.3,25.3,100,0
RITM_A.US,5,20251203,205000,25.3,25.3,25.3,25.3,1000,0
RITM_A.US,5,20251203,214000,25.29,25.29,25.29,25.29,100,0
RITM_A.US,5,20251204,153000,25.29,25.29,25.29,25.29,100,0
RITM_A.US,5,20251204,154500,25.2852,25.2852,25.2852,25.2852,500,0
RITM_A.US,5,20251204,161500,25.29,25.29,25.29,25.29,100,0
RITM_A.US,5,20251204,171000,25.29,25.29,25.29,25.29,205,0
RITM_A.US,5,20251204,171500,25.2888,25.2888,25.281,25.2887,1500,0
RITM_A.US,5,20251204,172500,25.29,25.2901,25.29,25.2901,400,0
RITM_A.US,5,20251204,174500,25.3,25.3,25.3,25.3,100,0
RITM_A.US,5,20251204,181000,25.28,25.289,25.28,25.289,992,0
RITM_A.US,5,20251204,181500,25.2825,25.2825,25.2825,25.2825,500,0
RITM_A.US,5,20251204,182500,25.291,25.291,25.291,25.291,250,0
RITM_A.US,5,20251204,184000,25.3,25.3,25.3,25.3,100,0
RITM_A.US,5,20251204,195000,25.3,25.3,25.3,25.3,100,0
RITM_A.US,5,20251204,205500,25.29,25.29,25.29,25.29,100,0
RITM_A.US,5,20251204,211000,25.28,25.28,25.28,25.28,710,0
RITM_A.US,5,20251204,214000,25.28,25.28,25.28,25.28,657,0
RITM_A.US,5,20251205,153500,25.3,25.3,25.2999,25.3,4768,0
RITM_A.US,5,20251205,155000,25.26,25.26,25.26,25.26,386,0
RITM_A.US,5,20251205,164000,25.2843,25.2843,25.2843,25.2843,200,0
RITM_A.US,5,20251205,171500,25.25,25.25,25.25,25.25,178,0
RITM_A.US,5,20251205,184500,25.26,25.2702,25.26,25.2702,400,0
RITM_A.US,5,20251205,190500,25.2726,25.2726,25.2726,25.2726,800,0
RITM_A.US,5,20251205,191000,25.2743,25.2743,25.2743,25.2743,200,0
RITM_A.US,5,20251205,201500,25.2664,25.2664,25.2664,25.2664,500,0
RITM_A.US,5,20251205,203000,25.2765,25.2765,25.2765,25.2765,250,0
RITM_A.US,5,20251205,203500,25.275,25.28,25.275,25.28,450,0
RITM_A.US,5,20251208,153000,25.3,25.3,25.3,25.3,200,0
RITM_A.US,5,20251208,153500,25.28,25.28,25.28,25.28,242,0
RITM_A.US,5,20251208,161500,25.2604,25.2604,25.2604,25.2604,100,0
RITM_A.US,5,20251208,164000,25.28,25.28,25.28,25.28,200,0
RITM_A.US,5,20251208,170500,25.2999,25.2999,25.2999,25.2999,214,0
RITM_A.US,5,20251208,172000,25.2873,25.2873,25.2873,25.2873,100,0
RITM_A.US,5,20251208,181000,25.2996,25.2996,25.28,25.28,525,0
RITM_A.US,5,20251208,182000,25.2832,25.2832,25.2832,25.2832,1000,0
RITM_A.US,5,20251208,183500,25.2601,25.2601,25.2601,25.2601,338,0
RITM_A.US,5,20251208,185000,25.28,25.28,25.28,25.28,200,0
RITM_A.US,5,20251208,191500,25.27,25.27,25.27,25.27,250,0
RITM_A.US,5,20251208,192000,25.29,25.29,25.285,25.285,872,0
RITM_A.US,5,20251208,205500,25.29,25.29,25.29,25.29,100,0
RITM_A.US,5,20251208,212000,25.2701,25.2701,25.2701,25.2701,1037,0
RITM_A.US,5,20251208,215500,25.3,25.3,25.2865,25.2865,1646,0
RITM_A.US,5,20251209,164000,25.2676,25.2676,25.2676,25.2676,101,0
RITM_A.US,5,20251209,172000,25.29,25.3,25.29,25.3,1600,0
RITM_A.US,5,20251209,174500,25.27,25.27,25.27,25.27,100,0
RITM_A.US,5,20251209,181000,25.2701,25.2701,25.27,25.27,3037,0
RITM_A.US,5,20251209,182000,25.27,25.2775,25.26,25.2775,600,0
RITM_A.US,5,20251209,182500,25.2768,25.2768,25.2768,25.2768,677,0
RITM_A.US,5,20251209,183000,25.2732,25.2773,25.2732,25.2773,1000,0
RITM_A.US,5,20251209,192500,25.2999,25.2999,25.28,25.28,800,0
RITM_A.US,5,20251209,193500,25.2821,25.2821,25.2821,25.2821,300,0
RITM_A.US,5,20251209,200000,25.2999,25.2999,25.28,25.28,500,0
RITM_A.US,5,20251209,205000,25.2619,25.2619,25.2619,25.2619,101,0
RITM_A.US,5,20251209,212500,25.26,25.26,25.26,25.26,207,0
RITM_A.US,5,20251209,213000,25.2699,25.2699,25.2699,25.2699,300,0
RITM_A.US,5,20251209,214000,25.28,25.2834,25.28,25.2834,200,0
RITM_A.US,5,20251210,154500,25.2779,25.2779,25.2779,25.2779,338,0
RITM_A.US,5,20251210,160500,25.28,25.28,25.28,25.28,148,0
RITM_A.US,5,20251210,162000,25.2702,25.2702,25.2702,25.2702,148,0
RITM_A.US,5,20251210,163500,25.29,25.3,25.27,25.27,1122,0
RITM_A.US,5,20251210,174500,25.28,25.28,25.28,25.28,169,0
RITM_A.US,5,20251210,183500,25.2814,25.29,25.28,25.29,700,0
RITM_A.US,5,20251210,184000,25.2801,25.2801,25.28,25.28,300,0
RITM_A.US,5,20251210,184500,25.2743,25.2743,25.2743,25.2743,1000,0
RITM_A.US,5,20251210,185500,25.28,25.28,25.2799,25.2799,1000,0
RITM_A.US,5,20251210,191500,25.2869,25.2869,25.2869,25.2869,150,0
RITM_A.US,5,20251210,203000,25.29,25.29,25.29,25.29,250,0
RITM_A.US,5,20251210,203500,25.2999,25.2999,25.288,25.288,556,0
RITM_A.US,5,20251210,215500,25.3113,25.3113,25.3,25.3,650,0
RITM_A.US,5,20251211,160500,25.32,25.32,25.32,25.32,100,0
RITM_A.US,5,20251211,165000,25.3027,25.3027,25.3027,25.3027,200,0
RITM_A.US,5,20251211,172000,25.309,25.309,25.309,25.309,604,0
RITM_A.US,5,20251211,173500,25.32,25.32,25.32,25.32,1089,0
RITM_A.US,5,20251211,182000,25.3793,25.3793,25.3793,25.3793,100,0
RITM_A.US,5,20251211,183500,25.379,25.379,25.379,25.379,100,0
RITM_A.US,5,20251211,191500,25.38,25.38,25.38,25.38,100,0
RITM_A.US,5,20251211,192000,25.39,25.39,25.39,25.39,100,0
RITM_A.US,5,20251211,200500,25.3871,25.3871,25.3871,25.3871,100,0
RITM_A.US,5,20251211,213500,25.3784,25.3784,25.3784,25.3784,673,0
RITM_A.US,5,20251211,214000,25.38,25.38,25.38,25.38,100,0
RITM_A.US,5,20251212,155500,25.45,25.45,25.45,25.45,200,0
RITM_A.US,5,20251212,162000,25.3851,25.3851,25.3851,25.3851,200,0
RITM_A.US,5,20251212,165500,25.3948,25.3948,25.3948,25.3948,500,0
RITM_A.US,5,20251212,172000,25.3301,25.3301,25.3301,25.3301,550,0
RITM_A.US,5,20251212,173000,25.34,25.34,25.33,25.33,500,0
RITM_A.US,5,20251212,190000,25.44,25.44,25.44,25.44,100,0
RITM_A.US,5,20251212,191000,25.395,25.395,25.395,25.395,196,0
RITM_A.US,5,20251212,194000,25.395,25.395,25.3884,25.3884,1330,0
RITM_A.US,5,20251212,194500,25.44,25.44,25.44,25.44,136,0
RITM_A.US,5,20251212,213500,25.3818,25.3818,25.3818,25.3818,103,0
RITM_A.US,5,20251212,214000,25.35,25.35,25.35,25.35,100,0
RITM_A.US,5,20251212,215000,25.35,25.35,25.35,25.35,100,0
RITM_A.US,5,20251212,215500,25.385,25.385,25.385,25.385,200,0
RITM_A.US,5,20251215,154500,25.3718,25.3718,25.35,25.35,1535,0
RITM_A.US,5,20251215,155000,25.37,25.37,25.37,25.37,100,0
RITM_A.US,5,20251215,162500,25.3501,25.3501,25.34,25.34,874,0
RITM_A.US,5,20251215,164000,25.345,25.345,25.34,25.34,471,0
RITM_A.US,5,20251215,165000,25.34,25.34,25.34,25.34,201,0
RITM_A.US,5,20251215,174000,25.34,25.34,25.34,25.34,591,0
RITM_A.US,5,20251215,180000,25.28,25.2801,25.28,25.2801,448,0
RITM_A.US,5,20251215,183000,25.29,25.29,25.29,25.29,120,0
RITM_A.US,5,20251215,183500,25.32,25.32,25.32,25.32,485,0
RITM_A.US,5,20251215,185500,25.3,25.3,25.3,25.3,100,0
RITM_A.US,5,20251215,194000,25.3056,25.3238,25.3056,25.3238,456,0
RITM_A.US,5,20251215,194500,25.31,25.31,25.31,25.31,100,0
RITM_A.US,5,20251215,195000,25.324,25.324,25.324,25.324,200,0
RITM_A.US,5,20251215,195500,25.31,25.31,25.31,25.31,100,0
RITM_A.US,5,20251215,205000,25.32,25.32,25.32,25.32,120,0
RITM_A.US,5,20251215,212000,25.31,25.31,25.31,25.31,100,0
RITM_A.US,5,20251216,161500,25.3,25.3,25.3,25.3,100,0
RITM_A.US,5,20251216,171000,25.3726,25.3726,25.3726,25.3726,900,0
RITM_A.US,5,20251216,171500,25.35,25.35,25.35,25.35,225,0
RITM_A.US,5,20251216,172500,25.38,25.38,25.31,25.31,1780,0
RITM_A.US,5,20251216,182500,25.34,25.34,25.34,25.34,200,0
RITM_A.US,5,20251216,185500,25.3101,25.3101,25.3101,25.3101,406,0
RITM_A.US,5,20251216,191000,25.42,25.42,25.42,25.42,100,0
RITM_A.US,5,20251216,201500,25.35,25.35,25.35,25.35,500,0
RITM_A.US,5,20251216,215500,25.32,25.32,25.32,25.32,199,0
RITM_A.US,5,20251217,164500,25.4494,25.4494,25.4494,25.4494,100,0
RITM_A.US,5,20251217,172000,25.395,25.395,25.395,25.395,500,0
RITM_A.US,5,20251217,173500,25.3402,25.3402,25.3402,25.3402,916,0
RITM_A.US,5,20251217,175500,25.34,25.3565,25.34,25.3565,1300,0
RITM_A.US,5,20251217,185000,25.445,25.445,25.4,25.4,300,0
RITM_A.US,5,20251217,185500,25.4,25.44,25.4,25.44,200,0
RITM_A.US,5,20251217,191000,25.36,25.36,25.36,25.36,100,0
RITM_A.US,5,20251217,191500,25.36,25.36,25.36,25.36,200,0
RITM_A.US,5,20251217,192500,25.4,25.4,25.4,25.4,1000,0
RITM_A.US,5,20251217,193000,25.36,25.36,25.36,25.36,300,0
RITM_A.US,5,20251217,194500,25.36,25.36,25.3516,25.3516,1658,0
RITM_A.US,5,20251217,195000,25.35,25.36,25.35,25.3524,2227,0
RITM_A.US,5,20251217,200000,25.4,25.4,25.4,25.4,100,0
RITM_A.US,5,20251217,200500,25.4275,25.4275,25.4275,25.4275,200,0
RITM_A.US,5,20251217,203000,25.44,25.44,25.44,25.44,100,0
RITM_A.US,5,20251217,211500,25.4241,25.4241,25.4241,25.4241,1723,0
RITM_A.US,5,20251218,162000,25.435,25.435,25.435,25.435,288,0
RITM_A.US,5,20251218,162500,25.4441,25.4472,25.4441,25.4472,200,0
RITM_A.US,5,20251218,190500,25.455,25.455,25.45,25.4501,1656,0
RITM_A.US,5,20251218,194500,25.45,25.4584,25.45,25.4584,981,0
RITM_A.US,5,20251218,202500,25.4481,25.4481,25.4481,25.4481,100,0
RITM_A.US,5,20251218,213000,25.41,25.41,25.41,25.41,200,0
RITM_A.US,5,20251218,214500,25.41,25.41,25.41,25.41,300,0
RITM_A.US,5,20251218,215000,25.41,25.43,25.41,25.43,400,0
RITM_A.US,5,20251219,171000,25.4617,25.4617,25.4617,25.4617,200,0
RITM_A.US,5,20251219,175000,25.44,25.44,25.44,25.44,950,0
RITM_A.US,5,20251219,190000,25.4542,25.4542,25.4542,25.4542,150,0
RITM_A.US,5,20251219,195000,25.4584,25.4584,25.4584,25.4584,100,0
RITM_A.US,5,20251219,210500,25.46,25.46,25.46,25.46,100,0
RITM_A.US,5,20251219,215000,25.46,25.46,25.46,25.46,200,0
RITM_A.US,5,20251219,215500,25.42,25.42,25.42,25.42,773,0
RITM_A.US,5,20251222,154500,25.425,25.425,25.425,25.425,100,0
RITM_A.US,5,20251222,162500,25.4499,25.4499,25.4499,25.4499,100,0
RITM_A.US,5,20251222,163000,25.4116,25.4116,25.4116,25.4116,317,0
RITM_A.US,5,20251222,165500,25.4428,25.4428,25.4428,25.4428,400,0
RITM_A.US,5,20251222,185000,25.41,25.41,25.41,25.41,250,0
RITM_A.US,5,20251222,190500,25.4284,25.4284,25.4284,25.4284,700,0
RITM_A.US,5,20251222,191500,25.43,25.43,25.43,25.43,700,0
RITM_A.US,5,20251222,192000,25.44,25.45,25.44,25.45,783,0
RITM_A.US,5,20251222,194000,25.4306,25.4306,25.4306,25.4306,100,0
RITM_A.US,5,20251222,203500,25.4284,25.4284,25.4284,25.4284,676,0
RITM_A.US,5,20251222,205500,25.45,25.45,25.425,25.4499,800,0
RITM_A.US,5,20251222,213000,25.463,25.463,25.463,25.463,167,0
RITM_A.US,5,20251222,215500,25.465,25.465,25.445,25.4497,640,0
RITM_A.US,5,20251223,161000,25.44,25.44,25.44,25.44,115,0
RITM_A.US,5,20251223,174500,25.4116,25.4116,25.4116,25.4116,515,0
RITM_A.US,5,20251223,175000,25.42,25.4201,25.41,25.4201,4220,0
RITM_A.US,5,20251223,193000,25.45,25.45,25.45,25.45,1000,0
RITM_A.US,5,20251223,195000,25.45,25.45,25.45,25.45,311,0
RITM_A.US,5,20251223,203500,25.4699,25.47,25.42,25.42,1059,0
RITM_A.US,5,20251223,205500,25.42,25.42,25.42,25.42,100,0
RITM_A.US,5,20251224,153000,25.4,25.4,25.4,25.4,530,0
RITM_A.US,5,20251224,153500,25.4799,25.4799,25.4799,25.4799,100,0
RITM_A.US,5,20251224,160500,25.41,25.41,25.41,25.41,100,0
RITM_A.US,5,20251224,183500,25.463,25.463,25.463,25.463,500,0
RITM_A.US,5,20251224,185000,25.4764,25.4764,25.4764,25.4764,100,0
RITM_A.US,5,20251226,153000,25.52,25.52,25.52,25.52,224,0
RITM_A.US,5,20251226,154500,25.45,25.45,25.45,25.45,351,0
RITM_A.US,5,20251226,183500,25.55,25.55,25.52,25.55,948,0
RITM_A.US,5,20251226,200000,25.5413,25.5413,25.5413,25.5413,100,0
RITM_A.US,5,20251226,201000,25.53,25.53,25.53,25.53,350,0
RITM_A.US,5,20251226,201500,25.51,25.51,25.5,25.5,500,0
RITM_A.US,5,20251226,202000,25.49,25.49,25.49,25.49,100,0
RITM_A.US,5,20251226,205000,25.49,25.49,25.49,25.49,300,0
RITM_A.US,5,20251229,155500,25.51,25.51,25.51,25.51,100,0
RITM_A.US,5,20251229,161500,25.45,25.45,25.45,25.45,2406,0
RITM_A.US,5,20251229,164500,25.473,25.473,25.473,25.473,200,0
RITM_A.US,5,20251229,171000,25.51,25.51,25.51,25.51,100,0
RITM_A.US,5,20251229,185000,25.4899,25.4899,25.4899,25.4899,123,0
RITM_A.US,5,20251229,211000,25.4601,25.4601,25.4601,25.4601,1403,0
RITM_A.US,5,20251229,213000,25.48,25.48,25.48,25.48,191,0
RITM_A.US,5,20251229,215500,25.51,25.51,25.51,25.51,100,0
RITM_A.US,5,20251230,155000,25.5,25.5,25.5,25.5,405,0
RITM_A.US,5,20251230,164000,25.5,25.5,25.5,25.5,252,0
RITM_A.US,5,20251230,165000,25.5,25.5,25.5,25.5,650,0
RITM_A.US,5,20251230,165500,25.51,25.51,25.51,25.51,500,0
RITM_A.US,5,20251230,180000,25.53,25.53,25.5,25.53,389,0
RITM_A.US,5,20251230,181500,25.5074,25.5074,25.5074,25.5074,500,0
RITM_A.US,5,20251230,213500,25.51,25.51,25.51,25.51,198,0
RITM_A.US,5,20251231,154000,25.52,25.52,25.52,25.52,200,0
RITM_A.US,5,20251231,161500,25.54,25.54,25.54,25.54,149,0
RITM_A.US,5,20251231,162000,25.52,25.5201,25.52,25.5201,700,0
RITM_A.US,5,20251231,164500,25.53,25.54,25.53,25.54,400,0
RITM_A.US,5,20251231,165000,25.55,25.55,25.52,25.52,364,0
RITM_A.US,5,20251231,173000,25.5399,25.56,25.52,25.5201,506,0
RITM_A.US,5,20251231,183500,25.56,25.56,25.5599,25.5599,1400,0
RITM_A.US,5,20251231,184000,25.56,25.58,25.56,25.5699,5617,0
RITM_A.US,5,20251231,201000,25.5001,25.54,25.5001,25.54,705,0
RITM_A.US,5,20251231,215000,25.54,25.5461,25.53,25.541,1100,0
RITM_A.US,5,20251231,215500,25.5392,25.57,25.5392,25.57,534,0
RITM_A.US,5,20260102,155000,25.5799,25.5799,25.5799,25.5799,326,0
RITM_A.US,5,20260102,160000,25.57,25.57,25.5632,25.5632,604,0
RITM_A.US,5,20260102,161000,25.54,25.555,25.53,25.53,1100,0
RITM_A.US,5,20260102,161500,25.56,25.56,25.48,25.5568,1700,0
RITM_A.US,5,20260102,162000,25.5465,25.5465,25.5465,25.5465,1400,0
RITM_A.US,5,20260102,163500,25.5574,25.5574,25.5574,25.5574,1000,0
RITM_A.US,5,20260102,165000,25.55,25.55,25.55,25.55,202,0
RITM_A.US,5,20260102,180500,25.5502,25.5502,25.5502,25.5502,347,0
RITM_A.US,5,20260102,192000,25.56,25.56,25.56,25.56,100,0
RITM_A.US,5,20260102,201500,25.56,25.56,25.56,25.56,500,0
RITM_A.US,5,20260102,202500,25.5556,25.5556,25.5556,25.5556,100,0
RITM_A.US,5,20260102,213500,25.56,25.56,25.56,25.56,120,0
RITM_A.US,5,20260105,154500,25.6144,25.6144,25.6144,25.6144,545,0
RITM_A.US,5,20260105,161500,25.63,25.63,25.615,25.63,833,0
RITM_A.US,5,20260105,162000,25.6001,25.6001,25.6001,25.6001,2000,0
RITM_A.US,5,20260105,163500,25.65,25.6534,25.65,25.65,1144,0
RITM_A.US,5,20260105,164500,25.65,25.66,25.65,25.66,1478,0
RITM_A.US,5,20260105,172500,25.6287,25.6287,25.6287,25.6287,150,0
RITM_A.US,5,20260105,183500,25.62,25.62,25.62,25.62,237,0
RITM_A.US,5,20260105,192000,25.58,25.5921,25.58,25.5801,1600,0
RITM_A.US,5,20260105,212000,25.5784,25.5784,25.5784,25.5784,263,0
RITM_A.US,5,20260105,212500,25.57,25.6,25.57,25.6,900,0
RITM_A.US,5,20260105,213000,25.5975,25.6041,25.5975,25.6041,200,0
RITM_A.US,5,20260106,160500,25.6452,25.65,25.64,25.65,1279,0
RITM_A.US,5,20260106,162500,25.6525,25.655,25.6525,25.655,460,0
RITM_A.US,5,20260106,163000,25.66,25.715,25.66,25.7,1498,0
RITM_A.US,5,20260106,171500,25.66,25.66,25.66,25.66,1215,0
RITM_A.US,5,20260106,172500,25.64,25.66,25.64,25.64,1909,0
RITM_A.US,5,20260106,185000,25.66,25.66,25.66,25.66,100,0
RITM_A.US,5,20260106,190500,25.675,25.675,25.675,25.675,150,0
RITM_A.US,5,20260106,191000,25.675,25.675,25.675,25.675,150,0
RITM_A.US,5,20260106,212000,25.6501,25.6501,25.6501,25.6501,660,0
RITM_A.US,5,20260106,214000,25.6606,25.6606,25.6606,25.6606,293,0
RITM_A.US,5,20260107,160000,25.73,25.73,25.73,25.73,201,0
RITM_A.US,5,20260107,160500,25.7244,25.7244,25.7244,25.7244,100,0
RITM_A.US,5,20260107,204000,25.65,25.65,25.65,25.65,300,0
RITM_A.US,5,20260107,213000,25.68,25.68,25.68,25.68,100,0
RITM_A.US,5,20260107,215500,25.7,25.72,25.7,25.72,449,0
RITM_A.US,5,20260108,161000,25.72,25.72,25.72,25.72,160,0
RITM_A.US,5,20260108,164000,25.7289,25.7289,25.7289,25.7289,100,0
RITM_A.US,5,20260108,165500,25.73,25.73,25.7142,25.7142,854,0
RITM_A.US,5,20260108,174000,25.7234,25.7234,25.7234,25.7234,335,0
RITM_A.US,5,20260108,183000,25.696,25.696,25.696,25.696,287,0
RITM_A.US,5,20260108,192000,25.67,25.67,25.66,25.66,300,0
RITM_A.US,5,20260108,194000,25.64,25.64,25.64,25.64,100,0
RITM_A.US,5,20260108,194500,25.625,25.63,25.61,25.63,2385,0
RITM_A.US,5,20260108,201000,25.625,25.625,25.625,25.625,100,0
RITM_A.US,5,20260108,201500,25.64,25.64,25.64,25.64,200,0
RITM_A.US,5,20260108,204500,25.66,25.66,25.66,25.66,100,0
RITM_A.US,5,20260108,210500,25.67,25.67,25.67,25.67,100,0
RITM_A.US,5,20260108,215000,25.67,25.67,25.67,25.67,100,0
RITM_A.US,5,20260109,155000,25.7199,25.7199,25.7199,25.7199,100,0
RITM_A.US,5,20260109,164500,25.7174,25.72,25.7174,25.72,648,0
RITM_A.US,5,20260109,172500,25.69,25.72,25.69,25.72,408,0
RITM_A.US,5,20260109,173000,25.69,25.6936,25.69,25.6936,500,0
RITM_A.US,5,20260109,173500,25.7048,25.71,25.7048,25.7099,800,0
RITM_A.US,5,20260109,183000,25.74,25.74,25.74,25.74,300,0
RITM_A.US,5,20260109,193000,25.74,25.74,25.74,25.74,800,0
RITM_A.US,5,20260109,194000,25.735,25.735,25.735,25.735,440,0
RITM_A.US,5,20260109,195500,25.73,25.73,25.73,25.73,100,0
RITM_A.US,5,20260109,201500,25.7101,25.7101,25.7101,25.7101,310,0
RITM_A.US,5,20260109,204000,25.73,25.73,25.73,25.73,500,0
RITM_A.US,5,20260109,204500,25.73,25.73,25.73,25.73,1559,0
RITM_A.US,5,20260109,210000,25.7262,25.7262,25.725,25.725,1000,0
RITM_A.US,5,20260109,215000,25.725,25.725,25.68,25.6801,2208,0
RITM_A.US,5,20260112,153000,25.6799,25.6799,25.6799,25.6799,100,0
RITM_A.US,5,20260112,153500,25.68,25.68,25.66,25.66,1720,0
RITM_A.US,5,20260112,154000,25.63,25.6495,25.63,25.6495,1232,0
RITM_A.US,5,20260112,155000,25.65,25.65,25.65,25.65,108,0
RITM_A.US,5,20260112,155500,25.65,25.68,25.65,25.68,1000,0
RITM_A.US,5,20260112,163000,25.68,25.68,25.6799,25.6799,620,0
RITM_A.US,5,20260112,163500,25.65,25.65,25.65,25.65,1000,0
RITM_A.US,5,20260112,165000,25.6599,25.6599,25.6599,25.6599,100,0
RITM_A.US,5,20260112,172500,25.68,25.68,25.68,25.68,200,0
RITM_A.US,5,20260112,175500,25.66,25.66,25.66,25.66,310,0
RITM_A.US,5,20260112,183000,25.66,25.66,25.66,25.66,100,0
RITM_A.US,5,20260112,183500,25.68,25.68,25.68,25.68,500,0
RITM_A.US,5,20260112,190000,25.67,25.67,25.67,25.67,100,0
RITM_A.US,5,20260112,191500,25.67,25.67,25.67,25.67,200,0
RITM_A.US,5,20260112,193000,25.66,25.66,25.66,25.66,200,0
RITM_A.US,5,20260112,200500,25.67,25.67,25.67,25.67,300,0
RITM_A.US,5,20260112,202000,25.67,25.67,25.67,25.67,265,0
RITM_A.US,5,20260112,204000,25.67,25.67,25.67,25.67,100,0
RITM_A.US,5,20260112,214500,25.6638,25.6638,25.6638,25.6638,200,0
RITM_A.US,5,20260112,215000,25.68,25.68,25.68,25.68,600,0
RITM_A.US,5,20260113,153000,25.68,25.68,25.68,25.68,200,0
RITM_A.US,5,20260113,165500,25.73,25.73,25.69,25.69,1100,0
RITM_A.US,5,20260113,173500,25.67,25.67,25.67,25.67,469,0
RITM_A.US,5,20260113,174000,25.69,25.69,25.69,25.69,400,0
RITM_A.US,5,20260113,175000,25.69,25.69,25.69,25.69,100,0
RITM_A.US,5,20260113,184000,25.66,25.66,25.66,25.66,200,0
RITM_A.US,5,20260113,194500,25.66,25.73,25.66,25.73,2085,0
RITM_A.US,5,20260113,200500,25.66,25.66,25.66,25.66,1100,0
RITM_A.US,5,20260113,201000,25.66,25.66,25.66,25.66,300,0
RITM_A.US,5,20260113,204000,25.66,25.66,25.66,25.66,1429,0
RITM_A.US,5,20260113,204500,25.65,25.65,25.64,25.64,1100,0
RITM_A.US,5,20260113,210000,25.63,25.63,25.61,25.61,2814,0
RITM_A.US,5,20260113,213500,25.6594,25.6594,25.6594,25.6594,971,0
RITM_A.US,5,20260114,162500,25.63,25.66,25.63,25.633,716,0
RITM_A.US,5,20260114,164500,25.66,25.66,25.66,25.66,300,0
RITM_A.US,5,20260114,165500,25.6699,25.6699,25.6699,25.6699,100,0
RITM_A.US,5,20260114,170000,25.6376,25.67,25.61,25.61,300,0
RITM_A.US,5,20260114,175000,25.6771,25.6771,25.6771,25.6771,139,0
RITM_A.US,5,20260114,182500,25.6779,25.6779,25.6779,25.6779,984,0
RITM_A.US,5,20260114,184500,25.6717,25.6717,25.6717,25.6717,136,0
RITM_A.US,5,20260114,185000,25.675,25.675,25.675,25.675,200,0
RITM_A.US,5,20260114,190000,25.6501,25.6501,25.65,25.65,2182,0
RITM_A.US,5,20260114,201000,25.675,25.675,25.6,25.6001,3800,0
RITM_A.US,5,20260114,202500,25.62,25.62,25.62,25.62,399,0
RITM_A.US,5,20260114,203000,25.6083,25.615,25.6083,25.615,1063,0
RITM_A.US,5,20260114,204000,25.6101,25.6101,25.6101,25.6101,100,0
RITM_A.US,5,20260114,211500,25.62,25.62,25.6199,25.6199,200,0
RITM_A.US,5,20260114,212000,25.62,25.62,25.62,25.62,100,0
RITM_A.US,5,20260114,212500,25.625,25.625,25.625,25.625,898,0
RITM_A.US,5,20260115,162500,25.65,25.65,25.65,25.65,1030,0
RITM_A.US,5,20260115,163500,25.66,25.66,25.66,25.66,359,0
RITM_A.US,5,20260115,174000,25.6601,25.6601,25.6601,25.6601,337,0
RITM_A.US,5,20260115,180000,25.68,25.68,25.68,25.68,1000,0
RITM_A.US,5,20260115,182500,25.68,25.68,25.6601,25.6601,750,0
RITM_A.US,5,20260115,184000,25.66,25.6601,25.66,25.6601,1200,0
RITM_A.US,5,20260115,192000,25.62,25.62,25.62,25.62,700,0
RITM_A.US,5,20260115,193500,25.65,25.65,25.65,25.65,450,0
RITM_A.US,5,20260115,194500,25.6423,25.6423,25.6423,25.6423,500,0
RITM_A.US,5,20260115,195500,25.6538,25.6538,25.6538,25.6538,100,0
RITM_A.US,5,20260115,210500,25.663,25.663,25.663,25.663,233,0
RITM_A.US,5,20260116,154000,25.6725,25.6725,25.6725,25.6725,100,0
RITM_A.US,5,20260116,162000,25.67,25.67,25.67,25.67,100,0
RITM_A.US,5,20260116,184000,25.68,25.69,25.68,25.69,400,0
RITM_A.US,5,20260116,191000,25.6806,25.69,25.6806,25.6806,1412,0
RITM_A.US,5,20260116,205500,25.6899,25.6899,25.6899,25.6899,200,0
RITM_A.US,5,20260116,215500,25.689,25.69,25.6803,25.6803,1674,0
RITM_A.US,5,20260120,153000,25.65,25.67,25.65,25.6509,1924,0
RITM_A.US,5,20260120,153500,25.6562,25.6562,25.6562,25.6562,965,0
RITM_A.US,5,20260120,154000,25.65,25.65,25.64,25.64,1322,0
RITM_A.US,5,20260120,154500,25.645,25.645,25.645,25.645,195,0
RITM_A.US,5,20260120,155000,25.64,25.65,25.64,25.65,706,0
RITM_A.US,5,20260120,155500,25.64,25.66,25.64,25.66,600,0
RITM_A.US,5,20260120,161000,25.63,25.6301,25.62,25.6301,5702,0
RITM_A.US,5,20260120,164000,25.64,25.64,25.6273,25.6273,752,0
RITM_A.US,5,20260120,171500,25.64,25.64,25.64,25.64,142,0
RITM_A.US,5,20260120,172000,25.6401,25.6401,25.6401,25.6401,101,0
RITM_A.US,5,20260120,172500,25.6699,25.6699,25.6699,25.6699,312,0
RITM_A.US,5,20260120,173500,25.63,25.63,25.63,25.63,392,0
RITM_A.US,5,20260120,180500,25.57,25.57,25.57,25.57,300,0
RITM_A.US,5,20260120,181500,25.59,25.59,25.59,25.59,100,0
RITM_A.US,5,20260120,183500,25.6,25.6,25.6,25.6,100,0
RITM_A.US,5,20260120,184000,25.6,25.6004,25.6,25.6,1159,0
RITM_A.US,5,20260120,185500,25.5701,25.5701,25.57,25.57,400,0
RITM_A.US,5,20260120,190000,25.57,25.57,25.57,25.57,100,0
RITM_A.US,5,20260120,192000,25.59,25.6099,25.588,25.5943,2400,0
RITM_A.US,5,20260120,202000,25.61,25.61,25.61,25.61,429,0
RITM_A.US,5,20260120,203000,25.58,25.58,25.58,25.58,117,0
RITM_A.US,5,20260120,205000,25.59,25.59,25.59,25.59,114,0
RITM_A.US,5,20260120,210500,25.61,25.61,25.61,25.61,100,0
RITM_A.US,5,20260120,212500,25.61,25.61,25.6077,25.6099,462,0
RITM_A.US,5,20260120,215500,25.61,25.61,25.61,25.61,100,0
RITM_A.US,5,20260121,153500,25.67,25.69,25.6685,25.6685,1100,0
RITM_A.US,5,20260121,154500,25.69,25.69,25.69,25.69,304,0
RITM_A.US,5,20260121,165000,25.67,25.67,25.67,25.67,469,0
RITM_A.US,5,20260121,174500,25.66,25.66,25.66,25.66,400,0
RITM_A.US,5,20260121,203000,25.715,25.73,25.715,25.73,357,0
RITM_A.US,5,20260121,210000,25.72,25.73,25.72,25.73,200,0
RITM_A.US,5,20260121,211000,25.73,25.73,25.73,25.73,200,0
RITM_A.US,5,20260121,215500,25.66,25.66,25.66,25.66,206,0
RITM_A.US,5,20260122,153500,25.77,25.8,25.75,25.75,1971,0
RITM_A.US,5,20260122,162000,25.78,25.78,25.78,25.78,300,0
RITM_A.US,5,20260122,173000,25.735,25.735,25.735,25.735,347,0
RITM_A.US,5,20260122,183500,25.72,25.72,25.72,25.72,287,0
RITM_A.US,5,20260122,192500,25.7274,25.7274,25.7274,25.7274,100,0
RITM_A.US,5,20260122,203000,25.77,25.77,25.745,25.745,700,0
RITM_A.US,5,20260122,203500,25.73,25.73,25.73,25.73,400,0
RITM_A.US,5,20260123,154500,25.76,25.76,25.76,25.76,100,0
RITM_A.US,5,20260123,160000,25.78,25.78,25.7799,25.7799,346,0
RITM_A.US,5,20260123,170000,25.79,25.8,25.79,25.8,1204,0
RITM_A.US,5,20260123,171500,25.81,25.81,25.8,25.8,1300,0
RITM_A.US,5,20260123,175000,25.81,25.81,25.81,25.81,100,0
RITM_A.US,5,20260123,184000,25.81,25.81,25.81,25.81,350,0
RITM_A.US,5,20260123,193000,25.81,25.8101,25.81,25.8101,2874,0
RITM_A.US,5,20260123,193500,25.795,25.795,25.795,25.795,2553,0
RITM_A.US,5,20260123,194000,25.8,25.8,25.8,25.8,500,0
RITM_A.US,5,20260123,195000,25.7978,25.7978,25.79,25.79,3500,0
RITM_A.US,5,20260123,195500,25.785,25.785,25.78,25.7834,300,0
RITM_A.US,5,20260123,201500,25.75,25.75,25.75,25.75,100,0
RITM_A.US,5,20260123,205500,25.76,25.76,25.76,25.76,350,0
RITM_A.US,5,20260123,210000,25.7742,25.7742,25.7742,25.7742,583,0
RITM_A.US,5,20260123,211000,25.76,25.76,25.76,25.76,100,0
RITM_A.US,5,20260123,212000,25.765,25.765,25.765,25.765,1000,0
RITM_A.US,5,20260123,215500,25.78,25.78,25.78,25.78,100,0
