<TICKER>,<PER>,<DATE>,<TIME>,<OPEN>,<HIGH>,<LOW>,<CLOSE>,<VOL>,<OPENINT>
SOUL.US,5,20250902,170000,10.0802,10.0802,10.0802,10.0802,925,0
SOUL.US,5,20250904,194500,10.09,10.09,10.09,10.09,2400,0
SOUL.US,5,20250904,205000,10.08,10.085,10.08,10.08,3900,0
SOUL.US,5,20250905,174000,10.055,10.055,10.05,10.05,631,0
SOUL.US,5,20250908,215500,10.07,10.07,10.07,10.07,100,0
SOUL.US,5,20250909,153000,10.09,10.09,10.09,10.09,200,0
SOUL.US,5,20250909,160500,10.05,10.05,10.05,10.05,200,0
SOUL.US,5,20250910,162500,10.08,10.08,10.08,10.08,928,0
SOUL.US,5,20250910,165500,10.08,10.08,10.08,10.08,20000,0
SOUL.US,5,20250910,172500,10.08,10.08,10.08,10.08,2900,0
SOUL.US,5,20250910,212500,10.07,10.07,10.07,10.07,100,0
SOUL.US,5,20250916,153500,10.06,10.06,10.06,10.06,200,0
SOUL.US,5,20250917,204500,10.07,10.07,10.07,10.07,3900,0
SOUL.US,5,20250917,211500,10.0657,10.0657,10.0657,10.0657,100,0
SOUL.US,5,20250917,215500,10.07,10.07,10.07,10.07,1559,0
SOUL.US,5,20250918,171000,10.07,10.07,10.07,10.07,10000,0
SOUL.US,5,20250918,172500,10.07,10.07,10.07,10.07,10000,0
SOUL.US,5,20250918,214000,10.07,10.07,10.07,10.07,4504,0
SOUL.US,5,20250918,215500,10.07,10.07,10.07,10.07,100,0
SOUL.US,5,20250919,153000,10.08,10.08,10.08,10.08,2800,0
SOUL.US,5,20250922,153000,10.1,10.1,10.09,10.09,200,0
SOUL.US,5,20250922,153500,10.0871,10.0871,10.0871,10.0871,100,0
SOUL.US,5,20250922,160500,10.07,10.07,10.07,10.07,100,0
SOUL.US,5,20250922,215500,10.08,10.08,10.08,10.08,1061,0
SOUL.US,5,20250923,200500,10.08,10.08,10.08,10.08,69337,0
SOUL.US,5,20250923,213000,10.0809,10.0809,10.0809,10.0809,2000,0
SOUL.US,5,20250924,170000,10.08,10.08,10.08,10.08,1000,0
SOUL.US,5,20250925,153500,10.08,10.08,10.08,10.08,118500,0
SOUL.US,5,20250925,184000,10.08,10.08,10.08,10.08,1100,0
SOUL.US,5,20250925,194500,10.08,10.08,10.08,10.08,1000,0
SOUL.US,5,20250926,172500,10.08,10.08,10.08,10.08,3837,0
SOUL.US,5,20250926,185000,10.08,10.08,10.08,10.08,3837,0
SOUL.US,5,20250926,213000,10.085,10.085,10.085,10.085,100,0
SOUL.US,5,20250929,214000,10.0913,10.0913,10.0913,10.0913,100,0
SOUL.US,5,20251001,162500,10.0971,10.0971,10.0971,10.0971,100,0
SOUL.US,5,20251001,182500,10.09,10.09,10.09,10.09,50000,0
SOUL.US,5,20251002,181500,10.087,10.087,10.087,10.087,250,0
SOUL.US,5,20251002,185000,10.1,10.1,10.1,10.1,100,0
SOUL.US,5,20251003,160500,10.1,10.1,10.1,10.1,100,0
SOUL.US,5,20251003,175000,10.1,10.1,10.1,10.1,2400,0
SOUL.US,5,20251003,183500,10.09,10.09,10.09,10.09,500000,0
SOUL.US,5,20251003,184000,10.09,10.09,10.09,10.09,500000,0
SOUL.US,5,20251003,203500,10.09,10.09,10.09,10.09,50000,0
SOUL.US,5,20251006,170500,10.09,10.09,10.09,10.09,500,0
SOUL.US,5,20251006,173000,10.09,10.09,10.09,10.09,2492,0
SOUL.US,5,20251006,215000,10.09,10.09,10.09,10.09,24974,0
SOUL.US,5,20251006,215500,10.09,10.09,10.09,10.09,174874,0
SOUL.US,5,20251007,154500,10.0969,10.0969,10.0969,10.0969,100,0
SOUL.US,5,20251007,155000,10.1,10.1,10.1,10.1,100,0
SOUL.US,5,20251007,212500,10.09,10.09,10.09,10.09,2400,0
SOUL.US,5,20251008,165000,10.1,10.1,10.1,10.1,272,0
SOUL.US,5,20251008,175500,10.1,10.1,10.1,10.1,12200,0
SOUL.US,5,20251008,200000,10.08,10.08,10.08,10.08,272,0
SOUL.US,5,20251008,203500,10.09,10.09,10.09,10.09,147726,0
SOUL.US,5,20251008,204500,10.1,10.1,10.1,10.1,2274,0
SOUL.US,5,20251008,205000,10.09,10.09,10.09,10.09,2274,0
SOUL.US,5,20251008,211500,10.1,10.1,10.1,10.1,100,0
SOUL.US,5,20251008,215500,10.05,10.05,10.05,10.05,162,0
SOUL.US,5,20251009,153000,10.1,10.1,10.1,10.1,200,0
SOUL.US,5,20251009,153500,10.09,10.09,10.09,10.09,199,0
SOUL.US,5,20251009,175000,10.1,10.1,10.1,10.1,100,0
SOUL.US,5,20251009,175500,10.1,10.1,10.1,10.1,200,0
SOUL.US,5,20251009,180000,10.1,10.1,10.1,10.1,100,0
SOUL.US,5,20251010,153000,10.1,10.1,10.1,10.1,152,0
SOUL.US,5,20251010,160500,10.14,10.14,10.14,10.14,100,0
SOUL.US,5,20251010,170500,10.1,10.1,10.1,10.1,100,0
SOUL.US,5,20251013,155500,10.12,10.12,10.12,10.12,200,0
SOUL.US,5,20251013,201500,10.13,10.13,10.13,10.13,200,0
SOUL.US,5,20251013,202000,10.1168,10.1168,10.1168,10.1168,500,0
SOUL.US,5,20251020,153000,10.13,10.13,10.13,10.13,600,0
SOUL.US,5,20251021,215500,10.13,10.13,10.13,10.13,2825,0
SOUL.US,5,20251022,203500,10.149,10.1496,10.149,10.1496,500,0
SOUL.US,5,20251022,215000,10.1304,10.14,10.1304,10.14,500,0
SOUL.US,5,20251023,171000,10.15,10.15,10.1478,10.1478,345,0
SOUL.US,5,20251024,170500,10.149,10.149,10.149,10.149,100,0
SOUL.US,5,20251024,172000,10.15,10.15,10.135,10.135,2390,0
SOUL.US,5,20251027,143500,10.1357,10.1357,10.1357,10.1357,197,0
SOUL.US,5,20251028,161000,10.14,10.14,10.14,10.14,100,0
SOUL.US,5,20251028,184000,10.1399,10.14,10.1399,10.14,1475,0
SOUL.US,5,20251028,184500,10.14,10.14,10.14,10.14,416,0
SOUL.US,5,20251029,164500,10.1388,10.1388,10.1388,10.1388,100,0
SOUL.US,5,20251029,203500,10.15,10.15,10.15,10.15,25838,0
SOUL.US,5,20251030,184500,10.16,10.16,10.16,10.16,500,0
SOUL.US,5,20251030,204000,10.1894,10.19,10.189,10.189,995,0
SOUL.US,5,20251030,204500,10.17,10.17,10.17,10.17,931,0
SOUL.US,5,20251031,145000,10.1504,10.1504,10.1504,10.1504,150,0
SOUL.US,5,20251031,150000,10.1504,10.1504,10.1504,10.1504,150,0
SOUL.US,5,20251031,150500,10.1504,10.1504,10.1504,10.1504,200,0
SOUL.US,5,20251031,151000,10.15,10.15,10.15,10.15,100,0
SOUL.US,5,20251031,151500,10.19,10.19,10.19,10.19,100,0
SOUL.US,5,20251031,160500,10.17,10.17,10.1684,10.1684,1200,0
SOUL.US,5,20251031,161000,10.1684,10.1684,10.1684,10.1684,1000,0
SOUL.US,5,20251031,172000,10.1732,10.1732,10.1732,10.1732,100,0
SOUL.US,5,20251031,183000,10.17,10.17,10.17,10.17,100,0
SOUL.US,5,20251031,184500,10.17,10.19,10.17,10.19,2007,0
SOUL.US,5,20251031,193000,10.189,10.19,10.189,10.19,2200,0
SOUL.US,5,20251103,153000,10.55,10.55,10.55,10.55,24686,0
SOUL.US,5,20251103,154000,10.5,10.5,10.45,10.45,7000,0
SOUL.US,5,20251103,154500,10.4873,10.4873,10.4873,10.4873,100,0
SOUL.US,5,20251103,155000,10.49,10.49,10.49,10.49,100,0
SOUL.US,5,20251103,161500,10.22,10.22,10.22,10.22,2000,0
SOUL.US,5,20251103,163500,10.22,10.22,10.22,10.22,4700,0
SOUL.US,5,20251103,170500,10.22,10.22,10.2199,10.2199,1700,0
SOUL.US,5,20251103,171000,10.22,10.22,10.22,10.22,100,0
SOUL.US,5,20251103,210000,10.22,10.22,10.2199,10.2199,3000,0
SOUL.US,5,20251103,214500,10.2116,10.2116,10.2116,10.2116,1000,0
SOUL.US,5,20251103,215000,10.209,10.209,10.209,10.209,1000,0
SOUL.US,5,20251103,215500,10.17,10.17,10.17,10.17,115,0
SOUL.US,5,20251104,153000,10.15,10.22,10.15,10.22,10380,0
SOUL.US,5,20251104,155500,10.22,10.23,10.22,10.23,4550,0
SOUL.US,5,20251104,160500,10.235,10.24,10.235,10.24,8600,0
SOUL.US,5,20251104,162000,10.26,10.26,10.26,10.26,100,0
SOUL.US,5,20251104,165000,10.28,10.28,10.255,10.255,644,0
SOUL.US,5,20251104,171500,10.265,10.265,10.265,10.265,100,0
SOUL.US,5,20251104,173500,10.265,10.266,10.265,10.266,1539,0
SOUL.US,5,20251104,174000,10.26,10.26,10.255,10.255,309,0
SOUL.US,5,20251104,175000,10.255,10.255,10.255,10.255,100,0
SOUL.US,5,20251104,182500,10.25,10.25,10.25,10.25,600,0
SOUL.US,5,20251104,200000,10.25,10.25,10.25,10.25,461,0
SOUL.US,5,20251104,203000,10.25,10.25,10.2499,10.25,6000,0
SOUL.US,5,20251104,215500,10.22,10.22,10.2,10.2,424,0
SOUL.US,5,20251105,153000,10.3,10.3,10.3,10.3,400,0
SOUL.US,5,20251105,154000,10.2699,10.27,10.2566,10.27,11400,0
SOUL.US,5,20251105,154500,10.27,10.27,10.27,10.27,3000,0
SOUL.US,5,20251105,162500,10.27,10.27,10.27,10.27,100,0
SOUL.US,5,20251105,170500,10.27,10.27,10.27,10.27,100,0
SOUL.US,5,20251105,180000,10.248,10.248,10.248,10.248,1000,0
SOUL.US,5,20251105,183500,10.25,10.25,10.25,10.25,100,0
SOUL.US,5,20251105,191500,10.23,10.23,10.22,10.22,4000,0
SOUL.US,5,20251105,192500,10.23,10.23,10.22,10.22,268087,0
SOUL.US,5,20251105,195000,10.23,10.23,10.23,10.23,100,0
SOUL.US,5,20251105,200000,10.23,10.23,10.23,10.23,100,0
SOUL.US,5,20251105,210500,10.2286,10.23,10.2286,10.2299,4205,0
SOUL.US,5,20251105,215500,10.25,10.25,10.25,10.25,532,0
SOUL.US,5,20251106,161000,10.2799,10.2799,10.2579,10.2579,600,0
SOUL.US,5,20251106,161500,10.28,10.28,10.2797,10.2797,900,0
SOUL.US,5,20251106,173000,10.27,10.28,10.27,10.28,500,0
SOUL.US,5,20251107,215000,10.24,10.24,10.24,10.24,144,0
SOUL.US,5,20251107,215500,10.2,10.2,10.2,10.2,1177,0
SOUL.US,5,20251110,153000,10.24,10.24,10.24,10.24,2414,0
SOUL.US,5,20251110,154000,10.24,10.24,10.24,10.24,1913,0
SOUL.US,5,20251110,163000,10.23,10.24,10.23,10.23,4891,0
SOUL.US,5,20251110,192500,10.2201,10.225,10.22,10.225,12192,0
SOUL.US,5,20251110,195000,10.22,10.22,10.22,10.22,100,0
SOUL.US,5,20251110,202000,10.2,10.201,10.2,10.2,17500,0
SOUL.US,5,20251110,202500,10.2,10.2,10.2,10.2,10718,0
SOUL.US,5,20251110,203000,10.21,10.21,10.2,10.2,64783,0
SOUL.US,5,20251110,214000,10.2199,10.22,10.2199,10.22,3100,0
SOUL.US,5,20251110,215500,10.22,10.23,10.22,10.23,200,0
SOUL.US,5,20251111,195000,10.25,10.25,10.23,10.25,12270,0
SOUL.US,5,20251111,203500,10.23,10.23,10.23,10.23,100,0
SOUL.US,5,20251111,212000,10.23,10.23,10.23,10.23,100,0
SOUL.US,5,20251111,215500,10.24,10.25,10.24,10.25,200,0
SOUL.US,5,20251112,191500,10.23,10.23,10.23,10.23,50000,0
SOUL.US,5,20251112,193000,10.22,10.22,10.22,10.22,998,0
SOUL.US,5,20251112,203500,10.23,10.23,10.23,10.23,10000,0
SOUL.US,5,20251112,204000,10.225,10.23,10.225,10.23,16400,0
SOUL.US,5,20251112,210500,10.25,10.25,10.25,10.25,100,0
SOUL.US,5,20251112,213500,10.25,10.25,10.25,10.25,100,0
SOUL.US,5,20251112,215500,10.22,10.22,10.22,10.22,300,0
SOUL.US,5,20251113,161000,10.249,10.2496,10.249,10.2496,1000,0
SOUL.US,5,20251113,163000,10.22,10.22,10.22,10.22,536,0
SOUL.US,5,20251113,164000,10.225,10.225,10.225,10.225,100,0
SOUL.US,5,20251113,174500,10.2364,10.2364,10.2364,10.2364,438,0
SOUL.US,5,20251113,202500,10.23,10.23,10.23,10.23,1000,0
SOUL.US,5,20251113,214000,10.23,10.23,10.225,10.225,1935,0
SOUL.US,5,20251114,153500,10.229,10.23,10.229,10.23,5000,0
SOUL.US,5,20251114,154000,10.23,10.23,10.2299,10.2299,5000,0
SOUL.US,5,20251114,161500,10.25,10.25,10.25,10.25,100,0
SOUL.US,5,20251114,181500,10.24,10.24,10.24,10.24,500,0
SOUL.US,5,20251114,202000,10.2499,10.25,10.247,10.2499,6000,0
SOUL.US,5,20251114,202500,10.25,10.25,10.2408,10.2442,16400,0
SOUL.US,5,20251114,211000,10.25,10.25,10.25,10.25,332,0
SOUL.US,5,20251114,215500,10.23,10.23,10.23,10.23,100,0
SOUL.US,5,20251117,155500,10.25,10.25,10.25,10.25,100,0
SOUL.US,5,20251117,164500,10.25,10.25,10.25,10.25,222,0
SOUL.US,5,20251117,172000,10.25,10.25,10.25,10.25,100,0
SOUL.US,5,20251118,154500,10.25,10.25,10.25,10.25,100,0
SOUL.US,5,20251118,155000,10.241,10.241,10.241,10.241,1000,0
SOUL.US,5,20251118,160500,10.24,10.24,10.24,10.24,276,0
SOUL.US,5,20251118,163000,10.24,10.24,10.24,10.24,100,0
SOUL.US,5,20251118,163500,10.22,10.22,10.22,10.22,6287,0
SOUL.US,5,20251118,164000,10.24,10.24,10.24,10.24,100,0
SOUL.US,5,20251118,164500,10.2298,10.2298,10.2277,10.2298,4000,0
SOUL.US,5,20251118,174000,10.24,10.24,10.24,10.24,10000,0
SOUL.US,5,20251118,175500,10.231,10.231,10.231,10.231,100,0
SOUL.US,5,20251118,184000,10.24,10.24,10.24,10.24,100,0
SOUL.US,5,20251118,185000,10.23,10.23,10.2297,10.2297,3000,0
SOUL.US,5,20251118,190500,10.24,10.24,10.24,10.24,100,0
SOUL.US,5,20251118,203500,10.2297,10.2297,10.2297,10.2297,1900,0
SOUL.US,5,20251118,214500,10.24,10.24,10.24,10.24,100,0
SOUL.US,5,20251119,154500,10.2201,10.2201,10.2201,10.2201,7550,0
SOUL.US,5,20251119,161000,10.24,10.24,10.24,10.24,100,0
SOUL.US,5,20251119,163500,10.2292,10.2321,10.2292,10.2321,1930,0
SOUL.US,5,20251119,170000,10.24,10.24,10.24,10.24,100,0
SOUL.US,5,20251119,180500,10.23,10.23,10.23,10.23,100,0
SOUL.US,5,20251119,183500,10.2399,10.2399,10.2399,10.2399,500,0
SOUL.US,5,20251119,194500,10.2354,10.2354,10.2354,10.2354,563,0
SOUL.US,5,20251119,210500,10.221,10.23,10.22,10.23,10050,0
SOUL.US,5,20251119,212000,10.24,10.24,10.24,10.24,100,0
SOUL.US,5,20251120,160500,10.23,10.23,10.23,10.23,100,0
SOUL.US,5,20251120,163500,10.2174,10.2174,10.2174,10.2174,132,0
SOUL.US,5,20251120,165000,10.2,10.2,10.2,10.2,1100,0
SOUL.US,5,20251120,170000,10.22,10.22,10.22,10.22,100,0
SOUL.US,5,20251120,180500,10.22,10.22,10.22,10.22,100,0
SOUL.US,5,20251120,182000,10.2148,10.2148,10.2148,10.2148,489,0
SOUL.US,5,20251120,183000,10.22,10.235,10.22,10.235,26999,0
SOUL.US,5,20251120,191000,10.25,10.25,10.25,10.25,100,0
SOUL.US,5,20251120,192000,10.2305,10.2305,10.2305,10.2305,1000,0
SOUL.US,5,20251120,215500,10.2422,10.25,10.2422,10.25,392,0
SOUL.US,5,20251121,154500,10.25,10.25,10.25,10.25,100,0
SOUL.US,5,20251121,155000,10.25,10.25,10.25,10.25,100,0
SOUL.US,5,20251121,160500,10.2297,10.2297,10.2278,10.2278,4000,0
SOUL.US,5,20251121,164000,10.241,10.241,10.241,10.241,190,0
SOUL.US,5,20251121,170000,10.24,10.24,10.24,10.24,245,0
SOUL.US,5,20251121,190000,10.2438,10.2438,10.2438,10.2438,250,0
SOUL.US,5,20251121,192000,10.235,10.235,10.235,10.235,468,0
SOUL.US,5,20251121,201000,10.25,10.25,10.25,10.25,100,0
SOUL.US,5,20251121,213500,10.235,10.235,10.23,10.23,7102,0
SOUL.US,5,20251124,153000,10.21,10.21,10.2,10.2,16600,0
SOUL.US,5,20251124,153500,10.2,10.2,10.2,10.2,5000,0
SOUL.US,5,20251124,154000,10.2,10.2,10.2,10.2,1960,0
SOUL.US,5,20251124,154500,10.2,10.205,10.2,10.2,9712,0
SOUL.US,5,20251124,155000,10.195,10.195,10.195,10.195,200,0
SOUL.US,5,20251124,155500,10.193,10.193,10.193,10.193,700,0
SOUL.US,5,20251124,160500,10.2,10.2,10.2,10.2,100,0
SOUL.US,5,20251124,161000,10.195,10.195,10.16,10.16,6325,0
SOUL.US,5,20251124,161500,10.19,10.19,10.19,10.19,100,0
SOUL.US,5,20251124,162000,10.1869,10.1869,10.1869,10.1869,250,0
SOUL.US,5,20251124,163000,10.18,10.185,10.17,10.17,3800,0
SOUL.US,5,20251124,171000,10.175,10.175,10.175,10.175,100,0
SOUL.US,5,20251124,172500,10.175,10.175,10.16,10.16,2100,0
SOUL.US,5,20251124,173500,10.16,10.16,10.16,10.16,300,0
SOUL.US,5,20251124,174000,10.15,10.16,10.14,10.14,3550,0
SOUL.US,5,20251124,174500,10.14,10.14,10.14,10.14,600,0
SOUL.US,5,20251124,175500,10.14,10.14,10.14,10.14,5500,0
SOUL.US,5,20251124,180000,10.14,10.14,10.14,10.14,6898,0
SOUL.US,5,20251124,181000,10.17,10.18,10.17,10.18,200,0
SOUL.US,5,20251124,183500,10.1591,10.1591,10.1591,10.1591,500,0
SOUL.US,5,20251124,185000,10.18,10.18,10.18,10.18,100,0
SOUL.US,5,20251124,193500,10.15,10.15,10.15,10.15,600,0
SOUL.US,5,20251124,201000,10.18,10.18,10.18,10.18,100,0
SOUL.US,5,20251124,202000,10.17,10.17,10.17,10.17,4600,0
SOUL.US,5,20251124,202500,10.17,10.17,10.17,10.17,100,0
SOUL.US,5,20251124,203000,10.165,10.165,10.16,10.16,3701,0
SOUL.US,5,20251124,204000,10.17,10.17,10.17,10.17,100,0
SOUL.US,5,20251124,211000,10.17,10.17,10.17,10.17,100,0
SOUL.US,5,20251124,211500,10.17,10.17,10.17,10.17,100,0
SOUL.US,5,20251124,215500,10.16,10.16,10.15,10.15,897,0
SOUL.US,5,20251125,153000,10.165,10.165,10.165,10.165,2500,0
SOUL.US,5,20251125,153500,10.15,10.16,10.15,10.15,6000,0
SOUL.US,5,20251125,155000,10.13,10.14,10.13,10.13,11500,0
SOUL.US,5,20251125,160000,10.16,10.16,10.15,10.16,5480,0
SOUL.US,5,20251125,161500,10.16,10.16,10.16,10.16,100,0
SOUL.US,5,20251125,162500,10.16,10.16,10.16,10.16,800,0
SOUL.US,5,20251125,163000,10.16,10.16,10.16,10.16,6120,0
SOUL.US,5,20251125,163500,10.15,10.15,10.14,10.14,4600,0
SOUL.US,5,20251125,165500,10.14,10.14,10.13,10.13,18360,0
SOUL.US,5,20251125,170000,10.13,10.13,10.13,10.13,5840,0
SOUL.US,5,20251125,171500,10.1363,10.1363,10.13,10.13,1117,0
SOUL.US,5,20251125,174000,10.1372,10.1372,10.1372,10.1372,100,0
SOUL.US,5,20251125,183000,10.13,10.13,10.13,10.13,100,0
SOUL.US,5,20251125,190500,10.13,10.135,10.13,10.135,21277,0
SOUL.US,5,20251125,191000,10.13,10.13,10.12,10.125,18188,0
SOUL.US,5,20251125,191500,10.13,10.135,10.12,10.135,49440,0
SOUL.US,5,20251125,200000,10.1313,10.1313,10.1313,10.1313,1960,0
SOUL.US,5,20251125,201500,10.12,10.12,10.12,10.12,20664,0
SOUL.US,5,20251125,205000,10.125,10.125,10.125,10.125,500,0
SOUL.US,5,20251125,210500,10.125,10.125,10.125,10.125,100,0
SOUL.US,5,20251125,215500,10.12,10.12,10.12,10.12,200,0
SOUL.US,5,20251126,162000,10.13,10.13,10.13,10.13,830,0
SOUL.US,5,20251126,173500,10.13,10.13,10.13,10.13,245,0
SOUL.US,5,20251126,194500,10.1428,10.1428,10.1428,10.1428,100,0
SOUL.US,5,20251126,200000,10.14,10.15,10.14,10.15,3800,0
SOUL.US,5,20251126,215000,10.15,10.15,10.15,10.15,350,0
SOUL.US,5,20251128,154500,10.1405,10.1405,10.1405,10.1405,355,0
SOUL.US,5,20251128,170000,10.15,10.15,10.15,10.15,175,0
SOUL.US,5,20251128,190000,10.15,10.15,10.15,10.15,109,0
SOUL.US,5,20251201,153500,10.161,10.161,10.161,10.161,1100,0
SOUL.US,5,20251201,165500,10.1614,10.1614,10.1614,10.1614,196,0
SOUL.US,5,20251201,170500,10.155,10.155,10.155,10.155,100,0
SOUL.US,5,20251201,174000,10.1501,10.1501,10.1501,10.1501,2100,0
SOUL.US,5,20251201,193500,10.155,10.155,10.15,10.15,14649,0
SOUL.US,5,20251201,201500,10.15,10.15,10.145,10.145,1450,0
SOUL.US,5,20251201,210500,10.145,10.145,10.135,10.135,8771,0
SOUL.US,5,20251201,214000,10.135,10.135,10.1301,10.135,8000,0
SOUL.US,5,20251202,162000,10.15,10.15,10.145,10.15,5700,0
SOUL.US,5,20251202,185500,10.16,10.16,10.16,10.16,175,0
SOUL.US,5,20251202,190000,10.15,10.15,10.15,10.15,4500,0
SOUL.US,5,20251202,191500,10.14,10.14,10.14,10.14,600,0
SOUL.US,5,20251202,192000,10.14,10.14,10.14,10.14,600,0
SOUL.US,5,20251202,213000,10.14,10.14,10.14,10.14,100,0
SOUL.US,5,20251203,173500,10.13,10.13,10.13,10.13,905,0
SOUL.US,5,20251203,182000,10.13,10.13,10.13,10.13,8705,0
SOUL.US,5,20251203,182500,10.13,10.13,10.13,10.13,120000,0
SOUL.US,5,20251203,184000,10.13,10.13,10.13,10.13,150,0
SOUL.US,5,20251203,212000,10.1301,10.1301,10.1301,10.1301,2500,0
SOUL.US,5,20251203,215000,10.13,10.13,10.13,10.13,139,0
SOUL.US,5,20251203,215500,10.135,10.135,10.135,10.135,900,0
SOUL.US,5,20251204,174000,10.1345,10.1345,10.1345,10.1345,200,0
SOUL.US,5,20251204,192500,10.13,10.13,10.12,10.12,11000,0
SOUL.US,5,20251204,200000,10.13,10.135,10.12,10.13,55740,0
SOUL.US,5,20251204,215500,10.135,10.14,10.135,10.14,537,0
SOUL.US,5,20251205,153000,10.14,10.14,10.14,10.14,998,0
SOUL.US,5,20251205,172000,10.13,10.135,10.13,10.135,501,0
SOUL.US,5,20251205,173000,10.13,10.13,10.13,10.13,100,0
SOUL.US,5,20251205,203000,10.135,10.14,10.135,10.14,958,0
SOUL.US,5,20251205,205000,10.1382,10.1382,10.1382,10.1382,100,0
SOUL.US,5,20251205,214000,10.14,10.14,10.14,10.14,161,0
SOUL.US,5,20251205,214500,10.14,10.14,10.14,10.14,200,0
SOUL.US,5,20251205,215000,10.14,10.14,10.14,10.14,1100,0
SOUL.US,5,20251205,215500,10.14,10.15,10.1398,10.15,1600,0
SOUL.US,5,20251208,165500,10.14,10.14,10.14,10.14,900,0
SOUL.US,5,20251208,181000,10.14,10.14,10.14,10.14,183,0
SOUL.US,5,20251209,155000,10.1318,10.1318,10.1318,10.1318,100,0
SOUL.US,5,20251209,164000,10.14,10.14,10.14,10.14,990,0
SOUL.US,5,20251209,191000,10.1391,10.1391,10.1391,10.1391,325,0
SOUL.US,5,20251209,200500,10.135,10.135,10.135,10.135,100,0
SOUL.US,5,20251209,205500,10.135,10.135,10.13,10.13,9470,0
SOUL.US,5,20251209,210500,10.13,10.13,10.13,10.13,1028,0
SOUL.US,5,20251209,211000,10.13,10.13,10.13,10.13,35347,0
SOUL.US,5,20251209,212500,10.13,10.13,10.125,10.125,8653,0
SOUL.US,5,20251209,213500,10.13,10.13,10.13,10.13,1400,0
SOUL.US,5,20251209,215500,10.13,10.13,10.13,10.13,6658,0
SOUL.US,5,20251210,161000,10.135,10.135,10.135,10.135,100,0
SOUL.US,5,20251210,171000,10.135,10.135,10.135,10.135,5878,0
SOUL.US,5,20251210,174000,10.13,10.13,10.13,10.13,235,0
SOUL.US,5,20251210,204500,10.1322,10.135,10.13,10.13,108463,0
SOUL.US,5,20251210,214500,10.1355,10.1355,10.1355,10.1355,1500,0
SOUL.US,5,20251210,215000,10.135,10.135,10.135,10.135,200,0
SOUL.US,5,20251210,215500,10.135,10.135,10.13,10.13,1196,0
SOUL.US,5,20251211,160000,10.13,10.13,10.13,10.13,10704,0
SOUL.US,5,20251211,164500,10.13,10.13,10.13,10.13,100000,0
SOUL.US,5,20251211,215500,10.13,10.13,10.12,10.12,1925,0
SOUL.US,5,20251212,153000,10.13,10.13,10.11,10.11,19999,0
SOUL.US,5,20251212,174000,10.12,10.12,10.12,10.12,100,0
SOUL.US,5,20251212,182500,10.125,10.125,10.125,10.125,125,0
SOUL.US,5,20251212,184500,10.12,10.125,10.12,10.12,75000,0
SOUL.US,5,20251212,190500,10.12,10.12,10.12,10.12,50000,0
SOUL.US,5,20251212,191500,10.12,10.12,10.12,10.12,75000,0
SOUL.US,5,20251212,192500,10.12,10.12,10.115,10.12,164200,0
SOUL.US,5,20251212,193000,10.12,10.12,10.115,10.12,43227,0
SOUL.US,5,20251212,193500,10.12,10.12,10.12,10.12,25000,0
SOUL.US,5,20251212,194000,10.12,10.12,10.12,10.12,50100,0
SOUL.US,5,20251212,212500,10.12,10.12,10.12,10.12,100,0
SOUL.US,5,20251212,215500,10.12,10.12,10.12,10.12,699,0
SOUL.US,5,20251215,154500,10.125,10.13,10.125,10.13,15797,0
SOUL.US,5,20251215,160000,10.13,10.13,10.13,10.13,100,0
SOUL.US,5,20251215,165500,10.13,10.1301,10.13,10.1301,2000,0
SOUL.US,5,20251215,172500,10.13,10.13,10.13,10.13,100000,0
SOUL.US,5,20251215,173500,10.13,10.13,10.13,10.13,100,0
SOUL.US,5,20251215,174000,10.13,10.13,10.13,10.13,200000,0
SOUL.US,5,20251215,174500,10.13,10.13,10.13,10.13,66304,0
SOUL.US,5,20251215,175000,10.135,10.135,10.135,10.135,1142,0
SOUL.US,5,20251215,181000,10.135,10.135,10.135,10.135,599,0
SOUL.US,5,20251215,182000,10.13,10.13,10.13,10.13,50000,0
SOUL.US,5,20251215,185000,10.135,10.135,10.135,10.135,100,0
SOUL.US,5,20251215,205500,10.135,10.135,10.135,10.135,200,0
SOUL.US,5,20251215,214500,10.135,10.135,10.135,10.135,410,0
SOUL.US,5,20251215,215500,10.135,10.135,10.13,10.13,1805,0
SOUL.US,5,20251216,160500,10.15,10.15,10.15,10.15,100,0
SOUL.US,5,20251216,161000,10.13,10.13,10.13,10.13,200,0
SOUL.US,5,20251216,162000,10.16,10.16,10.16,10.16,5500,0
SOUL.US,5,20251216,185500,10.1691,10.1691,10.1691,10.1691,401,0
SOUL.US,5,20251216,201000,10.15,10.15,10.15,10.15,800,0
SOUL.US,5,20251216,202000,10.13,10.13,10.13,10.13,300,0
SOUL.US,5,20251216,215500,10.13,10.13,10.13,10.13,623,0
SOUL.US,5,20251217,163500,10.13,10.13,10.13,10.13,100,0
SOUL.US,5,20251217,194000,10.14,10.14,10.135,10.14,11594,0
SOUL.US,5,20251217,203500,10.1401,10.1401,10.14,10.1401,31727,0
SOUL.US,5,20251217,204000,10.1401,10.1401,10.14,10.14,23371,0
SOUL.US,5,20251217,204500,10.1401,10.1401,10.1401,10.1401,4991,0
SOUL.US,5,20251217,205500,10.14,10.14,10.14,10.14,1600,0
SOUL.US,5,20251217,213500,10.14,10.14,10.14,10.14,123,0
SOUL.US,5,20251217,215500,10.14,10.14,10.14,10.14,476,0
SOUL.US,5,20251218,161000,10.14,10.14,10.14,10.14,2531,0
SOUL.US,5,20251218,183500,10.14,10.14,10.14,10.14,2000,0
SOUL.US,5,20251218,210000,10.14,10.14,10.14,10.14,62170,0
SOUL.US,5,20251218,215500,10.14,10.14,10.14,10.14,3300,0
SOUL.US,5,20251219,165000,10.15,10.15,10.15,10.15,42895,0
SOUL.US,5,20251219,172000,10.15,10.15,10.15,10.15,52130,0
SOUL.US,5,20251222,161500,10.1535,10.17,10.1535,10.17,1973,0
SOUL.US,5,20251222,163000,10.1613,10.1613,10.1613,10.1613,100,0
SOUL.US,5,20251222,190000,10.16,10.16,10.16,10.16,100,0
SOUL.US,5,20251222,213000,10.157,10.157,10.157,10.157,100,0
SOUL.US,5,20251222,215500,10.14,10.14,10.14,10.14,514,0
SOUL.US,5,20251223,162500,10.15,10.15,10.1499,10.15,10500,0
SOUL.US,5,20251223,171000,10.15,10.1503,10.15,10.1503,2000,0
SOUL.US,5,20251223,174000,10.15,10.15,10.15,10.15,214,0
SOUL.US,5,20251223,182500,10.155,10.155,10.155,10.155,500000,0
SOUL.US,5,20251223,183000,10.155,10.155,10.155,10.155,100000,0
SOUL.US,5,20251223,183500,10.155,10.16,10.15,10.15,15551,0
SOUL.US,5,20251223,184500,10.155,10.155,10.155,10.155,157014,0
SOUL.US,5,20251223,185500,10.16,10.16,10.16,10.16,100,0
SOUL.US,5,20251223,190000,10.16,10.16,10.16,10.16,75000,0
SOUL.US,5,20251223,191000,10.155,10.155,10.155,10.155,2461,0
SOUL.US,5,20251223,203000,10.155,10.155,10.155,10.155,400,0
SOUL.US,5,20251223,211500,10.16,10.16,10.16,10.16,1250,0
SOUL.US,5,20251224,155500,10.15,10.15,10.15,10.15,400,0
SOUL.US,5,20251224,163000,10.16,10.16,10.16,10.16,3000,0
SOUL.US,5,20251224,172000,10.15,10.15,10.15,10.15,15000,0
SOUL.US,5,20251224,172500,10.15,10.15,10.15,10.15,300,0
SOUL.US,5,20251224,181000,10.1541,10.1541,10.1541,10.1541,100,0
SOUL.US,5,20251224,190000,10.14,10.14,10.14,10.14,1161,0
SOUL.US,5,20251226,160500,10.16,10.16,10.155,10.155,500,0
SOUL.US,5,20251226,204000,10.155,10.155,10.155,10.155,100,0
SOUL.US,5,20251226,205500,10.155,10.155,10.155,10.155,200,0
SOUL.US,5,20251226,213000,10.15,10.1501,10.15,10.1501,3100,0
SOUL.US,5,20251226,215500,10.15,10.15,10.15,10.15,1535,0
SOUL.US,5,20251229,153000,10.14,10.14,10.14,10.14,1000,0
SOUL.US,5,20251229,212500,10.155,10.155,10.155,10.155,100,0
SOUL.US,5,20251229,215500,10.14,10.14,10.14,10.14,1017,0
SOUL.US,5,20251230,162000,10.1613,10.1613,10.1613,10.1613,100,0
SOUL.US,5,20251230,170500,10.1699,10.1699,10.1699,10.1699,200,0
SOUL.US,5,20251230,171500,10.1475,10.1475,10.1475,10.1475,200,0
SOUL.US,5,20251230,173000,10.14,10.14,10.14,10.14,200,0
SOUL.US,5,20251230,183000,10.14,10.14,10.14,10.14,100,0
SOUL.US,5,20251230,183500,10.155,10.155,10.155,10.155,200,0
SOUL.US,5,20251230,184000,10.155,10.155,10.155,10.155,200,0
SOUL.US,5,20251230,184500,10.14,10.14,10.14,10.14,323,0
SOUL.US,5,20251230,185000,10.14,10.14,10.14,10.14,208,0
SOUL.US,5,20251230,185500,10.14,10.14,10.14,10.14,276,0
SOUL.US,5,20251230,193000,10.1585,10.1585,10.1585,10.1585,499,0
SOUL.US,5,20251230,203000,10.16,10.16,10.15,10.15,2700,0
SOUL.US,5,20251230,215500,10.15,10.15,10.15,10.15,811,0
SOUL.US,5,20251231,163000,10.1557,10.1557,10.1557,10.1557,1300,0
SOUL.US,5,20251231,165500,10.15,10.15,10.15,10.15,900,0
SOUL.US,5,20251231,170000,10.15,10.15,10.15,10.15,2100,0
SOUL.US,5,20251231,171500,10.16,10.16,10.16,10.16,100,0
SOUL.US,5,20251231,193000,10.16,10.16,10.16,10.16,100,0
SOUL.US,5,20251231,195000,10.15,10.16,10.15,10.16,267,0
SOUL.US,5,20251231,215500,10.15,10.15,10.15,10.15,243,0
SOUL.US,5,20260102,153000,10.1549,10.1549,10.1549,10.1549,100,0
SOUL.US,5,20260102,160500,10.15,10.15,10.15,10.15,300,0
SOUL.US,5,20260102,191500,10.15,10.15,10.15,10.15,136,0
SOUL.US,5,20260102,200500,10.16,10.16,10.16,10.16,100,0
SOUL.US,5,20260102,215500,10.15,10.15,10.15,10.15,202,0
SOUL.US,5,20260105,154500,10.17,10.17,10.17,10.17,100,0
SOUL.US,5,20260105,155000,10.17,10.17,10.17,10.17,100,0
SOUL.US,5,20260105,164500,10.15,10.17,10.15,10.17,352,0
SOUL.US,5,20260105,172000,10.16,10.16,10.16,10.16,300,0
SOUL.US,5,20260105,172500,10.17,10.17,10.16,10.16,200,0
SOUL.US,5,20260105,194000,10.17,10.17,10.17,10.17,100,0
SOUL.US,5,20260106,164500,10.17,10.17,10.17,10.17,100,0
SOUL.US,5,20260106,173500,10.17,10.17,10.17,10.17,100,0
SOUL.US,5,20260106,181500,10.17,10.17,10.17,10.17,100,0
SOUL.US,5,20260107,154500,10.17,10.17,10.17,10.17,100,0
SOUL.US,5,20260107,161000,10.17,10.17,10.17,10.17,100,0
SOUL.US,5,20260107,170000,10.16,10.17,10.16,10.17,312,0
SOUL.US,5,20260107,183500,10.17,10.17,10.17,10.17,100,0
SOUL.US,5,20260107,194000,10.1633,10.1633,10.1633,10.1633,2000,0
SOUL.US,5,20260107,215500,10.16,10.16,10.16,10.16,100,0
SOUL.US,5,20260108,154500,10.17,10.17,10.17,10.17,100,0
SOUL.US,5,20260108,155000,10.165,10.165,10.16,10.16,209,0
SOUL.US,5,20260108,170000,10.16,10.16,10.16,10.16,195,0
SOUL.US,5,20260108,170500,10.17,10.17,10.17,10.17,100,0
SOUL.US,5,20260108,185000,10.17,10.17,10.165,10.17,22100,0
SOUL.US,5,20260108,191500,10.18,10.18,10.18,10.18,100,0
SOUL.US,5,20260108,194500,10.18,10.18,10.18,10.18,100,0
SOUL.US,5,20260108,214000,10.18,10.18,10.18,10.18,100,0
SOUL.US,5,20260109,154500,10.2,10.2,10.2,10.2,100,0
SOUL.US,5,20260109,160500,10.1999,10.1999,10.1999,10.1999,100,0
SOUL.US,5,20260109,161000,10.1999,10.1999,10.1999,10.1999,100,0
SOUL.US,5,20260109,162000,10.17,10.17,10.17,10.17,500,0
SOUL.US,5,20260109,175000,10.2,10.2,10.2,10.2,100,0
SOUL.US,5,20260109,210500,10.1873,10.1873,10.1873,10.1873,300,0
SOUL.US,5,20260109,213000,10.185,10.1999,10.185,10.1999,1000,0
SOUL.US,5,20260112,153500,10.1799,10.1799,10.17,10.17,1100,0
SOUL.US,5,20260112,155000,10.17,10.17,10.17,10.17,100,0
SOUL.US,5,20260112,165000,10.17,10.17,10.17,10.17,231,0
SOUL.US,5,20260112,190000,10.17,10.17,10.17,10.17,100,0
SOUL.US,5,20260112,201500,10.175,10.175,10.175,10.175,200,0
SOUL.US,5,20260112,202000,10.1701,10.1701,10.1701,10.1701,100,0
SOUL.US,5,20260112,214500,10.175,10.175,10.175,10.175,300,0
SOUL.US,5,20260113,153500,10.17,10.17,10.17,10.17,100,0
SOUL.US,5,20260113,173000,10.2,10.2,10.18,10.18,8559,0
SOUL.US,5,20260113,184500,10.19,10.19,10.19,10.19,500,0
SOUL.US,5,20260114,163000,10.1705,10.175,10.17,10.175,92799,0
SOUL.US,5,20260114,182500,10.175,10.175,10.175,10.175,800,0
SOUL.US,5,20260114,192500,10.18,10.18,10.18,10.18,100,0
SOUL.US,5,20260114,193500,10.18,10.18,10.18,10.18,100,0
SOUL.US,5,20260114,195000,10.18,10.18,10.18,10.18,100,0
SOUL.US,5,20260114,201000,10.18,10.18,10.18,10.18,100,0
SOUL.US,5,20260114,202000,10.18,10.18,10.18,10.18,100,0
SOUL.US,5,20260114,203500,10.18,10.18,10.18,10.18,100,0
SOUL.US,5,20260114,204500,10.18,10.18,10.18,10.18,100,0
SOUL.US,5,20260114,214500,10.18,10.18,10.18,10.18,7600,0
SOUL.US,5,20260114,215000,10.18,10.18,10.18,10.18,600,0
SOUL.US,5,20260114,215500,10.18,10.18,10.18,10.18,200,0
SOUL.US,5,20260115,163000,10.18,10.18,10.18,10.18,100000,0
SOUL.US,5,20260115,165500,10.18,10.18,10.18,10.18,183,0
SOUL.US,5,20260115,210500,10.1862,10.1862,10.1862,10.1862,1000,0
SOUL.US,5,20260115,214000,10.18,10.18,10.18,10.18,703,0
SOUL.US,5,20260115,215500,10.18,10.18,10.18,10.18,100,0
SOUL.US,5,20260116,153000,10.2,10.2199,10.2,10.2199,5411,0
SOUL.US,5,20260116,153500,10.22,10.22,10.21,10.21,2267,0
SOUL.US,5,20260116,154000,10.2066,10.23,10.2066,10.23,2939,0
SOUL.US,5,20260116,154500,10.2,10.2,10.1999,10.1999,23660,0
SOUL.US,5,20260116,155000,10.19,10.1999,10.19,10.1999,1000,0
SOUL.US,5,20260116,161000,10.2199,10.2199,10.2,10.2,570,0
SOUL.US,5,20260116,162000,10.2,10.2,10.2,10.2,200,0
SOUL.US,5,20260116,164000,10.2,10.2,10.2,10.2,100,0
SOUL.US,5,20260116,171000,10.2,10.2,10.2,10.2,100,0
SOUL.US,5,20260116,185500,10.21,10.21,10.21,10.21,195,0
SOUL.US,5,20260116,215500,10.18,10.18,10.18,10.18,140,0
SOUL.US,5,20260120,160500,10.2151,10.2151,10.2151,10.2151,600,0
SOUL.US,5,20260120,181500,10.22,10.22,10.22,10.22,500,0
SOUL.US,5,20260120,195000,10.21,10.21,10.21,10.21,100,0
SOUL.US,5,20260120,204500,10.21,10.215,10.21,10.215,200,0
SOUL.US,5,20260122,153000,10.25,10.827,10.25,10.827,18515,0
SOUL.US,5,20260122,153500,10.62,10.6202,10.6,10.6,80000,0
SOUL.US,5,20260122,161000,10.2999,10.2999,10.2999,10.2999,500,0
SOUL.US,5,20260122,164500,10.23,10.23,10.23,10.23,100,0
SOUL.US,5,20260122,165000,10.21,10.21,10.21,10.21,200000,0
SOUL.US,5,20260122,165500,10.21,10.21,10.19,10.2,208142,0
SOUL.US,5,20260122,170500,10.22,10.22,10.22,10.22,50100,0
SOUL.US,5,20260122,180500,10.225,10.23,10.225,10.2266,1600,0
SOUL.US,5,20260122,185500,10.22,10.22,10.22,10.22,100000,0
SOUL.US,5,20260122,192000,10.22,10.22,10.22,10.22,100000,0
SOUL.US,5,20260122,195500,10.22,10.23,10.22,10.23,2511,0
SOUL.US,5,20260122,215000,10.22,10.23,10.22,10.23,488,0
SOUL.US,5,20260122,215500,10.22,10.22,10.22,10.22,1599,0
SOUL.US,5,20260123,213000,10.22,10.225,10.22,10.225,10100,0
SOUL.US,5,20260123,214000,10.225,10.225,10.225,10.225,100,0
SOUL.US,5,20260123,214500,10.225,10.225,10.225,10.225,100,0
SOUL.US,5,20260123,215500,10.22,10.22,10.22,10.22,100,0
