<TICKER>,<PER>,<DATE>,<TIME>,<OPEN>,<HIGH>,<LOW>,<CLOSE>,<VOL>,<OPENINT>
TRTX_C.US,5,20250829,185000,18.21,18.243,18.21,18.243,200,0
TRTX_C.US,5,20250829,195000,18.22,18.22,18.22,18.22,100,0
TRTX_C.US,5,20250829,202000,18.22,18.22,18.09,18.09,1737,0
TRTX_C.US,5,20250829,202500,18.18,18.19,18.11,18.19,1700,0
TRTX_C.US,5,20250829,203000,18.19,18.2,18.17,18.17,400,0
TRTX_C.US,5,20250829,211000,18.195,18.2005,18.195,18.2005,896,0
TRTX_C.US,5,20250829,212000,18.12,18.12,18.12,18.12,100,0
TRTX_C.US,5,20250829,213500,18.12,18.12,18.12,18.12,100,0
TRTX_C.US,5,20250829,214000,18.11,18.11,18.11,18.11,100,0
TRTX_C.US,5,20250829,214500,18.08,18.08,18.08,18.08,100,0
TRTX_C.US,5,20250829,215000,18.08,18.08,18,18,2254,0
TRTX_C.US,5,20250829,215500,17.98,17.99,17.98,17.99,8423,0
TRTX_C.US,5,20250902,155500,18.089,18.089,18.089,18.089,1100,0
TRTX_C.US,5,20250902,161000,18.089,18.089,18.089,18.089,1200,0
TRTX_C.US,5,20250902,161500,18.089,18.089,18.089,18.089,1300,0
TRTX_C.US,5,20250902,164500,18.075,18.2166,18.075,18.089,1550,0
TRTX_C.US,5,20250902,165000,17.958,17.958,17.958,17.958,700,0
TRTX_C.US,5,20250902,165500,18.01,18.01,18,18,1199,0
TRTX_C.US,5,20250902,173000,18.01,18.01,18,18,450,0
TRTX_C.US,5,20250902,174500,18,18,18,18,451,0
TRTX_C.US,5,20250902,182000,17.94,17.94,17.94,17.94,310,0
TRTX_C.US,5,20250902,191000,17.92,17.92,17.8,17.8,2298,0
TRTX_C.US,5,20250902,204500,17.88,17.88,17.88,17.88,100,0
TRTX_C.US,5,20250902,205000,17.86,17.86,17.725,17.78,5042,0
TRTX_C.US,5,20250902,212000,17.78,17.78,17.78,17.78,100,0
TRTX_C.US,5,20250903,153000,17.98,17.98,17.98,17.98,100,0
TRTX_C.US,5,20250903,160500,17.94,17.94,17.94,17.94,100,0
TRTX_C.US,5,20250903,161500,17.94,17.94,17.94,17.94,100,0
TRTX_C.US,5,20250903,162500,17.9,17.9,17.9,17.9,100,0
TRTX_C.US,5,20250903,174500,17.93,17.93,17.895,17.895,200,0
TRTX_C.US,5,20250903,175000,17.93,17.93,17.93,17.93,176,0
TRTX_C.US,5,20250903,182000,17.95,17.95,17.95,17.95,100,0
TRTX_C.US,5,20250903,183000,17.88,17.88,17.82,17.82,500,0
TRTX_C.US,5,20250903,184000,17.82,17.82,17.8,17.82,459,0
TRTX_C.US,5,20250903,184500,17.95,17.95,17.95,17.95,100,0
TRTX_C.US,5,20250903,190000,17.95,17.95,17.95,17.95,100,0
TRTX_C.US,5,20250903,191000,17.95,17.95,17.95,17.95,100,0
TRTX_C.US,5,20250903,201000,17.95,17.95,17.95,17.95,119,0
TRTX_C.US,5,20250903,204500,17.96,17.96,17.96,17.96,100,0
TRTX_C.US,5,20250903,210000,17.96,17.96,17.96,17.96,100,0
TRTX_C.US,5,20250903,211000,17.96,17.96,17.96,17.96,100,0
TRTX_C.US,5,20250903,212000,17.94,17.94,17.94,17.94,118,0
TRTX_C.US,5,20250903,212500,17.96,17.96,17.96,17.96,100,0
TRTX_C.US,5,20250903,213500,17.95,17.95,17.95,17.95,141,0
TRTX_C.US,5,20250903,214000,17.96,17.96,17.96,17.96,100,0
TRTX_C.US,5,20250903,214500,17.96,17.96,17.96,17.96,100,0
TRTX_C.US,5,20250903,215500,17.96,18,17.96,18,211,0
TRTX_C.US,5,20250904,162000,17.81,17.81,17.81,17.81,300,0
TRTX_C.US,5,20250904,173500,17.84,17.84,17.84,17.84,100,0
TRTX_C.US,5,20250904,181000,17.9215,17.9215,17.9215,17.9215,310,0
TRTX_C.US,5,20250904,213500,17.91,17.91,17.91,17.91,100,0
TRTX_C.US,5,20250904,214000,17.94,17.94,17.94,17.94,153,0
TRTX_C.US,5,20250904,215000,18.1,18.1,18.1,18.1,507,0
TRTX_C.US,5,20250904,215500,18.1,18.1434,18.1,18.1434,3400,0
TRTX_C.US,5,20250905,153500,18.055,18.055,18.055,18.055,100,0
TRTX_C.US,5,20250905,160500,18.23,18.23,18.23,18.23,100,0
TRTX_C.US,5,20250905,170000,18.23,18.23,18.23,18.23,100,0
TRTX_C.US,5,20250905,173500,18.23,18.24,18.23,18.24,200,0
TRTX_C.US,5,20250905,181500,18.24,18.24,18.24,18.24,100,0
TRTX_C.US,5,20250905,195500,18.24,18.24,18.24,18.24,100,0
TRTX_C.US,5,20250905,210500,18.187,18.187,18.187,18.187,200,0
TRTX_C.US,5,20250905,213000,18.24,18.24,18.24,18.24,100,0
TRTX_C.US,5,20250905,215500,18.25,18.25,18.25,18.25,703,0
TRTX_C.US,5,20250908,162500,18.2156,18.2156,18.2156,18.2156,198,0
TRTX_C.US,5,20250908,170500,18.25,18.25,18.25,18.25,2500,0
TRTX_C.US,5,20250908,171000,18.25,18.3,18.25,18.3,7746,0
TRTX_C.US,5,20250908,171500,18.29,18.3,18.29,18.3,2000,0
TRTX_C.US,5,20250908,172000,18.3,18.36,18.3,18.35,3413,0
TRTX_C.US,5,20250908,173000,18.35,18.35,18.35,18.35,500,0
TRTX_C.US,5,20250908,184000,18.29,18.29,18.29,18.29,454,0
TRTX_C.US,5,20250908,190000,18.35,18.35,18.35,18.35,110,0
TRTX_C.US,5,20250908,192000,18.18,18.28,18.17,18.17,300,0
TRTX_C.US,5,20250908,192500,18.17,18.17,18.17,18.17,200,0
TRTX_C.US,5,20250908,193000,18.17,18.17,18.17,18.17,200,0
TRTX_C.US,5,20250908,193500,18.19,18.19,18.19,18.19,300,0
TRTX_C.US,5,20250908,194000,18.16,18.16,18.15,18.15,300,0
TRTX_C.US,5,20250908,194500,18.17,18.19,18.16,18.16,475,0
TRTX_C.US,5,20250908,195000,18.18,18.18,18.15,18.15,300,0
TRTX_C.US,5,20250908,195500,18.177,18.18,18.15,18.15,2357,0
TRTX_C.US,5,20250908,200000,17.885,18.02,17.885,18.02,600,0
TRTX_C.US,5,20250908,200500,18.03,18.05,18.03,18.05,300,0
TRTX_C.US,5,20250908,201000,18.05,18.05,18.05,18.05,400,0
TRTX_C.US,5,20250908,201500,18.05,18.05,18.05,18.05,300,0
TRTX_C.US,5,20250908,202000,18.045,18.045,18.045,18.045,100,0
TRTX_C.US,5,20250908,202500,18.06,18.06,18.06,18.06,100,0
TRTX_C.US,5,20250908,203000,18.06,18.06,18.06,18.06,300,0
TRTX_C.US,5,20250908,203500,18.06,18.06,18.06,18.06,300,0
TRTX_C.US,5,20250908,204000,18.06,18.06,18.06,18.06,300,0
TRTX_C.US,5,20250908,204500,18.06,18.06,18.06,18.06,300,0
TRTX_C.US,5,20250908,205000,18.06,18.16,18.06,18.13,4060,0
TRTX_C.US,5,20250908,205500,18.13,18.2,18.13,18.2,925,0
TRTX_C.US,5,20250908,210000,18.2,18.25,18.2,18.25,1300,0
TRTX_C.US,5,20250908,210500,18.25,18.25,18.25,18.25,300,0
TRTX_C.US,5,20250908,211000,18.25,18.26,18.25,18.26,300,0
TRTX_C.US,5,20250908,211500,18.25,18.25,18.25,18.25,300,0
TRTX_C.US,5,20250908,212000,18.25,18.25,18.25,18.25,200,0
TRTX_C.US,5,20250908,212500,18.2,18.2,18.2,18.2,100,0
TRTX_C.US,5,20250908,213000,18.2,18.2,18.19,18.19,300,0
TRTX_C.US,5,20250908,213500,18.19,18.19,18.19,18.19,400,0
TRTX_C.US,5,20250908,214000,18.18,18.18,18.06,18.18,500,0
TRTX_C.US,5,20250908,214500,18.18,18.2,18.18,18.2,300,0
TRTX_C.US,5,20250908,215000,18.2,18.21,18.2,18.21,500,0
TRTX_C.US,5,20250908,215500,18.21,18.28,18.04,18.28,503,0
TRTX_C.US,5,20250909,153500,18.0656,18.0656,18.0656,18.0656,547,0
TRTX_C.US,5,20250909,154500,18.185,18.185,18.09,18.09,2009,0
TRTX_C.US,5,20250909,155500,18.1,18.1,18.1,18.1,400,0
TRTX_C.US,5,20250909,160000,18.1,18.1,18.09,18.09,300,0
TRTX_C.US,5,20250909,170000,18.09,18.09,18.09,18.09,100,0
TRTX_C.US,5,20250909,171000,18.1,18.1,18.075,18.075,1100,0
TRTX_C.US,5,20250909,172500,18.1,18.1,18.1,18.1,100,0
TRTX_C.US,5,20250909,173000,18.1,18.1,18.1,18.1,900,0
TRTX_C.US,5,20250909,180500,18.1,18.1,18.1,18.1,100,0
TRTX_C.US,5,20250909,190500,18.1,18.1,18.1,18.1,600,0
TRTX_C.US,5,20250909,193000,18.1,18.1,18.075,18.075,1000,0
TRTX_C.US,5,20250909,204500,18.09,18.09,18.09,18.09,336,0
TRTX_C.US,5,20250909,205000,18.08,18.1,18.08,18.1,500,0
TRTX_C.US,5,20250909,205500,18.08,18.08,18.08,18.08,178,0
TRTX_C.US,5,20250909,211000,18.05,18.05,18.05,18.05,600,0
TRTX_C.US,5,20250909,212000,18.05,18.05,18.05,18.05,100,0
TRTX_C.US,5,20250909,214500,18.03,18.03,18,18,3800,0
TRTX_C.US,5,20250909,215500,18.01,18.01,18.01,18.01,100,0
TRTX_C.US,5,20250910,153000,18.1,18.13,18.1,18.1,544,0
TRTX_C.US,5,20250910,175500,18.1779,18.1779,18.1779,18.1779,250,0
TRTX_C.US,5,20250910,181500,18.18,18.18,18.18,18.18,200,0
TRTX_C.US,5,20250910,190500,18.11,18.13,18.1,18.1,900,0
TRTX_C.US,5,20250910,191000,18.1,18.1,18.1,18.1,100,0
TRTX_C.US,5,20250910,192500,18.1,18.1,18.1,18.1,300,0
TRTX_C.US,5,20250910,210500,18.1,18.1,18.1,18.1,200,0
TRTX_C.US,5,20250910,213000,18.07,18.07,18,18.07,7862,0
TRTX_C.US,5,20250910,214000,17.9836,17.9836,17.9836,17.9836,100,0
TRTX_C.US,5,20250910,215000,18.05,18.05,18.05,18.05,500,0
TRTX_C.US,5,20250911,162500,18.0655,18.1306,18.0655,18.1306,1000,0
TRTX_C.US,5,20250911,180500,18.22,18.22,18.22,18.22,234,0
TRTX_C.US,5,20250911,182000,18.2,18.2,18.2,18.2,200,0
TRTX_C.US,5,20250911,184500,18.2,18.2,18.2,18.2,700,0
TRTX_C.US,5,20250911,191500,18.2,18.2,18.2,18.2,200,0
TRTX_C.US,5,20250911,194500,18.22,18.22,18.22,18.22,100,0
TRTX_C.US,5,20250911,195500,18.19,18.19,18.19,18.19,517,0
TRTX_C.US,5,20250911,200500,18.2104,18.2104,18.15,18.15,400,0
TRTX_C.US,5,20250911,201000,18.15,18.15,18.15,18.15,500,0
TRTX_C.US,5,20250912,153000,18.19,18.28,18.19,18.28,200,0
TRTX_C.US,5,20250912,160000,18.26,18.26,18.26,18.26,200,0
TRTX_C.US,5,20250912,164000,18.21,18.21,18.2,18.2,500,0
TRTX_C.US,5,20250912,173500,18.2224,18.2224,18.2224,18.2224,200,0
TRTX_C.US,5,20250912,192000,18.265,18.2696,18.265,18.2696,1066,0
TRTX_C.US,5,20250912,204000,18.23,18.23,18.23,18.23,100,0
TRTX_C.US,5,20250912,212500,18.25,18.26,18.23,18.23,1100,0
TRTX_C.US,5,20250915,160500,18.195,18.195,18.195,18.195,500,0
TRTX_C.US,5,20250915,163000,18.14,18.14,18.14,18.14,1836,0
TRTX_C.US,5,20250915,170500,18.14,18.14,18.14,18.14,100,0
TRTX_C.US,5,20250915,185500,18.17,18.17,18.17,18.17,500,0
TRTX_C.US,5,20250915,191000,18.19,18.19,18.19,18.19,110,0
TRTX_C.US,5,20250915,195500,18.18,18.18,18.18,18.18,666,0
TRTX_C.US,5,20250915,200000,18.1999,18.2,18.1999,18.1999,468,0
TRTX_C.US,5,20250915,211000,18.1926,18.1926,18.1926,18.1926,180,0
TRTX_C.US,5,20250915,214000,18.15,18.15,18.11,18.11,1105,0
TRTX_C.US,5,20250916,160500,18.15,18.15,18.15,18.15,400,0
TRTX_C.US,5,20250916,180500,18.21,18.21,18.21,18.21,400,0
TRTX_C.US,5,20250916,201000,18.21,18.21,18.1608,18.21,1300,0
TRTX_C.US,5,20250916,201500,18.21,18.21,18.1719,18.21,8986,0
TRTX_C.US,5,20250916,204500,18.2266,18.2266,18.2266,18.2266,1372,0
TRTX_C.US,5,20250916,205000,18.23,18.23,18.23,18.23,100,0
TRTX_C.US,5,20250916,205500,18.255,18.255,18.255,18.255,100,0
TRTX_C.US,5,20250916,210000,18.25,18.28,18.25,18.25,7577,0
TRTX_C.US,5,20250916,210500,18.25,18.25,18.25,18.25,5000,0
TRTX_C.US,5,20250916,211500,18.25,18.25,18.25,18.25,100,0
TRTX_C.US,5,20250916,213500,18.25,18.25,18.25,18.25,200,0
TRTX_C.US,5,20250917,153000,18.28,18.28,18.28,18.28,100,0
TRTX_C.US,5,20250917,160000,18.2583,18.2583,18.2583,18.2583,143,0
TRTX_C.US,5,20250917,163000,18.27,18.28,18.27,18.28,200,0
TRTX_C.US,5,20250917,174000,18.2785,18.28,18.2785,18.28,1467,0
TRTX_C.US,5,20250917,175500,18.28,18.28,18.27,18.27,200,0
TRTX_C.US,5,20250917,180000,18.28,18.28,18.28,18.28,100,0
TRTX_C.US,5,20250917,181000,18.28,18.28,18.27,18.27,586,0
TRTX_C.US,5,20250917,181500,18.22,18.22,18.22,18.22,100,0
TRTX_C.US,5,20250917,182000,18.28,18.28,18.28,18.28,100,0
TRTX_C.US,5,20250917,185000,18.25,18.28,18.25,18.28,200,0
TRTX_C.US,5,20250917,185500,18.2686,18.2686,18.2686,18.2686,110,0
TRTX_C.US,5,20250917,191500,18.25,18.25,18.25,18.25,547,0
TRTX_C.US,5,20250917,195000,18.25,18.25,18.25,18.25,100,0
TRTX_C.US,5,20250917,195500,18.25,18.25,18.25,18.25,100,0
TRTX_C.US,5,20250917,200000,18.25,18.29,18.2071,18.29,9750,0
TRTX_C.US,5,20250917,201000,18.33,18.38,18.32,18.33,8550,0
TRTX_C.US,5,20250917,201500,18.33,18.33,18.33,18.33,100,0
TRTX_C.US,5,20250917,203500,18.33,18.33,18.33,18.33,100,0
TRTX_C.US,5,20250917,204000,18.28,18.35,18.28,18.3,1500,0
TRTX_C.US,5,20250917,205000,18.2,18.21,18.15,18.15,4514,0
TRTX_C.US,5,20250917,215000,18.24,18.24,18.24,18.24,500,0
TRTX_C.US,5,20250917,215500,18.24,18.24,18.24,18.24,100,0
TRTX_C.US,5,20250918,161000,18.2,18.2,18.2,18.2,100,0
TRTX_C.US,5,20250918,164500,18.1975,18.1975,18.1975,18.1975,100,0
TRTX_C.US,5,20250918,165500,18.27,18.27,18.27,18.27,100,0
TRTX_C.US,5,20250918,185000,18.25,18.2799,18.22,18.26,2060,0
TRTX_C.US,5,20250918,185500,18.26,18.26,18.26,18.26,100,0
TRTX_C.US,5,20250918,200000,18.27,18.27,18.27,18.27,110,0
TRTX_C.US,5,20250919,162500,17.855,17.855,17.855,17.855,310,0
TRTX_C.US,5,20250919,163500,17.857,17.857,17.857,17.857,100,0
TRTX_C.US,5,20250919,170000,17.88,17.9,17.855,17.9,900,0
TRTX_C.US,5,20250919,180500,17.92,17.92,17.89,17.89,410,0
TRTX_C.US,5,20250919,205500,17.84,17.84,17.8008,17.8008,702,0
TRTX_C.US,5,20250919,213000,17.85,17.85,17.85,17.85,100,0
TRTX_C.US,5,20250919,213500,17.84,17.84,17.84,17.84,100,0
TRTX_C.US,5,20250922,153000,17.88,17.88,17.88,17.88,100,0
TRTX_C.US,5,20250922,163000,17.8763,17.895,17.8763,17.895,1000,0
TRTX_C.US,5,20250922,164000,17.9,17.9,17.88,17.9,364,0
TRTX_C.US,5,20250922,175500,17.9752,17.9752,17.93,17.93,300,0
TRTX_C.US,5,20250922,212000,17.9289,17.9289,17.9289,17.9289,141,0
TRTX_C.US,5,20250923,194500,17.9,17.9,17.87,17.87,300,0
TRTX_C.US,5,20250923,215500,17.89,17.89,17.89,17.89,100,0
TRTX_C.US,5,20250924,155500,17.74,17.8103,17.61,17.6101,7854,0
TRTX_C.US,5,20250924,160500,17.755,17.755,17.755,17.755,151,0
TRTX_C.US,5,20250924,165500,17.79,17.79,17.79,17.79,200,0
TRTX_C.US,5,20250924,180000,17.75,17.75,17.75,17.75,200,0
TRTX_C.US,5,20250924,184000,17.79,17.8,17.79,17.795,874,0
TRTX_C.US,5,20250924,190000,17.79,17.79,17.79,17.79,100,0
TRTX_C.US,5,20250924,192500,17.805,17.805,17.79,17.805,891,0
TRTX_C.US,5,20250924,193500,17.81,17.81,17.81,17.81,100,0
TRTX_C.US,5,20250924,194500,17.81,17.81,17.81,17.81,700,0
TRTX_C.US,5,20250924,201500,17.8,17.83,17.8,17.83,700,0
TRTX_C.US,5,20250924,202000,17.83,17.83,17.815,17.815,200,0
TRTX_C.US,5,20250924,202500,17.815,17.815,17.815,17.815,200,0
TRTX_C.US,5,20250924,203000,17.805,17.805,17.805,17.805,100,0
TRTX_C.US,5,20250924,203500,17.805,17.805,17.805,17.805,200,0
TRTX_C.US,5,20250924,204000,17.805,17.805,17.805,17.805,100,0
TRTX_C.US,5,20250924,204500,17.805,17.805,17.805,17.805,200,0
TRTX_C.US,5,20250924,205000,17.805,17.805,17.805,17.805,200,0
TRTX_C.US,5,20250924,205500,17.805,17.805,17.805,17.805,100,0
TRTX_C.US,5,20250924,210000,17.805,17.815,17.805,17.815,200,0
TRTX_C.US,5,20250924,210500,17.815,17.815,17.815,17.815,100,0
TRTX_C.US,5,20250924,211000,17.815,17.815,17.815,17.815,200,0
TRTX_C.US,5,20250924,211500,17.815,17.815,17.815,17.815,100,0
TRTX_C.US,5,20250924,212000,17.815,17.815,17.805,17.805,200,0
TRTX_C.US,5,20250924,212500,17.85,17.85,17.84,17.84,1300,0
TRTX_C.US,5,20250924,213000,17.83,17.84,17.83,17.835,300,0
TRTX_C.US,5,20250924,213500,17.84,17.84,17.835,17.835,300,0
TRTX_C.US,5,20250924,214000,17.835,17.84,17.83,17.84,300,0
TRTX_C.US,5,20250924,214500,17.785,17.84,17.785,17.83,330,0
TRTX_C.US,5,20250924,215500,17.74,17.74,17.74,17.74,100,0
TRTX_C.US,5,20250925,154500,17.653,17.653,17.653,17.653,100,0
TRTX_C.US,5,20250925,191000,17.6701,17.6701,17.6701,17.6701,200,0
TRTX_C.US,5,20250926,160500,17.749,17.749,17.749,17.749,100,0
TRTX_C.US,5,20250926,162500,17.58,17.58,17.53,17.56,894,0
TRTX_C.US,5,20250926,163000,17.51,17.51,17.51,17.51,400,0
TRTX_C.US,5,20250926,163500,17.57,17.57,17.57,17.57,1000,0
TRTX_C.US,5,20250926,174000,17.65,17.65,17.65,17.65,100,0
TRTX_C.US,5,20250926,174500,17.58,17.58,17.58,17.58,263,0
TRTX_C.US,5,20250926,175500,17.56,17.58,17.56,17.5799,2700,0
TRTX_C.US,5,20250926,183000,17.6,17.6,17.58,17.58,1400,0
TRTX_C.US,5,20250926,185500,17.58,17.58,17.58,17.58,100,0
TRTX_C.US,5,20250926,191000,17.58,17.58,17.58,17.58,100,0
TRTX_C.US,5,20250926,191500,17.51,17.51,17.51,17.51,1000,0
TRTX_C.US,5,20250926,195500,17.58,17.58,17.58,17.58,100,0
TRTX_C.US,5,20250926,203500,17.5298,17.5298,17.5298,17.5298,113,0
TRTX_C.US,5,20250926,205500,17.555,17.555,17.555,17.555,100,0
TRTX_C.US,5,20250926,210000,17.58,17.58,17.58,17.58,100,0
TRTX_C.US,5,20250926,210500,17.58,17.6,17.58,17.586,782,0
TRTX_C.US,5,20250926,213000,17.5534,17.5534,17.5534,17.5534,854,0
TRTX_C.US,5,20250926,213500,17.58,17.58,17.58,17.58,100,0
TRTX_C.US,5,20250926,215000,17.63,17.63,17.62,17.62,701,0
TRTX_C.US,5,20250929,153500,17.58,17.58,17.55,17.55,1400,0
TRTX_C.US,5,20250929,154000,17.54,17.54,17.54,17.54,100,0
TRTX_C.US,5,20250929,154500,17.53,17.53,17.53,17.53,100,0
TRTX_C.US,5,20250929,155500,17.524,17.53,17.524,17.525,600,0
TRTX_C.US,5,20250929,160000,17.525,17.525,17.525,17.525,200,0
TRTX_C.US,5,20250929,160500,17.5,17.5,17.5,17.5,300,0
TRTX_C.US,5,20250929,161000,17.5,17.5,17.5,17.5,199,0
TRTX_C.US,5,20250929,162000,17.51,17.51,17.51,17.51,1360,0
TRTX_C.US,5,20250929,164500,17.56,17.56,17.56,17.56,100,0
TRTX_C.US,5,20250929,170500,17.6,17.6,17.6,17.6,200,0
TRTX_C.US,5,20250929,171000,17.52,17.52,17.52,17.52,250,0
TRTX_C.US,5,20250929,171500,17.51,17.51,17.51,17.51,1548,0
TRTX_C.US,5,20250929,172500,17.5366,17.54,17.5366,17.54,400,0
TRTX_C.US,5,20250929,183000,17.54,17.54,17.5,17.5,700,0
TRTX_C.US,5,20250929,185500,17.45,17.45,17.45,17.45,700,0
TRTX_C.US,5,20250929,190000,17.43,17.43,17.43,17.43,212,0
TRTX_C.US,5,20250929,190500,17.41,17.41,17.41,17.41,400,0
TRTX_C.US,5,20250929,191000,17.4,17.4,17.38,17.38,800,0
TRTX_C.US,5,20250929,192000,17.44,17.44,17.44,17.44,200,0
TRTX_C.US,5,20250929,201000,17.45,17.45,17.45,17.45,200,0
TRTX_C.US,5,20250929,202500,17.37,17.4782,17.37,17.4782,1725,0
TRTX_C.US,5,20250929,203000,17.51,17.55,17.51,17.55,300,0
TRTX_C.US,5,20250929,204500,17.55,17.55,17.55,17.55,600,0
TRTX_C.US,5,20250929,205000,17.54,17.54,17.54,17.54,1100,0
TRTX_C.US,5,20250929,205500,17.54,17.54,17.54,17.54,300,0
TRTX_C.US,5,20250929,210000,17.54,17.55,17.54,17.54,1400,0
TRTX_C.US,5,20250929,210500,17.54,17.54,17.53,17.53,600,0
TRTX_C.US,5,20250929,211000,17.53,17.53,17.5,17.5,1099,0
TRTX_C.US,5,20250929,211500,17.54,17.54,17.5,17.5,500,0
TRTX_C.US,5,20250929,212000,17.5147,17.5147,17.5147,17.5147,200,0
TRTX_C.US,5,20250929,213000,17.5565,17.5565,17.5565,17.5565,486,0
TRTX_C.US,5,20250930,164500,17.55,17.55,17.55,17.55,100,0
TRTX_C.US,5,20250930,172500,17.575,17.575,17.51,17.51,400,0
TRTX_C.US,5,20250930,180000,17.55,17.55,17.55,17.55,100,0
TRTX_C.US,5,20250930,181500,17.55,17.57,17.5354,17.5354,874,0
TRTX_C.US,5,20250930,183000,17.57,17.57,17.57,17.57,518,0
TRTX_C.US,5,20250930,215500,17.75,17.75,17.75,17.75,347,0
TRTX_C.US,5,20251001,182500,17.615,17.615,17.615,17.615,210,0
TRTX_C.US,5,20251001,183000,17.62,17.62,17.62,17.62,100,0
TRTX_C.US,5,20251002,203000,17.639,17.639,17.6,17.6,200,0
TRTX_C.US,5,20251003,153000,17.7,17.7,17.7,17.7,986,0
TRTX_C.US,5,20251003,200500,17.55,17.55,17.55,17.55,255,0
TRTX_C.US,5,20251003,203500,17.55,17.55,17.55,17.55,200,0
TRTX_C.US,5,20251003,213000,17.57,17.57,17.57,17.57,100,0
TRTX_C.US,5,20251003,215000,17.54,17.54,17.54,17.54,193,0
TRTX_C.US,5,20251003,215500,17.54,17.55,17.54,17.55,422,0
TRTX_C.US,5,20251006,160000,17.51,17.51,17.51,17.51,100,0
TRTX_C.US,5,20251006,160500,17.5001,17.65,17.5001,17.65,516,0
TRTX_C.US,5,20251006,162000,17.61,17.61,17.61,17.61,100,0
TRTX_C.US,5,20251006,163000,17.51,17.51,17.5,17.5,410,0
TRTX_C.US,5,20251006,164500,17.52,17.52,17.52,17.52,110,0
TRTX_C.US,5,20251006,171000,17.52,17.52,17.52,17.52,100,0
TRTX_C.US,5,20251006,172000,17.5305,17.55,17.5305,17.55,2000,0
TRTX_C.US,5,20251006,181500,17.5416,17.5416,17.5416,17.5416,545,0
TRTX_C.US,5,20251006,190000,17.59,17.59,17.45,17.4665,5229,0
TRTX_C.US,5,20251006,190500,17.4351,17.45,17.4,17.415,1380,0
TRTX_C.US,5,20251006,191000,17.415,17.415,17.4118,17.4118,800,0
TRTX_C.US,5,20251006,191500,17.45,17.45,17.45,17.45,400,0
TRTX_C.US,5,20251006,194500,17.64,17.64,17.64,17.64,100,0
TRTX_C.US,5,20251006,202500,17.64,17.64,17.64,17.64,100,0
TRTX_C.US,5,20251006,203000,17.64,17.64,17.64,17.64,254,0
TRTX_C.US,5,20251006,203500,17.64,17.64,17.64,17.64,100,0
TRTX_C.US,5,20251006,213500,17.63,17.699,17.63,17.699,1851,0
TRTX_C.US,5,20251006,215500,17.67,17.67,17.67,17.67,100,0
TRTX_C.US,5,20251007,154500,17.56,17.56,17.56,17.56,114,0
TRTX_C.US,5,20251007,194000,17.6,17.6,17.55,17.59,536,0
TRTX_C.US,5,20251007,194500,17.67,17.67,17.65,17.65,499,0
TRTX_C.US,5,20251008,160000,17.615,17.615,17.615,17.615,508,0
TRTX_C.US,5,20251008,161500,17.54,17.54,17.54,17.54,100,0
TRTX_C.US,5,20251008,162000,17.59,17.59,17.5894,17.5894,513,0
TRTX_C.US,5,20251008,165000,17.605,17.605,17.605,17.605,100,0
TRTX_C.US,5,20251008,172500,17.605,17.605,17.605,17.605,100,0
TRTX_C.US,5,20251008,181500,17.699,17.699,17.65,17.65,800,0
TRTX_C.US,5,20251008,183000,17.65,17.65,17.65,17.65,300,0
TRTX_C.US,5,20251008,184500,17.62,17.62,17.62,17.62,100,0
TRTX_C.US,5,20251008,192000,17.6,17.6,17.6,17.6,100,0
TRTX_C.US,5,20251008,194000,17.59,17.5999,17.59,17.5987,666,0
TRTX_C.US,5,20251008,194500,17.59,17.59,17.59,17.59,100,0
TRTX_C.US,5,20251008,195000,17.53,17.53,17.53,17.53,100,0
TRTX_C.US,5,20251008,195500,17.52,17.52,17.52,17.52,320,0
TRTX_C.US,5,20251008,200500,17.47,17.59,17.47,17.59,900,0
TRTX_C.US,5,20251008,201500,17.6,17.6,17.6,17.6,200,0
TRTX_C.US,5,20251008,202500,17.7,17.7,17.7,17.7,100,0
TRTX_C.US,5,20251009,194500,17.41,17.41,17.41,17.41,100,0
TRTX_C.US,5,20251009,203500,17.58,17.6208,17.58,17.6208,1300,0
TRTX_C.US,5,20251009,214500,17.69,17.69,17.69,17.69,100,0
TRTX_C.US,5,20251009,215500,17.43,17.43,17.43,17.43,301,0
TRTX_C.US,5,20251010,161500,17.4078,17.4078,17.4078,17.4078,190,0
TRTX_C.US,5,20251010,163000,17.5,17.625,17.5,17.57,1500,0
TRTX_C.US,5,20251010,171000,17.52,17.52,17.51,17.51,600,0
TRTX_C.US,5,20251010,171500,17.53,17.54,17.53,17.54,300,0
TRTX_C.US,5,20251010,212500,17.46,17.46,17.46,17.46,100,0
TRTX_C.US,5,20251010,213500,17.4078,17.4078,17.4078,17.4078,478,0
TRTX_C.US,5,20251010,215500,17.41,17.41,17.37,17.37,200,0
TRTX_C.US,5,20251013,155000,17.5,17.5,17.5,17.5,233,0
TRTX_C.US,5,20251013,182500,17.4749,17.4749,17.4749,17.4749,190,0
TRTX_C.US,5,20251014,161500,17.52,17.52,17.52,17.52,100,0
TRTX_C.US,5,20251014,180000,17.38,17.46,17.38,17.43,1328,0
TRTX_C.US,5,20251014,180500,17.42,17.42,17.42,17.42,200,0
TRTX_C.US,5,20251014,181000,17.3804,17.3804,17.3804,17.3804,100,0
TRTX_C.US,5,20251014,182500,17.45,17.45,17.45,17.45,100,0
TRTX_C.US,5,20251014,184000,17.45,17.45,17.45,17.45,409,0
TRTX_C.US,5,20251014,191000,17.45,17.45,17.45,17.45,146,0
TRTX_C.US,5,20251014,204500,17.375,17.45,17.375,17.375,1150,0
TRTX_C.US,5,20251014,205500,17.35,17.35,17.35,17.35,1000,0
TRTX_C.US,5,20251014,215000,17.35,17.35,17.35,17.35,1000,0
TRTX_C.US,5,20251015,173000,17.5,17.5,17.5,17.5,400,0
TRTX_C.US,5,20251015,184500,17.5085,17.5085,17.5085,17.5085,150,0
TRTX_C.US,5,20251015,190500,17.445,17.445,17.445,17.445,150,0
TRTX_C.US,5,20251015,192500,17.445,17.445,17.39,17.39,200,0
TRTX_C.US,5,20251015,215000,17.64,17.64,17.64,17.64,200,0
TRTX_C.US,5,20251017,164500,17.55,17.55,17.45,17.45,500,0
TRTX_C.US,5,20251017,165500,17.5,17.5,17.5,17.5,100,0
TRTX_C.US,5,20251020,165000,17.54,17.55,17.54,17.55,200,0
TRTX_C.US,5,20251020,172500,17.45,17.45,17.45,17.45,100,0
TRTX_C.US,5,20251020,175000,17.454,17.454,17.454,17.454,100,0
TRTX_C.US,5,20251020,180500,17.4,17.41,17.35,17.35,2387,0
TRTX_C.US,5,20251020,190000,17.47,17.47,17.47,17.47,100,0
TRTX_C.US,5,20251020,192000,17.46,17.46,17.46,17.46,200,0
TRTX_C.US,5,20251020,200000,17.4283,17.4283,17.4283,17.4283,200,0
TRTX_C.US,5,20251020,200500,17.49,17.49,17.49,17.49,107,0
TRTX_C.US,5,20251020,203000,17.49,17.49,17.49,17.49,163,0
TRTX_C.US,5,20251020,214000,17.5,17.5,17.5,17.5,400,0
TRTX_C.US,5,20251020,215000,17.52,17.52,17.52,17.52,200,0
TRTX_C.US,5,20251020,215500,17.52,17.52,17.52,17.52,200,0
TRTX_C.US,5,20251021,170000,17.51,17.52,17.51,17.52,1230,0
TRTX_C.US,5,20251021,175500,17.4825,17.4825,17.4825,17.4825,200,0
TRTX_C.US,5,20251021,200000,17.6499,17.6499,17.6499,17.6499,100,0
TRTX_C.US,5,20251021,210000,17.648,17.648,17.648,17.648,130,0
TRTX_C.US,5,20251022,155000,17.55,17.5501,17.55,17.5501,1299,0
TRTX_C.US,5,20251022,160000,17.6327,17.6327,17.6327,17.6327,100,0
TRTX_C.US,5,20251022,183500,17.58,17.58,17.58,17.58,100,0
TRTX_C.US,5,20251023,162000,17.5551,17.5551,17.5551,17.5551,1300,0
TRTX_C.US,5,20251023,164500,17.5106,17.555,17.5106,17.555,815,0
TRTX_C.US,5,20251023,181000,17.53,17.53,17.53,17.53,600,0
TRTX_C.US,5,20251023,181500,17.54,17.54,17.54,17.54,100,0
TRTX_C.US,5,20251023,212500,17.532,17.532,17.48,17.48,855,0
TRTX_C.US,5,20251023,213500,17.4,17.4,17.4,17.4,600,0
TRTX_C.US,5,20251023,214500,17.45,17.45,17.4,17.4175,1856,0
TRTX_C.US,5,20251023,215500,17.4,17.4,17.4,17.4,100,0
TRTX_C.US,5,20251024,155000,17.56,17.56,17.56,17.56,200,0
TRTX_C.US,5,20251024,162500,17.4765,17.4765,17.4765,17.4765,150,0
TRTX_C.US,5,20251024,184500,17.48,17.48,17.48,17.48,288,0
TRTX_C.US,5,20251024,190000,17.45,17.45,17.45,17.45,312,0
TRTX_C.US,5,20251024,204000,17.6,17.6,17.46,17.46,1300,0
TRTX_C.US,5,20251024,210000,17.46,17.46,17.46,17.46,100,0
TRTX_C.US,5,20251024,210500,17.6,17.6,17.6,17.6,100,0
TRTX_C.US,5,20251027,151000,17.6,17.6,17.6,17.6,100,0
TRTX_C.US,5,20251027,164000,17.51,17.53,17.5,17.52,400,0
TRTX_C.US,5,20251027,164500,17.54,17.54,17.54,17.54,100,0
TRTX_C.US,5,20251027,175500,17.54,17.5402,17.5,17.5,655,0
TRTX_C.US,5,20251028,182000,17.54,17.54,17.54,17.54,400,0
TRTX_C.US,5,20251028,192000,17.5,17.5,17.5,17.5,200,0
TRTX_C.US,5,20251028,203000,17.409,17.409,17.409,17.409,250,0
TRTX_C.US,5,20251029,143000,17.5,17.5,17.5,17.5,2209,0
TRTX_C.US,5,20251029,151000,17.5999,17.5999,17.56,17.56,1600,0
TRTX_C.US,5,20251029,155500,17.6,17.66,17.6,17.66,794,0
TRTX_C.US,5,20251029,163500,17.6589,17.6589,17.6589,17.6589,100,0
TRTX_C.US,5,20251029,170500,17.66,17.66,17.66,17.66,100,0
TRTX_C.US,5,20251029,180000,17.56,17.58,17.55,17.56,1600,0
TRTX_C.US,5,20251029,182000,17.6333,17.6333,17.6333,17.6333,100,0
TRTX_C.US,5,20251029,184000,17.575,17.6,17.55,17.575,3400,0
TRTX_C.US,5,20251029,193000,17.6,17.6,17.6,17.6,7218,0
TRTX_C.US,5,20251029,194000,17.625,17.65,17.625,17.6499,1200,0
TRTX_C.US,5,20251029,205500,17.55,17.55,17.55,17.55,100,0
TRTX_C.US,5,20251030,143000,17.585,17.585,17.585,17.585,100,0
TRTX_C.US,5,20251030,153000,17.576,17.576,17.576,17.576,533,0
TRTX_C.US,5,20251030,161000,17.65,17.65,17.65,17.65,241,0
TRTX_C.US,5,20251031,144500,17.6699,17.6699,17.6699,17.6699,500,0
TRTX_C.US,5,20251031,153500,17.56,17.56,17.56,17.56,100,0
TRTX_C.US,5,20251031,165500,17.56,17.56,17.56,17.56,100,0
TRTX_C.US,5,20251031,181500,17.55,17.55,17.55,17.55,975,0
TRTX_C.US,5,20251031,182500,17.55,17.55,17.55,17.55,200,0
TRTX_C.US,5,20251031,184000,17.55,17.55,17.55,17.55,200,0
TRTX_C.US,5,20251031,185500,17.55,17.55,17.55,17.55,200,0
TRTX_C.US,5,20251031,191000,17.55,17.55,17.55,17.55,200,0
TRTX_C.US,5,20251031,193000,17.55,17.55,17.55,17.55,192,0
TRTX_C.US,5,20251031,194500,17.51,17.51,17.51,17.51,200,0
TRTX_C.US,5,20251031,195000,17.51,17.51,17.51,17.51,100,0
TRTX_C.US,5,20251031,200000,17.5,17.5,17.5,17.5,200,0
TRTX_C.US,5,20251031,202000,17.55,17.55,17.55,17.55,300,0
TRTX_C.US,5,20251031,203500,17.55,17.55,17.55,17.55,200,0
TRTX_C.US,5,20251031,204000,17.55,17.55,17.55,17.55,100,0
TRTX_C.US,5,20251031,204500,17.55,17.55,17.55,17.55,280,0
TRTX_C.US,5,20251031,205000,17.55,17.55,17.5,17.5,2854,0
TRTX_C.US,5,20251031,205500,17.5,17.51,17.5,17.51,7346,0
TRTX_C.US,5,20251103,153000,17.66,17.66,17.66,17.66,100,0
TRTX_C.US,5,20251103,154000,17.65,17.65,17.65,17.65,100,0
TRTX_C.US,5,20251103,154500,17.65,17.65,17.65,17.65,500,0
TRTX_C.US,5,20251103,155500,17.61,17.61,17.61,17.61,100,0
TRTX_C.US,5,20251103,160000,17.64,17.65,17.64,17.65,2300,0
TRTX_C.US,5,20251103,161000,17.6342,17.6342,17.6342,17.6342,250,0
TRTX_C.US,5,20251103,162000,17.63,17.65,17.63,17.6312,2457,0
TRTX_C.US,5,20251103,162500,17.62,17.62,17.62,17.62,300,0
TRTX_C.US,5,20251103,164500,17.6346,17.6346,17.6346,17.6346,100,0
TRTX_C.US,5,20251103,170500,17.6428,17.6428,17.6428,17.6428,100,0
TRTX_C.US,5,20251103,171000,17.63,17.65,17.63,17.65,4744,0
TRTX_C.US,5,20251103,173000,17.67,17.6851,17.67,17.6835,2279,0
TRTX_C.US,5,20251103,180000,17.7,17.7,17.6999,17.6999,1075,0
TRTX_C.US,5,20251103,184500,17.645,17.645,17.645,17.645,113,0
TRTX_C.US,5,20251103,193000,17.69,17.7,17.69,17.69,500,0
TRTX_C.US,5,20251103,194500,17.81,17.81,17.81,17.81,200,0
TRTX_C.US,5,20251103,195500,17.75,17.75,17.75,17.75,45467,0
TRTX_C.US,5,20251103,200000,17.78,17.78,17.78,17.78,45467,0
TRTX_C.US,5,20251103,202000,17.81,17.81,17.8,17.8,200,0
TRTX_C.US,5,20251104,153000,17.8,17.8,17.8,17.8,900,0
TRTX_C.US,5,20251104,163000,17.89,17.89,17.78,17.78,400,0
TRTX_C.US,5,20251104,165000,17.9099,17.9099,17.9099,17.9099,150,0
TRTX_C.US,5,20251104,170500,17.91,17.91,17.91,17.91,150,0
TRTX_C.US,5,20251104,171500,17.88,17.88,17.78,17.78,1250,0
TRTX_C.US,5,20251104,180000,17.829,17.847,17.7669,17.847,300,0
TRTX_C.US,5,20251104,181500,17.85,17.85,17.85,17.85,277,0
TRTX_C.US,5,20251104,183000,17.89,17.89,17.89,17.89,100,0
TRTX_C.US,5,20251104,184000,17.87,17.87,17.87,17.87,500,0
TRTX_C.US,5,20251104,201500,17.78,17.78,17.78,17.78,945,0
TRTX_C.US,5,20251104,202500,17.87,17.87,17.87,17.87,1124,0
TRTX_C.US,5,20251104,204500,17.8295,17.8295,17.8295,17.8295,100,0
TRTX_C.US,5,20251104,213500,17.87,17.87,17.87,17.87,100,0
TRTX_C.US,5,20251105,155000,17.85,17.9183,17.85,17.9183,302,0
TRTX_C.US,5,20251105,172500,17.9199,17.9199,17.9199,17.9199,1073,0
TRTX_C.US,5,20251105,173000,17.92,17.92,17.92,17.92,288,0
TRTX_C.US,5,20251105,181500,17.9,17.92,17.78,17.82,31958,0
TRTX_C.US,5,20251105,183000,17.8201,17.8201,17.8201,17.8201,1000,0
TRTX_C.US,5,20251105,184000,17.87,17.92,17.87,17.92,657,0
TRTX_C.US,5,20251105,201000,17.92,17.92,17.92,17.92,100,0
TRTX_C.US,5,20251105,204500,17.87,17.87,17.87,17.87,300,0
TRTX_C.US,5,20251105,211500,17.9,17.9,17.9,17.9,300,0
TRTX_C.US,5,20251105,212000,17.9,17.9,17.9,17.9,100,0
TRTX_C.US,5,20251106,155500,17.93,17.93,17.93,17.93,200,0
TRTX_C.US,5,20251106,162000,17.93,17.93,17.93,17.93,459,0
TRTX_C.US,5,20251106,162500,17.95,17.95,17.95,17.95,200,0
TRTX_C.US,5,20251106,164500,17.94,17.94,17.94,17.94,266,0
TRTX_C.US,5,20251106,165000,17.95,17.95,17.95,17.95,100,0
TRTX_C.US,5,20251106,174500,17.8783,17.8783,17.8783,17.8783,600,0
TRTX_C.US,5,20251106,185500,17.8,17.82,17.8,17.82,500,0
TRTX_C.US,5,20251106,201000,17.8,17.8,17.8,17.8,300,0
TRTX_C.US,5,20251106,205500,17.8,17.8,17.8,17.8,100,0
TRTX_C.US,5,20251106,211500,17.8,17.9499,17.8,17.865,1700,0
TRTX_C.US,5,20251106,215500,17.8,17.8,17.78,17.78,636,0
TRTX_C.US,5,20251107,172000,17.8,17.8,17.8,17.8,400,0
TRTX_C.US,5,20251107,172500,17.77,17.8,17.77,17.8,800,0
TRTX_C.US,5,20251107,173000,17.78,17.78,17.78,17.78,200,0
TRTX_C.US,5,20251107,174500,17.8,17.8,17.78,17.8,400,0
TRTX_C.US,5,20251107,175000,17.78,17.78,17.78,17.78,100,0
TRTX_C.US,5,20251107,180000,17.8,17.8,17.775,17.775,400,0
TRTX_C.US,5,20251107,182000,17.8,17.8,17.8,17.8,100,0
TRTX_C.US,5,20251107,193000,17.79,17.8,17.79,17.7999,700,0
TRTX_C.US,5,20251107,201000,17.78,17.78,17.78,17.78,100,0
TRTX_C.US,5,20251107,202000,17.8,17.8,17.8,17.8,100,0
TRTX_C.US,5,20251107,203500,17.8,17.8,17.7832,17.7832,800,0
TRTX_C.US,5,20251107,205500,17.7775,17.7775,17.775,17.775,214,0
TRTX_C.US,5,20251107,212500,17.8,17.8,17.775,17.775,600,0
TRTX_C.US,5,20251107,213500,17.8,17.8,17.8,17.8,4200,0
TRTX_C.US,5,20251107,214000,17.8,17.8,17.8,17.8,3800,0
TRTX_C.US,5,20251110,170500,17.8,17.8,17.8,17.8,100,0
TRTX_C.US,5,20251110,171000,17.725,17.725,17.725,17.725,200,0
TRTX_C.US,5,20251110,192000,17.8,17.8,17.75,17.7999,2400,0
TRTX_C.US,5,20251110,193000,17.78,17.78,17.75,17.75,1500,0
TRTX_C.US,5,20251110,211500,17.9094,17.9094,17.9094,17.9094,1000,0
TRTX_C.US,5,20251111,155500,17.95,17.95,17.95,17.95,600,0
TRTX_C.US,5,20251111,161500,17.875,17.875,17.875,17.875,500,0
TRTX_C.US,5,20251111,164000,17.975,17.975,17.975,17.975,100,0
TRTX_C.US,5,20251111,184000,17.92,17.92,17.92,17.92,100,0
TRTX_C.US,5,20251111,192000,17.94,17.94,17.94,17.94,100,0
TRTX_C.US,5,20251111,202000,17.78,17.78,17.78,17.78,100,0
TRTX_C.US,5,20251111,205000,17.8,17.8,17.8,17.8,140,0
TRTX_C.US,5,20251111,205500,17.78,17.78,17.78,17.78,1400,0
TRTX_C.US,5,20251111,210000,17.78,17.78,17.78,17.78,500,0
TRTX_C.US,5,20251111,215500,17.81,17.8603,17.79,17.8603,1200,0
TRTX_C.US,5,20251112,162000,17.877,17.877,17.877,17.877,285,0
TRTX_C.US,5,20251112,171000,17.78,17.86,17.75,17.75,11999,0
TRTX_C.US,5,20251112,171500,17.78,17.78,17.75,17.75,2100,0
TRTX_C.US,5,20251112,172000,17.76,17.76,17.76,17.76,1000,0
TRTX_C.US,5,20251112,172500,17.75,17.8,17.75,17.8,16000,0
TRTX_C.US,5,20251112,174500,17.75,17.75,17.73,17.73,400,0
TRTX_C.US,5,20251112,175000,17.75,17.75,17.73,17.73,300,0
TRTX_C.US,5,20251112,181500,17.7499,17.7499,17.7499,17.7499,150,0
TRTX_C.US,5,20251112,185000,17.75,17.75,17.75,17.75,100,0
TRTX_C.US,5,20251112,194500,17.88,17.88,17.8364,17.8364,400,0
TRTX_C.US,5,20251112,195500,17.88,17.88,17.88,17.88,100,0
TRTX_C.US,5,20251112,202000,17.8286,17.8286,17.8286,17.8286,100,0
TRTX_C.US,5,20251112,203000,17.73,17.76,17.69,17.69,2700,0
TRTX_C.US,5,20251112,215000,17.85,17.85,17.85,17.85,500,0
TRTX_C.US,5,20251113,153000,17.85,17.87,17.815,17.84,1900,0
TRTX_C.US,5,20251113,162500,17.85,17.9853,17.85,17.91,626,0
TRTX_C.US,5,20251113,163500,17.96,17.96,17.96,17.96,106,0
TRTX_C.US,5,20251113,164000,18,18,18,18,236,0
TRTX_C.US,5,20251113,170500,17.95,17.95,17.95,17.95,200,0
TRTX_C.US,5,20251113,171500,17.9985,17.9985,17.9985,17.9985,175,0
TRTX_C.US,5,20251113,172500,17.96,17.96,17.94,17.94,200,0
TRTX_C.US,5,20251113,203000,17.93,17.93,17.93,17.93,300,0
TRTX_C.US,5,20251113,204500,17.9999,17.9999,17.9999,17.9999,300,0
TRTX_C.US,5,20251113,205500,17.94,17.94,17.935,17.935,800,0
TRTX_C.US,5,20251113,210000,17.9399,17.9399,17.92,17.92,600,0
TRTX_C.US,5,20251113,212000,17.9691,17.9691,17.9691,17.9691,1108,0
TRTX_C.US,5,20251113,212500,17.99,17.99,17.99,17.99,100,0
TRTX_C.US,5,20251114,162000,17.95,17.95,17.95,17.95,120,0
TRTX_C.US,5,20251114,172500,17.9,17.91,17.9,17.91,3490,0
TRTX_C.US,5,20251114,173500,17.92,17.92,17.9,17.9,912,0
TRTX_C.US,5,20251114,180000,17.86,17.86,17.86,17.86,100,0
TRTX_C.US,5,20251114,185000,17.8,17.8,17.8,17.8,100,0
TRTX_C.US,5,20251114,211000,17.8745,17.8745,17.8745,17.8745,1000,0
TRTX_C.US,5,20251117,161500,17.9221,17.9221,17.9221,17.9221,575,0
TRTX_C.US,5,20251117,162000,17.9045,17.9045,17.9045,17.9045,617,0
TRTX_C.US,5,20251117,182000,17.82,17.82,17.82,17.82,600,0
TRTX_C.US,5,20251117,184500,17.8,17.82,17.8,17.8,550,0
TRTX_C.US,5,20251117,190000,17.8,17.8,17.8,17.8,200,0
TRTX_C.US,5,20251117,195500,17.78,17.78,17.76,17.76,400,0
TRTX_C.US,5,20251117,201500,17.8,17.8,17.8,17.8,100,0
TRTX_C.US,5,20251118,155500,17.76,17.76,17.75,17.75,300,0
TRTX_C.US,5,20251118,160500,17.86,17.86,17.86,17.86,1400,0
TRTX_C.US,5,20251118,165000,17.75,17.75,17.75,17.75,200,0
TRTX_C.US,5,20251118,202000,17.75,17.75,17.75,17.75,500,0
TRTX_C.US,5,20251118,205500,17.75,17.75,17.75,17.75,200,0
TRTX_C.US,5,20251118,210000,17.75,17.75,17.75,17.75,100,0
TRTX_C.US,5,20251118,212500,17.75,17.75,17.75,17.75,100,0
TRTX_C.US,5,20251118,214500,17.7439,17.75,17.7439,17.7499,1000,0
TRTX_C.US,5,20251118,215000,17.75,17.75,17.73,17.73,277,0
TRTX_C.US,5,20251119,160000,17.86,17.86,17.86,17.86,100,0
TRTX_C.US,5,20251119,175000,17.8595,17.8595,17.8595,17.8595,374,0
TRTX_C.US,5,20251120,162500,17.755,17.755,17.755,17.755,100,0
TRTX_C.US,5,20251120,163500,17.97,17.98,17.8682,17.98,1400,0
TRTX_C.US,5,20251120,165000,17.94,17.95,17.8125,17.8125,1200,0
TRTX_C.US,5,20251120,174500,17.78,17.82,17.78,17.8,400,0
TRTX_C.US,5,20251120,175000,17.8,17.8,17.8,17.8,100,0
TRTX_C.US,5,20251120,181500,17.7,17.7,17.7,17.7,100,0
TRTX_C.US,5,20251120,195500,17.7201,17.7226,17.7,17.7226,2149,0
TRTX_C.US,5,20251120,201500,17.745,17.745,17.745,17.745,274,0
TRTX_C.US,5,20251120,213000,17.77,17.77,17.7625,17.7625,1100,0
TRTX_C.US,5,20251121,160000,17.75,17.76,17.75,17.76,200,0
TRTX_C.US,5,20251121,163000,17.766,17.766,17.7,17.72,2306,0
TRTX_C.US,5,20251121,164000,17.7277,17.7277,17.725,17.725,1000,0
TRTX_C.US,5,20251121,164500,17.75,17.75,17.75,17.75,100,0
TRTX_C.US,5,20251121,183000,17.76,17.76,17.76,17.76,100,0
TRTX_C.US,5,20251121,205500,17.705,17.705,17.705,17.705,202,0
TRTX_C.US,5,20251124,162000,17.85,17.85,17.85,17.85,100,0
TRTX_C.US,5,20251124,164000,17.8,17.8,17.8,17.8,528,0
TRTX_C.US,5,20251124,165500,17.78,17.78,17.76,17.7601,1510,0
TRTX_C.US,5,20251124,180500,17.8705,17.9509,17.8705,17.9509,500,0
TRTX_C.US,5,20251124,211000,17.85,17.85,17.85,17.85,200,0
TRTX_C.US,5,20251125,160000,18.0076,18.0076,18.0076,18.0076,1108,0
TRTX_C.US,5,20251125,161000,17.9186,17.9186,17.9186,17.9186,132,0
TRTX_C.US,5,20251125,164500,17.92,17.92,17.92,17.92,117,0
TRTX_C.US,5,20251125,171000,17.975,17.975,17.975,17.975,155,0
TRTX_C.US,5,20251125,175000,17.9,17.9,17.9,17.9,100,0
TRTX_C.US,5,20251125,180000,17.91,17.91,17.91,17.91,100,0
TRTX_C.US,5,20251125,180500,17.9,17.9,17.9,17.9,100,0
TRTX_C.US,5,20251125,181500,17.9,17.9,17.9,17.9,100,0
TRTX_C.US,5,20251125,182500,17.9,17.9,17.9,17.9,100,0
TRTX_C.US,5,20251125,183000,17.9,17.9,17.9,17.9,100,0
TRTX_C.US,5,20251125,184000,17.9,17.9,17.9,17.9,100,0
TRTX_C.US,5,20251125,184500,18.04,18.05,17.95,18.05,1000,0
TRTX_C.US,5,20251125,185000,17.93,17.93,17.93,17.93,100,0
TRTX_C.US,5,20251125,185500,18.029,18.04,18.029,18.04,300,0
TRTX_C.US,5,20251125,202500,17.99,17.99,17.99,17.99,100,0
TRTX_C.US,5,20251125,210000,18.05,18.05,18.035,18.035,5200,0
TRTX_C.US,5,20251125,210500,18.02,18.1,18.02,18.04,9400,0
TRTX_C.US,5,20251125,212500,18.1,18.1,18.1,18.1,100,0
TRTX_C.US,5,20251125,215000,18.1,18.1,18.1,18.1,144,0
TRTX_C.US,5,20251126,171000,18.047,18.047,18.047,18.047,275,0
TRTX_C.US,5,20251126,174000,18.1,18.15,18.1,18.15,6821,0
TRTX_C.US,5,20251126,174500,18.15,18.15,18.15,18.15,500,0
TRTX_C.US,5,20251126,175000,18.15,18.15,18.1499,18.1499,300,0
TRTX_C.US,5,20251126,175500,18.11,18.15,18.11,18.15,764,0
TRTX_C.US,5,20251126,181000,18.11,18.15,18.11,18.15,201,0
TRTX_C.US,5,20251126,182000,18.19,18.19,18.19,18.19,400,0
TRTX_C.US,5,20251126,182500,18.19,18.2099,18.19,18.2099,3640,0
TRTX_C.US,5,20251126,184500,18.2,18.2,18.2,18.2,100,0
TRTX_C.US,5,20251126,191000,18.17,18.2,18.17,18.2,300,0
TRTX_C.US,5,20251126,191500,18.185,18.185,18.17,18.17,200,0
TRTX_C.US,5,20251126,192000,18.19,18.19,18.118,18.118,200,0
TRTX_C.US,5,20251126,193500,18.2,18.2,18.2,18.2,100,0
TRTX_C.US,5,20251126,202000,18.19,18.19,18.19,18.19,100,0
TRTX_C.US,5,20251126,204000,18.16,18.16,18.16,18.16,100,0
TRTX_C.US,5,20251126,210000,18.1,18.1,18.1,18.1,200,0
TRTX_C.US,5,20251126,211000,18.17,18.17,18.17,18.17,100,0
TRTX_C.US,5,20251126,211500,18.15,18.15,18.15,18.15,100,0
TRTX_C.US,5,20251126,213500,18.1,18.1,18.1,18.1,100,0
TRTX_C.US,5,20251128,153500,18.1,18.1,18.1,18.1,100,0
TRTX_C.US,5,20251128,165500,18.1299,18.13,18.042,18.13,2553,0
TRTX_C.US,5,20251128,171000,18.13,18.13,18.13,18.13,100,0
TRTX_C.US,5,20251128,171500,18.13,18.13,18.13,18.13,100,0
TRTX_C.US,5,20251128,173000,18.16,18.16,18.16,18.16,900,0
TRTX_C.US,5,20251128,174000,18.16,18.16,18.16,18.16,100,0
TRTX_C.US,5,20251128,180500,18.16,18.16,18.16,18.16,100,0
TRTX_C.US,5,20251128,181000,18.13,18.13,18.13,18.13,500,0
TRTX_C.US,5,20251128,185500,18.15,18.15,18.15,18.15,200,0
TRTX_C.US,5,20251201,153000,17.925,17.925,17.925,17.925,100,0
TRTX_C.US,5,20251201,153500,18.1,18.1,18.1,18.1,100,0
TRTX_C.US,5,20251201,162000,17.925,17.925,17.925,17.925,500,0
TRTX_C.US,5,20251201,165500,17.95,18.1,17.95,18.1,200,0
TRTX_C.US,5,20251201,172000,18.05,18.05,17.95,17.95,475,0
TRTX_C.US,5,20251201,183000,17.96,18,17.71,17.71,3039,0
TRTX_C.US,5,20251201,193500,18.04,18.04,18.04,18.04,100,0
TRTX_C.US,5,20251201,200500,18.03,18.03,18.03,18.03,100,0
TRTX_C.US,5,20251201,211500,17.98,18.01,17.98,18.01,200,0
TRTX_C.US,5,20251201,212000,17.98,17.98,17.98,17.98,289,0
TRTX_C.US,5,20251201,212500,18.09,18.09,18.09,18.09,100,0
TRTX_C.US,5,20251202,161000,18.15,18.15,18.15,18.15,2553,0
TRTX_C.US,5,20251202,162500,18.155,18.155,18.155,18.155,172,0
TRTX_C.US,5,20251202,164000,18.1575,18.18,18.1575,18.18,1600,0
TRTX_C.US,5,20251202,165500,18.1475,18.1475,18.1475,18.1475,100,0
TRTX_C.US,5,20251202,170500,18.155,18.155,18.155,18.155,750,0
TRTX_C.US,5,20251202,171500,18.18,18.2,18.18,18.2,2547,0
TRTX_C.US,5,20251202,173500,18.23,18.23,18.23,18.23,100,0
TRTX_C.US,5,20251202,174500,18.23,18.24,18.23,18.24,400,0
TRTX_C.US,5,20251202,180500,18.26,18.28,18.26,18.28,1300,0
TRTX_C.US,5,20251202,182000,18.29,18.29,18.29,18.29,200,0
TRTX_C.US,5,20251202,184000,18.285,18.285,18.285,18.285,200,0
TRTX_C.US,5,20251202,184500,18.3,18.3,18.3,18.3,100,0
TRTX_C.US,5,20251202,185000,18.3,18.3,18.285,18.285,700,0
TRTX_C.US,5,20251202,191000,18.31,18.31,18.31,18.31,100,0
TRTX_C.US,5,20251202,192500,18.29,18.29,18.29,18.29,100,0
TRTX_C.US,5,20251202,193000,18.3,18.3,18.3,18.3,100,0
TRTX_C.US,5,20251202,194000,18.29,18.2901,18.282,18.282,5166,0
TRTX_C.US,5,20251202,195500,18.3,18.3,18.3,18.3,500,0
TRTX_C.US,5,20251202,200000,18.29,18.29,18.29,18.29,14800,0
TRTX_C.US,5,20251202,202000,18.39,18.39,18.39,18.39,100,0
TRTX_C.US,5,20251202,203000,18.3,18.3,18.3,18.3,1000,0
TRTX_C.US,5,20251202,203500,18.3,18.3,18.3,18.3,957,0
TRTX_C.US,5,20251202,204000,18.31,18.345,18.2701,18.2701,950,0
TRTX_C.US,5,20251202,204500,18.3,18.3,18.3,18.3,850,0
TRTX_C.US,5,20251202,211000,18.33,18.33,18.325,18.325,900,0
TRTX_C.US,5,20251202,211500,18.34,18.34,18.325,18.325,967,0
TRTX_C.US,5,20251202,212500,18.36,18.36,18.36,18.36,3000,0
TRTX_C.US,5,20251202,215500,18.39,18.42,18.39,18.42,300,0
TRTX_C.US,5,20251203,153000,18.46,18.46,18.4,18.4,1110,0
TRTX_C.US,5,20251203,154500,18.25,18.25,18.25,18.25,1000,0
TRTX_C.US,5,20251203,155000,18.15,18.15,18.11,18.15,1707,0
TRTX_C.US,5,20251203,165000,18.35,18.35,18.35,18.35,100,0
TRTX_C.US,5,20251203,182500,18.33,18.5,18.33,18.5,3000,0
TRTX_C.US,5,20251203,183000,18.5,18.5,18.5,18.5,200,0
TRTX_C.US,5,20251203,185500,18.5,18.5,18.5,18.5,100,0
TRTX_C.US,5,20251203,191000,18.5,18.5,18.5,18.5,2850,0
TRTX_C.US,5,20251203,191500,18.5,18.5,18.5,18.5,800,0
TRTX_C.US,5,20251203,193000,18.462,18.462,18.462,18.462,200,0
TRTX_C.US,5,20251203,194000,18.49,18.51,18.49,18.51,1100,0
TRTX_C.US,5,20251203,194500,18.52,18.52,18.52,18.52,500,0
TRTX_C.US,5,20251203,195000,18.52,18.52,18.52,18.52,200,0
TRTX_C.US,5,20251203,200500,18.52,18.52,18.52,18.52,1000,0
TRTX_C.US,5,20251203,201000,18.52,18.555,18.52,18.52,2700,0
TRTX_C.US,5,20251203,201500,18.52,18.5327,18.52,18.5327,200,0
TRTX_C.US,5,20251203,202000,18.5,18.5,18.5,18.5,600,0
TRTX_C.US,5,20251203,202500,18.5,18.5,18.5,18.5,200,0
TRTX_C.US,5,20251203,203500,18.5,18.51,18.5,18.5,7128,0
TRTX_C.US,5,20251203,204000,18.51,18.51,18.51,18.51,100,0
TRTX_C.US,5,20251203,205000,18.51,18.51,18.51,18.51,100,0
TRTX_C.US,5,20251203,210000,18.51,18.51,18.51,18.51,1400,0
TRTX_C.US,5,20251203,210500,18.5,18.5,18.5,18.5,100,0
TRTX_C.US,5,20251203,212500,18.5,18.5,18.2,18.5,3500,0
TRTX_C.US,5,20251203,213000,18.5,18.5,18.5,18.5,100,0
TRTX_C.US,5,20251203,213500,18.52,18.52,18.52,18.52,6372,0
TRTX_C.US,5,20251204,164000,18.6,18.6,18.6,18.6,100,0
TRTX_C.US,5,20251204,164500,18.59,18.64,18.58,18.6,1500,0
TRTX_C.US,5,20251204,165000,18.59,18.59,18.59,18.59,200,0
TRTX_C.US,5,20251204,165500,18.55,18.55,18.52,18.52,800,0
TRTX_C.US,5,20251204,170500,18.59,18.59,18.59,18.59,4417,0
TRTX_C.US,5,20251204,171000,18.58,18.64,18.58,18.6,900,0
TRTX_C.US,5,20251204,171500,18.6,18.6,18.6,18.6,100,0
TRTX_C.US,5,20251204,185500,18.52,18.52,18.52,18.52,494,0
TRTX_C.US,5,20251204,205500,18.5201,18.555,18.5201,18.555,1014,0
TRTX_C.US,5,20251204,212000,18.52,18.52,18.52,18.52,100,0
TRTX_C.US,5,20251204,212500,18.59,18.59,18.59,18.59,345,0
TRTX_C.US,5,20251205,153000,18.66,18.66,18.66,18.66,110,0
TRTX_C.US,5,20251205,155000,18.6725,18.6725,18.66,18.66,300,0
TRTX_C.US,5,20251205,172500,18.5516,18.5516,18.5516,18.5516,300,0
TRTX_C.US,5,20251205,173000,18.61,18.61,18.61,18.61,100,0
TRTX_C.US,5,20251205,174000,18.666,18.6776,18.6644,18.6776,1459,0
TRTX_C.US,5,20251205,194500,18.65,18.65,18.65,18.65,832,0
TRTX_C.US,5,20251205,200500,18.65,18.65,18.65,18.65,100,0
TRTX_C.US,5,20251205,212500,18.63,18.63,18.63,18.63,500,0
TRTX_C.US,5,20251205,213000,18.5724,18.65,18.4,18.42,4691,0
TRTX_C.US,5,20251205,215000,18.59,18.59,18.59,18.59,1200,0
TRTX_C.US,5,20251205,215500,18.61,18.65,18.6,18.65,800,0
TRTX_C.US,5,20251209,153000,18.4,18.4,18.39,18.4,1000,0
TRTX_C.US,5,20251209,154500,18.3,18.3,18.3,18.3,600,0
TRTX_C.US,5,20251209,160500,18.25,18.25,18.2485,18.2485,200,0
TRTX_C.US,5,20251209,162000,18.3,18.3,18.3,18.3,400,0
TRTX_C.US,5,20251209,163000,18.29,18.3,18.29,18.3,5900,0
TRTX_C.US,5,20251209,163500,18.3,18.3,18.3,18.3,500,0
TRTX_C.US,5,20251209,164500,18.2999,18.3,18.2999,18.3,1599,0
TRTX_C.US,5,20251209,165500,18.3,18.3,18.3,18.3,100,0
TRTX_C.US,5,20251209,172000,18.3,18.3,18.28,18.3,1100,0
TRTX_C.US,5,20251209,173000,18.26,18.29,18.2,18.29,700,0
TRTX_C.US,5,20251209,181500,18.29,18.4,18.28,18.4,4971,0
TRTX_C.US,5,20251209,182500,18.39,18.46,18.284,18.46,5949,0
TRTX_C.US,5,20251209,192500,18.5,18.5,18.5,18.5,200,0
TRTX_C.US,5,20251209,201000,18.6,18.6,18.6,18.6,100,0
TRTX_C.US,5,20251209,211500,18.62,18.62,18.62,18.62,3990,0
TRTX_C.US,5,20251209,212000,18.63,18.63,18.63,18.63,293,0
TRTX_C.US,5,20251209,215000,18.63,18.63,18.61,18.61,2290,0
TRTX_C.US,5,20251210,153000,18.71,18.71,18.71,18.71,261,0
TRTX_C.US,5,20251210,162000,18.43,18.43,18.43,18.43,104,0
TRTX_C.US,5,20251210,192500,18.6,18.6,18.6,18.6,383,0
TRTX_C.US,5,20251210,200500,18.65,18.65,18.65,18.65,100,0
TRTX_C.US,5,20251210,203500,18.59,18.69,18.59,18.69,4813,0
TRTX_C.US,5,20251210,205000,18.6995,18.73,18.63,18.73,9239,0
TRTX_C.US,5,20251210,205500,18.72,18.72,18.72,18.72,1558,0
TRTX_C.US,5,20251211,170000,18.65,18.79,18.65,18.785,10296,0
TRTX_C.US,5,20251211,172500,18.77,18.79,18.77,18.79,3300,0
TRTX_C.US,5,20251211,192000,18.82,18.82,18.82,18.82,135,0
TRTX_C.US,5,20251211,194500,18.8075,18.8075,18.7536,18.7536,300,0
TRTX_C.US,5,20251211,204500,18.81,18.81,18.81,18.81,167,0
TRTX_C.US,5,20251212,153000,18.8,18.8,18.8,18.8,100,0
TRTX_C.US,5,20251212,154000,18.82,18.82,18.82,18.82,1500,0
TRTX_C.US,5,20251212,160500,18.88,18.9,18.87,18.87,4125,0
TRTX_C.US,5,20251212,161000,18.87,18.87,18.87,18.87,200,0
TRTX_C.US,5,20251212,163000,18.83,18.83,18.83,18.83,200,0
TRTX_C.US,5,20251212,165000,18.83,18.83,18.83,18.83,192,0
TRTX_C.US,5,20251212,180000,18.89,18.89,18.89,18.89,100,0
TRTX_C.US,5,20251212,190500,18.7501,18.7501,18.7501,18.7501,400,0
TRTX_C.US,5,20251212,194000,18.89,18.89,18.89,18.89,100,0
TRTX_C.US,5,20251212,201500,18.89,18.91,18.88,18.9099,6004,0
TRTX_C.US,5,20251212,202500,18.85,18.85,18.85,18.85,100,0
TRTX_C.US,5,20251212,205000,18.93,18.93,18.93,18.93,100,0
TRTX_C.US,5,20251212,211000,18.9191,18.9191,18.89,18.89,3211,0
TRTX_C.US,5,20251212,213000,18.925,18.94,18.925,18.94,580,0
TRTX_C.US,5,20251212,213500,18.93,18.93,18.93,18.93,100,0
TRTX_C.US,5,20251212,215500,18.92,18.92,18.91,18.91,257,0
TRTX_C.US,5,20251215,182500,18.8777,18.8777,18.8777,18.8777,600,0
TRTX_C.US,5,20251215,193000,18.9,19,18.8999,18.9,7584,0
TRTX_C.US,5,20251215,194500,18.89,18.9,18.89,18.9,803,0
TRTX_C.US,5,20251215,203500,18.905,18.905,18.9,18.9,200,0
TRTX_C.US,5,20251215,211500,18.93,18.93,18.93,18.93,145,0
TRTX_C.US,5,20251215,215500,18.91,18.91,18.91,18.91,200,0
TRTX_C.US,5,20251216,160000,18.8672,18.9,18.8672,18.9,500,0
TRTX_C.US,5,20251216,165000,18.8536,18.9,18.8536,18.9,250,0
TRTX_C.US,5,20251216,174500,18.87,18.9,18.8585,18.8585,5495,0
TRTX_C.US,5,20251216,175000,18.93,18.93,18.93,18.93,100,0
TRTX_C.US,5,20251216,183000,18.85,18.93,18.85,18.93,300,0
TRTX_C.US,5,20251216,184000,18.86,18.86,18.86,18.86,190,0
TRTX_C.US,5,20251216,202000,18.89,18.89,18.89,18.89,127,0
TRTX_C.US,5,20251216,202500,18.9,18.9,18.9,18.9,100,0
TRTX_C.US,5,20251216,204000,18.89,18.895,18.89,18.89,999,0
TRTX_C.US,5,20251216,210000,18.89,18.89,18.89,18.89,100,0
TRTX_C.US,5,20251216,212500,18.89,18.89,18.89,18.89,100,0
TRTX_C.US,5,20251216,214000,18.85,18.865,18.84,18.865,400,0
TRTX_C.US,5,20251216,214500,18.82,18.82,18.76,18.76,300,0
TRTX_C.US,5,20251216,215000,18.77,18.77,18.75,18.75,219,0
TRTX_C.US,5,20251216,215500,18.75,18.76,18.75,18.76,674,0
TRTX_C.US,5,20251217,153500,18.7399,18.74,18.7399,18.74,850,0
TRTX_C.US,5,20251217,164000,18.89,18.89,18.31,18.31,500,0
TRTX_C.US,5,20251217,164500,18.4414,18.4414,18.4414,18.4414,200,0
TRTX_C.US,5,20251217,172500,18.89,18.89,18.89,18.89,200,0
TRTX_C.US,5,20251217,201500,18.65,18.81,18.65,18.81,200,0
TRTX_C.US,5,20251217,213500,18.6578,18.6578,18.6578,18.6578,100,0
TRTX_C.US,5,20251218,162500,18.2807,18.2807,18.2807,18.2807,500,0
TRTX_C.US,5,20251218,164000,18.795,18.795,18.795,18.795,100,0
TRTX_C.US,5,20251218,165000,18.7001,18.7001,18.7001,18.7001,1067,0
TRTX_C.US,5,20251218,170000,18.8138,18.8138,18.8138,18.8138,300,0
TRTX_C.US,5,20251218,175000,18.85,18.85,18.85,18.85,100,0
TRTX_C.US,5,20251218,180000,18.87,18.87,18.87,18.87,100,0
TRTX_C.US,5,20251218,181000,18.87,18.87,18.87,18.87,100,0
TRTX_C.US,5,20251218,182500,18.88,18.88,18.88,18.88,100,0
TRTX_C.US,5,20251218,183000,18.88,18.88,18.88,18.88,100,0
TRTX_C.US,5,20251218,183500,18.87,18.89,18.87,18.89,750,0
TRTX_C.US,5,20251218,190500,18.8401,18.8401,18.8401,18.8401,800,0
TRTX_C.US,5,20251219,173000,18.61,18.65,18.61,18.65,235,0
TRTX_C.US,5,20251219,180000,18.65,18.65,18.65,18.65,1820,0
TRTX_C.US,5,20251219,182500,18.69,18.7,18.69,18.7,836,0
TRTX_C.US,5,20251219,184000,18.71,18.71,18.71,18.71,1335,0
TRTX_C.US,5,20251219,184500,18.7,18.71,18.7,18.71,300,0
TRTX_C.US,5,20251219,194000,18.7001,18.7001,18.63,18.63,500,0
TRTX_C.US,5,20251219,203000,18.6881,18.6881,18.6881,18.6881,300,0
TRTX_C.US,5,20251219,204000,18.6396,18.6396,18.6396,18.6396,400,0
TRTX_C.US,5,20251219,210500,18.68,18.69,18.68,18.68,1401,0
TRTX_C.US,5,20251219,212500,18.72,18.72,18.72,18.72,400,0
TRTX_C.US,5,20251219,213500,18.71,18.71,18.71,18.71,300,0
TRTX_C.US,5,20251219,215000,18.7,18.7,18.7,18.7,243,0
TRTX_C.US,5,20251219,215500,18.7,18.7,18.7,18.7,100,0
TRTX_C.US,5,20251222,185000,18.7412,18.7412,18.7412,18.7412,129,0
TRTX_C.US,5,20251222,191000,18.76,18.795,18.76,18.7925,1100,0
TRTX_C.US,5,20251222,192000,18.79,18.79,18.79,18.79,900,0
TRTX_C.US,5,20251222,192500,18.79,18.79,18.79,18.79,600,0
TRTX_C.US,5,20251222,195000,18.77,18.77,18.75,18.75,1223,0
TRTX_C.US,5,20251222,195500,18.75,18.75,18.75,18.75,200,0
TRTX_C.US,5,20251222,200500,18.75,18.75,18.75,18.75,800,0
TRTX_C.US,5,20251222,202000,18.7485,18.75,18.7485,18.75,1400,0
TRTX_C.US,5,20251222,203000,18.7446,18.7446,18.7446,18.7446,220,0
TRTX_C.US,5,20251222,205000,18.75,18.75,18.75,18.75,169,0
TRTX_C.US,5,20251222,211000,18.74,18.74,18.74,18.74,100,0
TRTX_C.US,5,20251222,214000,18.6525,18.6525,18.6525,18.6525,962,0
TRTX_C.US,5,20251223,174500,18.26,18.33,18.25,18.25,3781,0
TRTX_C.US,5,20251223,175500,18.2592,18.26,18.2592,18.26,200,0
TRTX_C.US,5,20251223,180000,18.26,18.26,18.26,18.26,200,0
TRTX_C.US,5,20251223,184500,18.18,18.18,18.18,18.18,694,0
TRTX_C.US,5,20251223,201000,18.18,18.26,18.18,18.26,1956,0
TRTX_C.US,5,20251223,215500,18.26,18.26,18.24,18.24,302,0
TRTX_C.US,5,20251224,165000,17.9229,17.9252,17.8075,17.8075,300,0
TRTX_C.US,5,20251224,171000,17.885,17.885,17.885,17.885,1000,0
TRTX_C.US,5,20251224,172000,17.885,17.885,17.885,17.885,100,0
TRTX_C.US,5,20251224,172500,17.885,18.2,17.885,18.2,844,0
TRTX_C.US,5,20251224,173000,18.2572,18.2572,18.2481,18.2481,300,0
TRTX_C.US,5,20251224,173500,18.445,18.445,18.21,18.21,300,0
TRTX_C.US,5,20251224,174000,18.4654,18.54,18.44,18.44,576,0
TRTX_C.US,5,20251224,183000,18.3822,18.3822,18.3822,18.3822,200,0
TRTX_C.US,5,20251226,183000,18.15,18.15,17.95,17.95,2861,0
TRTX_C.US,5,20251226,214500,18.14,18.14,18.14,18.14,200,0
TRTX_C.US,5,20251226,215500,18.075,18.2999,18.075,18.1493,1110,0
TRTX_C.US,5,20251229,163000,18.04,18.04,18.04,18.04,100,0
TRTX_C.US,5,20251229,165500,18.04,18.04,18.04,18.04,100,0
TRTX_C.US,5,20251229,172000,18.035,18.035,17.7201,17.7201,1500,0
TRTX_C.US,5,20251229,172500,18.04,18.04,18.04,18.04,100,0
TRTX_C.US,5,20251229,173500,18.3442,18.3442,18.3442,18.3442,518,0
TRTX_C.US,5,20251229,191500,18.335,18.35,18.32,18.35,1400,0
TRTX_C.US,5,20251229,211500,18.155,18.155,18.155,18.155,1000,0
TRTX_C.US,5,20251229,212500,18.245,18.245,18.245,18.245,865,0
TRTX_C.US,5,20251230,153500,17.9237,17.9237,17.9237,17.9237,177,0
TRTX_C.US,5,20251230,154500,18.29,18.355,18.29,18.355,346,0
TRTX_C.US,5,20251230,162500,18.19,18.19,18.19,18.19,100,0
TRTX_C.US,5,20251230,170000,18.34,18.34,18.34,18.34,100,0
TRTX_C.US,5,20251230,171000,18.34,18.34,18.34,18.34,100,0
TRTX_C.US,5,20251230,174500,18.2,18.36,18.2,18.36,568,0
TRTX_C.US,5,20251230,190500,18.1501,18.1501,18.1501,18.1501,967,0
TRTX_C.US,5,20251230,191000,18.3812,18.3812,18.3812,18.3812,235,0
TRTX_C.US,5,20251231,153500,18.2,18.2,18.2,18.2,600,0
TRTX_C.US,5,20251231,184000,18.05,18.2887,18,18.2887,1211,0
TRTX_C.US,5,20251231,194500,18.01,18.01,17.77,17.77,800,0
TRTX_C.US,5,20251231,201000,17.83,17.83,17.83,17.83,100,0
TRTX_C.US,5,20251231,201500,17.82,17.83,17.82,17.8201,300,0
TRTX_C.US,5,20251231,205500,17.81,18.09,17.81,18.09,200,0
TRTX_C.US,5,20251231,211000,17.85,17.85,17.85,17.85,100,0
TRTX_C.US,5,20251231,211500,18,18,18,18,303,0
TRTX_C.US,5,20251231,212500,17.85,17.85,17.85,17.85,100,0
TRTX_C.US,5,20251231,214500,17.85,17.85,17.85,17.85,100,0
TRTX_C.US,5,20251231,215000,17.85,17.85,17.85,17.85,100,0
TRTX_C.US,5,20251231,215500,18.2491,18.2491,18,18,7421,0
TRTX_C.US,5,20260102,155000,18.205,18.205,18.205,18.205,499,0
TRTX_C.US,5,20260102,160500,18.015,18.03,18,18,1010,0
TRTX_C.US,5,20260102,162000,18,18,18,18,225,0
TRTX_C.US,5,20260105,154500,18.343,18.343,18.343,18.343,250,0
TRTX_C.US,5,20260105,162500,18.05,18.05,18.05,18.05,100,0
TRTX_C.US,5,20260105,163000,18.06,18.205,18.03,18.205,1000,0
TRTX_C.US,5,20260105,165000,18.01,18.01,18.01,18.01,1000,0
TRTX_C.US,5,20260105,170000,18.05,18.05,18.05,18.05,100,0
TRTX_C.US,5,20260105,172500,18.05,18.05,18.03,18.03,700,0
TRTX_C.US,5,20260105,194500,18.03,18.03,18.03,18.03,100,0
TRTX_C.US,5,20260105,205500,18.01,18.01,18.01,18.01,200,0
TRTX_C.US,5,20260105,213500,18.01,18.01,18.01,18.01,300,0
TRTX_C.US,5,20260105,214000,18.01,18.01,18.01,18.01,100,0
TRTX_C.US,5,20260105,215000,18,18,18,18,337,0
TRTX_C.US,5,20260106,164000,18.59,18.59,18.0001,18.0001,500,0
TRTX_C.US,5,20260106,170500,18.05,18.05,18.05,18.05,433,0
TRTX_C.US,5,20260106,182000,18.04,18.0501,18,18.0501,2033,0
TRTX_C.US,5,20260106,185000,18.12,18.12,18.12,18.12,100,0
TRTX_C.US,5,20260106,193500,18.125,18.125,17.95,17.95,1622,0
TRTX_C.US,5,20260106,211000,18.0631,18.0631,18.0631,18.0631,223,0
TRTX_C.US,5,20260107,173000,18.08,18.08,18.08,18.08,530,0
TRTX_C.US,5,20260107,174000,17.93,17.93,17.93,17.93,512,0
TRTX_C.US,5,20260107,175000,18.08,18.11,18.08,18.11,698,0
TRTX_C.US,5,20260107,182000,17.96,18.08,17.92,17.92,4248,0
TRTX_C.US,5,20260107,182500,17.93,17.93,17.93,17.93,100,0
TRTX_C.US,5,20260107,192500,18.08,18.08,18.05,18.08,500,0
TRTX_C.US,5,20260107,210000,18.0913,18.0913,18.0913,18.0913,1050,0
TRTX_C.US,5,20260107,210500,18.086,18.086,18.06,18.06,1200,0
TRTX_C.US,5,20260107,213000,18.1004,18.2299,17.99,17.99,1300,0
TRTX_C.US,5,20260107,213500,18.1004,18.1004,18.1004,18.1004,200,0
TRTX_C.US,5,20260108,155500,18.1272,18.1272,18.1272,18.1272,200,0
TRTX_C.US,5,20260108,164500,18.055,18.055,18.055,18.055,300,0
TRTX_C.US,5,20260108,184000,18.041,18.041,18.041,18.041,150,0
TRTX_C.US,5,20260108,211000,18.05,18.05,18.05,18.05,500,0
TRTX_C.US,5,20260108,212000,18.1,18.1,18.1,18.1,192,0
TRTX_C.US,5,20260109,155000,18.09,18.09,18.09,18.09,425,0
TRTX_C.US,5,20260109,164500,18.1562,18.17,18.1562,18.17,450,0
TRTX_C.US,5,20260109,211500,18.02,18.02,18,18,600,0
TRTX_C.US,5,20260112,154500,18,18,18,18,196,0
TRTX_C.US,5,20260112,155500,18.01,18.01,18.01,18.01,402,0
TRTX_C.US,5,20260112,161000,18.024,18.024,18.0138,18.0138,300,0
TRTX_C.US,5,20260112,161500,18.0138,18.0138,18,18.0138,800,0
TRTX_C.US,5,20260112,164500,18.01,18.01,18.01,18.01,200,0
TRTX_C.US,5,20260112,165000,18,18,18,18,200,0
TRTX_C.US,5,20260112,184000,18.01,18.0432,18.01,18.0432,200,0
TRTX_C.US,5,20260112,202000,18,18,18,18,100,0
TRTX_C.US,5,20260112,213500,18,18,17.98,17.98,958,0
TRTX_C.US,5,20260113,155000,18.05,18.05,18.05,18.05,144,0
TRTX_C.US,5,20260113,155500,18.05,18.05,18.05,18.05,200,0
TRTX_C.US,5,20260113,161500,18.05,18.05,18.05,18.05,964,0
TRTX_C.US,5,20260113,195500,18,18.075,17.98,18.075,3600,0
TRTX_C.US,5,20260113,200000,17.98,18.024,17.98,18.024,400,0
TRTX_C.US,5,20260113,215500,17.92,17.92,17.92,17.92,200,0
TRTX_C.US,5,20260114,172000,18,18,18,18,400,0
TRTX_C.US,5,20260114,183000,18.1799,18.1799,18.1799,18.1799,666,0
TRTX_C.US,5,20260114,185500,18.0259,18.0259,18.0259,18.0259,299,0
TRTX_C.US,5,20260114,191000,18.06,18.1799,18.055,18.1799,3329,0
TRTX_C.US,5,20260115,181500,18,18,18,18,448,0
TRTX_C.US,5,20260115,193500,18,18.02,18,18.01,1077,0
TRTX_C.US,5,20260115,195500,17.99,18,17.99,18,1196,0
TRTX_C.US,5,20260115,211000,17.975,17.9986,17.975,17.9986,380,0
TRTX_C.US,5,20260116,160000,18,18,18,18,100,0
TRTX_C.US,5,20260116,170500,18.295,18.295,18.295,18.295,125,0
TRTX_C.US,5,20260116,175000,18.01,18.01,17.96,17.97,1128,0
TRTX_C.US,5,20260116,180000,18,18,17.98,18,1807,0
TRTX_C.US,5,20260116,192000,18.54,18.54,18.54,18.54,570,0
TRTX_C.US,5,20260116,211500,18.02,18.02,18.02,18.02,135,0
TRTX_C.US,5,20260120,153000,18.1052,18.1052,18.1052,18.1052,100,0
TRTX_C.US,5,20260120,153500,18.02,18.02,18.01,18.01,736,0
TRTX_C.US,5,20260120,154000,18.0104,18.0104,18.0104,18.0104,100,0
TRTX_C.US,5,20260120,155000,18.25,18.25,18.25,18.25,300,0
TRTX_C.US,5,20260120,165500,18.15,18.15,18.15,18.15,792,0
TRTX_C.US,5,20260120,194000,18.14,18.14,18.14,18.14,100,0
TRTX_C.US,5,20260120,204000,18.01,18.08,18.01,18.08,1000,0
TRTX_C.US,5,20260120,205500,18.14,18.15,18.14,18.1499,581,0
TRTX_C.US,5,20260120,213000,18.15,18.1501,18.0101,18.0101,1182,0
TRTX_C.US,5,20260121,160500,18.15,18.15,18.15,18.15,316,0
TRTX_C.US,5,20260121,164500,18.3268,18.3268,18.3268,18.3268,350,0
TRTX_C.US,5,20260121,172000,18.3368,18.3368,18.3368,18.3368,116,0
TRTX_C.US,5,20260121,205000,18.325,18.325,18.325,18.325,125,0
TRTX_C.US,5,20260121,215500,18.15,18.15,18.15,18.15,125,0
TRTX_C.US,5,20260122,165000,18.12,18.15,18.12,18.15,400,0
TRTX_C.US,5,20260122,192000,18.63,18.63,18.63,18.63,165,0
TRTX_C.US,5,20260123,154500,18.61,18.61,18.61,18.61,220,0
TRTX_C.US,5,20260123,155000,18.48,18.48,18.48,18.48,200,0
TRTX_C.US,5,20260123,155500,18.59,18.59,18.59,18.59,300,0
TRTX_C.US,5,20260123,175000,18.12,18.12,18.12,18.12,200,0
TRTX_C.US,5,20260123,175500,18.4419,18.4419,18.4419,18.4419,100,0
TRTX_C.US,5,20260123,180000,18.2983,18.2983,18.2983,18.2983,100,0
TRTX_C.US,5,20260123,184000,18.3,18.3,18.3,18.3,100,0
