<TICKER>,<PER>,<DATE>,<TIME>,<OPEN>,<HIGH>,<LOW>,<CLOSE>,<VOL>,<OPENINT>
TSSD.US,5,20251230,154000,24.94,24.94,24.89,24.9364,2200,0
TSSD.US,5,20251230,154500,24.925,24.94,24.916,24.92,600,0
TSSD.US,5,20251230,155000,24.9599,25,24.94,24.9887,1900,0
TSSD.US,5,20251230,155500,25.32,25.69,25,25,1550,0
TSSD.US,5,20251230,160000,24.972,24.98,24.96,24.96,2100,0
TSSD.US,5,20251230,160500,24.9597,24.9597,24.95,24.95,4562,0
TSSD.US,5,20251230,161000,24.9599,24.96,24.95,24.95,400,0
TSSD.US,5,20251230,161500,24.936,24.936,24.936,24.936,600,0
TSSD.US,5,20251230,162500,24.9596,24.96,24.9432,24.9432,2500,0
TSSD.US,5,20251230,163000,24.95,24.95,24.95,24.95,100,0
TSSD.US,5,20251230,163500,24.9495,24.95,24.9494,24.9494,700,0
TSSD.US,5,20251230,164000,24.95,24.95,24.94,24.94,925,0
TSSD.US,5,20251230,164500,24.96,24.97,24.94,24.9699,2000,0
TSSD.US,5,20251230,165000,24.97,24.99,24.945,24.99,2200,0
TSSD.US,5,20251230,165500,24.99,25.0099,24.94,25.0099,1700,0
TSSD.US,5,20251230,170000,25.01,25.01,25.01,25.01,100,0
TSSD.US,5,20251230,170500,25.02,25.02,24.9995,24.9995,919,0
TSSD.US,5,20251230,171000,24.9996,24.9996,24.9996,24.9996,400,0
TSSD.US,5,20251230,171500,25.0083,25.02,25.0083,25.02,350,0
TSSD.US,5,20251230,172000,25.0299,25.03,25.01,25.01,300,0
TSSD.US,5,20251230,172500,25.03,25.03,25.0299,25.03,300,0
TSSD.US,5,20251230,173000,25.03,25.04,25.01,25.03,860,0
TSSD.US,5,20251230,173500,25.03,25.03,25,25,1396,0
TSSD.US,5,20251230,174000,24.99,24.99,24.98,24.98,1500,0
TSSD.US,5,20251230,174500,25.01,25.01,24.9764,24.9764,800,0
TSSD.US,5,20251230,175000,24.975,25,24.975,25,2201,0
TSSD.US,5,20251230,180500,24.99,24.99,24.968,24.968,250,0
TSSD.US,5,20251230,181000,24.97,24.98,24.97,24.98,330,0
TSSD.US,5,20251230,181500,24.975,24.98,24.9698,24.9698,1719,0
TSSD.US,5,20251230,182000,24.9799,24.98,24.9799,24.98,360,0
TSSD.US,5,20251230,182500,24.98,24.98,24.9799,24.98,450,0
TSSD.US,5,20251230,183500,24.98,24.98,24.95,24.95,500,0
TSSD.US,5,20251230,190000,24.974,24.974,24.96,24.96,400,0
TSSD.US,5,20251230,191500,24.9699,24.97,24.9698,24.97,620,0
TSSD.US,5,20251230,192000,24.9698,24.97,24.9698,24.97,1300,0
TSSD.US,5,20251230,192500,24.97,24.97,24.9588,24.9588,2100,0
TSSD.US,5,20251230,194000,24.96,24.96,24.96,24.96,201,0
TSSD.US,5,20251230,194500,24.97,24.97,24.97,24.97,100,0
TSSD.US,5,20251230,195000,24.97,24.97,24.965,24.965,600,0
TSSD.US,5,20251230,195500,24.96,24.96,24.9599,24.9599,600,0
TSSD.US,5,20251230,200000,24.956,24.956,24.956,24.956,400,0
TSSD.US,5,20251230,201000,24.95,24.955,24.95,24.955,501,0
TSSD.US,5,20251230,202000,24.965,24.97,24.965,24.97,339,0
TSSD.US,5,20251230,203500,24.955,24.955,24.955,24.955,100,0
TSSD.US,5,20251230,205000,24.95,24.95,24.95,24.95,100,0
TSSD.US,5,20251230,210000,24.9176,24.9176,24.9176,24.9176,401,0
TSSD.US,5,20251230,210500,24.924,24.924,24.924,24.924,200,0
TSSD.US,5,20251230,212500,24.915,24.915,24.915,24.915,500,0
TSSD.US,5,20251230,213000,24.92,24.92,24.92,24.92,100,0
TSSD.US,5,20251230,215000,24.91,24.91,24.9,24.9,1622,0
TSSD.US,5,20251230,215500,24.9,24.9,24.894,24.894,1600,0
TSSD.US,5,20251231,153000,25.05,25.1799,24.8899,24.89,2300,0
TSSD.US,5,20251231,153500,24.88,24.88,24.88,24.88,2000,0
TSSD.US,5,20251231,154000,24.8099,24.8099,24.803,24.803,200,0
TSSD.US,5,20251231,155000,24.82,24.82,24.82,24.82,107,0
TSSD.US,5,20251231,155500,24.8286,24.8286,24.8286,24.8286,100,0
TSSD.US,5,20251231,160000,24.77,24.77,24.77,24.77,790,0
TSSD.US,5,20251231,163500,24.8292,24.8292,24.8292,24.8292,100,0
TSSD.US,5,20251231,164500,24.84,24.84,24.8299,24.8299,400,0
TSSD.US,5,20251231,165500,24.8,24.8,24.7996,24.7996,300,0
TSSD.US,5,20251231,170500,24.79,24.79,24.7899,24.7899,200,0
TSSD.US,5,20251231,172000,24.77,24.7703,24.77,24.7703,320,0
TSSD.US,5,20251231,173000,24.7898,24.7898,24.789,24.789,200,0
TSSD.US,5,20251231,173500,24.78,24.78,24.7799,24.7799,200,0
TSSD.US,5,20251231,174000,24.775,24.775,24.775,24.775,100,0
TSSD.US,5,20251231,174500,24.775,24.775,24.775,24.775,200,0
TSSD.US,5,20251231,175000,24.7997,24.7997,24.7997,24.7997,200,0
TSSD.US,5,20251231,180000,24.785,24.785,24.785,24.785,300,0
TSSD.US,5,20251231,180500,24.7997,24.7997,24.788,24.788,800,0
TSSD.US,5,20251231,181500,24.785,24.8,24.785,24.8,300,0
TSSD.US,5,20251231,183000,24.79,24.79,24.7894,24.79,553,0
TSSD.US,5,20251231,184500,24.79,24.79,24.79,24.79,500,0
TSSD.US,5,20251231,190500,24.78,24.78,24.78,24.78,100,0
TSSD.US,5,20251231,192500,24.78,24.78,24.78,24.78,100,0
TSSD.US,5,20251231,194000,24.78,24.78,24.78,24.78,100,0
TSSD.US,5,20251231,195500,24.8,24.8,24.8,24.8,100,0
TSSD.US,5,20251231,200000,24.8,24.8,24.8,24.8,100,0
TSSD.US,5,20251231,200500,24.809,24.809,24.7899,24.7899,1220,0
TSSD.US,5,20251231,202000,24.77,24.775,24.77,24.77,736,0
TSSD.US,5,20251231,203000,24.76,24.76,24.74,24.74,4100,0
TSSD.US,5,20251231,204000,24.7595,24.7595,24.7595,24.7595,1500,0
TSSD.US,5,20251231,205500,24.73,24.73,24.73,24.73,100,0
TSSD.US,5,20251231,210000,24.7092,24.7092,24.7092,24.7092,100,0
TSSD.US,5,20251231,211000,24.675,24.675,24.675,24.675,150,0
TSSD.US,5,20251231,211500,24.7,24.7,24.7,24.7,11566,0
TSSD.US,5,20251231,212500,24.68,24.68,24.65,24.6701,2312,0
TSSD.US,5,20251231,213000,24.6625,24.6625,24.6625,24.6625,250,0
TSSD.US,5,20251231,214000,24.67,24.67,24.67,24.67,100,0
TSSD.US,5,20251231,214500,24.68,24.68,24.68,24.68,2500,0
TSSD.US,5,20251231,215500,24.655,24.655,24.65,24.65,400,0
TSSD.US,5,20260102,153000,24.65,24.65,24.65,24.65,300,0
TSSD.US,5,20260102,153500,24.5779,24.5779,24.53,24.5544,900,0
TSSD.US,5,20260102,154500,24.6091,24.6091,24.6091,24.6091,400,0
TSSD.US,5,20260102,155500,24.615,24.615,24.615,24.615,100,0
TSSD.US,5,20260102,160500,24.57,24.57,24.57,24.57,100,0
TSSD.US,5,20260102,161000,24.53,24.53,24.53,24.53,200,0
TSSD.US,5,20260102,162000,24.4965,24.4965,24.48,24.48,200,0
TSSD.US,5,20260102,162500,24.4354,24.445,24.4354,24.445,798,0
TSSD.US,5,20260102,164500,24.62,24.62,24.62,24.62,100,0
TSSD.US,5,20260102,165000,24.62,24.62,24.62,24.62,568,0
TSSD.US,5,20260102,165500,24.6,24.6,24.6,24.6,100,0
TSSD.US,5,20260102,171000,24.6,24.6,24.5525,24.5525,474,0
TSSD.US,5,20260102,172000,24.59,24.6041,24.59,24.6041,200,0
TSSD.US,5,20260102,173500,24.5948,24.6,24.5948,24.6,671,0
TSSD.US,5,20260102,174000,24.56,24.56,24.56,24.56,200,0
TSSD.US,5,20260102,174500,24.55,24.55,24.55,24.55,100,0
TSSD.US,5,20260102,175000,24.51,24.51,24.51,24.51,100,0
TSSD.US,5,20260102,183000,24.5682,24.5682,24.5682,24.5682,310,0
TSSD.US,5,20260102,184000,24.56,24.56,24.546,24.546,303,0
TSSD.US,5,20260102,184500,24.53,24.53,24.53,24.53,100,0
TSSD.US,5,20260102,185000,24.5,24.5,24.5,24.5,122,0
TSSD.US,5,20260102,185500,24.505,24.505,24.505,24.505,100,0
TSSD.US,5,20260102,191000,24.4923,24.4923,24.4923,24.4923,200,0
TSSD.US,5,20260102,192500,24.4999,24.4999,24.4999,24.4999,100,0
TSSD.US,5,20260102,193500,24.48,24.48,24.48,24.48,200,0
TSSD.US,5,20260102,195000,24.45,24.45,24.45,24.45,200,0
TSSD.US,5,20260102,195500,24.4686,24.4686,24.4686,24.4686,204,0
TSSD.US,5,20260102,202000,24.5899,24.5899,24.5899,24.5899,207,0
TSSD.US,5,20260102,205500,24.6208,24.6208,24.6208,24.6208,100,0
TSSD.US,5,20260102,210500,24.65,24.65,24.65,24.65,660,0
TSSD.US,5,20260102,211000,24.66,24.66,24.66,24.66,100,0
TSSD.US,5,20260102,212000,24.6641,24.6641,24.6641,24.6641,100,0
TSSD.US,5,20260102,215500,24.66,24.66,24.66,24.66,200,0
TSSD.US,5,20260105,153000,25.12,25.14,25.02,25.1399,860,0
TSSD.US,5,20260105,153500,25.1,25.26,25.1,25.2399,2180,0
TSSD.US,5,20260105,154000,25.259,25.33,25.259,25.33,1204,0
TSSD.US,5,20260105,154500,25.335,25.335,25.33,25.33,675,0
TSSD.US,5,20260105,155000,25.31,25.31,25.31,25.31,695,0
TSSD.US,5,20260105,155500,25.29,25.29,25.27,25.27,400,0
TSSD.US,5,20260105,161500,25.35,25.38,25.35,25.38,400,0
TSSD.US,5,20260105,162000,25.4099,25.41,25.4099,25.41,2000,0
TSSD.US,5,20260105,162500,25.43,25.43,25.43,25.43,198,0
TSSD.US,5,20260105,163000,25.405,25.405,25.4,25.4,400,0
TSSD.US,5,20260105,163500,25.4293,25.4293,25.4293,25.4293,200,0
TSSD.US,5,20260105,165000,25.42,25.42,25.42,25.42,1985,0
TSSD.US,5,20260105,165500,25.418,25.418,25.418,25.418,393,0
TSSD.US,5,20260105,170000,25.425,25.425,25.42,25.42,200,0
TSSD.US,5,20260105,171500,25.385,25.385,25.385,25.385,100,0
TSSD.US,5,20260105,172500,25.38,25.38,25.38,25.38,100,0
TSSD.US,5,20260105,174000,25.3793,25.3793,25.3793,25.3793,100,0
TSSD.US,5,20260105,180000,25.42,25.42,25.42,25.42,275,0
TSSD.US,5,20260105,182000,25.4,25.4,25.39,25.39,993,0
TSSD.US,5,20260105,184000,25.37,25.37,25.37,25.37,100,0
TSSD.US,5,20260105,184500,25.3662,25.3662,25.3662,25.3662,100,0
TSSD.US,5,20260105,185000,25.335,25.335,25.335,25.335,100,0
TSSD.US,5,20260105,191000,25.39,25.39,25.39,25.39,1710,0
TSSD.US,5,20260105,194000,25.407,25.407,25.407,25.407,400,0
TSSD.US,5,20260105,194500,25.41,25.41,25.4,25.4081,300,0
TSSD.US,5,20260105,203500,25.385,25.385,25.385,25.385,100,0
TSSD.US,5,20260105,204000,25.385,25.385,25.38,25.38,300,0
TSSD.US,5,20260105,212000,25.41,25.41,25.41,25.41,6522,0
TSSD.US,5,20260105,212500,25.41,25.41,25.41,25.41,600,0
TSSD.US,5,20260105,213000,25.396,25.396,25.396,25.396,100,0
TSSD.US,5,20260105,215000,25.3835,25.3835,25.3835,25.3835,245,0
TSSD.US,5,20260105,215500,25.39,25.39,25.38,25.38,1025,0
TSSD.US,5,20260106,153000,25.63,25.63,25.5,25.5588,1185,0
TSSD.US,5,20260106,153500,25.5532,25.5532,25.5,25.5443,1801,0
TSSD.US,5,20260106,154000,25.57,25.57,25.5264,25.5264,870,0
TSSD.US,5,20260106,154500,25.5869,25.5869,25.5522,25.5522,1830,0
TSSD.US,5,20260106,155000,25.54,25.56,25.5321,25.56,1307,0
TSSD.US,5,20260106,155500,25.56,25.56,25.53,25.55,900,0
TSSD.US,5,20260106,160000,25.5445,25.5445,25.52,25.52,351,0
TSSD.US,5,20260106,160500,25.53,25.54,25.53,25.54,436,0
TSSD.US,5,20260106,162000,25.5646,25.5944,25.5481,25.5944,833,0
TSSD.US,5,20260106,162500,25.63,25.63,25.63,25.63,100,0
TSSD.US,5,20260106,163000,25.6,25.6,25.59,25.59,900,0
TSSD.US,5,20260106,163500,25.59,25.59,25.59,25.59,1563,0
TSSD.US,5,20260106,164000,25.5888,25.59,25.58,25.58,375,0
TSSD.US,5,20260106,164500,25.58,25.58,25.58,25.58,100,0
TSSD.US,5,20260106,165000,25.59,25.59,25.565,25.565,1499,0
TSSD.US,5,20260106,165500,25.56,25.56,25.545,25.56,1854,0
TSSD.US,5,20260106,170000,25.549,25.57,25.549,25.555,2189,0
TSSD.US,5,20260106,170500,25.5553,25.5553,25.55,25.55,571,0
TSSD.US,5,20260106,171000,25.5501,25.5501,25.5501,25.5501,250,0
TSSD.US,5,20260106,171500,25.55,25.55,25.55,25.55,100,0
TSSD.US,5,20260106,172500,25.5688,25.5688,25.5684,25.5684,687,0
TSSD.US,5,20260106,173000,25.57,25.57,25.56,25.56,800,0
TSSD.US,5,20260106,174000,25.57,25.57,25.57,25.57,448,0
TSSD.US,5,20260106,180000,25.64,25.64,25.6398,25.6398,200,0
TSSD.US,5,20260106,181000,25.66,25.66,25.66,25.66,100,0
TSSD.US,5,20260106,182000,25.66,25.67,25.66,25.66,492,0
TSSD.US,5,20260106,182500,25.655,25.66,25.655,25.66,300,0
TSSD.US,5,20260106,183000,25.66,25.66,25.6599,25.6599,1872,0
TSSD.US,5,20260106,184000,25.66,25.66,25.66,25.66,100,0
TSSD.US,5,20260106,184500,25.665,25.68,25.665,25.6698,700,0
TSSD.US,5,20260106,185000,25.6738,25.6738,25.6738,25.6738,390,0
TSSD.US,5,20260106,185500,25.69,25.69,25.69,25.69,200,0
TSSD.US,5,20260106,190000,25.69,25.69,25.68,25.68,200,0
TSSD.US,5,20260106,191000,25.69,25.69,25.69,25.69,100,0
TSSD.US,5,20260106,192000,25.7,25.7,25.6997,25.6997,1100,0
TSSD.US,5,20260106,193000,25.71,25.71,25.71,25.71,100,0
TSSD.US,5,20260106,194500,25.71,25.71,25.71,25.71,100,0
TSSD.US,5,20260106,195000,25.74,25.74,25.74,25.74,300,0
TSSD.US,5,20260106,195500,25.74,25.74,25.74,25.74,100,0
TSSD.US,5,20260106,200500,25.74,25.74,25.7246,25.7246,1400,0
TSSD.US,5,20260106,201000,25.729,25.729,25.729,25.729,100,0
TSSD.US,5,20260106,203500,25.77,25.77,25.7698,25.7698,330,0
TSSD.US,5,20260106,204000,25.757,25.77,25.757,25.77,595,0
TSSD.US,5,20260106,204500,25.78,25.78,25.78,25.78,316,0
TSSD.US,5,20260106,205500,25.76,25.76,25.755,25.76,603,0
TSSD.US,5,20260106,211000,25.78,25.78,25.78,25.78,300,0
TSSD.US,5,20260106,212000,25.77,25.77,25.77,25.77,100,0
TSSD.US,5,20260106,212500,25.8,25.8,25.8,25.8,500,0
TSSD.US,5,20260106,213000,25.83,25.83,25.79,25.81,1522,0
TSSD.US,5,20260106,214000,25.81,25.81,25.81,25.81,338,0
TSSD.US,5,20260106,214500,25.805,25.805,25.805,25.805,2000,0
TSSD.US,5,20260106,215000,25.805,25.805,25.8,25.805,1400,0
TSSD.US,5,20260106,215500,25.81,26.13,25.81,25.82,3678,0
TSSD.US,5,20260107,153000,26.05,26.05,25.92,25.97,4666,0
TSSD.US,5,20260107,153500,25.97,25.97,25.8684,25.8684,2809,0
TSSD.US,5,20260107,154000,25.92,25.93,25.895,25.8999,975,0
TSSD.US,5,20260107,154500,25.92,25.93,25.9075,25.93,754,0
TSSD.US,5,20260107,155000,25.938,25.9499,25.938,25.94,1009,0
TSSD.US,5,20260107,155500,25.97,25.97,25.97,25.97,497,0
TSSD.US,5,20260107,160000,25.94,25.94,25.9,25.9199,4023,0
TSSD.US,5,20260107,160500,25.94,25.94,25.94,25.94,155,0
TSSD.US,5,20260107,161000,25.91,25.91,25.9099,25.9099,200,0
TSSD.US,5,20260107,162000,25.9301,25.9402,25.9301,25.9402,399,0
TSSD.US,5,20260107,162500,25.97,25.97,25.96,25.96,280,0
TSSD.US,5,20260107,164000,26.08,26.09,26.08,26.09,200,0
TSSD.US,5,20260107,165500,26.085,26.1,26.085,26.1,625,0
TSSD.US,5,20260107,170000,26.1013,26.1013,26.1013,26.1013,187,0
TSSD.US,5,20260107,170500,26.1,26.1,26.0982,26.0982,560,0
TSSD.US,5,20260107,171500,26.11,26.11,26.11,26.11,100,0
TSSD.US,5,20260107,172500,26.1201,26.1201,26.1201,26.1201,383,0
TSSD.US,5,20260107,173000,26.138,26.138,26.138,26.138,1511,0
TSSD.US,5,20260107,174000,26.182,26.21,26.182,26.21,681,0
TSSD.US,5,20260107,174500,26.222,26.222,26.222,26.222,100,0
TSSD.US,5,20260107,175500,26.23,26.23,26.23,26.23,953,0
TSSD.US,5,20260107,181500,26.255,26.255,26.24,26.24,1320,0
TSSD.US,5,20260107,182500,26.2175,26.225,26.2175,26.225,760,0
TSSD.US,5,20260107,183000,26.234,26.234,26.234,26.234,400,0
TSSD.US,5,20260107,185000,26.215,26.215,26.2,26.2,1100,0
TSSD.US,5,20260107,185500,26.21,26.21,26.21,26.21,371,0
TSSD.US,5,20260107,190000,26.2099,26.21,26.2099,26.2099,1217,0
TSSD.US,5,20260107,192000,26.215,26.215,26.215,26.215,100,0
TSSD.US,5,20260107,193500,26.241,26.25,26.2308,26.2308,348,0
TSSD.US,5,20260107,195000,26.26,26.26,26.26,26.26,500,0
TSSD.US,5,20260107,200500,26.285,26.285,26.18,26.18,1740,0
TSSD.US,5,20260107,201000,26.1,26.1,26.1,26.1,315,0
TSSD.US,5,20260107,201500,25.9716,25.9716,25.9716,25.9716,100,0
TSSD.US,5,20260107,202000,26,26,26,26,100,0
TSSD.US,5,20260107,203000,26.07,26.07,26.07,26.07,150,0
TSSD.US,5,20260107,203500,26.04,26.04,26.04,26.04,100,0
TSSD.US,5,20260107,204000,25.975,25.975,25.975,25.975,200,0
TSSD.US,5,20260107,204500,25.97,25.97,25.96,25.96,292,0
TSSD.US,5,20260107,205000,25.97,25.97,25.97,25.97,100,0
TSSD.US,5,20260107,210000,25.93,25.93,25.93,25.93,250,0
TSSD.US,5,20260107,210500,25.9,25.9,25.9,25.9,100,0
TSSD.US,5,20260107,211000,25.89,25.89,25.8365,25.86,2649,0
TSSD.US,5,20260107,211500,25.86,25.86,25.86,25.86,100,0
TSSD.US,5,20260107,212000,25.84,25.84,25.84,25.84,315,0
TSSD.US,5,20260107,212500,25.8299,25.8299,25.8,25.8,586,0
TSSD.US,5,20260107,213000,25.78,25.78,25.775,25.775,5700,0
TSSD.US,5,20260107,213500,25.77,25.77,25.76,25.76,800,0
TSSD.US,5,20260107,215000,25.75,25.75,25.745,25.745,300,0
TSSD.US,5,20260107,215500,25.745,25.87,25.738,25.87,10647,0
TSSD.US,5,20260108,153000,26.52,26.52,26.37,26.4,6838,0
TSSD.US,5,20260108,153500,26.51,26.51,26.4669,26.4669,660,0
TSSD.US,5,20260108,154000,26.5,26.5,26.43,26.43,4134,0
TSSD.US,5,20260108,154500,26.4288,26.46,26.4288,26.46,2601,0
TSSD.US,5,20260108,155000,26.52,26.54,26.5,26.51,3610,0
TSSD.US,5,20260108,155500,26.4728,26.4728,26.43,26.4699,2572,0
TSSD.US,5,20260108,160000,26.48,26.48,26.34,26.355,3131,0
TSSD.US,5,20260108,160500,26.35,26.35,26.3236,26.3266,1977,0
TSSD.US,5,20260108,161000,26.33,26.35,26.33,26.345,618,0
TSSD.US,5,20260108,161500,26.344,26.36,26.344,26.36,200,0
TSSD.US,5,20260108,162000,26.34,26.34,26.32,26.32,500,0
TSSD.US,5,20260108,162500,26.3299,26.3299,26.2735,26.3,3625,0
TSSD.US,5,20260108,163000,26.29,26.29,26.271,26.2795,600,0
TSSD.US,5,20260108,163500,26.1935,26.1935,26.1415,26.1415,2591,0
TSSD.US,5,20260108,164500,26.14,26.14,26.07,26.07,778,0
TSSD.US,5,20260108,170000,26.12,26.12,26.1199,26.1199,400,0
TSSD.US,5,20260108,170500,26.09,26.09,26.05,26.05,5032,0
TSSD.US,5,20260108,171000,26.02,26.02,26.02,26.02,133,0
TSSD.US,5,20260108,171500,26.02,26.02,25.96,26,1713,0
TSSD.US,5,20260108,172500,26.03,26.05,26.028,26.05,300,0
TSSD.US,5,20260108,173000,26.03,26.03,26.03,26.03,150,0
TSSD.US,5,20260108,173500,26,26,25.98,25.98,433,0
TSSD.US,5,20260108,174500,25.9978,25.9978,25.9978,25.9978,250,0
TSSD.US,5,20260108,175000,26.02,26.02,25.99,25.99,574,0
TSSD.US,5,20260108,180000,25.95,25.95,25.931,25.931,733,0
TSSD.US,5,20260108,180500,25.88,25.88,25.88,25.88,110,0
TSSD.US,5,20260108,182000,25.9,25.9,25.9,25.9,1254,0
TSSD.US,5,20260108,182500,25.9,25.9,25.8899,25.8899,618,0
TSSD.US,5,20260108,183000,25.9,25.9,25.9,25.9,100,0
TSSD.US,5,20260108,184000,25.9227,25.9227,25.9227,25.9227,193,0
TSSD.US,5,20260108,184500,25.94,25.94,25.924,25.924,714,0
TSSD.US,5,20260108,185000,25.952,25.952,25.952,25.952,100,0
TSSD.US,5,20260108,185500,25.98,25.98,25.96,25.96,378,0
TSSD.US,5,20260108,190000,25.95,25.95,25.95,25.95,200,0
TSSD.US,5,20260108,191000,25.88,25.88,25.88,25.88,100,0
TSSD.US,5,20260108,192000,25.92,25.92,25.92,25.92,121,0
TSSD.US,5,20260108,192500,25.915,25.915,25.91,25.91,2863,0
TSSD.US,5,20260108,193000,25.88,25.88,25.88,25.88,100,0
TSSD.US,5,20260108,193500,25.87,25.87,25.87,25.87,200,0
TSSD.US,5,20260108,194500,25.85,25.85,25.85,25.85,200,0
TSSD.US,5,20260108,195000,25.82,25.82,25.82,25.82,100,0
TSSD.US,5,20260108,195500,25.8,25.8,25.8,25.8,100,0
TSSD.US,5,20260108,200000,25.78,25.78,25.78,25.78,100,0
TSSD.US,5,20260108,200500,25.7943,25.7943,25.7943,25.7943,100,0
TSSD.US,5,20260108,201000,25.8044,25.8044,25.8044,25.8044,250,0
TSSD.US,5,20260108,201500,25.79,25.79,25.77,25.77,620,0
TSSD.US,5,20260108,202000,25.84,25.84,25.84,25.84,200,0
TSSD.US,5,20260108,203000,25.8418,25.8418,25.8418,25.8418,400,0
TSSD.US,5,20260108,204000,25.83,25.83,25.83,25.83,250,0
TSSD.US,5,20260108,205500,25.83,25.83,25.83,25.83,156,0
TSSD.US,5,20260108,210000,25.86,25.88,25.86,25.88,3900,0
TSSD.US,5,20260108,212000,25.9,25.9,25.89,25.89,591,0
TSSD.US,5,20260108,213500,25.9143,25.9143,25.89,25.89,300,0
TSSD.US,5,20260108,214000,25.89,25.89,25.87,25.87,1340,0
TSSD.US,5,20260108,215000,25.86,25.86,25.86,25.86,3688,0
TSSD.US,5,20260108,215500,25.8681,26.04,25.8681,26.04,5377,0
TSSD.US,5,20260109,153000,26.21,26.21,26.0238,26.03,10328,0
TSSD.US,5,20260109,153500,26.015,26.02,26.015,26.02,356,0
TSSD.US,5,20260109,154000,26.16,26.16,26.16,26.16,100,0
TSSD.US,5,20260109,154500,26.1384,26.1384,26.13,26.13,364,0
TSSD.US,5,20260109,155000,26.1227,26.1241,26.1227,26.1241,320,0
TSSD.US,5,20260109,160000,26.14,26.14,26.12,26.14,1345,0
TSSD.US,5,20260109,160500,26.12,26.12,26.12,26.12,671,0
TSSD.US,5,20260109,161000,26.1784,26.1784,26.1784,26.1784,330,0
TSSD.US,5,20260109,161500,26.2,26.2,26.2,26.2,100,0
TSSD.US,5,20260109,162000,26.2176,26.2176,26.2176,26.2176,617,0
TSSD.US,5,20260109,163000,26.34,26.34,26.33,26.33,400,0
TSSD.US,5,20260109,163500,26.2891,26.2891,26.2891,26.2891,500,0
TSSD.US,5,20260109,164000,26.27,26.27,26.22,26.22,970,0
TSSD.US,5,20260109,164500,26.21,26.225,26.21,26.225,2406,0
TSSD.US,5,20260109,165000,26.22,26.22,26.1884,26.1884,461,0
TSSD.US,5,20260109,165500,26.2,26.2,26.2,26.2,100,0
TSSD.US,5,20260109,170000,26.2263,26.23,26.2263,26.23,200,0
TSSD.US,5,20260109,170500,26.23,26.2375,26.23,26.2375,727,0
TSSD.US,5,20260109,171000,26.3,26.3,26.3,26.3,500,0
TSSD.US,5,20260109,171500,26.2738,26.2738,26.2738,26.2738,1000,0
TSSD.US,5,20260109,172000,26.28,26.28,26.2701,26.2701,250,0
TSSD.US,5,20260109,172500,26.28,26.285,26.27,26.27,1100,0
TSSD.US,5,20260109,173000,26.265,26.265,26.265,26.265,407,0
TSSD.US,5,20260109,174000,26.2893,26.2893,26.2893,26.2893,100,0
TSSD.US,5,20260109,174500,26.2814,26.2814,26.2814,26.2814,100,0
TSSD.US,5,20260109,180000,26.2999,26.2999,26.29,26.29,300,0
TSSD.US,5,20260109,180500,26.3,26.3,26.29,26.29,300,0
TSSD.US,5,20260109,181000,26.28,26.28,26.28,26.28,200,0
TSSD.US,5,20260109,181500,26.28,26.28,26.28,26.28,100,0
TSSD.US,5,20260109,182000,26.28,26.2957,26.28,26.2957,383,0
TSSD.US,5,20260109,183500,26.33,26.34,26.33,26.3332,1680,0
TSSD.US,5,20260109,185000,26.2999,26.2999,26.2999,26.2999,100,0
TSSD.US,5,20260109,185500,26.2877,26.2877,26.2877,26.2877,200,0
TSSD.US,5,20260109,190500,26.26,26.2741,26.26,26.2741,389,0
TSSD.US,5,20260109,192500,26.275,26.275,26.27,26.27,400,0
TSSD.US,5,20260109,195000,26.335,26.335,26.3201,26.3201,1484,0
TSSD.US,5,20260109,195500,26.335,26.335,26.325,26.325,1030,0
TSSD.US,5,20260109,200000,26.32,26.32,26.32,26.32,100,0
TSSD.US,5,20260109,200500,26.3092,26.33,26.3092,26.33,1379,0
TSSD.US,5,20260109,201000,26.32,26.32,26.32,26.32,100,0
TSSD.US,5,20260109,203000,26.32,26.32,26.32,26.32,110,0
TSSD.US,5,20260109,204000,26.3,26.3,26.29,26.29,900,0
TSSD.US,5,20260109,205500,26.32,26.32,26.32,26.32,100,0
TSSD.US,5,20260109,210000,26.3,26.32,26.3,26.3001,2388,0
TSSD.US,5,20260109,210500,26.34,26.34,26.34,26.34,100,0
TSSD.US,5,20260109,211000,26.33,26.3374,26.2701,26.2701,1288,0
TSSD.US,5,20260109,212000,26.27,26.29,26.27,26.29,1010,0
TSSD.US,5,20260109,213000,26.295,26.31,26.295,26.31,500,0
TSSD.US,5,20260109,214000,26.325,26.325,26.32,26.32,1300,0
TSSD.US,5,20260109,214500,26.29,26.29,26.29,26.29,2000,0
TSSD.US,5,20260109,215000,26.295,26.306,26.295,26.306,480,0
TSSD.US,5,20260109,215500,26.305,26.51,26.305,26.51,5375,0
TSSD.US,5,20260112,153000,26.43,26.43,26.39,26.39,596,0
TSSD.US,5,20260112,153500,26.45,26.45,26.42,26.43,6178,0
TSSD.US,5,20260112,154000,26.43,26.48,26.41,26.4799,2524,0
TSSD.US,5,20260112,154500,26.48,26.48,26.4298,26.4298,2373,0
TSSD.US,5,20260112,155500,26.485,26.485,26.47,26.48,2836,0
TSSD.US,5,20260112,160000,26.4997,26.4997,26.4997,26.4997,300,0
TSSD.US,5,20260112,160500,26.47,26.47,26.44,26.44,822,0
TSSD.US,5,20260112,161000,26.3838,26.39,26.3838,26.39,345,0
TSSD.US,5,20260112,161500,26.41,26.41,26.41,26.41,1100,0
TSSD.US,5,20260112,162000,26.39,26.39,26.3887,26.39,611,0
TSSD.US,5,20260112,162500,26.381,26.39,26.381,26.39,737,0
TSSD.US,5,20260112,163000,26.4,26.4,26.39,26.39,1200,0
TSSD.US,5,20260112,163500,26.41,26.41,26.41,26.41,300,0
TSSD.US,5,20260112,164000,26.4199,26.4199,26.4097,26.4097,355,0
TSSD.US,5,20260112,165500,26.49,26.49,26.4899,26.4899,415,0
TSSD.US,5,20260112,170000,26.4925,26.4925,26.4925,26.4925,137,0
TSSD.US,5,20260112,170500,26.5,26.5,26.5,26.5,110,0
TSSD.US,5,20260112,171000,26.495,26.495,26.4888,26.4888,910,0
TSSD.US,5,20260112,171500,26.495,26.4999,26.49,26.49,1540,0
TSSD.US,5,20260112,172000,26.48,26.48,26.45,26.45,889,0
TSSD.US,5,20260112,173000,26.42,26.4239,26.4165,26.4165,1422,0
TSSD.US,5,20260112,173500,26.41,26.41,26.402,26.4032,1397,0
TSSD.US,5,20260112,174000,26.42,26.42,26.42,26.42,100,0
TSSD.US,5,20260112,174500,26.43,26.43,26.43,26.43,100,0
TSSD.US,5,20260112,175500,26.4288,26.4288,26.4288,26.4288,150,0
TSSD.US,5,20260112,180500,26.425,26.425,26.42,26.42,1083,0
TSSD.US,5,20260112,181000,26.41,26.42,26.41,26.42,641,0
TSSD.US,5,20260112,182000,26.42,26.42,26.42,26.42,200,0
TSSD.US,5,20260112,183500,26.43,26.43,26.42,26.42,673,0
TSSD.US,5,20260112,184500,26.43,26.44,26.43,26.44,1050,0
TSSD.US,5,20260112,185000,26.45,26.45,26.45,26.45,100,0
TSSD.US,5,20260112,185500,26.4499,26.4499,26.4499,26.4499,129,0
TSSD.US,5,20260112,190000,26.44,26.44,26.44,26.44,590,0
TSSD.US,5,20260112,190500,26.47,26.47,26.47,26.47,230,0
TSSD.US,5,20260112,191500,26.46,26.46,26.46,26.46,863,0
TSSD.US,5,20260112,192000,26.46,26.46,26.46,26.46,150,0
TSSD.US,5,20260112,194000,26.48,26.48,26.4799,26.4799,376,0
TSSD.US,5,20260112,194500,26.4699,26.4699,26.4699,26.4699,180,0
TSSD.US,5,20260112,195000,26.47,26.47,26.47,26.47,100,0
TSSD.US,5,20260112,200500,26.48,26.48,26.48,26.48,108,0
TSSD.US,5,20260112,201000,26.495,26.495,26.495,26.495,1108,0
TSSD.US,5,20260112,201500,26.5,26.51,26.5,26.51,200,0
TSSD.US,5,20260112,202500,26.49,26.49,26.49,26.49,511,0
TSSD.US,5,20260112,203000,26.505,26.505,26.505,26.505,599,0
TSSD.US,5,20260112,204000,26.5,26.51,26.5,26.51,610,0
TSSD.US,5,20260112,204500,26.5,26.5,26.5,26.5,977,0
TSSD.US,5,20260112,210500,26.5215,26.5215,26.5215,26.5215,114,0
TSSD.US,5,20260112,212000,26.52,26.52,26.51,26.51,425,0
TSSD.US,5,20260112,213500,26.515,26.515,26.515,26.515,500,0
TSSD.US,5,20260112,214000,26.54,26.54,26.54,26.54,600,0
TSSD.US,5,20260112,214500,26.53,26.5335,26.53,26.5335,300,0
TSSD.US,5,20260112,215000,26.56,26.59,26.56,26.59,13740,0
TSSD.US,5,20260112,215500,26.57,26.72,26.57,26.72,615,0
TSSD.US,5,20260113,153000,26.85,26.85,26.69,26.7,1647,0
TSSD.US,5,20260113,153500,26.795,26.8,26.77,26.77,3595,0
TSSD.US,5,20260113,154000,26.709,26.7384,26.709,26.7384,1999,0
TSSD.US,5,20260113,154500,26.7307,26.7307,26.68,26.68,1364,0
TSSD.US,5,20260113,155000,26.73,26.78,26.73,26.77,1068,0
TSSD.US,5,20260113,155500,26.76,26.78,26.76,26.78,600,0
TSSD.US,5,20260113,160000,26.77,26.77,26.77,26.77,286,0
TSSD.US,5,20260113,160500,26.775,26.775,26.77,26.77,400,0
TSSD.US,5,20260113,161000,26.75,26.75,26.7,26.7,519,0
TSSD.US,5,20260113,161500,26.71,26.71,26.71,26.71,228,0
TSSD.US,5,20260113,162500,26.67,26.67,26.67,26.67,300,0
TSSD.US,5,20260113,163500,26.6602,26.67,26.6602,26.67,600,0
TSSD.US,5,20260113,164000,26.66,26.66,26.66,26.66,260,0
TSSD.US,5,20260113,164500,26.66,26.66,26.66,26.66,200,0
TSSD.US,5,20260113,165500,26.65,26.65,26.65,26.65,445,0
TSSD.US,5,20260113,170000,26.68,26.68,26.68,26.68,200,0
TSSD.US,5,20260113,171000,26.6923,26.695,26.6923,26.695,278,0
TSSD.US,5,20260113,171500,26.71,26.71,26.7,26.7,228,0
TSSD.US,5,20260113,172500,26.67,26.67,26.67,26.67,100,0
TSSD.US,5,20260113,173000,26.7,26.7,26.7,26.7,783,0
TSSD.US,5,20260113,180500,26.76,26.76,26.76,26.76,100,0
TSSD.US,5,20260113,181000,26.76,26.76,26.76,26.76,2100,0
TSSD.US,5,20260113,181500,26.7547,26.7547,26.73,26.73,300,0
TSSD.US,5,20260113,183000,26.7,26.7,26.7,26.7,450,0
TSSD.US,5,20260113,183500,26.7296,26.7296,26.69,26.69,384,0
TSSD.US,5,20260113,184500,26.69,26.69,26.69,26.69,130,0
TSSD.US,5,20260113,185000,26.6996,26.6996,26.66,26.66,500,0
TSSD.US,5,20260113,185500,26.65,26.65,26.65,26.65,182,0
TSSD.US,5,20260113,190000,26.6445,26.6445,26.6445,26.6445,100,0
TSSD.US,5,20260113,192000,26.64,26.64,26.64,26.64,100,0
TSSD.US,5,20260113,195000,26.62,26.62,26.61,26.61,349,0
TSSD.US,5,20260113,200000,26.59,26.59,26.5835,26.5835,500,0
TSSD.US,5,20260113,200500,26.5954,26.5954,26.5954,26.5954,100,0
TSSD.US,5,20260113,202000,26.605,26.6144,26.605,26.6144,1969,0
TSSD.US,5,20260113,210000,26.635,26.64,26.635,26.64,475,0
TSSD.US,5,20260113,211500,26.62,26.62,26.62,26.62,100,0
TSSD.US,5,20260113,212000,26.61,26.61,26.61,26.61,100,0
TSSD.US,5,20260113,212500,26.6,26.6,26.59,26.59,250,0
TSSD.US,5,20260113,213000,26.57,26.57,26.57,26.57,100,0
TSSD.US,5,20260113,213500,26.5593,26.5593,26.5593,26.5593,100,0
TSSD.US,5,20260113,214000,26.5616,26.5616,26.5616,26.5616,390,0
TSSD.US,5,20260113,215500,26.63,26.66,26.63,26.66,5724,0
TSSD.US,5,20260114,153000,26.55,26.63,26.55,26.63,425,0
TSSD.US,5,20260114,153500,26.67,26.67,26.56,26.56,1738,0
TSSD.US,5,20260114,154000,26.53,26.5699,26.5,26.5,1968,0
TSSD.US,5,20260114,154500,26.495,26.495,26.48,26.48,2027,0
TSSD.US,5,20260114,155000,26.55,26.55,26.55,26.55,1431,0
TSSD.US,5,20260114,155500,26.56,26.56,26.515,26.515,484,0
TSSD.US,5,20260114,160500,26.5008,26.545,26.5008,26.545,1199,0
TSSD.US,5,20260114,161000,26.595,26.6608,26.595,26.6608,230,0
TSSD.US,5,20260114,162000,26.73,26.755,26.73,26.755,410,0
TSSD.US,5,20260114,162500,26.74,26.74,26.6835,26.6835,309,0
TSSD.US,5,20260114,163000,26.67,26.67,26.67,26.67,300,0
TSSD.US,5,20260114,163500,26.58,26.58,26.58,26.58,540,0
TSSD.US,5,20260114,165000,26.465,26.465,26.465,26.465,300,0
TSSD.US,5,20260114,170000,26.4999,26.4999,26.4999,26.4999,189,0
TSSD.US,5,20260114,170500,26.49,26.49,26.49,26.49,105,0
TSSD.US,5,20260114,171000,26.49,26.5,26.49,26.5,221,0
TSSD.US,5,20260114,173000,26.62,26.62,26.62,26.62,100,0
TSSD.US,5,20260114,173500,26.62,26.62,26.6,26.6,200,0
TSSD.US,5,20260114,174000,26.6,26.6,26.6,26.6,350,0
TSSD.US,5,20260114,175000,26.5483,26.5483,26.54,26.54,207,0
TSSD.US,5,20260114,180000,26.5258,26.5258,26.5258,26.5258,2228,0
TSSD.US,5,20260114,182000,26.6,26.6,26.58,26.59,600,0
TSSD.US,5,20260114,183000,26.59,26.59,26.56,26.56,200,0
TSSD.US,5,20260114,184500,26.6299,26.6299,26.6299,26.6299,273,0
TSSD.US,5,20260114,185000,26.56,26.56,26.56,26.56,1167,0
TSSD.US,5,20260114,190000,26.58,26.58,26.58,26.58,250,0
TSSD.US,5,20260114,192000,26.58,26.58,26.58,26.58,260,0
TSSD.US,5,20260114,195500,26.6406,26.6406,26.6406,26.6406,250,0
TSSD.US,5,20260114,203500,26.67,26.67,26.67,26.67,100,0
TSSD.US,5,20260114,205500,26.69,26.69,26.69,26.69,30000,0
TSSD.US,5,20260114,210000,26.64,26.64,26.63,26.63,700,0
TSSD.US,5,20260114,210500,26.645,26.645,26.645,26.645,100,0
TSSD.US,5,20260114,211000,26.708,26.708,26.67,26.67,580,0
TSSD.US,5,20260114,213500,26.75,26.75,26.7496,26.7496,375,0
TSSD.US,5,20260114,214500,26.718,26.7249,26.71,26.7249,1165,0
TSSD.US,5,20260115,153000,26.87,26.9,26.8,26.8,976,0
TSSD.US,5,20260115,153500,26.78,26.7989,26.72,26.72,1190,0
TSSD.US,5,20260115,154000,26.71,26.71,26.71,26.71,400,0
TSSD.US,5,20260115,154500,26.7,26.73,26.7,26.73,812,0
TSSD.US,5,20260115,160000,26.82,26.8501,26.82,26.8501,338,0
TSSD.US,5,20260115,160500,26.88,26.89,26.88,26.89,390,0
TSSD.US,5,20260115,161000,26.85,26.85,26.85,26.85,100,0
TSSD.US,5,20260115,161500,26.82,26.82,26.82,26.82,240,0
TSSD.US,5,20260115,162000,26.83,26.83,26.83,26.83,340,0
TSSD.US,5,20260115,163000,26.88,26.88,26.88,26.88,100,0
TSSD.US,5,20260115,163500,26.85,26.85,26.85,26.85,211,0
TSSD.US,5,20260115,164000,26.85,26.85,26.85,26.85,170,0
TSSD.US,5,20260115,165500,26.845,26.845,26.845,26.845,100,0
TSSD.US,5,20260115,171000,26.87,26.87,26.87,26.87,200,0
TSSD.US,5,20260115,172000,26.89,26.89,26.89,26.89,100,0
TSSD.US,5,20260115,172500,26.88,26.88,26.88,26.88,100,0
TSSD.US,5,20260115,173500,26.89,26.89,26.89,26.89,120,0
TSSD.US,5,20260115,174000,26.89,26.89,26.89,26.89,103,0
TSSD.US,5,20260115,175000,26.89,26.89,26.89,26.89,1064,0
TSSD.US,5,20260115,180500,26.9,26.9,26.9,26.9,214,0
TSSD.US,5,20260115,181000,26.9145,26.9145,26.91,26.91,260,0
TSSD.US,5,20260115,181500,26.9,26.9,26.9,26.9,100,0
TSSD.US,5,20260115,182000,26.8785,26.8785,26.8785,26.8785,100,0
TSSD.US,5,20260115,184000,26.92,26.92,26.92,26.92,1056,0
TSSD.US,5,20260115,185000,26.9299,26.9299,26.9299,26.9299,150,0
TSSD.US,5,20260115,185500,26.915,26.915,26.91,26.91,350,0
TSSD.US,5,20260115,190000,26.92,26.92,26.9199,26.92,426,0
TSSD.US,5,20260115,194000,26.96,26.96,26.96,26.96,124,0
TSSD.US,5,20260115,195000,26.9808,26.981,26.9808,26.981,555,0
TSSD.US,5,20260115,201000,26.98,26.98,26.97,26.97,284,0
TSSD.US,5,20260115,201500,26.96,26.96,26.96,26.96,264,0
TSSD.US,5,20260115,202000,26.96,26.96,26.94,26.94,200,0
TSSD.US,5,20260115,202500,26.92,26.92,26.92,26.92,342,0
TSSD.US,5,20260115,203000,26.91,26.91,26.89,26.89,350,0
TSSD.US,5,20260115,205500,26.88,26.88,26.88,26.88,100,0
TSSD.US,5,20260115,212000,26.84,26.84,26.84,26.84,1500,0
TSSD.US,5,20260115,212500,26.83,26.8319,26.8195,26.8319,964,0
TSSD.US,5,20260115,213000,26.8001,26.8001,26.8001,26.8001,115,0
TSSD.US,5,20260116,153000,27.0499,27.0499,26.95,26.95,1624,0
TSSD.US,5,20260116,153500,26.97,26.99,26.95,26.95,1045,0
TSSD.US,5,20260116,154000,26.9487,26.9487,26.8646,26.8646,1504,0
TSSD.US,5,20260116,155000,26.8691,26.88,26.8691,26.88,383,0
TSSD.US,5,20260116,155500,26.8236,26.8236,26.8236,26.8236,139,0
TSSD.US,5,20260116,160000,26.83,26.83,26.83,26.83,300,0
TSSD.US,5,20260116,160500,26.8581,26.8581,26.8581,26.8581,251,0
TSSD.US,5,20260116,161000,26.86,26.86,26.86,26.86,274,0
TSSD.US,5,20260116,161500,26.85,26.858,26.85,26.858,210,0
TSSD.US,5,20260116,163000,26.82,26.82,26.8,26.8,1340,0
TSSD.US,5,20260116,163500,26.7834,26.7834,26.7834,26.7834,1273,0
TSSD.US,5,20260116,164000,26.7403,26.7403,26.7403,26.7403,160,0
TSSD.US,5,20260116,165500,26.85,26.85,26.85,26.85,149,0
TSSD.US,5,20260116,170000,26.8883,26.8883,26.8883,26.8883,393,0
TSSD.US,5,20260116,171000,26.9,26.9,26.9,26.9,185,0
TSSD.US,5,20260116,172000,26.965,26.965,26.965,26.965,100,0
TSSD.US,5,20260116,173000,26.9735,26.9735,26.9735,26.9735,170,0
TSSD.US,5,20260116,173500,26.98,27,26.98,27,503,0
TSSD.US,5,20260116,174000,27.005,27.005,27.005,27.005,100,0
TSSD.US,5,20260116,175000,27,27,27,27,158,0
TSSD.US,5,20260116,175500,26.98,26.98,26.979,26.979,686,0
TSSD.US,5,20260116,180000,26.9748,26.9748,26.9748,26.9748,150,0
TSSD.US,5,20260116,181500,26.98,26.98,26.98,26.98,100,0
TSSD.US,5,20260116,183000,26.98,26.98,26.96,26.96,470,0
TSSD.US,5,20260116,190000,26.93,26.93,26.91,26.91,550,0
TSSD.US,5,20260116,191000,26.93,26.93,26.93,26.93,145,0
TSSD.US,5,20260116,191500,26.96,26.96,26.96,26.96,200,0
TSSD.US,5,20260116,193000,26.99,26.99,26.99,26.99,540,0
TSSD.US,5,20260116,194000,26.98,26.98,26.98,26.98,100,0
TSSD.US,5,20260116,200000,26.98,27,26.98,27,1421,0
TSSD.US,5,20260116,200500,27.03,27.03,27.03,27.03,100,0
TSSD.US,5,20260116,202500,26.98,26.98,26.98,26.98,387,0
TSSD.US,5,20260116,203000,26.96,26.96,26.96,26.96,100,0
TSSD.US,5,20260116,203500,26.95,26.95,26.95,26.95,444,0
TSSD.US,5,20260116,204000,26.9884,26.9884,26.9884,26.9884,298,0
TSSD.US,5,20260116,214500,26.94,26.94,26.94,26.94,100,0
TSSD.US,5,20260116,215000,26.94,26.94,26.92,26.92,300,0
TSSD.US,5,20260116,215500,26.94,26.94,26.93,26.93,1699,0
TSSD.US,5,20260120,153000,26.6,26.655,26.6,26.655,2491,0
TSSD.US,5,20260120,153500,26.73,26.73,26.73,26.73,381,0
TSSD.US,5,20260120,154000,26.75,26.75,26.75,26.75,100,0
TSSD.US,5,20260120,154500,26.785,26.785,26.698,26.698,1120,0
TSSD.US,5,20260120,155000,26.73,26.73,26.7093,26.7093,358,0
TSSD.US,5,20260120,155500,26.6674,26.6674,26.6674,26.6674,100,0
TSSD.US,5,20260120,160500,26.64,26.64,26.62,26.62,300,0
TSSD.US,5,20260120,161000,26.61,26.61,26.61,26.61,100,0
TSSD.US,5,20260120,161500,26.6346,26.6346,26.63,26.63,563,0
TSSD.US,5,20260120,162000,26.66,26.66,26.66,26.66,262,0
TSSD.US,5,20260120,162500,26.7082,26.7082,26.7082,26.7082,164,0
TSSD.US,5,20260120,163000,26.74,26.74,26.7399,26.7399,260,0
TSSD.US,5,20260120,163500,26.75,26.79,26.745,26.745,21742,0
TSSD.US,5,20260120,164000,26.7671,26.7671,26.7671,26.7671,343,0
TSSD.US,5,20260120,164500,26.755,26.755,26.73,26.73,1700,0
TSSD.US,5,20260120,165000,26.6501,26.6501,26.6501,26.6501,350,0
TSSD.US,5,20260120,170000,26.71,26.71,26.668,26.668,1134,0
TSSD.US,5,20260120,170500,26.65,26.65,26.65,26.65,400,0
TSSD.US,5,20260120,172500,26.65,26.65,26.65,26.65,200,0
TSSD.US,5,20260120,173500,26.6899,26.6899,26.6899,26.6899,100,0
TSSD.US,5,20260120,174000,26.68,26.68,26.68,26.68,200,0
TSSD.US,5,20260120,174500,26.66,26.66,26.66,26.66,100,0
TSSD.US,5,20260120,175000,26.67,26.67,26.67,26.67,200,0
TSSD.US,5,20260120,182000,26.63,26.63,26.62,26.62,200,0
TSSD.US,5,20260120,182500,26.61,26.61,26.61,26.61,333,0
TSSD.US,5,20260120,183000,26.6,26.6,26.6,26.6,530,0
TSSD.US,5,20260120,184000,26.55,26.55,26.55,26.55,400,0
TSSD.US,5,20260120,184500,26.55,26.55,26.5266,26.5266,1133,0
TSSD.US,5,20260120,185000,26.52,26.53,26.51,26.53,3761,0
TSSD.US,5,20260120,185500,26.52,26.525,26.52,26.525,1663,0
TSSD.US,5,20260120,191000,26.54,26.54,26.54,26.54,100,0
TSSD.US,5,20260120,192000,26.52,26.52,26.51,26.51,923,0
TSSD.US,5,20260120,193000,26.48,26.48,26.476,26.476,703,0
TSSD.US,5,20260120,194000,26.41,26.4101,26.4,26.4101,1873,0
TSSD.US,5,20260120,195000,26.4,26.4,26.4,26.4,800,0
TSSD.US,5,20260120,200000,26.42,26.42,26.42,26.42,100,0
TSSD.US,5,20260120,200500,26.41,26.41,26.41,26.41,100,0
TSSD.US,5,20260120,202000,26.38,26.38,26.38,26.38,100,0
TSSD.US,5,20260120,202500,26.345,26.35,26.345,26.35,581,0
TSSD.US,5,20260120,203000,26.36,26.36,26.36,26.36,200,0
TSSD.US,5,20260120,204000,26.3484,26.3484,26.3484,26.3484,113,0
TSSD.US,5,20260120,205000,26.3807,26.3807,26.3807,26.3807,1898,0
TSSD.US,5,20260120,205500,26.3865,26.3999,26.37,26.3999,2367,0
TSSD.US,5,20260120,210000,26.385,26.385,26.3792,26.3792,387,0
TSSD.US,5,20260120,210500,26.39,26.39,26.37,26.37,1019,0
TSSD.US,5,20260120,211000,26.375,26.375,26.36,26.36,650,0
TSSD.US,5,20260120,211500,26.32,26.32,26.32,26.32,1646,0
TSSD.US,5,20260120,212000,26.33,26.33,26.33,26.33,2097,0
TSSD.US,5,20260120,212500,26.33,26.345,26.33,26.34,2076,0
TSSD.US,5,20260120,213000,26.34,26.34,26.33,26.3338,4571,0
TSSD.US,5,20260120,213500,26.36,26.36,26.36,26.36,938,0
TSSD.US,5,20260120,214000,26.341,26.341,26.341,26.341,189,0
TSSD.US,5,20260120,214500,26.34,26.34,26.33,26.335,853,0
TSSD.US,5,20260120,215000,26.345,26.345,26.34,26.34,500,0
TSSD.US,5,20260120,215500,26.34,26.34,26.32,26.32,960,0
TSSD.US,5,20260121,153000,26.43,26.43,26.43,26.43,100,0
TSSD.US,5,20260121,153500,26.36,26.43,26.36,26.43,699,0
TSSD.US,5,20260121,154000,26.36,26.39,26.36,26.37,746,0
TSSD.US,5,20260121,154500,26.35,26.35,26.35,26.35,100,0
TSSD.US,5,20260121,155000,26.44,26.44,26.44,26.44,500,0
TSSD.US,5,20260121,155500,26.4827,26.5,26.4827,26.5,200,0
TSSD.US,5,20260121,160500,26.4801,26.4801,26.48,26.48,261,0
TSSD.US,5,20260121,161000,26.51,26.51,26.51,26.51,300,0
TSSD.US,5,20260121,162000,26.58,26.58,26.58,26.58,200,0
TSSD.US,5,20260121,163000,26.54,26.54,26.54,26.54,100,0
TSSD.US,5,20260121,164000,26.56,26.56,26.5564,26.5564,368,0
TSSD.US,5,20260121,165000,26.55,26.5799,26.55,26.57,1249,0
TSSD.US,5,20260121,165500,26.54,26.54,26.54,26.54,400,0
TSSD.US,5,20260121,170000,26.51,26.51,26.51,26.51,284,0
TSSD.US,5,20260121,170500,26.49,26.49,26.49,26.49,900,0
TSSD.US,5,20260121,171000,26.4616,26.4616,26.4616,26.4616,999,0
TSSD.US,5,20260121,171500,26.4662,26.4662,26.4662,26.4662,200,0
TSSD.US,5,20260121,172000,26.44,26.44,26.44,26.44,100,0
TSSD.US,5,20260121,172500,26.44,26.44,26.44,26.44,250,0
TSSD.US,5,20260121,174500,26.33,26.33,26.33,26.33,162,0
TSSD.US,5,20260121,175500,26.24,26.24,26.24,26.24,370,0
TSSD.US,5,20260121,180000,26.24,26.24,26.22,26.22,322,0
TSSD.US,5,20260121,180500,26.21,26.21,26.2,26.2,300,0
TSSD.US,5,20260121,181000,26.2,26.2,26.2,26.2,100,0
TSSD.US,5,20260121,182000,26.19,26.19,26.1892,26.1892,600,0
TSSD.US,5,20260121,191500,26.16,26.17,26.1572,26.1572,4000,0
TSSD.US,5,20260121,192500,26.15,26.15,26.15,26.15,145,0
TSSD.US,5,20260121,193500,26.15,26.15,26.1285,26.1285,388,0
TSSD.US,5,20260121,194500,26.186,26.186,26.186,26.186,190,0
TSSD.US,5,20260121,201500,26.1683,26.1683,26.1683,26.1683,400,0
TSSD.US,5,20260121,211000,26.4549,26.4549,26.4367,26.4367,295,0
TSSD.US,5,20260121,211500,26.43,26.43,26.3972,26.405,363,0
TSSD.US,5,20260121,212000,26.4,26.4,26.4,26.4,125,0
TSSD.US,5,20260121,212500,26.35,26.35,26.35,26.35,100,0
TSSD.US,5,20260122,153000,26.6229,26.6229,26.6229,26.6229,156,0
TSSD.US,5,20260122,153500,26.58,26.58,26.55,26.55,200,0
TSSD.US,5,20260122,154000,26.58,26.58,26.52,26.52,350,0
TSSD.US,5,20260122,154500,26.52,26.52,26.52,26.52,500,0
TSSD.US,5,20260122,155000,26.52,26.52,26.52,26.52,206,0
TSSD.US,5,20260122,160000,26.45,26.45,26.45,26.45,300,0
TSSD.US,5,20260122,160500,26.4263,26.4263,26.4263,26.4263,100,0
TSSD.US,5,20260122,164000,26.5,26.5,26.5,26.5,150,0
TSSD.US,5,20260122,165000,26.46,26.46,26.46,26.46,200,0
TSSD.US,5,20260122,170500,26.48,26.48,26.48,26.48,630,0
TSSD.US,5,20260122,171000,26.46,26.46,26.46,26.46,2001,0
TSSD.US,5,20260122,173000,26.46,26.47,26.46,26.47,525,0
TSSD.US,5,20260122,180500,26.49,26.49,26.49,26.49,247,0
TSSD.US,5,20260122,181500,26.5,26.5,26.5,26.5,120,0
TSSD.US,5,20260122,184000,26.5357,26.5357,26.5357,26.5357,129,0
TSSD.US,5,20260122,185000,26.56,26.56,26.56,26.56,200,0
TSSD.US,5,20260122,185500,26.5746,26.5746,26.5746,26.5746,183,0
TSSD.US,5,20260122,201000,26.62,26.62,26.62,26.62,3762,0
TSSD.US,5,20260122,202000,26.6078,26.6078,26.6078,26.6078,180,0
TSSD.US,5,20260122,204000,26.63,26.63,26.625,26.625,200,0
TSSD.US,5,20260122,204500,26.625,26.625,26.625,26.625,152,0
TSSD.US,5,20260122,205000,26.62,26.62,26.62,26.62,100,0
TSSD.US,5,20260122,210500,26.6247,26.6247,26.6247,26.6247,388,0
TSSD.US,5,20260122,211000,26.62,26.62,26.62,26.62,229,0
TSSD.US,5,20260122,214000,26.57,26.57,26.57,26.57,200,0
TSSD.US,5,20260122,215500,26.58,26.58,26.58,26.58,123,0
TSSD.US,5,20260123,153000,26.72,26.83,26.72,26.8103,1324,0
TSSD.US,5,20260123,153500,26.75,26.75,26.72,26.72,758,0
TSSD.US,5,20260123,154000,26.72,26.72,26.72,26.72,188,0
TSSD.US,5,20260123,154500,26.75,26.75,26.63,26.6499,2934,0
TSSD.US,5,20260123,155000,26.7,26.7,26.67,26.67,291,0
TSSD.US,5,20260123,155500,26.69,26.69,26.69,26.69,100,0
TSSD.US,5,20260123,160000,26.6902,26.6902,26.6902,26.6902,100,0
TSSD.US,5,20260123,160500,26.69,26.69,26.69,26.69,138,0
TSSD.US,5,20260123,161000,26.69,26.69,26.65,26.65,763,0
TSSD.US,5,20260123,162000,26.6701,26.6701,26.6701,26.6701,130,0
TSSD.US,5,20260123,164500,26.75,26.75,26.72,26.72,3198,0
TSSD.US,5,20260123,165000,26.7782,26.7782,26.7782,26.7782,130,0
TSSD.US,5,20260123,165500,26.78,26.78,26.78,26.78,107,0
TSSD.US,5,20260123,172000,26.77,26.77,26.77,26.77,128,0
TSSD.US,5,20260123,173000,26.7799,26.7799,26.76,26.76,515,0
TSSD.US,5,20260123,174500,26.77,26.77,26.7601,26.7601,888,0
TSSD.US,5,20260123,175000,26.77,26.77,26.77,26.77,100,0
TSSD.US,5,20260123,180000,26.76,26.76,26.76,26.76,100,0
TSSD.US,5,20260123,183000,26.77,26.77,26.77,26.77,100,0
TSSD.US,5,20260123,185000,26.64,26.64,26.64,26.64,250,0
TSSD.US,5,20260123,185500,26.6,26.6,26.6,26.6,200,0
TSSD.US,5,20260123,190000,26.6084,26.6084,26.6084,26.6084,300,0
TSSD.US,5,20260123,193000,26.6,26.6,26.59,26.59,200,0
TSSD.US,5,20260123,194000,26.5888,26.5888,26.5888,26.5888,100,0
TSSD.US,5,20260123,200000,26.59,26.59,26.59,26.59,200,0
TSSD.US,5,20260123,203000,26.65,26.65,26.65,26.65,200,0
TSSD.US,5,20260123,203500,26.64,26.64,26.63,26.63,500,0
TSSD.US,5,20260123,204000,26.61,26.61,26.61,26.61,100,0
TSSD.US,5,20260123,210000,26.58,26.58,26.58,26.58,215,0
TSSD.US,5,20260123,211000,26.52,26.552,26.52,26.552,835,0
TSSD.US,5,20260123,211500,26.5526,26.5526,26.5526,26.5526,100,0
TSSD.US,5,20260123,212000,26.5637,26.5637,26.5637,26.5637,584,0
TSSD.US,5,20260123,212500,26.55,26.55,26.55,26.55,100,0
TSSD.US,5,20260123,213000,26.55,26.55,26.55,26.55,200,0
TSSD.US,5,20260123,215000,26.61,26.61,26.61,26.61,200,0
TSSD.US,5,20260123,215500,26.57,26.57,26.57,26.57,382,0
