<TICKER>,<PER>,<DATE>,<TIME>,<OPEN>,<HIGH>,<LOW>,<CLOSE>,<VOL>,<OPENINT>
PHOE.US,D,20250425,000000,7,7.37,3.22,3.65,1671527,0
PHOE.US,D,20250428,000000,3.13,3.95,2.52,3,881077,0
PHOE.US,D,20250429,000000,2.91,3.1,2.59,2.91,128833,0
PHOE.US,D,20250430,000000,3,3,2.65,2.84,92040,0
PHOE.US,D,20250501,000000,2.78,3.07,2.66,2.67,213496,0
PHOE.US,D,20250502,000000,2.6,2.761,2.51,2.63,48983,0
PHOE.US,D,20250505,000000,2.68,2.68,2.3076,2.57,74865,0
PHOE.US,D,20250506,000000,2.5,2.99,2.5,2.95,1658412,0
PHOE.US,D,20250507,000000,2.75,2.98,2.7,2.72,127182,0
PHOE.US,D,20250508,000000,2.8,2.92,2.7301,2.9,52021,0
PHOE.US,D,20250509,000000,2.99,3.29,2.84,3.1999,115125,0
PHOE.US,D,20250512,000000,3.2184,3.27,2.9,3.15,105456,0
PHOE.US,D,20250513,000000,3.19,3.3499,3.1,3.2886,82524,0
PHOE.US,D,20250514,000000,3.27,3.5999,3.1141,3.45,175109,0
PHOE.US,D,20250515,000000,3.415,3.59,3.25,3.2894,66753,0
PHOE.US,D,20250516,000000,3.3501,3.52,2.9401,3.08,91250,0
PHOE.US,D,20250519,000000,3.08,3.23,2.76,2.83,85013,0
PHOE.US,D,20250520,000000,2.82,3.2,2.82,3.05,64907,0
PHOE.US,D,20250521,000000,3.06,3.6699,2.98,3.41,260330,0
PHOE.US,D,20250522,000000,3.51,3.6,3.36,3.47,28140,0
PHOE.US,D,20250523,000000,3.378,3.67,3.3545,3.5,86232,0
PHOE.US,D,20250527,000000,3.56,3.85,3.5008,3.85,72217,0
PHOE.US,D,20250528,000000,3.9,3.955,3.691,3.81,38562,0
PHOE.US,D,20250529,000000,3.63,3.92,3.6,3.6415,14714,0
PHOE.US,D,20250530,000000,3.61,3.72,3.46,3.54,11426,0
PHOE.US,D,20250602,000000,3.52,3.84,3,3.51,84554,0
PHOE.US,D,20250603,000000,3.53,3.7,3.5184,3.6,33722,0
PHOE.US,D,20250604,000000,3.505,3.83,3.505,3.6023,36138,0
PHOE.US,D,20250605,000000,3.7,3.7987,3.61,3.64,21809,0
PHOE.US,D,20250606,000000,3.9599,3.9599,3.5108,3.565,14445,0
PHOE.US,D,20250609,000000,3.59,3.82,3.4173,3.6333,168943,0
PHOE.US,D,20250610,000000,3.7,3.81,3.602,3.76,46661,0
PHOE.US,D,20250611,000000,3.685,3.86,3.6101,3.65,21751,0
PHOE.US,D,20250612,000000,3.75,4.3,3.66,4.063,135539,0
PHOE.US,D,20250613,000000,4.33,4.71,4.05,4.71,105953,0
PHOE.US,D,20250616,000000,4.825,6.17,4.5631,5.82,254020,0
PHOE.US,D,20250617,000000,5.94,6.9818,5.9,6.3027,78562,0
PHOE.US,D,20250618,000000,6.22,7.56,6.204,6.995,174118,0
PHOE.US,D,20250620,000000,7.01,7.96,6.45,7.96,69860,0
PHOE.US,D,20250623,000000,8.24,10,8.02,9.5,202540,0
PHOE.US,D,20250624,000000,9.8,11.99,9.22,11.8,73185,0
PHOE.US,D,20250625,000000,12.51,13.29,10.5,11.1,65271,0
PHOE.US,D,20250626,000000,10.31,11.34,6.99,7.42,127218,0
PHOE.US,D,20250627,000000,7.2,9,5.85,7.13,76866,0
PHOE.US,D,20250630,000000,7.22,9.63,7.22,8.97,19985,0
PHOE.US,D,20250701,000000,9.01,9.01,8.67,8.98,4405,0
PHOE.US,D,20250702,000000,8.98,8.98,8.36,8.56,8023,0
PHOE.US,D,20250703,000000,8.5,8.99,8.5,8.579,1488,0
PHOE.US,D,20250707,000000,8.905,8.99,8.82,8.9,6653,0
PHOE.US,D,20250708,000000,8.27,9.57,7.8,8.67,4194,0
PHOE.US,D,20250709,000000,8.05,8.7,7.9015,7.9015,4278,0
PHOE.US,D,20250710,000000,8.01,8.12,7.669,7.71,2389,0
PHOE.US,D,20250711,000000,7.5,9.0053,6.56,8.31,99072,0
PHOE.US,D,20250714,000000,8.5,8.5,7.14,7.3401,39575,0
PHOE.US,D,20250715,000000,7.95,7.95,6.7,7.07,20172,0
PHOE.US,D,20250716,000000,7.0701,8,7.0001,7.6501,41143,0
PHOE.US,D,20250717,000000,7.63,17.6,7.01,10.96,733842,0
PHOE.US,D,20250718,000000,9.16,9.73,7.9,8.2,62504,0
PHOE.US,D,20250721,000000,8.02,8.7,7.5756,7.85,44861,0
PHOE.US,D,20250722,000000,7.6,8.36,7.375,7.586,65187,0
PHOE.US,D,20250723,000000,8.28,8.28,7.76,8,31032,0
PHOE.US,D,20250724,000000,8.78,10.92,8.02,10.7328,441885,0
PHOE.US,D,20250725,000000,10.06,10.655,8.15,8.2,123896,0
PHOE.US,D,20250728,000000,8.07,8.7605,7.57,7.84,141623,0
PHOE.US,D,20250729,000000,8.2,8.2,7.6,7.65,11683,0
PHOE.US,D,20250730,000000,7.55,8.5799,6.99,8.54,28815,0
PHOE.US,D,20250731,000000,8.3128,8.7648,7.6193,8,17148,0
PHOE.US,D,20250801,000000,7.86,8.58,7.86,8.12,12582,0
PHOE.US,D,20250804,000000,8,8.35,7.68,7.9678,8425,0
PHOE.US,D,20250805,000000,8.1,8.2,7.85,8.11,6198,0
PHOE.US,D,20250806,000000,7.92,8.27,7.75,8.03,21206,0
PHOE.US,D,20250807,000000,7.8,8.88,7.8,8.5,26698,0
PHOE.US,D,20250808,000000,8.54,8.55,8,8.23,16473,0
PHOE.US,D,20250811,000000,8.7,8.7,7.96,8.01,13522,0
PHOE.US,D,20250812,000000,8.2,8.6,7.72,7.84,20646,0
PHOE.US,D,20250813,000000,7.5,8.12,6.9,7.16,37829,0
PHOE.US,D,20250814,000000,6.83,7.14,6.745,7.09,14202,0
PHOE.US,D,20250815,000000,7.12,7.52,6.85,7.49,7262,0
PHOE.US,D,20250818,000000,6.975,7.7,6.6567,7.6,20787,0
PHOE.US,D,20250819,000000,7.2,7.59,7.2,7.59,6100,0
PHOE.US,D,20250820,000000,6.95,7.59,6.95,7.59,14536,0
PHOE.US,D,20250821,000000,7.925,7.925,7.3,7.65,4834,0
PHOE.US,D,20250822,000000,7.65,7.65,7.175,7.6,5665,0
PHOE.US,D,20250825,000000,7.96,7.99,7.56,7.9,15062,0
PHOE.US,D,20250826,000000,7.92,8.49,7.825,8.3022,18289,0
PHOE.US,D,20250827,000000,9.24,10.49,7.57,8.34,81524,0
PHOE.US,D,20250828,000000,8.495,8.495,7.3101,7.79,11397,0
PHOE.US,D,20250829,000000,7.74,8.15,7.65,7.815,10009,0
PHOE.US,D,20250902,000000,7.8,8.2,7.8,7.915,11421,0
PHOE.US,D,20250903,000000,8.01,8.01,7.603,7.96,7333,0
PHOE.US,D,20250904,000000,7.7,8.2,7.375,7.63,3296,0
PHOE.US,D,20250905,000000,7.4,7.88,7.28,7.56,8434,0
PHOE.US,D,20250908,000000,7.17,7.9035,7.11,7.635,14522,0
PHOE.US,D,20250909,000000,7.375,8,7.2581,8,13321,0
PHOE.US,D,20250910,000000,8.3,9.59,8.05,9.18,20932,0
PHOE.US,D,20250911,000000,8.31,9.01,8.31,8.99,22072,0
PHOE.US,D,20250912,000000,8.26,8.2956,8.1,8.1,3609,0
PHOE.US,D,20250915,000000,8.39,8.6,7.7001,8.41,8321,0
PHOE.US,D,20250916,000000,8.27,8.69,8.0063,8.5,15016,0
PHOE.US,D,20250917,000000,8.15,9,8.15,8.5,7460,0
PHOE.US,D,20250918,000000,8.49,8.735,8.49,8.5,4621,0
PHOE.US,D,20250919,000000,8.3,8.69,8.3,8.6,4626,0
PHOE.US,D,20250922,000000,8.58,8.75,8.4,8.75,5830,0
PHOE.US,D,20250923,000000,8.75,8.95,8.5,8.65,4041,0
PHOE.US,D,20250924,000000,8.913,8.913,8.56,8.56,2248,0
PHOE.US,D,20250925,000000,8.191,9.1,8.191,9.1,17637,0
PHOE.US,D,20250926,000000,8.65,9.5717,8.36,8.75,11270,0
PHOE.US,D,20250929,000000,8.76,8.78,8.75,8.76,2940,0
PHOE.US,D,20250930,000000,8.655,8.9594,8.655,8.9,5471,0
PHOE.US,D,20251001,000000,8.63,9,8.63,9,3679,0
PHOE.US,D,20251002,000000,9.1008,11.475,9.1,11,90433,0
PHOE.US,D,20251003,000000,11.8,12.0572,10.3,11.86,61025,0
PHOE.US,D,20251006,000000,11.86,12,11.5,11.85,17630,0
PHOE.US,D,20251007,000000,11.5,17.48,11.26,16.8,60515,0
PHOE.US,D,20251008,000000,15.5,16.4219,13.32,13.32,10895,0
PHOE.US,D,20251009,000000,13.5,15.335,13.5,15.335,6242,0
PHOE.US,D,20251010,000000,16.87,16.92,13.56,13.6,5797,0
PHOE.US,D,20251013,000000,13.8,13.94,10.5,11.74,9976,0
PHOE.US,D,20251014,000000,12,14.1673,11.885,13,19275,0
PHOE.US,D,20251015,000000,13.2,14,12.81,13.23,7134,0
PHOE.US,D,20251016,000000,14.34,15.05,13.5,15.04,6706,0
PHOE.US,D,20251017,000000,16.04,17,15.71,16.93,13503,0
PHOE.US,D,20251020,000000,16.25,16.9299,15.11,16.91,3359,0
PHOE.US,D,20251021,000000,16.93,18.07,16.93,17.5,7233,0
PHOE.US,D,20251022,000000,17.825,21.37,17.825,20.12,15173,0
PHOE.US,D,20251023,000000,21.56,24.88,19.81,22.04,26464,0
PHOE.US,D,20251024,000000,21.21,22.12,16.4,17.51,12741,0
PHOE.US,D,20251027,000000,17.49,17.49,14.315,16.5,9297,0
PHOE.US,D,20251028,000000,17.61,19.2,17.6,17.95,13434,0
PHOE.US,D,20251029,000000,16.81,18.14,16.81,18.14,1300,0
PHOE.US,D,20251030,000000,17.99,20,17.93,19.02,9146,0
PHOE.US,D,20251031,000000,20.4718,20.4718,18.86,18.86,7810,0
PHOE.US,D,20251103,000000,20.5,20.5,18.99,18.99,1654,0
PHOE.US,D,20251104,000000,18,18,18,18,1269,0
PHOE.US,D,20251105,000000,18.57,20.52,18.57,18.64,4639,0
PHOE.US,D,20251106,000000,18.46,20.31,17.46,17.46,3072,0
PHOE.US,D,20251107,000000,17.51,17.53,17.05,17.05,1895,0
PHOE.US,D,20251111,000000,17.5,18.02,17,17.2,1238,0
PHOE.US,D,20251112,000000,17.192,17.192,16.66,16.67,1065,0
PHOE.US,D,20251113,000000,16.735,16.8,16.735,16.8,459,0
PHOE.US,D,20251119,000000,16,16,15,15.1,3124,0
PHOE.US,D,20251120,000000,15.2,15.2,15.2,15.2,393,0
PHOE.US,D,20251124,000000,14.3,14.5,14.06,14.12,3392,0
PHOE.US,D,20251201,000000,14.28,16.99,14.28,16,5465,0
PHOE.US,D,20251202,000000,16.99,16.99,16.4,16.62,1283,0
PHOE.US,D,20251203,000000,14.21,17.44,14.21,16.84,2639,0
PHOE.US,D,20251204,000000,16.84,20.9,16,17.14,11817,0
PHOE.US,D,20251205,000000,18.01,20.14,16.52,18.73,17058,0
PHOE.US,D,20251208,000000,17.81,17.81,17.21,17.21,1466,0
PHOE.US,D,20251210,000000,17.99,17.99,17.99,17.99,482,0
PHOE.US,D,20251211,000000,17.04,17.1,17.0001,17.1,2094,0
PHOE.US,D,20251215,000000,17.8,17.8,17.8,17.8,637,0
PHOE.US,D,20251217,000000,16.5,17.1,16.5,17.1,1751,0
PHOE.US,D,20251219,000000,17.08,17.2,16.3755,16.3755,2741,0
PHOE.US,D,20251223,000000,16,16.05,14.95,15.13,3490,0
PHOE.US,D,20251224,000000,16.9,16.9,15.99,15.99,1193,0
PHOE.US,D,20251226,000000,14.41,16.7,13.68,15.99,4391,0
PHOE.US,D,20251229,000000,15.53,18.88,15.53,16.96,5354,0
PHOE.US,D,20251230,000000,16,16.46,15.55,15.985,1581,0
PHOE.US,D,20251231,000000,16,16,16,16,759,0
PHOE.US,D,20260102,000000,14.57,16.24,14.57,16.24,2184,0
PHOE.US,D,20260105,000000,16.81,16.81,16.81,16.81,315,0
PHOE.US,D,20260106,000000,15.02,15.02,15.02,15.02,529,0
PHOE.US,D,20260112,000000,14.54,16.2,14.54,15.99,2307,0
PHOE.US,D,20260113,000000,16.2,16.2,15.87,15.87,228,0
PHOE.US,D,20260114,000000,15.5,15.5,14.48,14.48,1997,0
PHOE.US,D,20260115,000000,14.22,14.22,14.22,14.22,470,0
PHOE.US,D,20260120,000000,13.3,13.68,13.3,13.68,779,0
PHOE.US,D,20260123,000000,13.08,14.22,13.08,14.22,2122,0
