<TICKER>,<PER>,<DATE>,<TIME>,<OPEN>,<HIGH>,<LOW>,<CLOSE>,<VOL>,<OPENINT>
ADAMZ.US,5,20250829,175500,18.417,18.417,18.417,18.417,130,0
ADAMZ.US,5,20250829,195500,18.45,18.593,18.45,18.593,390,0
ADAMZ.US,5,20250902,153000,18.6,18.67,18.5978,18.67,892,0
ADAMZ.US,5,20250902,153500,18.63,18.63,18.51,18.51,480,0
ADAMZ.US,5,20250902,155500,18.5,18.5,18.5,18.5,270,0
ADAMZ.US,5,20250902,165500,18.6304,18.6304,18.6304,18.6304,100,0
ADAMZ.US,5,20250903,153000,19.0118,19.019,19.0118,19.019,240,0
ADAMZ.US,5,20250903,154500,18.6,18.746,18.6,18.746,200,0
ADAMZ.US,5,20250903,165500,18.775,18.775,18.775,18.775,100,0
ADAMZ.US,5,20250903,190500,18.675,18.675,18.675,18.675,300,0
ADAMZ.US,5,20250903,193000,18.55,18.55,18.21,18.21,840,0
ADAMZ.US,5,20250904,153000,18.35,18.35,18.35,18.35,236,0
ADAMZ.US,5,20250904,153500,18.44,18.44,18.42,18.42,300,0
ADAMZ.US,5,20250904,154000,18.42,18.43,18.4,18.43,400,0
ADAMZ.US,5,20250904,154500,18.4,18.42,18.4,18.4,400,0
ADAMZ.US,5,20250904,155000,18.4,18.4,18.4,18.4,400,0
ADAMZ.US,5,20250904,155500,18.4,18.41,18.4,18.4,400,0
ADAMZ.US,5,20250904,160000,18.4,18.4,18.4,18.4,300,0
ADAMZ.US,5,20250904,160500,18.4,18.4,18.4,18.4,300,0
ADAMZ.US,5,20250904,161000,18.4,18.71,18.4,18.71,400,0
ADAMZ.US,5,20250904,161500,18.4,18.41,18.4,18.4,500,0
ADAMZ.US,5,20250904,162000,18.4,18.4,18.4,18.4,400,0
ADAMZ.US,5,20250904,162500,18.4,18.4,18.4,18.4,200,0
ADAMZ.US,5,20250904,163000,18.4,18.4,18.39,18.39,200,0
ADAMZ.US,5,20250904,164000,18.06,18.06,18.06,18.06,100,0
ADAMZ.US,5,20250904,164500,18.06,18.06,18.06,18.06,200,0
ADAMZ.US,5,20250904,165000,18.06,18.09,18.06,18.09,300,0
ADAMZ.US,5,20250904,165500,18.09,18.09,18.09,18.09,200,0
ADAMZ.US,5,20250904,170000,18.07,18.07,18.07,18.07,100,0
ADAMZ.US,5,20250904,170500,18.07,18.07,18.0659,18.0659,200,0
ADAMZ.US,5,20250904,171000,18.11,18.11,18.11,18.11,200,0
ADAMZ.US,5,20250904,174000,18.23,18.23,18.23,18.23,100,0
ADAMZ.US,5,20250904,175000,18.09,18.09,18.09,18.09,100,0
ADAMZ.US,5,20250904,175500,18.1,18.1,18.055,18.1,1917,0
ADAMZ.US,5,20250904,181000,18.2,18.2,18.2,18.2,100,0
ADAMZ.US,5,20250904,185500,18.1,18.1,18.1,18.1,100,0
ADAMZ.US,5,20250904,200000,18.1,18.1,18.1,18.1,200,0
ADAMZ.US,5,20250904,200500,18.1,18.1,18.1,18.1,300,0
ADAMZ.US,5,20250904,201000,18.1,18.1,18.1,18.1,200,0
ADAMZ.US,5,20250904,203000,18.03,18.07,18,18.07,1337,0
ADAMZ.US,5,20250904,203500,18,18.04,18,18.04,200,0
ADAMZ.US,5,20250904,204000,18.02,18.02,18.02,18.02,200,0
ADAMZ.US,5,20250904,205500,18,18.07,18,18.0686,600,0
ADAMZ.US,5,20250904,213000,18.0563,18.0563,18.0563,18.0563,1000,0
ADAMZ.US,5,20250904,214000,17.98,17.98,17.98,17.98,100,0
ADAMZ.US,5,20250904,215000,18,18.0541,18,18.0541,250,0
ADAMZ.US,5,20250904,215500,18.025,18.05,18.025,18.05,400,0
ADAMZ.US,5,20250905,153500,18.05,18.05,18.05,18.05,400,0
ADAMZ.US,5,20250905,154000,18.02,18.03,18.02,18.03,300,0
ADAMZ.US,5,20250905,154500,18.03,18.03,18.03,18.03,100,0
ADAMZ.US,5,20250905,163000,18.05,18.0601,18.05,18.0601,552,0
ADAMZ.US,5,20250905,163500,18.06,18.0695,18.06,18.0695,200,0
ADAMZ.US,5,20250905,164000,18.05,18.05,18.05,18.05,300,0
ADAMZ.US,5,20250905,164500,18.05,18.05,18.05,18.05,200,0
ADAMZ.US,5,20250905,165000,18.05,18.05,18.05,18.05,100,0
ADAMZ.US,5,20250905,171000,18.03,18.03,18.03,18.03,200,0
ADAMZ.US,5,20250905,172500,17.98,17.98,17.98,17.98,200,0
ADAMZ.US,5,20250905,175000,17.99,18,17.98,17.98,1512,0
ADAMZ.US,5,20250905,183500,18,18,18,18,100,0
ADAMZ.US,5,20250905,184000,17.94,17.95,17.94,17.95,312,0
ADAMZ.US,5,20250905,203500,18,18,18,18,100,0
ADAMZ.US,5,20250905,205500,18.155,18.155,18.155,18.155,1400,0
ADAMZ.US,5,20250905,210000,18.19,18.19,18.19,18.19,100,0
ADAMZ.US,5,20250905,211000,18,18.01,18,18.01,200,0
ADAMZ.US,5,20250905,211500,18.02,18.02,18.02,18.02,300,0
ADAMZ.US,5,20250905,212000,18.03,18.03,18.03,18.03,300,0
ADAMZ.US,5,20250905,212500,18.02,18.02,18,18,400,0
ADAMZ.US,5,20250905,213000,18,18,18,18,300,0
ADAMZ.US,5,20250905,213500,18,18.01,18,18.01,500,0
ADAMZ.US,5,20250905,214000,18.02,18.09,18.01,18.02,500,0
ADAMZ.US,5,20250905,214500,18.03,18.06,18.03,18.06,400,0
ADAMZ.US,5,20250905,215000,18.06,18.06,18.03,18.03,1700,0
ADAMZ.US,5,20250905,215500,18.04,18.04,18,18,1500,0
ADAMZ.US,5,20250908,153000,18.27,18.27,18.2,18.25,2128,0
ADAMZ.US,5,20250908,153500,18.9399,18.9399,18.635,18.7689,1128,0
ADAMZ.US,5,20250908,154500,18.61,18.84,18.61,18.84,1000,0
ADAMZ.US,5,20250908,155000,18.55,18.625,18.55,18.61,600,0
ADAMZ.US,5,20250908,155500,18.605,18.605,18.5,18.55,2533,0
ADAMZ.US,5,20250908,160000,18.61,18.64,18.6,18.6,1846,0
ADAMZ.US,5,20250908,161000,18.575,18.6,18.55,18.6,874,0
ADAMZ.US,5,20250908,161500,18.65,18.651,18.65,18.651,800,0
ADAMZ.US,5,20250908,162000,18.65,18.65,18.65,18.65,300,0
ADAMZ.US,5,20250908,162500,18.7,18.82,18.7,18.82,300,0
ADAMZ.US,5,20250908,163000,18.75,18.7505,18.75,18.75,770,0
ADAMZ.US,5,20250908,163500,18.7,18.75,18.7,18.7,2200,0
ADAMZ.US,5,20250908,164500,18.89,18.9981,18.86,18.9981,3578,0
ADAMZ.US,5,20250908,165000,19.02,19.025,18.985,18.99,2800,0
ADAMZ.US,5,20250908,165500,18.965,18.9701,18.94,18.94,2951,0
ADAMZ.US,5,20250908,170000,18.9401,18.965,18.9401,18.961,1685,0
ADAMZ.US,5,20250908,170500,18.865,18.865,18.855,18.855,1480,0
ADAMZ.US,5,20250908,171000,18.865,18.865,18.865,18.865,200,0
ADAMZ.US,5,20250908,172000,18.87,18.87,18.87,18.87,200,0
ADAMZ.US,5,20250908,172500,18.945,18.945,18.945,18.945,200,0
ADAMZ.US,5,20250908,173000,18.9487,18.9487,18.9,18.9,900,0
ADAMZ.US,5,20250908,174000,18.9486,18.9486,18.9001,18.9001,481,0
ADAMZ.US,5,20250908,174500,18.9,18.9009,18.9,18.9009,800,0
ADAMZ.US,5,20250908,175000,18.99,18.99,18.955,18.955,300,0
ADAMZ.US,5,20250908,175500,18.99,19.0637,18.97,19.0637,2300,0
ADAMZ.US,5,20250908,180000,19.3,19.3,19.3,19.3,100,0
ADAMZ.US,5,20250908,180500,19.1,19.15,19.1,19.15,400,0
ADAMZ.US,5,20250908,181000,18.9342,18.9342,18.9201,18.9201,350,0
ADAMZ.US,5,20250908,181500,19.06,19.43,19.06,19.43,213,0
ADAMZ.US,5,20250908,182000,20.1642,20.1642,19.25,19.25,520,0
ADAMZ.US,5,20250908,182500,19.25,19.562,19.25,19.562,1120,0
ADAMZ.US,5,20250908,183000,19.4,19.4,19.4,19.4,100,0
ADAMZ.US,5,20250908,184500,19.555,19.75,19.555,19.7465,1055,0
ADAMZ.US,5,20250908,185500,19.4,19.4,19.4,19.4,1285,0
ADAMZ.US,5,20250908,194000,19.15,19.15,19.15,19.15,200,0
ADAMZ.US,5,20250908,202500,19.4,19.4,19.3999,19.3999,390,0
ADAMZ.US,5,20250908,203000,19.4,19.4,19.4,19.4,100,0
ADAMZ.US,5,20250908,203500,19.3,19.3,19.3,19.3,200,0
ADAMZ.US,5,20250908,205500,19.29,19.29,19.29,19.29,700,0
ADAMZ.US,5,20250908,211000,19.165,19.165,19.165,19.165,400,0
ADAMZ.US,5,20250908,211500,19.17,19.4,19.17,19.28,880,0
ADAMZ.US,5,20250908,212000,19.29,19.45,19.29,19.3625,1244,0
ADAMZ.US,5,20250908,213000,19.45,19.45,19.45,19.45,100,0
ADAMZ.US,5,20250908,213500,19.4792,19.48,19.45,19.48,600,0
ADAMZ.US,5,20250908,214000,19.42,19.47,19.41,19.435,1300,0
ADAMZ.US,5,20250908,215000,19.41,19.42,19.41,19.42,850,0
ADAMZ.US,5,20250908,215500,19.4008,19.49,19.35,19.49,3327,0
ADAMZ.US,5,20250909,153500,19.49,19.49,19.49,19.49,200,0
ADAMZ.US,5,20250909,155000,19.334,19.334,19.334,19.334,330,0
ADAMZ.US,5,20250909,163500,19.445,19.445,19.445,19.445,400,0
ADAMZ.US,5,20250909,164000,19.445,19.445,19.445,19.445,400,0
ADAMZ.US,5,20250909,164500,19.49,19.49,19.49,19.49,100,0
ADAMZ.US,5,20250909,165500,19.427,19.4315,19.427,19.4315,998,0
ADAMZ.US,5,20250909,172000,19.4,19.445,19.4,19.445,1026,0
ADAMZ.US,5,20250909,173500,19.3103,19.3103,19.3103,19.3103,200,0
ADAMZ.US,5,20250909,180500,19.285,19.285,19.285,19.285,185,0
ADAMZ.US,5,20250909,192500,19.25,19.2507,19.25,19.2507,300,0
ADAMZ.US,5,20250909,194000,19.175,19.175,19.175,19.175,100,0
ADAMZ.US,5,20250909,195000,19.175,19.175,19.175,19.175,100,0
ADAMZ.US,5,20250909,195500,19.25,19.25,19.2462,19.2499,1324,0
ADAMZ.US,5,20250909,203000,19.2,19.2,19.15,19.15,2648,0
ADAMZ.US,5,20250909,204500,19.1,19.1,19.1,19.1,120,0
ADAMZ.US,5,20250909,205500,19.09,19.125,19.09,19.125,856,0
ADAMZ.US,5,20250909,210000,19.05,19.05,19.05,19.05,600,0
ADAMZ.US,5,20250909,212000,19.32,19.32,19.24,19.24,450,0
ADAMZ.US,5,20250909,215500,19.21,19.21,19.16,19.16,320,0
ADAMZ.US,5,20250910,153500,19.21,19.21,19.21,19.21,100,0
ADAMZ.US,5,20250910,161000,19.2,19.2,19.2,19.2,166,0
ADAMZ.US,5,20250910,162500,19.21,19.21,19.21,19.21,100,0
ADAMZ.US,5,20250910,165000,19.23,19.23,19.23,19.23,100,0
ADAMZ.US,5,20250910,165500,19.23,19.35,19.23,19.35,6100,0
ADAMZ.US,5,20250910,171500,19.33,19.33,19.33,19.33,1000,0
ADAMZ.US,5,20250910,173500,19.429,19.429,19.429,19.429,500,0
ADAMZ.US,5,20250910,174000,19.42,19.45,19.25,19.25,1400,0
ADAMZ.US,5,20250910,174500,19.3434,19.3434,19.3434,19.3434,110,0
ADAMZ.US,5,20250910,175000,19.25,19.36,19.25,19.36,400,0
ADAMZ.US,5,20250910,180500,19.25,19.26,19.25,19.25,1200,0
ADAMZ.US,5,20250910,184000,19.21,19.21,19.07,19.07,600,0
ADAMZ.US,5,20250910,185000,19.06,19.06,19.06,19.06,800,0
ADAMZ.US,5,20250910,193500,19.08,19.08,19.08,19.08,200,0
ADAMZ.US,5,20250910,194500,19.15,19.15,19.1015,19.15,1000,0
ADAMZ.US,5,20250910,200000,19.15,19.15,19.15,19.15,202,0
ADAMZ.US,5,20250910,200500,19.1228,19.1228,19.1228,19.1228,800,0
ADAMZ.US,5,20250910,201500,19.125,19.125,19.125,19.125,100,0
ADAMZ.US,5,20250910,204000,19.15,19.15,19.15,19.15,100,0
ADAMZ.US,5,20250910,211000,19.123,19.123,19.123,19.123,400,0
ADAMZ.US,5,20250910,215000,19.1499,19.1499,19.1499,19.1499,106,0
ADAMZ.US,5,20250910,215500,19.14,19.14,19.14,19.14,200,0
ADAMZ.US,5,20250911,160500,19.43,19.5,19.43,19.5,350,0
ADAMZ.US,5,20250911,161500,19.2,19.2,19.2,19.2,100,0
ADAMZ.US,5,20250911,171000,19.2202,19.2202,19.2202,19.2202,200,0
ADAMZ.US,5,20250911,175000,19.22,19.22,19.22,19.22,105,0
ADAMZ.US,5,20250911,175500,19.25,19.25,19.25,19.25,100,0
ADAMZ.US,5,20250911,180500,19.24,19.25,19.2317,19.25,1650,0
ADAMZ.US,5,20250911,181000,19.2175,19.2175,19.2175,19.2175,155,0
ADAMZ.US,5,20250911,182500,19.2,19.2,19.2,19.2,200,0
ADAMZ.US,5,20250911,183000,19.03,19.03,19.03,19.03,100,0
ADAMZ.US,5,20250911,183500,19.03,19.03,19.03,19.03,100,0
ADAMZ.US,5,20250911,184500,19.24,19.24,19.15,19.15,400,0
ADAMZ.US,5,20250911,185000,19.1,19.18,19.1,19.1799,400,0
ADAMZ.US,5,20250911,185500,19.18,19.18,19.18,19.18,100,0
ADAMZ.US,5,20250911,190500,19.2391,19.2391,19.2391,19.2391,1507,0
ADAMZ.US,5,20250911,191000,19.1,19.1,19.1,19.1,100,0
ADAMZ.US,5,20250911,193000,19.04,19.04,19.04,19.04,100,0
ADAMZ.US,5,20250911,193500,19.01,19.01,19.01,19.01,100,0
ADAMZ.US,5,20250911,194000,19.01,19.01,18.97,18.97,300,0
ADAMZ.US,5,20250911,194500,19.03,19.03,19.03,19.03,107,0
ADAMZ.US,5,20250911,195000,19.01,19.0146,19.01,19.0146,500,0
ADAMZ.US,5,20250911,195500,19.02,19.02,19.02,19.02,100,0
ADAMZ.US,5,20250911,200000,19.1,19.1,19.1,19.1,100,0
ADAMZ.US,5,20250911,200500,19.03,19.03,19.03,19.03,100,0
ADAMZ.US,5,20250911,201000,19.03,19.03,19.03,19.03,100,0
ADAMZ.US,5,20250911,201500,19.09,19.09,19.09,19.09,100,0
ADAMZ.US,5,20250911,202000,19.03,19.03,19.03,19.03,100,0
ADAMZ.US,5,20250911,202500,19.03,19.03,19.03,19.03,100,0
ADAMZ.US,5,20250911,203000,19.05,19.05,19.05,19.05,200,0
ADAMZ.US,5,20250911,203500,19.03,19.03,19.03,19.03,100,0
ADAMZ.US,5,20250911,204000,19.03,19.03,19.03,19.03,100,0
ADAMZ.US,5,20250911,204500,19.03,19.09,19.03,19.09,850,0
ADAMZ.US,5,20250911,205000,19.04,19.04,19.04,19.04,100,0
ADAMZ.US,5,20250911,205500,19.05,19.05,19.05,19.05,100,0
ADAMZ.US,5,20250911,210000,19.05,19.05,19.05,19.05,100,0
ADAMZ.US,5,20250911,210500,19.03,19.03,19.03,19.03,100,0
ADAMZ.US,5,20250911,211000,19.03,19.03,19.03,19.03,100,0
ADAMZ.US,5,20250911,211500,19.03,19.03,19.03,19.03,100,0
ADAMZ.US,5,20250911,212000,19.03,19.03,19.03,19.03,100,0
ADAMZ.US,5,20250911,212500,19.03,19.03,19.03,19.03,100,0
ADAMZ.US,5,20250911,213000,19.03,19.03,19.03,19.03,300,0
ADAMZ.US,5,20250911,213500,19.03,19.03,19.03,19.03,200,0
ADAMZ.US,5,20250911,214000,19.02,19.02,19.02,19.02,100,0
ADAMZ.US,5,20250911,214500,19.04,19.04,19.04,19.04,200,0
ADAMZ.US,5,20250911,215000,19,19,19,19,100,0
ADAMZ.US,5,20250911,215500,18.99,18.99,18.97,18.97,500,0
ADAMZ.US,5,20250912,153000,19.15,19.15,19.15,19.15,400,0
ADAMZ.US,5,20250912,170000,19.15,19.15,19.08,19.08,1400,0
ADAMZ.US,5,20250912,172000,19.01,19.01,19.01,19.01,185,0
ADAMZ.US,5,20250912,184000,19.15,19.15,19.15,19.15,100,0
ADAMZ.US,5,20250912,201000,19.08,19.08,19.08,19.08,100,0
ADAMZ.US,5,20250912,211500,19.1282,19.1282,19.1282,19.1282,200,0
ADAMZ.US,5,20250915,153000,19.15,19.15,19.15,19.15,172,0
ADAMZ.US,5,20250915,155500,19.23,19.23,19.23,19.23,300,0
ADAMZ.US,5,20250915,160000,19.3,19.385,19.2999,19.385,1066,0
ADAMZ.US,5,20250915,161000,19.16,19.16,19.16,19.16,347,0
ADAMZ.US,5,20250915,173000,19.4448,19.4448,19.4448,19.4448,200,0
ADAMZ.US,5,20250915,174000,19.47,19.47,19.47,19.47,200,0
ADAMZ.US,5,20250915,175000,19.23,19.23,19.2,19.21,500,0
ADAMZ.US,5,20250915,180000,19.2,19.2,19.2,19.2,100,0
ADAMZ.US,5,20250915,181500,19.2,19.2,19.1999,19.1999,644,0
ADAMZ.US,5,20250915,183000,19.167,19.2,19.14,19.1607,1717,0
ADAMZ.US,5,20250915,193000,19.2,19.2,19.2,19.2,385,0
ADAMZ.US,5,20250915,195500,19.2,19.21,19.2,19.21,400,0
ADAMZ.US,5,20250915,213500,19.22,19.2349,19.21,19.21,1200,0
ADAMZ.US,5,20250915,215000,19.2075,19.2075,19.2,19.2,200,0
ADAMZ.US,5,20250915,215500,19.16,19.16,19.14,19.14,514,0
ADAMZ.US,5,20250916,153000,19.12,19.12,19.12,19.12,190,0
ADAMZ.US,5,20250916,162000,19.325,19.325,19.325,19.325,200,0
ADAMZ.US,5,20250916,185000,19.22,19.22,19.22,19.22,123,0
ADAMZ.US,5,20250916,185500,19.3,19.3,19.3,19.3,600,0
ADAMZ.US,5,20250916,195500,19.3421,19.3421,19.3421,19.3421,100,0
ADAMZ.US,5,20250916,201500,19.3,19.3,19.3,19.3,100,0
ADAMZ.US,5,20250916,203500,19.46,19.48,19.46,19.48,750,0
ADAMZ.US,5,20250917,153000,19.4999,19.5,19.4999,19.5,826,0
ADAMZ.US,5,20250917,161000,19.565,19.6,19.565,19.6,400,0
ADAMZ.US,5,20250917,161500,19.5984,19.5984,19.55,19.5865,600,0
ADAMZ.US,5,20250917,172500,19.63,19.63,19.63,19.63,100,0
ADAMZ.US,5,20250917,173500,19.385,19.385,19.385,19.385,900,0
ADAMZ.US,5,20250917,175500,19.61,19.65,19.61,19.65,500,0
ADAMZ.US,5,20250917,180500,19.4462,19.4462,19.4462,19.4462,134,0
ADAMZ.US,5,20250917,181000,19.65,19.65,19.6499,19.6499,400,0
ADAMZ.US,5,20250917,185000,19.5625,19.5625,19.5625,19.5625,100,0
ADAMZ.US,5,20250917,192500,19.56,19.56,19.56,19.56,600,0
ADAMZ.US,5,20250917,200000,19.5,19.5,19.5,19.5,300,0
ADAMZ.US,5,20250917,205500,19.65,19.65,19.6499,19.6499,2000,0
ADAMZ.US,5,20250917,210000,19.5,19.65,19.5,19.58,1700,0
ADAMZ.US,5,20250917,213000,19.64,19.65,19.64,19.65,800,0
ADAMZ.US,5,20250917,213500,20,20.05,19.8,19.8,1736,0
ADAMZ.US,5,20250917,214000,20.48,20.48,20.48,20.48,100,0
ADAMZ.US,5,20250917,214500,20.039,20.039,19.75,19.75,200,0
ADAMZ.US,5,20250917,215500,19.81,19.81,19.71,19.72,470,0
ADAMZ.US,5,20250918,154000,19.96,19.96,19.96,19.96,100,0
ADAMZ.US,5,20250918,154500,21.0304,21.0304,20.0192,20.96,400,0
ADAMZ.US,5,20250918,155000,21.72,21.72,20.0001,20.96,1400,0
ADAMZ.US,5,20250918,155500,20.7683,20.917,20.67,20.7276,1100,0
ADAMZ.US,5,20250918,160000,20.7276,20.7276,20.01,20.01,300,0
ADAMZ.US,5,20250918,162000,20.358,20.358,20.16,20.16,200,0
ADAMZ.US,5,20250918,162500,20.7,20.7,20.106,20.43,700,0
ADAMZ.US,5,20250918,163000,20.4291,20.7,20.3601,20.394,1000,0
ADAMZ.US,5,20250918,163500,20.45,20.5749,20.0201,20.0268,700,0
ADAMZ.US,5,20250918,171000,20.6899,20.6899,20.6899,20.6899,400,0
ADAMZ.US,5,20250918,171500,20.67,20.67,20.67,20.67,400,0
ADAMZ.US,5,20250918,172000,20.0632,20.0632,20.02,20.02,371,0
ADAMZ.US,5,20250918,172500,19.5,19.5,19.18,19.328,1972,0
ADAMZ.US,5,20250918,173000,19.324,19.5,18.98,19.1,7905,0
ADAMZ.US,5,20250918,173500,19.7999,19.7999,19.7999,19.7999,150,0
ADAMZ.US,5,20250918,174500,19.45,19.48,19.39,19.39,800,0
ADAMZ.US,5,20250918,180500,19.35,19.35,19.35,19.35,100,0
ADAMZ.US,5,20250918,192500,19.6,19.6,19.6,19.6,800,0
ADAMZ.US,5,20250918,195000,19.36,19.4985,19.36,19.4985,540,0
ADAMZ.US,5,20250918,200000,19.43,19.43,19.43,19.43,1000,0
ADAMZ.US,5,20250918,202500,19.423,19.423,19.36,19.36,600,0
ADAMZ.US,5,20250918,203000,19.4986,19.4986,19.4986,19.4986,200,0
ADAMZ.US,5,20250918,204000,19.37,19.37,19.37,19.37,100,0
ADAMZ.US,5,20250918,205000,19.402,19.402,19.36,19.37,800,0
ADAMZ.US,5,20250918,210500,19.35,19.35,19.35,19.35,100,0
ADAMZ.US,5,20250918,212000,19.425,19.425,19.425,19.425,255,0
ADAMZ.US,5,20250918,213500,19.425,19.425,19.425,19.425,153,0
ADAMZ.US,5,20250918,215500,19.42,19.4325,19.35,19.35,1350,0
ADAMZ.US,5,20250919,153000,19.31,19.5064,19.31,19.5064,327,0
ADAMZ.US,5,20250919,172500,19.135,19.135,19.07,19.07,300,0
ADAMZ.US,5,20250919,174500,19.1,19.1,19.07,19.07,355,0
ADAMZ.US,5,20250919,175000,19.0959,19.0971,19.07,19.07,800,0
ADAMZ.US,5,20250919,175500,19.08,19.08,19.08,19.08,198,0
ADAMZ.US,5,20250919,180000,19.085,19.1,19.085,19.0999,586,0
ADAMZ.US,5,20250919,180500,19.29,19.29,19.2097,19.2097,4200,0
ADAMZ.US,5,20250919,181500,19.45,19.59,19.45,19.59,300,0
ADAMZ.US,5,20250919,182000,19.6301,19.6301,19.6301,19.6301,1500,0
ADAMZ.US,5,20250919,183500,19.5566,19.5566,19.5566,19.5566,100,0
ADAMZ.US,5,20250919,193000,19.4,19.4,19.4,19.4,100,0
ADAMZ.US,5,20250919,212000,19.5,19.5,19.5,19.5,150,0
ADAMZ.US,5,20250922,154500,19.675,19.675,19.675,19.675,131,0
ADAMZ.US,5,20250922,165500,19.7242,19.7242,19.7242,19.7242,500,0
ADAMZ.US,5,20250922,175000,19.45,19.4701,19,19,4185,0
ADAMZ.US,5,20250922,180000,19.06,19.06,19.06,19.06,100,0
ADAMZ.US,5,20250922,182000,19.24,19.24,19.24,19.24,240,0
ADAMZ.US,5,20250922,182500,19.22,19.22,19.22,19.22,100,0
ADAMZ.US,5,20250922,185000,19.22,19.22,19.22,19.22,200,0
ADAMZ.US,5,20250922,210500,19.1963,19.205,19.1963,19.205,500,0
ADAMZ.US,5,20250922,213500,19.1258,19.13,19.1258,19.13,200,0
ADAMZ.US,5,20250922,214500,19.06,19.15,19.06,19.1205,1665,0
ADAMZ.US,5,20250922,215000,19.05,19.05,19.037,19.037,472,0
ADAMZ.US,5,20250923,153000,18.86,18.86,18.86,18.86,3000,0
ADAMZ.US,5,20250923,154500,19.04,19.04,19.01,19.01,400,0
ADAMZ.US,5,20250923,155000,19,19.35,19,19.35,450,0
ADAMZ.US,5,20250923,161000,19.26,19.298,19.15,19.29,1766,0
ADAMZ.US,5,20250923,162500,19.2,19.2,19.2,19.2,200,0
ADAMZ.US,5,20250923,164500,19.1999,19.1999,19.1999,19.1999,200,0
ADAMZ.US,5,20250923,173000,19.13,19.13,19.13,19.13,400,0
ADAMZ.US,5,20250923,191500,19.13,19.13,19.13,19.13,124,0
ADAMZ.US,5,20250923,193500,19.07,19.07,19.06,19.06,500,0
ADAMZ.US,5,20250923,204000,19.1819,19.1819,19.1819,19.1819,1000,0
ADAMZ.US,5,20250923,211500,19.05,19.1,19.05,19.1,370,0
ADAMZ.US,5,20250923,212000,19.2,19.24,19.1,19.2,2027,0
ADAMZ.US,5,20250923,212500,19.1,19.1,19.1,19.1,100,0
ADAMZ.US,5,20250923,213500,19.24,19.24,19.24,19.24,100,0
ADAMZ.US,5,20250924,153000,19.27,19.27,19.27,19.27,108,0
ADAMZ.US,5,20250924,154500,19.26,19.3,19.1,19.1,1877,0
ADAMZ.US,5,20250924,155000,19.3,19.3,19.2,19.2,1300,0
ADAMZ.US,5,20250924,155500,19.28,19.35,19.28,19.35,400,0
ADAMZ.US,5,20250924,161000,19.4899,19.4899,19.4899,19.4899,100,0
ADAMZ.US,5,20250924,162000,19.2815,19.2815,19.2815,19.2815,200,0
ADAMZ.US,5,20250924,172000,19.43,19.43,19.43,19.43,100,0
ADAMZ.US,5,20250924,175000,19.43,19.43,19.43,19.43,150,0
ADAMZ.US,5,20250924,184500,19.4,19.4,19.4,19.4,100,0
ADAMZ.US,5,20250924,185500,19.285,19.285,19.285,19.285,100,0
ADAMZ.US,5,20250924,190000,19.4663,19.4663,19.4663,19.4663,144,0
ADAMZ.US,5,20250924,201500,19.439,19.439,19.439,19.439,100,0
ADAMZ.US,5,20250924,202500,19.3041,19.3041,19.3041,19.3041,100,0
ADAMZ.US,5,20250925,153000,19.39,19.39,19.39,19.39,100,0
ADAMZ.US,5,20250925,155000,19.26,19.26,19.26,19.26,150,0
ADAMZ.US,5,20250925,155500,19.2782,19.2782,19.2782,19.2782,300,0
ADAMZ.US,5,20250925,160500,19.39,19.4813,19.38,19.4813,3119,0
ADAMZ.US,5,20250925,161000,19.6,19.6,19.4701,19.5326,694,0
ADAMZ.US,5,20250925,162000,19.4701,19.4701,19.4701,19.4701,264,0
ADAMZ.US,5,20250925,162500,19.58,19.58,19.5799,19.5799,500,0
ADAMZ.US,5,20250925,163000,19.5299,19.5299,19.5299,19.5299,286,0
ADAMZ.US,5,20250925,163500,19.53,19.53,19.53,19.53,156,0
ADAMZ.US,5,20250925,164000,19.35,19.35,19.35,19.35,163,0
ADAMZ.US,5,20250925,164500,19.56,19.58,19.56,19.58,500,0
ADAMZ.US,5,20250925,171500,19.4255,19.4255,19.4255,19.4255,308,0
ADAMZ.US,5,20250925,175500,19.36,19.36,19.36,19.36,800,0
ADAMZ.US,5,20250925,211500,19.32,19.34,19.32,19.32,793,0
ADAMZ.US,5,20250925,212500,19.36,19.36,19.36,19.36,1000,0
ADAMZ.US,5,20250926,153000,19.36,19.36,19.36,19.36,819,0
ADAMZ.US,5,20250926,155000,19.24,19.24,19.24,19.24,100,0
ADAMZ.US,5,20250926,160000,19.36,19.36,19.36,19.36,235,0
ADAMZ.US,5,20250926,165500,19.57,19.57,19.385,19.385,500,0
ADAMZ.US,5,20250926,170000,19.385,19.385,19.38,19.38,800,0
ADAMZ.US,5,20250926,192500,19.3481,19.3481,19.3481,19.3481,100,0
ADAMZ.US,5,20250926,200000,19.545,19.545,19.545,19.545,219,0
ADAMZ.US,5,20250926,215500,19.5055,19.5055,19.5055,19.5055,100,0
ADAMZ.US,5,20250929,154000,19.64,20.9799,19.64,20.095,1861,0
ADAMZ.US,5,20250929,161000,19.7,19.7,19.5,19.55,700,0
ADAMZ.US,5,20250929,163500,19.6583,19.6583,19.6583,19.6583,205,0
ADAMZ.US,5,20250929,170000,19.7,19.7,19.7,19.7,100,0
ADAMZ.US,5,20250929,170500,19.89,19.89,19.89,19.89,100,0
ADAMZ.US,5,20250929,173500,19.7577,19.7577,19.7577,19.7577,300,0
ADAMZ.US,5,20250929,174500,19.69,19.8799,19.69,19.69,2094,0
ADAMZ.US,5,20250929,185000,19.595,19.69,19.595,19.685,956,0
ADAMZ.US,5,20250929,194500,19.74,19.74,19.74,19.74,262,0
ADAMZ.US,5,20250929,195000,19.86,19.86,19.8599,19.8599,500,0
ADAMZ.US,5,20250929,202500,19.655,19.655,19.655,19.655,400,0
ADAMZ.US,5,20250929,204000,19.655,19.655,19.655,19.655,100,0
ADAMZ.US,5,20250929,205500,19.75,19.75,19.75,19.75,100,0
ADAMZ.US,5,20250929,212000,19.61,19.61,19.61,19.61,500,0
ADAMZ.US,5,20250929,214000,19.665,19.665,19.665,19.665,1400,0
ADAMZ.US,5,20250930,154500,19.65,19.65,19.65,19.65,317,0
ADAMZ.US,5,20250930,160000,19.77,19.88,19.77,19.88,200,0
ADAMZ.US,5,20250930,160500,19.88,19.88,19.88,19.88,100,0
ADAMZ.US,5,20250930,161000,19.9,19.9,19.8999,19.8999,200,0
ADAMZ.US,5,20250930,161500,19.94,19.98,19.908,19.98,700,0
ADAMZ.US,5,20250930,162000,20.33,20.33,19.995,19.995,300,0
ADAMZ.US,5,20250930,163000,19.99,19.99,19.99,19.99,2300,0
ADAMZ.US,5,20250930,171000,19.66,19.66,19.66,19.66,100,0
ADAMZ.US,5,20250930,174500,19.8646,19.8646,19.8646,19.8646,500,0
ADAMZ.US,5,20250930,183000,19.6804,19.6804,19.6804,19.6804,450,0
ADAMZ.US,5,20250930,212500,19.66,19.67,19.66,19.66,600,0
ADAMZ.US,5,20251001,160000,19.5,19.5,19.5,19.5,100,0
ADAMZ.US,5,20251001,172500,19.45,19.45,19.45,19.45,100,0
ADAMZ.US,5,20251001,173000,19.54,19.54,19.4584,19.54,1500,0
ADAMZ.US,5,20251001,174500,19.5,19.5,19.5,19.5,400,0
ADAMZ.US,5,20251001,182000,19.5,19.5,19.5,19.5,560,0
ADAMZ.US,5,20251001,182500,19.5,19.5,19.5,19.5,400,0
ADAMZ.US,5,20251001,184000,19.45,19.45,19.45,19.45,250,0
ADAMZ.US,5,20251001,190000,19.41,19.41,19.4,19.4,200,0
ADAMZ.US,5,20251001,200500,19.41,19.41,19.41,19.41,100,0
ADAMZ.US,5,20251001,213000,19.5,19.5,19.5,19.5,547,0
ADAMZ.US,5,20251001,214500,19.4004,19.4004,19.4,19.4,299,0
ADAMZ.US,5,20251001,215500,19.3,19.3,19.3,19.3,100,0
ADAMZ.US,5,20251002,155500,19.465,19.6025,19.465,19.6025,294,0
ADAMZ.US,5,20251002,160500,19.398,19.425,19.398,19.425,300,0
ADAMZ.US,5,20251002,161000,19.42,19.85,19.42,19.5499,4583,0
ADAMZ.US,5,20251002,165500,19.7,19.7,19.7,19.7,204,0
ADAMZ.US,5,20251002,171000,19.7184,19.72,19.7184,19.72,1910,0
ADAMZ.US,5,20251002,183000,19.5802,19.5802,19.5802,19.5802,120,0
ADAMZ.US,5,20251002,184000,19.72,19.72,19.72,19.72,200,0
ADAMZ.US,5,20251002,193000,19.685,19.685,19.685,19.685,200,0
ADAMZ.US,5,20251002,193500,19.72,19.72,19.72,19.72,200,0
ADAMZ.US,5,20251002,195000,19.6597,19.6597,19.6597,19.6597,100,0
ADAMZ.US,5,20251002,195500,19.685,19.685,19.685,19.685,100,0
ADAMZ.US,5,20251002,200000,19.69,19.69,19.68,19.68,200,0
ADAMZ.US,5,20251002,205000,19.6658,19.6658,19.6658,19.6658,100,0
ADAMZ.US,5,20251002,212000,19.6867,19.6867,19.6867,19.6867,150,0
ADAMZ.US,5,20251003,153500,19.6501,20.127,19.6501,19.66,350,0
ADAMZ.US,5,20251003,155000,19.992,19.992,19.66,19.69,700,0
ADAMZ.US,5,20251003,161000,19.72,19.72,19.72,19.72,100,0
ADAMZ.US,5,20251003,161500,20.125,20.55,19.7085,20.125,500,0
ADAMZ.US,5,20251003,162000,19.7662,19.7662,19.7001,19.7001,375,0
ADAMZ.US,5,20251003,165500,19.7,19.7,19.7,19.7,100,0
ADAMZ.US,5,20251003,172500,19.8,19.8,19.8,19.8,100,0
ADAMZ.US,5,20251003,180000,19.8087,19.8087,19.8087,19.8087,1490,0
ADAMZ.US,5,20251003,180500,19.9375,19.9375,19.9375,19.9375,1000,0
ADAMZ.US,5,20251003,181500,19.825,19.93,19.825,19.93,200,0
ADAMZ.US,5,20251003,203500,19.8134,19.8134,19.8134,19.8134,500,0
ADAMZ.US,5,20251003,212500,19.91,19.93,19.91,19.93,700,0
ADAMZ.US,5,20251006,153000,19.94,19.94,19.94,19.94,520,0
ADAMZ.US,5,20251006,163500,19.9499,19.9499,19.9499,19.9499,200,0
ADAMZ.US,5,20251006,170500,19.9174,19.9174,19.9174,19.9174,100,0
ADAMZ.US,5,20251006,173000,19.91,19.91,19.91,19.91,100,0
ADAMZ.US,5,20251006,175000,19.861,19.861,18.93,18.93,2877,0
ADAMZ.US,5,20251006,182000,19.3982,19.3982,19.3982,19.3982,400,0
ADAMZ.US,5,20251006,191500,19.88,19.88,19.88,19.88,100,0
ADAMZ.US,5,20251006,195500,19.6293,19.6293,19.6293,19.6293,100,0
ADAMZ.US,5,20251006,203500,19.86,19.86,19.86,19.86,100,0
ADAMZ.US,5,20251007,161500,19.87,19.94,19.76,19.76,1800,0
ADAMZ.US,5,20251007,163500,19.89,19.89,19.89,19.89,100,0
ADAMZ.US,5,20251007,165000,19.8,19.8,19.8,19.8,300,0
ADAMZ.US,5,20251007,180000,19.81,19.81,19.81,19.81,100,0
ADAMZ.US,5,20251007,183000,19.89,19.89,19.89,19.89,630,0
ADAMZ.US,5,20251007,184000,19.89,19.89,19.89,19.89,200,0
ADAMZ.US,5,20251007,190500,19.89,19.89,19.89,19.89,100,0
ADAMZ.US,5,20251007,193000,19.8,19.8,19.8,19.8,250,0
ADAMZ.US,5,20251007,203500,19.8445,19.8445,19.8445,19.8445,150,0
ADAMZ.US,5,20251007,205000,19.84,19.84,19.84,19.84,515,0
ADAMZ.US,5,20251007,213500,19.89,19.89,19.89,19.89,250,0
ADAMZ.US,5,20251007,214000,19.89,19.89,19.89,19.89,300,0
ADAMZ.US,5,20251007,214500,19.89,19.89,19.8899,19.89,2100,0
ADAMZ.US,5,20251008,160500,19.8176,19.8176,19.8176,19.8176,636,0
ADAMZ.US,5,20251008,161000,19.89,19.89,19.89,19.89,100,0
ADAMZ.US,5,20251008,192500,19.81,19.81,19.81,19.81,100,0
ADAMZ.US,5,20251008,202500,19.81,19.85,19.81,19.85,500,0
ADAMZ.US,5,20251008,210500,19.4356,19.4356,19.4356,19.4356,800,0
ADAMZ.US,5,20251008,211000,19.58,19.6,19.55,19.58,500,0
ADAMZ.US,5,20251009,153000,20.44,20.44,20,20,3160,0
ADAMZ.US,5,20251009,192000,19.85,19.85,19.85,19.85,340,0
ADAMZ.US,5,20251009,193000,19.65,19.65,19.57,19.57,200,0
ADAMZ.US,5,20251009,193500,19.5966,19.5966,19.5966,19.5966,150,0
ADAMZ.US,5,20251009,202000,19.55,19.6679,19.55,19.6679,900,0
ADAMZ.US,5,20251009,202500,19.765,19.765,19.765,19.765,300,0
ADAMZ.US,5,20251009,204500,19.59,19.6185,19.57,19.57,720,0
ADAMZ.US,5,20251009,212500,19.6301,19.6301,19.6301,19.6301,150,0
ADAMZ.US,5,20251009,215500,19.53,19.53,19.53,19.53,724,0
ADAMZ.US,5,20251010,153000,19.63,19.63,19.63,19.63,500,0
ADAMZ.US,5,20251010,153500,19.5875,19.6249,19.305,19.305,600,0
ADAMZ.US,5,20251010,170000,19.5,19.55,19.5,19.54,1000,0
ADAMZ.US,5,20251010,171500,19.666,19.666,19.666,19.666,400,0
ADAMZ.US,5,20251010,183500,19.552,19.552,19.552,19.552,337,0
ADAMZ.US,5,20251010,184000,19.734,19.734,19.734,19.734,100,0
ADAMZ.US,5,20251010,201500,19.64,19.64,19.64,19.64,200,0
ADAMZ.US,5,20251010,205500,19.5601,19.5601,19.56,19.56,400,0
ADAMZ.US,5,20251010,210500,19.66,20.0755,19.627,20.0755,2000,0
ADAMZ.US,5,20251013,154000,20.035,20.035,20.035,20.035,200,0
ADAMZ.US,5,20251013,155000,20,20,20,20,100,0
ADAMZ.US,5,20251013,171500,19.8453,19.8453,19.8453,19.8453,200,0
ADAMZ.US,5,20251013,172500,19.86,19.86,19.81,19.82,719,0
ADAMZ.US,5,20251013,185500,19.88,19.88,19.8,19.82,1694,0
ADAMZ.US,5,20251013,193000,19.6,19.6,19.56,19.56,300,0
ADAMZ.US,5,20251013,193500,19.3258,19.3258,19.3258,19.3258,175,0
ADAMZ.US,5,20251013,194000,19.7093,19.7093,19.7093,19.7093,100,0
ADAMZ.US,5,20251013,194500,19.6,19.6,19.56,19.56,500,0
ADAMZ.US,5,20251013,211000,19.6,19.6,19.59,19.59,206,0
ADAMZ.US,5,20251013,215500,19.7,19.7,19.7,19.7,132,0
ADAMZ.US,5,20251014,153000,19.84,19.84,19.84,19.84,116,0
ADAMZ.US,5,20251014,163000,19.86,19.86,19.86,19.86,100,0
ADAMZ.US,5,20251014,165000,19.5,19.5,19.5,19.5,117,0
ADAMZ.US,5,20251014,165500,19.5,19.5,19.5,19.5,300,0
ADAMZ.US,5,20251014,170500,19.79,19.79,19.79,19.79,100,0
ADAMZ.US,5,20251014,173000,19.79,19.79,19.79,19.79,100,0
ADAMZ.US,5,20251014,181500,19.78,19.78,19.78,19.78,100,0
ADAMZ.US,5,20251014,191500,19.76,19.76,19.76,19.76,100,0
ADAMZ.US,5,20251014,204000,19.7,19.7,19.7,19.7,100,0
ADAMZ.US,5,20251014,214500,19.69,19.69,19.69,19.69,100,0
ADAMZ.US,5,20251014,215000,19.68,19.68,19.68,19.68,100,0
ADAMZ.US,5,20251015,153000,19.85,20.2399,19.68,20.1575,4664,0
ADAMZ.US,5,20251015,161000,19.9236,19.9236,19.9236,19.9236,200,0
ADAMZ.US,5,20251015,171000,19.8671,19.8671,19.8671,19.8671,100,0
ADAMZ.US,5,20251015,202000,19.8377,19.8377,19.8377,19.8377,100,0
ADAMZ.US,5,20251015,202500,19.85,19.85,19.83,19.83,2022,0
ADAMZ.US,5,20251015,203000,19.8569,19.8569,19.8,19.8,200,0
ADAMZ.US,5,20251015,213500,19.85,19.85,19.85,19.85,450,0
ADAMZ.US,5,20251015,214000,19.69,19.69,19.69,19.69,100,0
ADAMZ.US,5,20251015,215500,19.8369,19.8369,19.8369,19.8369,100,0
ADAMZ.US,5,20251016,153000,19.7,19.7,19.7,19.7,324,0
ADAMZ.US,5,20251016,160000,19.8,19.8,19.8,19.8,100,0
ADAMZ.US,5,20251016,174000,19.9703,19.9703,19.9703,19.9703,100,0
ADAMZ.US,5,20251016,174500,19.96,19.99,19.96,19.99,4200,0
ADAMZ.US,5,20251016,181000,19.84,19.84,19.71,19.71,2600,0
ADAMZ.US,5,20251016,185000,19.5176,19.5176,19.5176,19.5176,100,0
ADAMZ.US,5,20251016,202500,19.64,19.64,19.64,19.64,100,0
ADAMZ.US,5,20251016,213500,19.68,19.68,19.53,19.53,1493,0
ADAMZ.US,5,20251016,214500,19.19,19.3982,19.19,19.36,1850,0
ADAMZ.US,5,20251016,215500,19.48,19.48,19.23,19.23,519,0
ADAMZ.US,5,20251017,154000,19.365,19.365,19.365,19.365,100,0
ADAMZ.US,5,20251017,164500,19.5,19.5,19.4622,19.49,2421,0
ADAMZ.US,5,20251017,182000,19.64,19.76,19.64,19.76,300,0
ADAMZ.US,5,20251017,184500,19.9782,19.9782,19.9782,19.9782,100,0
ADAMZ.US,5,20251017,202500,19.75,19.91,19.75,19.84,1500,0
ADAMZ.US,5,20251020,161500,19.52,19.52,19.5,19.5,1400,0
ADAMZ.US,5,20251020,182000,19.6,19.74,19.6,19.74,200,0
ADAMZ.US,5,20251020,191000,19.7,19.9773,19.7,19.9773,500,0
ADAMZ.US,5,20251020,191500,19.7,19.7,19.7,19.7,200,0
ADAMZ.US,5,20251020,193500,19.5401,19.5401,19.54,19.54,400,0
ADAMZ.US,5,20251020,201000,19.53,19.53,19.485,19.485,200,0
ADAMZ.US,5,20251020,202500,19.33,19.33,19.33,19.33,100,0
ADAMZ.US,5,20251020,203000,19.1688,19.1688,19.1688,19.1688,250,0
ADAMZ.US,5,20251020,212000,19.35,19.35,19.2101,19.2101,1400,0
ADAMZ.US,5,20251021,161500,19.5,19.5,19.5,19.5,200,0
ADAMZ.US,5,20251021,172500,19.2101,19.2101,19.2101,19.2101,777,0
ADAMZ.US,5,20251021,180500,19.4999,19.4999,19.4999,19.4999,100,0
ADAMZ.US,5,20251021,184000,19.2945,19.469,19.2484,19.2484,1456,0
ADAMZ.US,5,20251021,193000,19.335,19.335,19.335,19.335,100,0
ADAMZ.US,5,20251021,193500,19.3,19.3,19.2,19.2,739,0
ADAMZ.US,5,20251021,210000,19.385,19.385,19.3,19.3,300,0
ADAMZ.US,5,20251021,213500,19.41,19.41,19.35,19.35,300,0
ADAMZ.US,5,20251021,215000,19.37,19.37,19.3343,19.3343,400,0
ADAMZ.US,5,20251022,155000,19.5,19.5,19.5,19.5,200,0
ADAMZ.US,5,20251022,163000,19.5,19.5,19.5,19.5,300,0
ADAMZ.US,5,20251022,165000,19.25,19.25,19.25,19.25,200,0
ADAMZ.US,5,20251022,173500,19.3795,19.3795,19.3795,19.3795,100,0
ADAMZ.US,5,20251022,201500,19.375,19.375,19.375,19.375,100,0
ADAMZ.US,5,20251022,202000,19.2577,19.2577,19.2577,19.2577,200,0
ADAMZ.US,5,20251022,203000,19.3,19.3,19.3,19.3,200,0
ADAMZ.US,5,20251022,204500,19.3,19.3,19.3,19.3,200,0
ADAMZ.US,5,20251023,160000,19.3,19.3,19.3,19.3,200,0
ADAMZ.US,5,20251023,164000,19.3,19.3,19.3,19.3,107,0
ADAMZ.US,5,20251023,164500,19.3,19.3,19.3,19.3,400,0
ADAMZ.US,5,20251023,165500,19.28,19.74,19.28,19.74,1610,0
ADAMZ.US,5,20251023,192000,19.4326,19.4326,19.4326,19.4326,253,0
ADAMZ.US,5,20251023,200500,19.4,19.4,19.4,19.4,400,0
ADAMZ.US,5,20251023,204000,19.29,19.2901,19.27,19.27,1680,0
ADAMZ.US,5,20251023,204500,19.3199,19.3199,19.3199,19.3199,2000,0
ADAMZ.US,5,20251023,215000,19.3,19.3,19.3,19.3,200,0
ADAMZ.US,5,20251023,215500,19.27,19.27,19.27,19.27,1408,0
ADAMZ.US,5,20251024,180500,19.335,19.335,19.335,19.335,100,0
ADAMZ.US,5,20251024,190500,19.3999,19.3999,19.3999,19.3999,309,0
ADAMZ.US,5,20251024,202500,19.345,19.345,19.345,19.345,300,0
ADAMZ.US,5,20251024,212000,19.39,19.39,19.39,19.39,300,0
ADAMZ.US,5,20251024,213500,19.37,19.42,19.37,19.4,875,0
ADAMZ.US,5,20251027,143000,19.33,19.33,19.3298,19.3298,690,0
ADAMZ.US,5,20251027,144500,19.33,19.355,19.215,19.315,2604,0
ADAMZ.US,5,20251027,145500,19.35,19.5,19.175,19.5,2135,0
ADAMZ.US,5,20251027,151000,19.45,19.45,19.45,19.45,400,0
ADAMZ.US,5,20251027,153000,19.22,19.22,19.2001,19.21,1587,0
ADAMZ.US,5,20251027,173000,19.2027,19.2027,19.2027,19.2027,1075,0
ADAMZ.US,5,20251027,181000,19.21,19.21,19.2,19.2,2234,0
ADAMZ.US,5,20251027,183500,19.2,19.2,19.2,19.2,100,0
ADAMZ.US,5,20251027,185000,19.2,19.2,19.2,19.2,366,0
ADAMZ.US,5,20251027,190500,19.295,19.295,19.15,19.1875,1100,0
ADAMZ.US,5,20251027,194500,19.15,19.4799,19.085,19.4799,739,0
ADAMZ.US,5,20251027,203000,19.07,19.07,19.07,19.07,100,0
ADAMZ.US,5,20251027,204000,19.4299,19.4299,19.4299,19.4299,200,0
ADAMZ.US,5,20251028,152000,19.17,19.17,19.17,19.17,163,0
ADAMZ.US,5,20251028,160000,19.08,19.08,19,19.0541,800,0
ADAMZ.US,5,20251028,160500,19.1301,19.1301,19.1301,19.1301,100,0
ADAMZ.US,5,20251028,161500,19.0001,19.0001,19.0001,19.0001,280,0
ADAMZ.US,5,20251028,162000,19.05,19.05,19.05,19.05,100,0
ADAMZ.US,5,20251028,164000,19.05,19.05,19.05,19.05,100,0
ADAMZ.US,5,20251028,164500,19.05,19.05,19.05,19.05,100,0
ADAMZ.US,5,20251028,174000,19.05,19.05,19.05,19.05,128,0
ADAMZ.US,5,20251028,184000,19.1,19.1,19.1,19.1,500,0
ADAMZ.US,5,20251028,185500,19.05,19.05,19.05,19.05,100,0
ADAMZ.US,5,20251028,200500,19.05,19.05,19.05,19.05,100,0
ADAMZ.US,5,20251028,201500,19.01,19.03,19.01,19.03,1000,0
ADAMZ.US,5,20251028,204500,19.01,19.01,19.01,19.01,100,0
ADAMZ.US,5,20251028,205000,19,19.03,19,19,2034,0
ADAMZ.US,5,20251028,205500,19,19,19,19,289,0
ADAMZ.US,5,20251029,143500,19.0863,19.0863,19.0863,19.0863,100,0
ADAMZ.US,5,20251029,151500,19.04,19.05,19.04,19.04,1621,0
ADAMZ.US,5,20251029,161000,19.1133,19.1133,19.1133,19.1133,100,0
ADAMZ.US,5,20251029,161500,19.32,19.32,19.32,19.32,100,0
ADAMZ.US,5,20251030,152500,19.0901,19.0901,19.0901,19.0901,500,0
ADAMZ.US,5,20251030,165500,19.1267,19.1267,19.1267,19.1267,577,0
ADAMZ.US,5,20251030,170000,19.125,19.125,19.125,19.125,100,0
ADAMZ.US,5,20251030,173000,19.1001,19.1002,19.1,19.1002,4032,0
ADAMZ.US,5,20251030,173500,19.1,19.1,19.1,19.1,100,0
ADAMZ.US,5,20251030,174500,19.1,19.1,19.1,19.1,100,0
ADAMZ.US,5,20251030,181500,19.13,19.13,19.1,19.1,500,0
ADAMZ.US,5,20251030,184000,19.1,19.1,19.1,19.1,100,0
ADAMZ.US,5,20251030,194000,19.1135,19.1135,19.1135,19.1135,1000,0
ADAMZ.US,5,20251030,200000,19.1,19.1,19.1,19.1,100,0
ADAMZ.US,5,20251030,201500,19.1,19.1,19.1,19.1,100,0
ADAMZ.US,5,20251030,204500,19.115,19.115,19.115,19.115,200,0
ADAMZ.US,5,20251030,205500,19.1252,19.1252,19.1,19.1,500,0
ADAMZ.US,5,20251031,144500,19.3,19.3,19.3,19.3,100,0
ADAMZ.US,5,20251031,180000,19.2044,19.2044,19.2044,19.2044,112,0
ADAMZ.US,5,20251031,203000,19.3424,19.3424,19.3424,19.3424,500,0
ADAMZ.US,5,20251103,153000,19.09,19.09,19.09,19.09,223,0
ADAMZ.US,5,20251103,153500,19.1,19.1,19.1,19.1,300,0
ADAMZ.US,5,20251103,154000,19.12,19.2149,19.09,19.125,1622,0
ADAMZ.US,5,20251103,165000,19.12,19.12,19.12,19.12,100,0
ADAMZ.US,5,20251103,170500,19.2145,19.2145,19.2145,19.2145,200,0
ADAMZ.US,5,20251103,201500,19.1201,19.1201,19.1201,19.1201,150,0
ADAMZ.US,5,20251103,202000,19.2145,19.2145,19.2145,19.2145,100,0
ADAMZ.US,5,20251103,204500,19.21,19.21,19.21,19.21,100,0
ADAMZ.US,5,20251103,214500,19.12,19.12,19.12,19.12,100,0
ADAMZ.US,5,20251104,153000,19.25,19.25,19.25,19.25,250,0
ADAMZ.US,5,20251104,160000,19.23,19.23,19.23,19.23,100,0
ADAMZ.US,5,20251104,161500,19.2999,19.2999,19.29,19.29,294,0
ADAMZ.US,5,20251104,162000,19.29,19.3,19.29,19.3,750,0
ADAMZ.US,5,20251104,171500,19.28,19.28,19.16,19.16,1521,0
ADAMZ.US,5,20251104,174000,19.25,19.25,19.25,19.25,250,0
ADAMZ.US,5,20251104,203500,19.25,19.25,19.25,19.25,104,0
ADAMZ.US,5,20251104,205000,19.25,19.25,19.232,19.232,416,0
ADAMZ.US,5,20251105,153000,19.25,19.25,19.25,19.25,300,0
ADAMZ.US,5,20251105,154500,19.2257,19.2257,19.2257,19.2257,223,0
ADAMZ.US,5,20251105,155000,19.1925,19.1925,19.15,19.151,780,0
ADAMZ.US,5,20251105,162000,19.0706,19.1499,19,19.1499,800,0
ADAMZ.US,5,20251105,165000,19.0005,19.024,19.0005,19.024,500,0
ADAMZ.US,5,20251105,171000,19.0402,19.0402,19.0402,19.0402,200,0
ADAMZ.US,5,20251105,174500,19.09,19.09,19.09,19.09,100,0
ADAMZ.US,5,20251105,190000,19.09,19.09,19.09,19.09,100,0
ADAMZ.US,5,20251105,210500,19.12,19.15,19.12,19.15,3422,0
ADAMZ.US,5,20251106,171000,19.1,19.1,19.1,19.1,100,0
ADAMZ.US,5,20251106,171500,19.0663,19.0663,19.0663,19.0663,110,0
ADAMZ.US,5,20251106,175000,19.0425,19.06,19.0425,19.06,600,0
ADAMZ.US,5,20251106,192500,19.06,19.06,19.0341,19.0341,600,0
ADAMZ.US,5,20251106,194500,19.0001,19.03,19,19.03,1558,0
ADAMZ.US,5,20251106,210000,19,19,19,19,500,0
ADAMZ.US,5,20251106,211000,18.9717,18.9717,18.9717,18.9717,200,0
ADAMZ.US,5,20251106,211500,18.97,18.97,18.97,18.97,100,0
ADAMZ.US,5,20251106,213000,18.9569,18.9569,18.9569,18.9569,200,0
ADAMZ.US,5,20251106,213500,18.95,18.95,18.95,18.95,200,0
ADAMZ.US,5,20251107,162500,18.93,18.94,18.93,18.94,262,0
ADAMZ.US,5,20251107,163500,18.93,18.93,18.93,18.93,1000,0
ADAMZ.US,5,20251107,164000,18.93,18.93,18.75,18.75,1858,0
ADAMZ.US,5,20251107,170000,18.74,18.8449,18.7,18.8449,1094,0
ADAMZ.US,5,20251107,171000,18.64,18.64,18.64,18.64,100,0
ADAMZ.US,5,20251107,180500,18.7633,18.7633,18.7633,18.7633,300,0
ADAMZ.US,5,20251107,190500,18.68,18.68,18.68,18.68,100,0
ADAMZ.US,5,20251107,192000,18.805,18.805,18.805,18.805,123,0
ADAMZ.US,5,20251107,214000,18.81,18.81,18.81,18.81,100,0
ADAMZ.US,5,20251110,153000,18.9097,18.9097,18.9097,18.9097,146,0
ADAMZ.US,5,20251110,155000,18.8999,18.8999,18.8999,18.8999,100,0
ADAMZ.US,5,20251110,160000,18.76,18.76,18.6878,18.7,2209,0
ADAMZ.US,5,20251110,161500,18.8,18.8,18.8,18.8,200,0
ADAMZ.US,5,20251110,163000,18.8,18.8167,18.8,18.8167,1000,0
ADAMZ.US,5,20251110,165500,18.7874,18.8,18.7874,18.8,2272,0
ADAMZ.US,5,20251110,170000,18.7505,18.7505,18.7505,18.7505,400,0
ADAMZ.US,5,20251110,170500,18.783,18.783,18.783,18.783,100,0
ADAMZ.US,5,20251110,171500,18.7991,18.7991,18.79,18.79,512,0
ADAMZ.US,5,20251110,173000,18.773,18.773,18.773,18.773,192,0
ADAMZ.US,5,20251110,175000,18.8,18.8,18.7632,18.7632,413,0
ADAMZ.US,5,20251110,182500,18.8134,18.8134,18.8,18.8,300,0
ADAMZ.US,5,20251110,190500,18.84,18.84,18.84,18.84,200,0
ADAMZ.US,5,20251110,210000,18.83,18.83,18.82,18.82,600,0
ADAMZ.US,5,20251111,171500,18.8149,18.8149,18.8149,18.8149,200,0
ADAMZ.US,5,20251111,180500,18.86,18.86,18.86,18.86,1100,0
ADAMZ.US,5,20251111,181000,18.84,18.84,18.84,18.84,100,0
ADAMZ.US,5,20251111,184000,18.89,18.95,18.89,18.9456,1640,0
ADAMZ.US,5,20251111,202500,18.869,18.869,18.869,18.869,262,0
ADAMZ.US,5,20251111,210000,18.85,18.85,18.85,18.85,100,0
ADAMZ.US,5,20251111,212000,18.95,18.95,18.95,18.95,717,0
ADAMZ.US,5,20251112,162500,19,19,19,19,1156,0
ADAMZ.US,5,20251112,203000,18.95,18.95,18.95,18.95,2000,0
ADAMZ.US,5,20251113,153000,18.99,18.99,18.99,18.99,100,0
ADAMZ.US,5,20251113,153500,18.99,18.99,18.99,18.99,1000,0
ADAMZ.US,5,20251113,154500,18.99,18.99,18.99,18.99,477,0
ADAMZ.US,5,20251113,170500,18.95,18.96,18.9401,18.9401,400,0
ADAMZ.US,5,20251113,182500,19.1975,19.1975,19.1975,19.1975,300,0
ADAMZ.US,5,20251113,194500,19.07,19.07,19.07,19.07,220,0
ADAMZ.US,5,20251113,203000,19.05,19.05,19.05,19.05,416,0
ADAMZ.US,5,20251113,203500,19.0499,19.0499,19.0499,19.0499,100,0
ADAMZ.US,5,20251113,213500,19.01,19.01,19.01,19.01,150,0
ADAMZ.US,5,20251114,154500,18.9901,18.9901,18.9901,18.9901,700,0
ADAMZ.US,5,20251114,190000,19.105,19.105,19.105,19.105,100,0
ADAMZ.US,5,20251114,192500,19.02,19.02,19.02,19.02,100,0
ADAMZ.US,5,20251114,195000,19.1,19.1,19.1,19.1,130,0
ADAMZ.US,5,20251114,205000,19.1855,19.1855,19.1855,19.1855,265,0
ADAMZ.US,5,20251117,164000,19.1419,19.1419,19.1419,19.1419,525,0
ADAMZ.US,5,20251117,165500,19.1,19.1,19,19,300,0
ADAMZ.US,5,20251117,170000,18.85,18.85,18.85,18.85,100,0
ADAMZ.US,5,20251117,170500,18.82,18.82,18.7,18.7,4373,0
ADAMZ.US,5,20251117,173500,18.75,18.75,18.75,18.75,200,0
ADAMZ.US,5,20251117,174000,18.76,18.76,18.76,18.76,289,0
ADAMZ.US,5,20251117,174500,18.8,18.8,18.8,18.8,300,0
ADAMZ.US,5,20251117,175000,18.8,18.82,18.8,18.82,300,0
ADAMZ.US,5,20251117,175500,19.1999,19.1999,19.1999,19.1999,100,0
ADAMZ.US,5,20251117,180500,18.79,18.79,18.79,18.79,200,0
ADAMZ.US,5,20251117,181500,18.8,18.84,18.8,18.84,600,0
ADAMZ.US,5,20251117,195500,18.81,18.86,18.81,18.86,993,0
ADAMZ.US,5,20251117,202500,18.85,18.85,18.85,18.85,150,0
ADAMZ.US,5,20251117,203500,18.85,18.85,18.85,18.85,948,0
ADAMZ.US,5,20251118,172000,18.9,18.9,18.9,18.9,400,0
ADAMZ.US,5,20251118,192000,18.92,18.92,18.8001,18.8001,200,0
ADAMZ.US,5,20251118,192500,18.92,18.92,18.92,18.92,100,0
ADAMZ.US,5,20251118,193000,18.92,18.92,18.92,18.92,100,0
ADAMZ.US,5,20251118,194000,18.93,18.93,18.93,18.93,100,0
ADAMZ.US,5,20251118,195000,18.8119,18.8119,18.8119,18.8119,200,0
ADAMZ.US,5,20251118,195500,18.8,18.8,18.8,18.8,100,0
ADAMZ.US,5,20251118,200000,18.8,18.8,18.8,18.8,153,0
ADAMZ.US,5,20251118,200500,18.917,18.917,18.917,18.917,100,0
ADAMZ.US,5,20251118,210000,18.8,18.8,18.8,18.8,205,0
ADAMZ.US,5,20251118,215500,18.86,18.87,18.86,18.87,400,0
ADAMZ.US,5,20251119,170500,18.94,18.94,18.91,18.91,296,0
ADAMZ.US,5,20251119,211000,18.92,18.92,18.91,18.91,223,0
ADAMZ.US,5,20251119,213500,18.88,18.88,18.88,18.88,100,0
ADAMZ.US,5,20251120,155000,18.7,18.7,18.7,18.7,600,0
ADAMZ.US,5,20251120,160000,19.03,19.03,19.03,19.03,100,0
ADAMZ.US,5,20251120,211000,18.85,18.85,18.85,18.85,916,0
ADAMZ.US,5,20251120,215000,18.72,18.72,18.72,18.72,200,0
ADAMZ.US,5,20251120,215500,18.72,18.72,18.72,18.72,100,0
ADAMZ.US,5,20251121,153000,18.61,18.61,18.6,18.6,1548,0
ADAMZ.US,5,20251121,184500,18.94,18.94,18.94,18.94,300,0
ADAMZ.US,5,20251121,215500,18.72,18.72,18.72,18.72,100,0
ADAMZ.US,5,20251124,161000,18.8,18.8,18.8,18.8,100,0
ADAMZ.US,5,20251124,173500,18.835,18.835,18.835,18.835,200,0
ADAMZ.US,5,20251124,174500,18.85,18.85,18.85,18.85,400,0
ADAMZ.US,5,20251124,205000,18.898,18.898,18.898,18.898,104,0
ADAMZ.US,5,20251124,205500,18.9125,18.9125,18.9125,18.9125,104,0
ADAMZ.US,5,20251124,210000,18.85,18.85,18.85,18.85,200,0
ADAMZ.US,5,20251125,160000,18.9,18.9,18.9,18.9,1200,0
ADAMZ.US,5,20251125,161500,18.6001,18.755,18.6001,18.755,446,0
ADAMZ.US,5,20251125,200000,18.61,18.61,18.61,18.61,100,0
ADAMZ.US,5,20251125,203500,18.7323,18.7323,18.7323,18.7323,100,0
ADAMZ.US,5,20251125,210500,18.79,18.79,18.79,18.79,100,0
ADAMZ.US,5,20251125,215000,18.63,18.63,18.63,18.63,100,0
ADAMZ.US,5,20251126,155500,18.6199,18.7799,18.6,18.6,1400,0
ADAMZ.US,5,20251126,171000,18.63,18.63,18.63,18.63,100,0
ADAMZ.US,5,20251126,171500,18.78,18.78,18.78,18.78,589,0
ADAMZ.US,5,20251126,185500,18.71,18.71,18.71,18.71,184,0
ADAMZ.US,5,20251126,194000,18.696,18.696,18.696,18.696,1400,0
ADAMZ.US,5,20251126,215000,18.71,18.71,18.71,18.71,1300,0
ADAMZ.US,5,20251126,215500,18.71,18.75,18.71,18.75,580,0
ADAMZ.US,5,20251128,153000,18.75,18.75,18.75,18.75,361,0
ADAMZ.US,5,20251128,154000,18.75,18.75,18.75,18.75,100,0
ADAMZ.US,5,20251128,160500,18.8,18.8,18.8,18.8,245,0
ADAMZ.US,5,20251128,162500,18.8,18.8,18.8,18.8,534,0
ADAMZ.US,5,20251128,163500,18.8,18.8,18.8,18.8,100,0
ADAMZ.US,5,20251128,172000,18.8,18.8,18.8,18.8,100,0
ADAMZ.US,5,20251128,174500,18.78,18.78,18.78,18.78,750,0
ADAMZ.US,5,20251128,181000,18.786,18.786,18.786,18.786,100,0
ADAMZ.US,5,20251128,181500,18.8,18.8,18.8,18.8,200,0
ADAMZ.US,5,20251128,182500,18.786,18.786,18.786,18.786,267,0
ADAMZ.US,5,20251201,154000,18.89,18.89,18.89,18.89,100,0
ADAMZ.US,5,20251201,161000,18.9515,18.9515,18.9515,18.9515,100,0
ADAMZ.US,5,20251201,161500,18.96,18.96,18.92,18.92,400,0
ADAMZ.US,5,20251201,162500,19.038,19.04,19.0184,19.03,700,0
ADAMZ.US,5,20251201,163500,18.9769,18.9769,18.97,18.97,200,0
ADAMZ.US,5,20251201,170500,19,19,19,19,300,0
ADAMZ.US,5,20251201,171000,19,19,19,19,100,0
ADAMZ.US,5,20251201,172000,19.02,19.02,19.02,19.02,100,0
ADAMZ.US,5,20251201,174000,19.0335,19.0464,19.0335,19.0464,365,0
ADAMZ.US,5,20251201,175000,19.0284,19.0284,19.0284,19.0284,300,0
ADAMZ.US,5,20251201,184000,19.04,19.0499,19.04,19.0499,1312,0
ADAMZ.US,5,20251201,185000,19.029,19.029,19,19,600,0
ADAMZ.US,5,20251201,185500,18.97,18.97,18.97,18.97,150,0
ADAMZ.US,5,20251201,192500,18.99,18.99,18.99,18.99,300,0
ADAMZ.US,5,20251201,193000,18.9799,18.9799,18.9541,18.9541,700,0
ADAMZ.US,5,20251201,194000,18.98,19.0013,18.98,19.0013,299,0
ADAMZ.US,5,20251201,195000,19.0014,19.0014,19.0014,19.0014,200,0
ADAMZ.US,5,20251201,200500,19.02,19.06,19.02,19.05,1134,0
ADAMZ.US,5,20251201,201000,19.07,19.1,19.07,19.1,1700,0
ADAMZ.US,5,20251201,201500,19.08,19.08,19.08,19.08,100,0
ADAMZ.US,5,20251201,202000,19.08,19.1099,19.08,19.095,500,0
ADAMZ.US,5,20251201,203500,19.0807,19.1016,19.08,19.09,1000,0
ADAMZ.US,5,20251201,204000,19.1,19.1,19.1,19.1,100,0
ADAMZ.US,5,20251201,211500,19.09,19.09,19.09,19.09,100,0
ADAMZ.US,5,20251201,213000,19.1541,19.1562,19.1541,19.1562,400,0
ADAMZ.US,5,20251201,213500,19.1565,19.1602,19.1565,19.1602,307,0
ADAMZ.US,5,20251201,214000,19.1602,19.1602,19.1602,19.1602,100,0
ADAMZ.US,5,20251201,215500,19.13,19.13,19.13,19.13,300,0
ADAMZ.US,5,20251202,161500,19.1906,19.25,19.1906,19.24,600,0
ADAMZ.US,5,20251202,162000,19.25,19.25,19.25,19.25,500,0
ADAMZ.US,5,20251202,162500,19.2758,19.2758,19.2758,19.2758,400,0
ADAMZ.US,5,20251202,163500,19.23,19.23,19.22,19.23,700,0
ADAMZ.US,5,20251202,165500,19.23,19.23,19.23,19.23,100,0
ADAMZ.US,5,20251202,171000,19.2301,19.2301,19.2301,19.2301,309,0
ADAMZ.US,5,20251202,171500,19.23,19.24,19.23,19.24,800,0
ADAMZ.US,5,20251202,183000,19.35,19.35,19.35,19.35,195,0
ADAMZ.US,5,20251202,184000,19.3382,19.3382,19.3382,19.3382,200,0
ADAMZ.US,5,20251202,190000,19.32,19.32,19.32,19.32,100,0
ADAMZ.US,5,20251202,190500,19.35,19.35,19.35,19.35,100,0
ADAMZ.US,5,20251202,191000,19.34,19.34,19.34,19.34,200,0
ADAMZ.US,5,20251202,192000,19.3898,19.3898,19.3898,19.3898,118,0
ADAMZ.US,5,20251202,193000,19.3001,19.3001,19.3,19.3,987,0
ADAMZ.US,5,20251202,195000,19.3,19.3,19.26,19.26,2068,0
ADAMZ.US,5,20251202,202500,19.2667,19.2667,19.2667,19.2667,300,0
ADAMZ.US,5,20251202,203000,19.29,19.29,19.29,19.29,100,0
ADAMZ.US,5,20251202,203500,19.3,19.3,19.3,19.3,1200,0
ADAMZ.US,5,20251202,204500,19.3175,19.4,19.3175,19.4,300,0
ADAMZ.US,5,20251202,205000,19.41,19.41,19.41,19.41,1098,0
ADAMZ.US,5,20251202,210000,19.3773,19.3773,19.3773,19.3773,300,0
ADAMZ.US,5,20251202,214500,19.38,19.38,19.38,19.38,200,0
ADAMZ.US,5,20251203,153000,19.23,19.23,19.23,19.23,1000,0
ADAMZ.US,5,20251203,155000,19.25,19.25,19.25,19.25,257,0
ADAMZ.US,5,20251203,161500,19.45,19.45,19.381,19.381,600,0
ADAMZ.US,5,20251203,163000,19.4425,19.4425,19.4425,19.4425,100,0
ADAMZ.US,5,20251203,163500,19.3,19.4,19.3,19.4,447,0
ADAMZ.US,5,20251203,164000,19.4331,19.4331,19.4216,19.4216,400,0
ADAMZ.US,5,20251203,164500,19.45,19.46,19.45,19.46,1300,0
ADAMZ.US,5,20251203,165000,19.5,19.5,19.5,19.5,100,0
ADAMZ.US,5,20251203,174000,19.7108,19.7108,19.7108,19.7108,100,0
ADAMZ.US,5,20251203,175500,19.7,19.7,19.7,19.7,100,0
ADAMZ.US,5,20251203,192500,19.65,19.65,19.65,19.65,100,0
ADAMZ.US,5,20251203,193000,19.65,19.65,19.65,19.65,254,0
ADAMZ.US,5,20251203,193500,19.55,19.55,19.55,19.55,500,0
ADAMZ.US,5,20251203,194000,19.65,19.65,19.65,19.65,246,0
ADAMZ.US,5,20251203,202000,19.55,19.55,19.5445,19.5445,911,0
ADAMZ.US,5,20251203,202500,19.54,19.54,19.54,19.54,100,0
ADAMZ.US,5,20251203,203500,19.53,19.53,19.52,19.52,373,0
ADAMZ.US,5,20251203,204500,19.55,19.55,19.55,19.55,100,0
ADAMZ.US,5,20251203,205000,19.52,19.52,19.52,19.52,100,0
ADAMZ.US,5,20251203,205500,19.5357,19.55,19.5357,19.55,600,0
ADAMZ.US,5,20251203,211000,19.51,19.55,19.5,19.55,1127,0
ADAMZ.US,5,20251203,213000,19.5,19.5,19.4,19.4,380,0
ADAMZ.US,5,20251203,214000,19.51,19.51,19.51,19.51,100,0
ADAMZ.US,5,20251203,215000,19.425,19.425,19.425,19.425,100,0
ADAMZ.US,5,20251203,215500,19.55,19.55,19.55,19.55,514,0
ADAMZ.US,5,20251204,153500,19.34,19.34,19.25,19.25,1000,0
ADAMZ.US,5,20251204,160000,19.425,19.55,19.425,19.55,1600,0
ADAMZ.US,5,20251204,165000,19.55,19.55,19.55,19.55,316,0
ADAMZ.US,5,20251204,170000,19.802,20,19.6355,19.6355,400,0
ADAMZ.US,5,20251204,174000,19.65,19.65,19.65,19.65,299,0
ADAMZ.US,5,20251204,194000,19.525,19.525,19.525,19.525,400,0
ADAMZ.US,5,20251204,195000,19.5225,19.5225,19.5225,19.5225,100,0
ADAMZ.US,5,20251204,202500,19.55,19.55,19.55,19.55,100,0
ADAMZ.US,5,20251204,204000,19.5102,19.5102,19.5102,19.5102,200,0
ADAMZ.US,5,20251204,205500,19.5439,19.5439,19.5434,19.5434,200,0
ADAMZ.US,5,20251204,210000,19.54,19.54,19.54,19.54,100,0
ADAMZ.US,5,20251205,160500,19.42,19.42,19.42,19.42,100,0
ADAMZ.US,5,20251205,180000,19.68,19.68,19.42,19.42,200,0
ADAMZ.US,5,20251205,201500,19.44,19.44,19.44,19.44,100,0
ADAMZ.US,5,20251205,211500,19.5985,19.5985,19.5985,19.5985,200,0
ADAMZ.US,5,20251205,215500,19.47,19.47,19.47,19.47,100,0
ADAMZ.US,5,20251208,163500,19.47,19.47,19.47,19.47,152,0
ADAMZ.US,5,20251208,164000,19.515,19.515,19.515,19.515,100,0
ADAMZ.US,5,20251208,170500,19.6153,19.6153,19.6153,19.6153,100,0
ADAMZ.US,5,20251208,200000,19.5499,19.55,19.5499,19.55,1500,0
ADAMZ.US,5,20251208,203500,19.43,19.43,19.3101,19.3101,1800,0
ADAMZ.US,5,20251208,211500,19.35,19.35,19.35,19.35,100,0
ADAMZ.US,5,20251208,214000,19.33,19.33,19.33,19.33,100,0
ADAMZ.US,5,20251208,214500,19.33,19.3301,19.31,19.3101,1020,0
ADAMZ.US,5,20251208,215500,19.31,19.31,19.13,19.13,400,0
ADAMZ.US,5,20251209,155000,19.5,19.5,19.5,19.5,100,0
ADAMZ.US,5,20251209,163000,19.6399,19.6399,19.6399,19.6399,200,0
ADAMZ.US,5,20251209,163500,19.4,19.4,19.4,19.4,445,0
ADAMZ.US,5,20251209,171500,19.4512,19.49,19.4512,19.49,600,0
ADAMZ.US,5,20251209,173500,19.45,19.5105,19.45,19.5105,700,0
ADAMZ.US,5,20251209,174000,19.5105,19.5105,19.5105,19.5105,200,0
ADAMZ.US,5,20251209,175500,19.55,19.56,19.55,19.5599,460,0
ADAMZ.US,5,20251209,183000,19.44,19.44,19.44,19.44,100,0
ADAMZ.US,5,20251209,192000,19.44,19.44,19.44,19.44,500,0
ADAMZ.US,5,20251209,200000,19.4,19.4002,19.4,19.4002,780,0
ADAMZ.US,5,20251209,210500,19.2,19.2694,19.2,19.2694,300,0
ADAMZ.US,5,20251210,153000,19.47,19.47,19.47,19.47,380,0
ADAMZ.US,5,20251210,163000,19.22,19.27,19.21,19.21,1900,0
ADAMZ.US,5,20251210,163500,19.15,19.15,19.15,19.15,141,0
ADAMZ.US,5,20251210,165500,19.16,19.16,19.16,19.16,107,0
ADAMZ.US,5,20251210,173000,19.17,19.17,19.17,19.17,100,0
ADAMZ.US,5,20251210,173500,19.365,19.365,19.365,19.365,200,0
ADAMZ.US,5,20251210,174000,19.38,19.38,19.38,19.38,100,0
ADAMZ.US,5,20251210,174500,19.18,19.18,19.18,19.18,100,0
ADAMZ.US,5,20251210,180000,19.17,19.25,19.17,19.25,1179,0
ADAMZ.US,5,20251210,180500,19.17,19.17,19.17,19.17,200,0
ADAMZ.US,5,20251210,182000,19.16,19.16,19.16,19.16,118,0
ADAMZ.US,5,20251210,183500,19.16,19.16,19.16,19.16,200,0
ADAMZ.US,5,20251210,184000,19.16,19.16,19.16,19.16,118,0
ADAMZ.US,5,20251210,184500,19.16,19.177,19.16,19.177,764,0
ADAMZ.US,5,20251210,185000,19.158,19.2099,19.158,19.2099,500,0
ADAMZ.US,5,20251210,185500,19.166,19.166,19.166,19.166,100,0
ADAMZ.US,5,20251210,190000,19.13,19.13,19.13,19.13,118,0
ADAMZ.US,5,20251210,191000,19.2099,19.2099,19.02,19.02,350,0
ADAMZ.US,5,20251210,200000,19.02,19.02,19.02,19.02,100,0
ADAMZ.US,5,20251210,201000,19.01,19.01,19.01,19.01,200,0
ADAMZ.US,5,20251210,202000,18.97,18.97,18.97,18.97,100,0
ADAMZ.US,5,20251210,202500,18.91,18.91,18.91,18.91,118,0
ADAMZ.US,5,20251210,203500,18.9524,18.9524,18.9524,18.9524,100,0
ADAMZ.US,5,20251210,205000,18.91,18.91,18.91,18.91,118,0
ADAMZ.US,5,20251210,205500,18.955,19.01,18.955,19.01,1200,0
ADAMZ.US,5,20251210,210000,19.01,19.01,18.9195,18.93,1000,0
ADAMZ.US,5,20251210,210500,19.1049,19.1049,18.91,18.91,1200,0
ADAMZ.US,5,20251210,213000,19.1999,19.1999,19.1999,19.1999,100,0
ADAMZ.US,5,20251210,215000,19.1499,19.1499,18.9,18.92,3121,0
ADAMZ.US,5,20251210,215500,18.92,18.94,18.92,18.93,300,0
ADAMZ.US,5,20251211,154000,19.18,19.2,19.18,19.18,400,0
ADAMZ.US,5,20251211,163000,19.059,19.059,19.059,19.059,100,0
ADAMZ.US,5,20251211,195000,19.0101,19.0101,19.0101,19.0101,417,0
ADAMZ.US,5,20251211,195500,19.0101,19.0101,19.0101,19.0101,110,0
ADAMZ.US,5,20251211,211000,19.1,19.1,19.1,19.1,200,0
ADAMZ.US,5,20251211,211500,19.07,19.07,19.07,19.07,300,0
ADAMZ.US,5,20251211,212500,19.065,19.065,19.065,19.065,100,0
ADAMZ.US,5,20251211,215500,19.03,19.03,19.03,19.03,100,0
ADAMZ.US,5,20251212,153000,19.09,19.09,19.055,19.055,250,0
ADAMZ.US,5,20251212,154000,19.0415,19.0415,19.0415,19.0415,100,0
ADAMZ.US,5,20251212,160000,19.06,19.06,19.06,19.06,300,0
ADAMZ.US,5,20251212,163000,19.13,19.13,19.13,19.13,100,0
ADAMZ.US,5,20251212,175500,19.03,19.03,19.01,19.01,530,0
ADAMZ.US,5,20251212,190000,19.13,19.13,19.13,19.13,824,0
ADAMZ.US,5,20251212,204500,19.185,19.185,19.185,19.185,100,0
ADAMZ.US,5,20251212,210500,19.2,19.2,19.2,19.2,100,0
ADAMZ.US,5,20251212,211000,19.1906,19.1906,19.1906,19.1906,200,0
ADAMZ.US,5,20251212,211500,19.185,19.2,19.185,19.2,300,0
ADAMZ.US,5,20251212,212000,19.1318,19.22,19.1318,19.2199,940,0
ADAMZ.US,5,20251212,214500,19.2,19.22,19.2,19.22,200,0
ADAMZ.US,5,20251212,215500,19.1075,19.1075,19.1075,19.1075,100,0
ADAMZ.US,5,20251215,154000,19.11,19.12,19.11,19.12,400,0
ADAMZ.US,5,20251215,155000,19.37,19.37,19.37,19.37,100,0
ADAMZ.US,5,20251215,162000,19.13,19.13,19.11,19.11,200,0
ADAMZ.US,5,20251215,162500,19.11,19.11,19.11,19.11,200,0
ADAMZ.US,5,20251215,174500,19.2041,19.2041,19.2041,19.2041,260,0
ADAMZ.US,5,20251215,184000,19.209,19.209,19.209,19.209,100,0
ADAMZ.US,5,20251215,201500,19.1555,19.1555,19.1555,19.1555,200,0
ADAMZ.US,5,20251215,215500,19.12,19.12,19.12,19.12,100,0
ADAMZ.US,5,20251216,153500,19.16,19.16,19.0886,19.0886,250,0
ADAMZ.US,5,20251216,161000,19.4024,19.4024,19.4024,19.4024,100,0
ADAMZ.US,5,20251216,161500,19.397,19.397,19.397,19.397,100,0
ADAMZ.US,5,20251216,170500,19.38,19.38,19.38,19.38,400,0
ADAMZ.US,5,20251216,171000,19.54,19.55,19.37,19.37,300,0
ADAMZ.US,5,20251216,191500,19.34,19.35,19.229,19.229,800,0
ADAMZ.US,5,20251216,211000,19.1884,19.1884,19.1884,19.1884,750,0
ADAMZ.US,5,20251216,214500,19.18,19.18,19.18,19.18,100,0
ADAMZ.US,5,20251217,153000,19.18,19.63,19.18,19.63,250,0
ADAMZ.US,5,20251217,170000,19.25,19.25,19.25,19.25,350,0
ADAMZ.US,5,20251217,170500,19.25,19.25,19.25,19.25,100,0
ADAMZ.US,5,20251217,181500,19.1901,19.1901,19.19,19.19,400,0
ADAMZ.US,5,20251217,184000,19.25,19.25,19.25,19.25,100,0
ADAMZ.US,5,20251217,193500,19.25,19.25,19.14,19.16,2400,0
ADAMZ.US,5,20251217,195000,19.13,19.13,19.13,19.13,499,0
ADAMZ.US,5,20251217,195500,19.13,19.13,19.13,19.13,100,0
ADAMZ.US,5,20251217,200000,19.1135,19.13,19.1135,19.13,2348,0
ADAMZ.US,5,20251217,202500,19.15,19.15,19.15,19.15,969,0
ADAMZ.US,5,20251217,204500,19.21,19.21,19.21,19.21,100,0
ADAMZ.US,5,20251217,205000,19.21,19.21,19.21,19.21,200,0
ADAMZ.US,5,20251217,205500,19.21,19.22,19.21,19.22,200,0
ADAMZ.US,5,20251217,213000,19.1505,19.19,19.1505,19.19,200,0
ADAMZ.US,5,20251217,214000,19.1791,19.1791,19.1791,19.1791,200,0
ADAMZ.US,5,20251217,215500,19.19,19.19,19.085,19.085,1400,0
ADAMZ.US,5,20251218,155500,19.2912,19.2912,19.2912,19.2912,100,0
ADAMZ.US,5,20251218,162000,19.305,19.305,19.305,19.305,100,0
ADAMZ.US,5,20251218,193000,19.6,19.6,19.3893,19.3893,200,0
ADAMZ.US,5,20251218,214000,19.27,19.27,19.27,19.27,200,0
ADAMZ.US,5,20251218,214500,19.27,19.27,19.2503,19.2503,200,0
ADAMZ.US,5,20251218,215000,19.27,19.27,19.27,19.27,100,0
ADAMZ.US,5,20251218,215500,19.2,19.2,19.17,19.17,734,0
ADAMZ.US,5,20251219,153000,19.4151,19.4151,19.4151,19.4151,100,0
ADAMZ.US,5,20251219,155500,19.3627,19.366,19.3,19.3,900,0
ADAMZ.US,5,20251219,161500,19.36,19.36,19.36,19.36,100,0
ADAMZ.US,5,20251219,172000,19.3,19.3,19.3,19.3,100,0
ADAMZ.US,5,20251219,172500,19.3997,19.3997,19.3997,19.3997,274,0
ADAMZ.US,5,20251219,183000,19.3196,19.3196,19.3196,19.3196,200,0
ADAMZ.US,5,20251219,201000,19.3667,19.3667,19.3667,19.3667,135,0
ADAMZ.US,5,20251219,202000,19.3848,19.3848,19.3848,19.3848,300,0
ADAMZ.US,5,20251219,212000,19.315,19.315,19.315,19.315,250,0
ADAMZ.US,5,20251222,153000,19.45,19.45,19.45,19.45,100,0
ADAMZ.US,5,20251222,172500,19.4815,19.4815,19.4815,19.4815,100,0
ADAMZ.US,5,20251222,175000,19.48,19.5,19.48,19.5,743,0
ADAMZ.US,5,20251222,180500,19.48,19.4999,19.48,19.4999,205,0
ADAMZ.US,5,20251222,182000,19.45,19.45,19.45,19.45,450,0
ADAMZ.US,5,20251222,184000,19.4,19.4,19.4,19.4,100,0
ADAMZ.US,5,20251222,190000,19.413,19.413,19.413,19.413,300,0
ADAMZ.US,5,20251222,194500,19.43,19.43,19.4216,19.4216,500,0
ADAMZ.US,5,20251222,211000,19.4,19.4,19.4,19.4,1350,0
ADAMZ.US,5,20251222,215500,19.36,19.36,19.1,19.1,554,0
ADAMZ.US,5,20251223,170500,19.315,19.315,19.315,19.315,100,0
ADAMZ.US,5,20251223,171000,19.3436,19.3436,19.3436,19.3436,200,0
ADAMZ.US,5,20251223,174500,19.22,19.22,19.22,19.22,115,0
ADAMZ.US,5,20251223,182500,19.22,19.23,19.22,19.22,650,0
ADAMZ.US,5,20251223,183000,19.1487,19.155,19.1487,19.155,400,0
ADAMZ.US,5,20251223,183500,19.2,19.2,19.2,19.2,500,0
ADAMZ.US,5,20251223,192000,19.18,19.18,19.18,19.18,100,0
ADAMZ.US,5,20251223,194500,19.1444,19.1444,19.1444,19.1444,300,0
ADAMZ.US,5,20251223,195000,19.18,19.19,19.12,19.12,400,0
ADAMZ.US,5,20251223,200000,19.1899,19.1899,19.1899,19.1899,100,0
ADAMZ.US,5,20251223,200500,19.1537,19.1537,19.142,19.142,250,0
ADAMZ.US,5,20251223,201500,19.19,19.19,19.1899,19.1899,200,0
ADAMZ.US,5,20251223,211000,19.19,19.19,19.1899,19.19,400,0
ADAMZ.US,5,20251223,212000,19.1999,19.2,19.1999,19.2,200,0
ADAMZ.US,5,20251223,212500,19.2,19.2,19.2,19.2,100,0
ADAMZ.US,5,20251224,164500,19.4254,19.4254,19.4254,19.4254,100,0
ADAMZ.US,5,20251224,171500,19.43,19.43,19.43,19.43,2054,0
ADAMZ.US,5,20251224,173500,19.43,19.43,19.43,19.43,100,0
ADAMZ.US,5,20251224,175000,19.474,19.474,19.474,19.474,309,0
ADAMZ.US,5,20251224,180500,19.476,19.476,19.476,19.476,100,0
ADAMZ.US,5,20251224,182000,19.485,19.485,19.485,19.485,100,0
ADAMZ.US,5,20251224,182500,19.508,19.508,19.508,19.508,100,0
ADAMZ.US,5,20251224,185000,19.49,19.49,19.49,19.49,400,0
ADAMZ.US,5,20251224,185500,19.5755,19.5755,19.49,19.49,250,0
ADAMZ.US,5,20251224,190000,19.44,19.44,19.44,19.44,655,0
ADAMZ.US,5,20251226,153000,19.5227,19.5227,19.44,19.44,395,0
ADAMZ.US,5,20251226,163000,19.2648,19.326,19.2648,19.326,200,0
ADAMZ.US,5,20251226,164500,19.25,19.25,19.25,19.25,500,0
ADAMZ.US,5,20251226,165000,19.24,19.24,19.24,19.24,2500,0
ADAMZ.US,5,20251226,180000,19.3582,19.3582,19.3582,19.3582,100,0
ADAMZ.US,5,20251226,185500,19.3,19.3,19.3,19.3,500,0
ADAMZ.US,5,20251226,190000,19.2916,19.2916,19.21,19.21,200,0
ADAMZ.US,5,20251226,190500,19.2496,19.2496,19.2496,19.2496,200,0
ADAMZ.US,5,20251226,191000,19.246,19.246,19.246,19.246,200,0
ADAMZ.US,5,20251226,192000,19.27,19.27,19.27,19.27,300,0
ADAMZ.US,5,20251226,192500,19.26,19.27,19.24,19.24,400,0
ADAMZ.US,5,20251226,193000,19.22,19.22,19.21,19.21,400,0
ADAMZ.US,5,20251226,194500,19.2072,19.2072,19.2072,19.2072,100,0
ADAMZ.US,5,20251226,195000,19.224,19.23,19.224,19.23,200,0
ADAMZ.US,5,20251226,195500,19.22,19.224,19.22,19.224,200,0
ADAMZ.US,5,20251226,204000,19.231,19.2325,19.18,19.18,400,0
ADAMZ.US,5,20251226,204500,19.18,19.18,19.18,19.18,100,0
ADAMZ.US,5,20251226,205000,19.23,19.23,19.23,19.23,300,0
ADAMZ.US,5,20251226,210500,19.27,19.27,19.27,19.27,100,0
ADAMZ.US,5,20251226,211000,19.224,19.224,19.224,19.224,160,0
ADAMZ.US,5,20251226,212000,19.256,19.26,19.256,19.26,200,0
ADAMZ.US,5,20251226,213000,19.2999,19.2999,19.2999,19.2999,207,0
ADAMZ.US,5,20251226,213500,19.44,19.44,19.44,19.44,100,0
ADAMZ.US,5,20251226,215000,19.28,19.28,19.28,19.28,100,0
ADAMZ.US,5,20251229,165500,19.2472,19.279,19.2472,19.279,1497,0
ADAMZ.US,5,20251229,173000,19.245,19.245,19.245,19.245,523,0
ADAMZ.US,5,20251229,174000,19.22,19.2201,19.21,19.21,929,0
ADAMZ.US,5,20251229,180000,19.195,19.21,19.195,19.2048,700,0
ADAMZ.US,5,20251229,180500,19.195,19.21,19.195,19.21,400,0
ADAMZ.US,5,20251229,181000,19.2075,19.21,19.2075,19.21,300,0
ADAMZ.US,5,20251229,182000,19.21,19.21,19.21,19.21,100,0
ADAMZ.US,5,20251229,184500,19.21,19.21,19.21,19.21,536,0
ADAMZ.US,5,20251229,185000,19.28,19.3,19.22,19.22,3950,0
ADAMZ.US,5,20251229,195000,19.43,19.43,19.43,19.43,100,0
ADAMZ.US,5,20251229,200000,19.43,19.43,19.394,19.4139,1172,0
ADAMZ.US,5,20251229,200500,19.42,19.45,19.42,19.45,500,0
ADAMZ.US,5,20251229,202500,19.475,19.475,19.475,19.475,112,0
ADAMZ.US,5,20251229,203500,19.4505,19.4505,19.4505,19.4505,260,0
ADAMZ.US,5,20251229,204500,19.475,19.475,19.475,19.475,536,0
ADAMZ.US,5,20251229,210500,19.5,19.5,19.5,19.5,200,0
ADAMZ.US,5,20251230,162000,19.3999,19.3999,19.3999,19.3999,100,0
ADAMZ.US,5,20251230,164000,19.35,19.35,19.35,19.35,100,0
ADAMZ.US,5,20251230,164500,19.38,19.38,19.38,19.38,100,0
ADAMZ.US,5,20251230,173000,19.35,19.35,19.35,19.35,100,0
ADAMZ.US,5,20251230,181000,19.45,19.45,19.44,19.44,700,0
ADAMZ.US,5,20251230,181500,19.5,19.5,19.5,19.5,100,0
ADAMZ.US,5,20251230,182500,19.5,19.5342,19.5,19.5342,400,0
ADAMZ.US,5,20251230,190000,19.3694,19.4,19.3694,19.4,200,0
ADAMZ.US,5,20251230,191000,19.3999,19.4,19.3999,19.4,3092,0
ADAMZ.US,5,20251230,192000,19.36,19.36,19.36,19.36,100,0
ADAMZ.US,5,20251230,193000,19.36,19.36,19.36,19.36,100,0
ADAMZ.US,5,20251230,193500,19.36,19.36,19.36,19.36,100,0
ADAMZ.US,5,20251230,195500,19.36,19.36,19.32,19.33,1000,0
ADAMZ.US,5,20251230,203000,19.3,19.3,19.3,19.3,304,0
ADAMZ.US,5,20251230,210000,19.33,19.33,19.32,19.32,469,0
ADAMZ.US,5,20251230,210500,19.26,19.2601,19.24,19.24,1370,0
ADAMZ.US,5,20251230,214500,19.24,19.24,19.24,19.24,1050,0
ADAMZ.US,5,20251230,215500,19.21,19.21,19.21,19.21,100,0
ADAMZ.US,5,20251231,153000,18.8,18.8,18.8,18.8,100,0
ADAMZ.US,5,20251231,160000,18.98,19.183,18.94,18.96,1000,0
ADAMZ.US,5,20251231,160500,19.1576,19.18,18.98,18.98,600,0
ADAMZ.US,5,20251231,161000,19.18,19.18,18.9701,18.9701,200,0
ADAMZ.US,5,20251231,163000,19.0644,19.0644,19.0644,19.0644,100,0
ADAMZ.US,5,20251231,181000,19.184,19.184,19.06,19.06,800,0
ADAMZ.US,5,20251231,194000,19.09,19.09,19.04,19.04,400,0
ADAMZ.US,5,20251231,194500,19.0201,19.27,19.0201,19.27,2027,0
ADAMZ.US,5,20251231,195000,19.2765,19.2765,19.15,19.265,450,0
ADAMZ.US,5,20251231,200500,19.32,19.32,19.32,19.32,100,0
ADAMZ.US,5,20260102,153000,19.31,19.31,19.31,19.31,1036,0
ADAMZ.US,5,20260102,162000,19.32,19.32,19.32,19.32,300,0
ADAMZ.US,5,20260102,162500,19.3038,19.3038,19.3038,19.3038,100,0
ADAMZ.US,5,20260102,182000,19.2999,19.2999,19.2999,19.2999,100,0
ADAMZ.US,5,20260102,190500,19.3,19.3,19.3,19.3,100,0
ADAMZ.US,5,20260102,194500,19.3062,19.3062,19.3062,19.3062,300,0
ADAMZ.US,5,20260102,202000,19.33,19.33,19.33,19.33,1000,0
ADAMZ.US,5,20260102,204000,19.3494,19.3494,19.33,19.3436,1100,0
ADAMZ.US,5,20260102,212000,19.3,19.3,19.3,19.3,500,0
ADAMZ.US,5,20260102,215500,19.25,19.25,19.25,19.25,100,0
ADAMZ.US,5,20260105,161000,19.3999,19.3999,19.2786,19.2786,250,0
ADAMZ.US,5,20260105,190000,19.21,19.21,19.21,19.21,290,0
ADAMZ.US,5,20260105,203000,19.261,19.261,19.261,19.261,500,0
ADAMZ.US,5,20260105,211500,19.26,19.26,19.1885,19.2599,400,0
ADAMZ.US,5,20260106,153000,19.1335,19.1335,19.1335,19.1335,100,0
ADAMZ.US,5,20260106,161500,19.26,19.39,19.26,19.39,200,0
ADAMZ.US,5,20260106,162000,19.37,19.37,19.1401,19.1401,600,0
ADAMZ.US,5,20260106,170500,19.4,19.4,19.4,19.4,491,0
ADAMZ.US,5,20260106,172000,19.39,19.39,19.39,19.39,100,0
ADAMZ.US,5,20260106,184500,19.35,19.35,19.35,19.35,800,0
ADAMZ.US,5,20260106,194000,19.17,19.18,19.03,19.03,4262,0
ADAMZ.US,5,20260106,194500,19.03,19.05,19.03,19.039,1332,0
ADAMZ.US,5,20260106,202500,19.09,19.175,19,19.0162,5916,0
ADAMZ.US,5,20260106,203500,19.0299,19.0299,19.0138,19.0138,1135,0
ADAMZ.US,5,20260106,204000,19.0299,19.03,19.0299,19.03,1700,0
ADAMZ.US,5,20260106,204500,19.02,19.02,19.015,19.015,876,0
ADAMZ.US,5,20260106,211000,19.03,19.03,19,19.0001,3640,0
ADAMZ.US,5,20260106,213500,19.02,19.165,19,19,500,0
ADAMZ.US,5,20260106,215500,19.01,19.01,19.01,19.01,100,0
ADAMZ.US,5,20260107,153000,19,19,19,19,600,0
ADAMZ.US,5,20260107,160500,19.126,19.126,19.126,19.126,1000,0
ADAMZ.US,5,20260107,163500,19.05,19.05,19.05,19.05,100,0
ADAMZ.US,5,20260107,170000,19.06,19.06,19.06,19.06,152,0
ADAMZ.US,5,20260107,170500,19.06,19.06,19.06,19.06,200,0
ADAMZ.US,5,20260107,172000,19.1193,19.1193,19.1193,19.1193,103,0
ADAMZ.US,5,20260107,172500,19.06,19.06,19.06,19.06,100,0
ADAMZ.US,5,20260107,185000,19.07,19.175,19.06,19.06,1700,0
ADAMZ.US,5,20260107,190000,19.04,19.04,19.04,19.04,100,0
ADAMZ.US,5,20260107,191000,19.01,19.01,19.01,19.01,100,0
ADAMZ.US,5,20260107,193000,19.09,19.09,19.09,19.09,100,0
ADAMZ.US,5,20260107,202500,19.025,19.0277,19.025,19.0277,490,0
ADAMZ.US,5,20260107,203000,19.0245,19.0245,19.0245,19.0245,525,0
ADAMZ.US,5,20260107,204000,19.04,19.04,19.0243,19.0243,300,0
ADAMZ.US,5,20260107,205000,19.04,19.04,19.04,19.04,500,0
ADAMZ.US,5,20260108,154000,18.73,18.77,18.73,18.77,200,0
ADAMZ.US,5,20260108,162500,18.9,18.9792,18.89,18.9792,2246,0
ADAMZ.US,5,20260108,171000,19.19,19.19,19.19,19.19,100,0
ADAMZ.US,5,20260108,180000,19.19,19.19,19.19,19.19,100,0
ADAMZ.US,5,20260108,183500,19.2,19.2,19.2,19.2,100,0
ADAMZ.US,5,20260108,200500,19.1272,19.1272,19.1272,19.1272,200,0
ADAMZ.US,5,20260108,204500,18.98,18.98,18.98,18.98,100,0
ADAMZ.US,5,20260108,205500,19,19,18.98,18.9801,764,0
ADAMZ.US,5,20260108,210000,19.156,19.156,19.156,19.156,100,0
ADAMZ.US,5,20260109,174500,19.05,19.05,19.05,19.05,650,0
ADAMZ.US,5,20260109,184000,19.05,19.05,19.05,19.05,120,0
ADAMZ.US,5,20260109,184500,19.05,19.05,19.05,19.05,100,0
ADAMZ.US,5,20260109,185000,19.1,19.1,19.1,19.1,500,0
ADAMZ.US,5,20260109,195000,19.0636,19.0636,19.0636,19.0636,100,0
ADAMZ.US,5,20260109,195500,19.08,19.0828,18.99,18.99,800,0
ADAMZ.US,5,20260112,153000,18.95,18.9664,18.8652,18.9664,700,0
ADAMZ.US,5,20260112,180000,19.01,19.01,19.01,19.01,105,0
ADAMZ.US,5,20260112,184500,19,19,19,19,650,0
ADAMZ.US,5,20260112,185000,19,19,19,19,100,0
ADAMZ.US,5,20260112,193500,19.0112,19.0112,19.0112,19.0112,268,0
ADAMZ.US,5,20260112,205000,19.0564,19.0564,19.0564,19.0564,100,0
ADAMZ.US,5,20260112,211500,19.07,19.15,19.07,19.15,666,0
ADAMZ.US,5,20260112,212000,19.15,19.15,19.15,19.15,200,0
ADAMZ.US,5,20260113,164000,19.25,19.25,19.25,19.25,200,0
ADAMZ.US,5,20260113,175000,19.205,19.205,19.205,19.205,300,0
ADAMZ.US,5,20260113,185000,19.1475,19.1475,19.1475,19.1475,2000,0
ADAMZ.US,5,20260113,191500,19.2298,19.2298,19.2298,19.2298,353,0
ADAMZ.US,5,20260113,192000,19.248,19.248,19.2338,19.2338,200,0
ADAMZ.US,5,20260114,153000,19.28,19.2915,19.2501,19.2501,326,0
ADAMZ.US,5,20260114,155500,19.3,19.3,19.3,19.3,100,0
ADAMZ.US,5,20260114,171500,19.35,19.35,19.35,19.35,100,0
ADAMZ.US,5,20260114,191000,19.35,19.35,19.31,19.31,400,0
ADAMZ.US,5,20260114,191500,19.2975,19.31,19.2975,19.3009,345,0
ADAMZ.US,5,20260114,202000,19.31,19.31,19.31,19.31,340,0
ADAMZ.US,5,20260114,213000,19.2506,19.2506,19.2506,19.2506,403,0
ADAMZ.US,5,20260114,213500,19.3,19.3,19.244,19.244,250,0
ADAMZ.US,5,20260115,153000,19.36,19.4,19.36,19.4,612,0
ADAMZ.US,5,20260115,163000,19.3999,19.3999,19.3999,19.3999,800,0
ADAMZ.US,5,20260115,171000,19.3694,19.3694,19.35,19.35,566,0
ADAMZ.US,5,20260115,171500,19.35,19.35,19.35,19.35,145,0
ADAMZ.US,5,20260115,172500,19.3377,19.3377,19.3377,19.3377,245,0
ADAMZ.US,5,20260115,173000,19.325,19.325,19.325,19.325,208,0
ADAMZ.US,5,20260115,173500,19.3457,19.3457,19.3457,19.3457,195,0
ADAMZ.US,5,20260115,175000,19.325,19.325,19.325,19.325,175,0
ADAMZ.US,5,20260115,182500,19.325,19.325,19.325,19.325,140,0
ADAMZ.US,5,20260115,190000,19.3711,19.3711,19.35,19.35,200,0
ADAMZ.US,5,20260115,191000,19.33,19.33,19.33,19.33,125,0
ADAMZ.US,5,20260115,210500,19.36,19.36,19.36,19.36,267,0
ADAMZ.US,5,20260116,162000,19.318,19.318,19.318,19.318,259,0
ADAMZ.US,5,20260116,163500,19.33,19.33,19.33,19.33,100,0
ADAMZ.US,5,20260116,164000,19.32,19.32,19.32,19.32,268,0
ADAMZ.US,5,20260116,180500,19.35,19.35,19.35,19.35,450,0
ADAMZ.US,5,20260116,181000,19.346,19.346,19.346,19.346,1000,0
ADAMZ.US,5,20260116,182000,19.35,19.35,19.35,19.35,500,0
ADAMZ.US,5,20260116,182500,19.4,19.4,19.4,19.4,651,0
ADAMZ.US,5,20260116,183000,19.3891,19.4,19.3762,19.4,1516,0
ADAMZ.US,5,20260116,185000,19.4,19.4,19.4,19.4,200,0
ADAMZ.US,5,20260116,190000,19.4,19.4,19.4,19.4,125,0
ADAMZ.US,5,20260116,191000,19.4956,19.4956,19.4956,19.4956,386,0
ADAMZ.US,5,20260116,194500,19.431,19.431,19.431,19.431,100,0
ADAMZ.US,5,20260116,195000,19.4312,19.4312,19.4312,19.4312,100,0
ADAMZ.US,5,20260116,200000,19.4,19.4,19.4,19.4,100,0
ADAMZ.US,5,20260116,205500,19.3972,19.3972,19.3772,19.3772,1464,0
ADAMZ.US,5,20260116,212500,19.46,19.46,19.42,19.42,600,0
ADAMZ.US,5,20260116,213500,19.41,19.42,19.41,19.42,599,0
ADAMZ.US,5,20260116,214000,19.413,19.42,19.413,19.42,380,0
ADAMZ.US,5,20260116,215500,19.4765,19.4765,19.4765,19.4765,100,0
ADAMZ.US,5,20260120,153000,19.3,19.3,19.3,19.3,660,0
ADAMZ.US,5,20260120,154500,19.25,19.25,19.2,19.2,291,0
ADAMZ.US,5,20260120,155500,19.46,19.46,19.21,19.22,456,0
ADAMZ.US,5,20260120,172500,19.2601,19.2601,19.2601,19.2601,100,0
ADAMZ.US,5,20260120,173500,19.2978,19.3599,19.2978,19.3599,500,0
ADAMZ.US,5,20260120,174500,19.3053,19.3053,19.29,19.29,1100,0
ADAMZ.US,5,20260120,175500,19.4372,19.4372,19.26,19.26,740,0
ADAMZ.US,5,20260120,181000,19.26,19.26,19.26,19.26,200,0
ADAMZ.US,5,20260120,184500,19.445,19.445,19.445,19.445,1500,0
ADAMZ.US,5,20260120,191000,19.314,19.314,19.314,19.314,150,0
ADAMZ.US,5,20260120,192000,19.3112,19.3112,19.3112,19.3112,200,0
ADAMZ.US,5,20260120,192500,19.3131,19.3149,19.3131,19.3149,450,0
ADAMZ.US,5,20260120,193000,19.3164,19.3164,19.3164,19.3164,100,0
ADAMZ.US,5,20260120,193500,19.34,19.34,19.34,19.34,100,0
ADAMZ.US,5,20260120,194000,19.33,19.33,19.33,19.33,100,0
ADAMZ.US,5,20260120,212500,19.2719,19.28,19.265,19.2736,1300,0
ADAMZ.US,5,20260120,213000,19.28,19.28,19.2765,19.2765,320,0
ADAMZ.US,5,20260120,214000,19.28,19.28,19.2799,19.2799,520,0
ADAMZ.US,5,20260120,215000,19.28,19.28,19.28,19.28,100,0
ADAMZ.US,5,20260121,161000,19.28,19.28,19.28,19.28,1000,0
ADAMZ.US,5,20260121,162500,19.25,19.25,19.25,19.25,360,0
ADAMZ.US,5,20260121,173000,19.2,19.2,19.2,19.2,2000,0
ADAMZ.US,5,20260121,174500,19.4434,19.4434,19.4434,19.4434,200,0
ADAMZ.US,5,20260121,180000,19.4955,19.4955,19.4,19.4,800,0
ADAMZ.US,5,20260121,190000,19.4,19.4001,19.4,19.4,445,0
ADAMZ.US,5,20260121,193000,19.22,19.22,19.22,19.22,100,0
ADAMZ.US,5,20260121,201000,19.23,19.23,19.23,19.23,100,0
ADAMZ.US,5,20260121,214500,19.35,19.35,19.35,19.35,100,0
ADAMZ.US,5,20260122,153000,19.4364,19.55,19.4364,19.55,500,0
ADAMZ.US,5,20260122,153500,19.4,19.4,19.4,19.4,100,0
ADAMZ.US,5,20260122,154000,19.4,19.4,19.4,19.4,298,0
ADAMZ.US,5,20260122,161500,19.4,19.55,19.4,19.55,585,0
ADAMZ.US,5,20260122,173500,19.42,19.42,19.42,19.42,330,0
ADAMZ.US,5,20260122,181500,19.45,19.45,19.4499,19.4499,1996,0
ADAMZ.US,5,20260122,182000,19.435,19.4499,19.42,19.4499,1861,0
ADAMZ.US,5,20260122,183000,19.4014,19.4014,19.4014,19.4014,100,0
ADAMZ.US,5,20260122,205500,19.425,19.425,19.425,19.425,150,0
ADAMZ.US,5,20260122,213000,19.4499,19.4499,19.4499,19.4499,100,0
ADAMZ.US,5,20260122,214000,19.45,19.45,19.427,19.427,700,0
ADAMZ.US,5,20260123,155500,19.45,19.45,19.45,19.45,100,0
ADAMZ.US,5,20260123,162000,19.4201,19.4201,19.4201,19.4201,100,0
ADAMZ.US,5,20260123,162500,19.4391,19.4391,19.4391,19.4391,100,0
ADAMZ.US,5,20260123,180500,19.541,19.541,19.52,19.52,500,0
ADAMZ.US,5,20260123,181000,19.5317,19.5317,19.5317,19.5317,300,0
ADAMZ.US,5,20260123,191000,19.52,19.52,19.52,19.52,200,0
ADAMZ.US,5,20260123,191500,19.52,19.5232,19.48,19.4801,1500,0
ADAMZ.US,5,20260123,200500,19.5241,19.5241,19.5241,19.5241,153,0
ADAMZ.US,5,20260123,210500,19.48,19.48,19.48,19.48,200,0
