<TICKER>,<PER>,<DATE>,<TIME>,<OPEN>,<HIGH>,<LOW>,<CLOSE>,<VOL>,<OPENINT>
AHG.US,5,20250829,161000,1.7,1.7,1.7,1.7,673,0
AHG.US,5,20250829,161500,1.7028,1.7028,1.7028,1.7028,272,0
AHG.US,5,20250829,163500,1.7044,1.7044,1.7044,1.7044,110,0
AHG.US,5,20250829,195000,1.7,1.7,1.7,1.7,117,0
AHG.US,5,20250829,210500,1.7015,1.7015,1.7015,1.7015,820,0
AHG.US,5,20250829,215000,1.71,1.71,1.71,1.71,200,0
AHG.US,5,20250902,153000,1.71,1.71,1.71,1.71,828,0
AHG.US,5,20250902,161000,1.68,1.68,1.6711,1.6711,764,0
AHG.US,5,20250902,162500,1.67,1.67,1.67,1.67,426,0
AHG.US,5,20250902,184500,1.6987,1.6987,1.6987,1.6987,110,0
AHG.US,5,20250902,185000,1.68,1.68,1.68,1.68,100,0
AHG.US,5,20250902,195000,1.68,1.68,1.66,1.66,208,0
AHG.US,5,20250902,215000,1.7,1.7,1.7,1.7,100,0
AHG.US,5,20250903,153000,1.74,1.74,1.74,1.74,2235,0
AHG.US,5,20250903,154500,1.6611,1.6611,1.6611,1.6611,110,0
AHG.US,5,20250903,174500,1.6608,1.6608,1.6608,1.6608,100,0
AHG.US,5,20250903,182500,1.7001,1.7001,1.7,1.7,612,0
AHG.US,5,20250904,154000,1.67,1.67,1.67,1.67,390,0
AHG.US,5,20250904,173500,1.63,1.63,1.63,1.63,100,0
AHG.US,5,20250904,175000,1.62,1.62,1.62,1.62,100,0
AHG.US,5,20250904,193500,1.63,1.63,1.63,1.63,3500,0
AHG.US,5,20250904,213500,1.63,1.63,1.63,1.63,200,0
AHG.US,5,20250904,215500,1.63,1.63,1.62,1.63,396,0
AHG.US,5,20250905,153000,1.6,1.6,1.6,1.6,510,0
AHG.US,5,20250905,153500,1.65,1.65,1.65,1.65,386,0
AHG.US,5,20250905,155500,1.668,1.668,1.668,1.668,500,0
AHG.US,5,20250905,160500,1.71,1.7399,1.71,1.7399,1691,0
AHG.US,5,20250905,161000,1.74,1.74,1.74,1.74,500,0
AHG.US,5,20250905,164500,1.74,1.74,1.7399,1.7399,600,0
AHG.US,5,20250905,172500,1.73,1.73,1.73,1.73,600,0
AHG.US,5,20250905,190500,1.675,1.675,1.675,1.675,100,0
AHG.US,5,20250905,213500,1.71,1.72,1.71,1.72,200,0
AHG.US,5,20250905,215000,1.6742,1.68,1.6742,1.68,200,0
AHG.US,5,20250905,215500,1.7299,1.7299,1.7299,1.7299,197,0
AHG.US,5,20250908,171000,1.73,1.74,1.73,1.7399,987,0
AHG.US,5,20250908,172500,1.75,1.757435,1.7499,1.757435,749,0
AHG.US,5,20250908,184500,1.6658,1.6658,1.6658,1.6658,418,0
AHG.US,5,20250908,193500,1.7,1.7,1.7,1.7,100,0
AHG.US,5,20250908,203000,1.636,1.636,1.636,1.636,1500,0
AHG.US,5,20250908,215000,1.7,1.7732,1.65,1.7732,405,0
AHG.US,5,20250909,162000,1.66,1.66,1.66,1.66,100,0
AHG.US,5,20250909,162500,1.703,1.703,1.703,1.703,200,0
AHG.US,5,20250909,165000,1.69,1.69,1.69,1.69,180,0
AHG.US,5,20250909,171000,1.705,1.705,1.705,1.705,100,0
AHG.US,5,20250909,185000,1.73,1.75,1.73,1.75,1000,0
AHG.US,5,20250909,195000,1.76,1.76,1.76,1.76,1150,0
AHG.US,5,20250909,195500,1.77,1.77,1.77,1.77,100,0
AHG.US,5,20250909,202500,1.83,1.83,1.83,1.83,100,0
AHG.US,5,20250909,203000,1.95,1.95,1.95,1.95,100,0
AHG.US,5,20250909,203500,1.6745,1.6745,1.6745,1.6745,162,0
AHG.US,5,20250909,210500,1.87,1.87,1.87,1.87,100,0
AHG.US,5,20250910,153000,1.8,1.8,1.6501,1.6501,4709,0
AHG.US,5,20250910,154000,1.71,1.71,1.71,1.71,100,0
AHG.US,5,20250910,171500,1.78,1.78,1.78,1.78,100,0
AHG.US,5,20250910,174500,1.8,1.85,1.8,1.85,200,0
AHG.US,5,20250910,175000,1.85,1.85,1.85,1.85,400,0
AHG.US,5,20250910,175500,1.86,1.8601,1.8499,1.8499,2451,0
AHG.US,5,20250910,184000,1.775,1.775,1.775,1.775,205,0
AHG.US,5,20250910,203500,1.75,1.75,1.74,1.74,1000,0
AHG.US,5,20250910,215500,1.72,1.72,1.72,1.72,304,0
AHG.US,5,20250911,163000,1.68,1.68,1.68,1.68,100,0
AHG.US,5,20250911,171500,1.7,1.83,1.7,1.8,2038,0
AHG.US,5,20250911,172000,1.79,1.79,1.77,1.77,1583,0
AHG.US,5,20250911,174000,1.74,1.74,1.74,1.74,100,0
AHG.US,5,20250911,183000,1.77,1.87,1.73,1.87,1808,0
AHG.US,5,20250911,183500,1.83,1.83,1.83,1.83,100,0
AHG.US,5,20250912,153500,1.91,1.91,1.9,1.9,200,0
AHG.US,5,20250912,160000,1.8577,1.8577,1.8577,1.8577,100,0
AHG.US,5,20250912,162000,1.9,1.9,1.9,1.9,200,0
AHG.US,5,20250912,174000,1.9,1.9,1.9,1.9,100,0
AHG.US,5,20250912,174500,1.94,1.9528,1.94,1.94,300,0
AHG.US,5,20250912,175000,1.94,1.94,1.94,1.94,100,0
AHG.US,5,20250912,175500,1.94,1.9408,1.94,1.94,1200,0
AHG.US,5,20250912,180000,1.9356,1.9356,1.8493,1.8493,1299,0
AHG.US,5,20250912,200500,1.8201,1.8731,1.8201,1.8731,200,0
AHG.US,5,20250912,201500,1.82,1.82,1.82,1.82,600,0
AHG.US,5,20250912,213000,1.85,1.85,1.85,1.85,100,0
AHG.US,5,20250912,213500,1.9201,1.93,1.919,1.92,900,0
AHG.US,5,20250912,215000,1.8907,1.8907,1.8884,1.89,900,0
AHG.US,5,20250912,215500,1.865,1.9117,1.86,1.9117,1029,0
AHG.US,5,20250915,160500,1.82,1.82,1.82,1.82,200,0
AHG.US,5,20250915,162500,1.83,1.83,1.83,1.83,100,0
AHG.US,5,20250915,174000,1.821,1.821,1.82,1.82,441,0
AHG.US,5,20250915,182500,1.89,1.89,1.89,1.89,200,0
AHG.US,5,20250915,184500,1.89,1.89,1.89,1.89,200,0
AHG.US,5,20250915,185000,1.8896,1.8896,1.8896,1.8896,113,0
AHG.US,5,20250915,190000,1.89,1.89,1.89,1.89,100,0
AHG.US,5,20250915,205000,1.83,1.83,1.83,1.83,322,0
AHG.US,5,20250915,213000,1.93,1.93,1.885,1.93,600,0
AHG.US,5,20250915,215000,1.9117,1.9117,1.9117,1.9117,100,0
AHG.US,5,20250915,215500,1.9195,1.9195,1.9181,1.9181,200,0
AHG.US,5,20250916,153000,1.79,1.79,1.79,1.79,841,0
AHG.US,5,20250916,174000,1.875,1.875,1.875,1.875,104,0
AHG.US,5,20250916,185000,1.94,1.94,1.94,1.94,1864,0
AHG.US,5,20250916,185500,1.81,1.81,1.81,1.81,100,0
AHG.US,5,20250916,215500,1.9142,1.9142,1.9142,1.9142,500,0
AHG.US,5,20250917,153500,1.8975,1.8975,1.8975,1.8975,1000,0
AHG.US,5,20250917,174500,1.88,1.89,1.88,1.89,200,0
AHG.US,5,20250917,183500,1.8721,1.8721,1.8721,1.8721,100,0
AHG.US,5,20250917,194500,1.79,1.79,1.79,1.79,100,0
AHG.US,5,20250918,153000,1.89,1.89,1.89,1.89,100,0
AHG.US,5,20250918,160000,1.9,1.94,1.8901,1.92,2950,0
AHG.US,5,20250918,161000,1.9499,1.9499,1.9499,1.9499,300,0
AHG.US,5,20250918,163500,1.92,1.92,1.92,1.92,400,0
AHG.US,5,20250918,165500,1.9074,1.9074,1.9074,1.9074,150,0
AHG.US,5,20250918,173000,1.95,1.95,1.926,1.926,300,0
AHG.US,5,20250918,174500,1.89,1.89,1.89,1.89,100,0
AHG.US,5,20250918,180500,1.88,1.88,1.88,1.88,100,0
AHG.US,5,20250918,185500,1.95,1.95,1.93,1.93,405,0
AHG.US,5,20250918,190500,1.88,1.88,1.88,1.88,100,0
AHG.US,5,20250918,195000,1.7932,1.7932,1.7932,1.7932,1000,0
AHG.US,5,20250918,195500,1.87,1.87,1.87,1.87,1000,0
AHG.US,5,20250918,200000,1.8023,1.8023,1.8023,1.8023,100,0
AHG.US,5,20250918,200500,1.878,1.94,1.878,1.94,300,0
AHG.US,5,20250918,202000,1.79,1.79,1.79,1.79,100,0
AHG.US,5,20250918,203500,1.94,1.94,1.94,1.94,100,0
AHG.US,5,20250918,204000,1.94,1.95,1.94,1.95,200,0
AHG.US,5,20250918,204500,1.95,1.95,1.95,1.95,100,0
AHG.US,5,20250918,211000,1.81,1.8758,1.81,1.8758,200,0
AHG.US,5,20250919,175000,1.64,1.71,1.64,1.71,499,0
AHG.US,5,20250919,175500,1.7495,1.81,1.72,1.8,1980,0
AHG.US,5,20250919,180000,1.83,1.83,1.76,1.76,1011,0
AHG.US,5,20250919,181500,1.8153,1.8153,1.8153,1.8153,100,0
AHG.US,5,20250919,185000,1.86,1.86,1.86,1.86,104,0
AHG.US,5,20250919,204500,1.77,1.77,1.77,1.77,100,0
AHG.US,5,20250922,154500,1.74,1.74,1.74,1.74,100,0
AHG.US,5,20250922,155000,1.7875,1.7875,1.7875,1.7875,200,0
AHG.US,5,20250922,163500,1.74,1.74,1.74,1.74,100,0
AHG.US,5,20250922,173000,1.74,1.74,1.74,1.74,200,0
AHG.US,5,20250923,153000,1.68,1.68,1.68,1.68,1307,0
AHG.US,5,20250923,154000,1.8488,1.8488,1.8488,1.8488,100,0
AHG.US,5,20250923,160000,1.8355,1.8355,1.8355,1.8355,170,0
AHG.US,5,20250923,160500,1.7,1.7,1.7,1.7,170,0
AHG.US,5,20250923,190000,1.75,1.75,1.75,1.75,100,0
AHG.US,5,20250924,153000,1.7,1.7,1.7,1.7,308,0
AHG.US,5,20250924,165500,1.7,1.7,1.7,1.7,359,0
AHG.US,5,20250924,200000,1.77,1.77,1.77,1.77,100,0
AHG.US,5,20250924,203000,1.85,1.85,1.85,1.85,100,0
AHG.US,5,20250924,203500,1.6965,1.6965,1.6965,1.6965,184,0
AHG.US,5,20250924,215000,1.7,1.7,1.7,1.7,100,0
AHG.US,5,20250924,215500,1.71,1.7201,1.701,1.701,500,0
AHG.US,5,20250925,154000,1.76,1.76,1.76,1.76,100,0
AHG.US,5,20250925,170500,1.7026,1.76,1.69,1.76,310,0
AHG.US,5,20250925,181000,1.73,1.73,1.73,1.73,224,0
AHG.US,5,20250925,190500,1.75,1.76,1.75,1.76,3770,0
AHG.US,5,20250925,193500,1.743,1.743,1.71,1.71,1000,0
AHG.US,5,20250926,172000,1.81,1.81,1.81,1.81,100,0
AHG.US,5,20250926,173500,1.71,1.71,1.71,1.71,100,0
AHG.US,5,20250926,202000,1.7446,1.7446,1.7446,1.7446,277,0
AHG.US,5,20250929,153000,1.8,1.8,1.8,1.8,300,0
AHG.US,5,20250929,200500,1.69,1.69,1.69,1.69,100,0
AHG.US,5,20250929,213500,1.78,1.78,1.78,1.78,100,0
AHG.US,5,20250929,214000,1.7281,1.7281,1.7281,1.7281,100,0
AHG.US,5,20250929,215000,1.785,1.785,1.785,1.785,100,0
AHG.US,5,20250930,153000,1.6305,1.6305,1.6305,1.6305,383,0
AHG.US,5,20250930,154000,1.68,1.68,1.68,1.68,100,0
AHG.US,5,20250930,154500,1.72,1.72,1.72,1.72,200,0
AHG.US,5,20250930,160500,1.7382,1.7534,1.7382,1.7534,1500,0
AHG.US,5,20250930,173000,1.691,1.691,1.691,1.691,1100,0
AHG.US,5,20250930,180000,1.7899,1.7899,1.7899,1.7899,400,0
AHG.US,5,20250930,180500,1.7129,1.7129,1.7129,1.7129,100,0
AHG.US,5,20250930,185000,1.67,1.67,1.67,1.67,100,0
AHG.US,5,20250930,190000,1.69,1.69,1.69,1.69,261,0
AHG.US,5,20250930,192000,1.6753,1.6753,1.6753,1.6753,500,0
AHG.US,5,20250930,193500,1.73,1.73,1.73,1.73,100,0
AHG.US,5,20251001,170500,1.64,1.64,1.64,1.64,100,0
AHG.US,5,20251001,173000,1.6201,1.6201,1.6201,1.6201,1307,0
AHG.US,5,20251001,182500,1.68,1.72,1.68,1.71,781,0
AHG.US,5,20251001,183000,1.71,1.72,1.68,1.68,965,0
AHG.US,5,20251001,185000,1.68,1.68,1.68,1.68,200,0
AHG.US,5,20251001,195000,1.68,1.68,1.68,1.68,200,0
AHG.US,5,20251001,205000,1.68,1.68,1.68,1.68,200,0
AHG.US,5,20251001,213000,1.6899,1.6899,1.6899,1.6899,204,0
AHG.US,5,20251001,214000,1.69,1.69,1.69,1.69,100,0
AHG.US,5,20251001,215000,1.68,1.68,1.68,1.68,102,0
AHG.US,5,20251002,155500,1.64,1.66,1.6,1.6,12617,0
AHG.US,5,20251002,160000,1.62,1.635,1.62,1.635,8000,0
AHG.US,5,20251002,160500,1.62,1.62,1.61,1.61,2990,0
AHG.US,5,20251002,161000,1.629,1.63,1.629,1.6293,9800,0
AHG.US,5,20251002,162000,1.63,1.63,1.63,1.63,2000,0
AHG.US,5,20251002,162500,1.62,1.62,1.62,1.62,8400,0
AHG.US,5,20251002,163000,1.6271,1.65,1.6271,1.65,1100,0
AHG.US,5,20251002,163500,1.6637,1.72,1.66,1.6701,4845,0
AHG.US,5,20251002,164000,1.67,1.67,1.67,1.67,5903,0
AHG.US,5,20251002,164500,1.6286,1.64,1.62,1.64,3100,0
AHG.US,5,20251002,165000,1.62,1.69,1.61,1.631,3650,0
AHG.US,5,20251002,165500,1.64,1.64,1.64,1.64,3000,0
AHG.US,5,20251002,170000,1.64,1.64,1.64,1.64,10998,0
AHG.US,5,20251002,170500,1.6454,1.6454,1.64,1.64,4000,0
AHG.US,5,20251002,172000,1.6499,1.6499,1.6197,1.6197,500,0
AHG.US,5,20251002,172500,1.6199,1.62,1.6199,1.62,3500,0
AHG.US,5,20251002,173000,1.6496,1.6496,1.649,1.649,1400,0
AHG.US,5,20251002,173500,1.6301,1.6301,1.6,1.6,10508,0
AHG.US,5,20251002,174000,1.6183,1.6183,1.605,1.61,8140,0
AHG.US,5,20251002,174500,1.61,1.6382,1.61,1.6382,3040,0
AHG.US,5,20251002,175000,1.64,1.64,1.6399,1.64,4696,0
AHG.US,5,20251002,175500,1.64,1.66,1.6201,1.6201,4583,0
AHG.US,5,20251002,180000,1.63,1.63,1.63,1.63,2992,0
AHG.US,5,20251002,180500,1.65,1.65,1.61,1.62,11918,0
AHG.US,5,20251002,181000,1.62,1.62,1.61,1.61,9824,0
AHG.US,5,20251002,182500,1.6299,1.63,1.6101,1.63,4260,0
AHG.US,5,20251002,183000,1.63,1.64,1.63,1.64,5000,0
AHG.US,5,20251002,183500,1.64,1.64,1.61,1.61,9841,0
AHG.US,5,20251002,184000,1.62,1.62,1.61,1.6125,18623,0
AHG.US,5,20251002,184500,1.65,1.69,1.63,1.66,5200,0
AHG.US,5,20251002,185000,1.65,1.65,1.65,1.65,540,0
AHG.US,5,20251002,185500,1.63,1.64,1.63,1.64,5100,0
AHG.US,5,20251002,190000,1.635,1.6388,1.62,1.62,6800,0
AHG.US,5,20251002,190500,1.62,1.62,1.61,1.61,3800,0
AHG.US,5,20251002,191000,1.625,1.63,1.615,1.63,3800,0
AHG.US,5,20251002,191500,1.63,1.63,1.6276,1.6276,3000,0
AHG.US,5,20251002,192000,1.61,1.6199,1.61,1.61,2200,0
AHG.US,5,20251002,192500,1.6253,1.64,1.6253,1.64,1519,0
AHG.US,5,20251002,193000,1.63,1.64,1.63,1.64,1234,0
AHG.US,5,20251002,193500,1.6,1.6,1.6,1.6,100,0
AHG.US,5,20251003,172500,1.69,1.7,1.69,1.7,214,0
AHG.US,5,20251003,193000,1.65,1.65,1.65,1.65,114,0
AHG.US,5,20251003,202500,1.6,1.6,1.6,1.6,100,0
AHG.US,5,20251006,153000,1.55,1.58,1.55,1.58,4731,0
AHG.US,5,20251006,155000,1.64,1.705,1.64,1.705,1868,0
AHG.US,5,20251006,160000,1.68,1.68,1.68,1.68,2300,0
AHG.US,5,20251006,162000,1.715,1.715,1.68,1.68,987,0
AHG.US,5,20251006,162500,1.66,1.68,1.66,1.68,760,0
AHG.US,5,20251006,172500,1.66,1.66,1.61,1.61,402,0
AHG.US,5,20251006,173000,1.63,1.63,1.63,1.63,224,0
AHG.US,5,20251006,174500,1.6483,1.6483,1.6483,1.6483,500,0
AHG.US,5,20251006,175500,1.635,1.635,1.635,1.635,356,0
AHG.US,5,20251006,193000,1.635,1.635,1.635,1.635,133,0
AHG.US,5,20251006,205000,1.58,1.58,1.57,1.57,200,0
AHG.US,5,20251006,205500,1.585,1.6,1.585,1.6,1512,0
AHG.US,5,20251006,212000,1.6,1.6,1.6,1.6,100,0
AHG.US,5,20251006,213500,1.58,1.58,1.58,1.58,200,0
AHG.US,5,20251006,214500,1.6,1.6,1.6,1.6,100,0
AHG.US,5,20251006,215000,1.58,1.58,1.58,1.58,200,0
AHG.US,5,20251006,215500,1.57,1.57,1.57,1.57,100,0
AHG.US,5,20251007,161500,1.57,1.57,1.57,1.57,197,0
AHG.US,5,20251007,162000,1.57,1.57,1.57,1.57,800,0
AHG.US,5,20251007,180000,1.59,1.625,1.59,1.625,200,0
AHG.US,5,20251007,183000,1.6515,1.6515,1.6515,1.6515,1800,0
AHG.US,5,20251007,194000,1.6,1.63,1.6,1.63,1110,0
AHG.US,5,20251007,200000,1.665,1.665,1.665,1.665,130,0
AHG.US,5,20251007,213000,1.6786,1.6786,1.6786,1.6786,300,0
AHG.US,5,20251007,214000,1.6565,1.6565,1.6565,1.6565,196,0
AHG.US,5,20251007,215000,1.63,1.63,1.63,1.63,426,0
AHG.US,5,20251008,164000,1.62,1.62,1.62,1.62,100,0
AHG.US,5,20251008,173500,1.59,1.66,1.55,1.642,6587,0
AHG.US,5,20251008,174000,1.68,1.68,1.6,1.6,4850,0
AHG.US,5,20251008,181500,1.6727,1.6727,1.6727,1.6727,140,0
AHG.US,5,20251008,202000,1.6,1.6,1.6,1.6,375,0
AHG.US,5,20251008,214000,1.56,1.56,1.56,1.56,100,0
AHG.US,5,20251009,153000,1.74,1.75,1.74,1.75,471,0
AHG.US,5,20251009,154500,1.7499,1.7499,1.7499,1.7499,3000,0
AHG.US,5,20251009,161500,1.7292,1.7292,1.7292,1.7292,574,0
AHG.US,5,20251009,162000,1.6895,1.6895,1.6895,1.6895,200,0
AHG.US,5,20251009,163500,1.66,1.66,1.66,1.66,400,0
AHG.US,5,20251009,165500,1.64,1.64,1.64,1.64,115,0
AHG.US,5,20251009,170000,1.66,1.66,1.64,1.64,302,0
AHG.US,5,20251009,170500,1.6206,1.63,1.62,1.63,3100,0
AHG.US,5,20251009,171000,1.63,1.64,1.62,1.62,452,0
AHG.US,5,20251009,171500,1.6,1.6,1.57,1.59,317,0
AHG.US,5,20251009,172500,1.56,1.56,1.56,1.56,110,0
AHG.US,5,20251009,173000,1.64,1.69,1.6399,1.69,7281,0
AHG.US,5,20251009,175500,1.619,1.619,1.619,1.619,100,0
AHG.US,5,20251009,180000,1.6987,1.6987,1.6987,1.6987,100,0
AHG.US,5,20251009,213500,1.7,1.7,1.7,1.7,555,0
AHG.US,5,20251010,153000,1.72,1.72,1.56,1.6,4779,0
AHG.US,5,20251010,153500,1.6,1.6,1.6,1.6,115,0
AHG.US,5,20251010,160000,1.57,1.64,1.57,1.57,800,0
AHG.US,5,20251010,160500,1.65,1.74,1.64,1.6801,7487,0
AHG.US,5,20251010,165500,1.68,1.68,1.68,1.68,100,0
AHG.US,5,20251010,171500,1.6095,1.6095,1.6095,1.6095,171,0
AHG.US,5,20251010,172500,1.66,1.67,1.66,1.67,3000,0
AHG.US,5,20251010,202500,1.7399,1.7399,1.7399,1.7399,229,0
AHG.US,5,20251010,204500,1.6878,1.6878,1.6878,1.6878,1325,0
AHG.US,5,20251010,205000,1.6656,1.6656,1.6656,1.6656,135,0
AHG.US,5,20251010,205500,1.66,1.66,1.66,1.66,100,0
AHG.US,5,20251010,215500,1.6,1.6,1.6,1.6,100,0
AHG.US,5,20251013,153500,1.5371,1.5371,1.5371,1.5371,200,0
AHG.US,5,20251013,155000,1.57,1.57,1.57,1.57,100,0
AHG.US,5,20251013,160000,1.6,1.6206,1.6,1.61,4052,0
AHG.US,5,20251013,171000,1.575,1.575,1.575,1.575,100,0
AHG.US,5,20251013,180000,1.575,1.575,1.575,1.575,449,0
AHG.US,5,20251013,180500,1.54,1.55,1.54,1.55,300,0
AHG.US,5,20251013,185000,1.58,1.63,1.58,1.63,2410,0
AHG.US,5,20251013,191500,1.61,1.61,1.61,1.61,100,0
AHG.US,5,20251013,192000,1.61,1.61,1.61,1.61,200,0
AHG.US,5,20251013,194500,1.6769,1.6769,1.6769,1.6769,200,0
AHG.US,5,20251013,205500,1.61,1.61,1.61,1.61,102,0
AHG.US,5,20251013,214000,1.65,1.65,1.65,1.65,513,0
AHG.US,5,20251013,214500,1.6773,1.6773,1.6773,1.6773,115,0
AHG.US,5,20251013,215500,1.71,1.71,1.71,1.71,102,0
AHG.US,5,20251014,153500,1.6881,1.69,1.6881,1.69,200,0
AHG.US,5,20251014,160000,1.66,1.66,1.62,1.65,2100,0
AHG.US,5,20251014,164500,1.65,1.65,1.65,1.65,1100,0
AHG.US,5,20251014,180500,1.6,1.61,1.6,1.61,215,0
AHG.US,5,20251014,184500,1.7,1.7,1.65,1.65,772,0
AHG.US,5,20251014,192500,1.67,1.67,1.67,1.67,100,0
AHG.US,5,20251014,200000,1.66,1.66,1.66,1.66,1726,0
AHG.US,5,20251014,212000,1.65,1.65,1.65,1.65,200,0
AHG.US,5,20251014,213500,1.66,1.66,1.66,1.66,237,0
AHG.US,5,20251014,215500,1.6594,1.66,1.6594,1.66,2168,0
AHG.US,5,20251015,174500,1.69,1.74,1.69,1.74,1401,0
AHG.US,5,20251015,194500,1.63,1.63,1.63,1.63,100,0
AHG.US,5,20251015,212000,1.71,1.71,1.71,1.71,1945,0
AHG.US,5,20251015,215500,1.73,1.73,1.73,1.73,167,0
AHG.US,5,20251016,153000,1.69,1.69,1.69,1.69,184,0
AHG.US,5,20251016,181500,1.66,1.66,1.66,1.66,375,0
AHG.US,5,20251016,183000,1.72,1.72,1.715,1.72,400,0
AHG.US,5,20251016,185000,1.65,1.65,1.65,1.65,100,0
AHG.US,5,20251016,190500,1.66,1.66,1.66,1.66,100,0
AHG.US,5,20251017,153000,1.63,1.63,1.63,1.63,129,0
AHG.US,5,20251017,155500,1.68,1.68,1.68,1.68,1000,0
AHG.US,5,20251017,160500,1.705,1.705,1.705,1.705,200,0
AHG.US,5,20251017,165000,1.71,1.71,1.71,1.71,102,0
AHG.US,5,20251017,171000,1.69,1.69,1.69,1.69,200,0
AHG.US,5,20251017,172500,1.69,1.69,1.69,1.69,124,0
AHG.US,5,20251017,180000,1.691,1.691,1.691,1.691,126,0
AHG.US,5,20251017,182000,1.68,1.68,1.68,1.68,100,0
AHG.US,5,20251017,182500,1.68,1.68,1.68,1.68,100,0
AHG.US,5,20251017,184500,1.68,1.68,1.68,1.68,1046,0
AHG.US,5,20251017,200000,1.64,1.64,1.64,1.64,200,0
AHG.US,5,20251020,161500,1.6701,1.6701,1.6701,1.6701,200,0
AHG.US,5,20251020,162000,1.6601,1.6601,1.6601,1.6601,200,0
AHG.US,5,20251020,200000,1.66,1.66,1.66,1.66,200,0
AHG.US,5,20251021,153000,1.66,1.68,1.66,1.68,1022,0
AHG.US,5,20251021,170500,1.69,1.71,1.69,1.7,1683,0
AHG.US,5,20251021,182500,1.68,1.68,1.64,1.64,2000,0
AHG.US,5,20251021,185500,1.7,1.7,1.7,1.7,588,0
AHG.US,5,20251021,191000,1.655,1.655,1.655,1.655,1157,0
AHG.US,5,20251021,210000,1.63,1.63,1.63,1.63,100,0
AHG.US,5,20251021,212500,1.63,1.63,1.63,1.63,140,0
AHG.US,5,20251022,161000,1.67,1.67,1.66,1.67,500,0
AHG.US,5,20251022,163000,1.66,1.66,1.66,1.66,874,0
AHG.US,5,20251022,170000,1.62,1.62,1.62,1.62,100,0
AHG.US,5,20251022,172000,1.6275,1.6275,1.6275,1.6275,122,0
AHG.US,5,20251022,174000,1.61,1.61,1.61,1.61,1000,0
AHG.US,5,20251022,183500,1.6101,1.6101,1.6101,1.6101,2000,0
AHG.US,5,20251022,184000,1.61,1.61,1.61,1.61,3000,0
AHG.US,5,20251022,191500,1.61,1.6161,1.61,1.6161,355,0
AHG.US,5,20251022,192000,1.6,1.6,1.6,1.6,4564,0
AHG.US,5,20251022,202000,1.56,1.56,1.56,1.56,100,0
AHG.US,5,20251022,212000,1.54,1.54,1.54,1.54,100,0
AHG.US,5,20251023,153500,1.61,1.615,1.61,1.61,401,0
AHG.US,5,20251023,174500,1.65,1.65,1.65,1.65,500,0
AHG.US,5,20251023,182000,1.66,1.66,1.66,1.66,301,0
AHG.US,5,20251023,191500,1.67,1.67,1.67,1.67,100,0
AHG.US,5,20251023,193000,1.6678,1.6678,1.6678,1.6678,151,0
AHG.US,5,20251023,194500,1.66,1.66,1.66,1.66,403,0
AHG.US,5,20251023,202000,1.6697,1.6697,1.6697,1.6697,112,0
AHG.US,5,20251023,204500,1.68,1.68,1.68,1.68,100,0
AHG.US,5,20251024,154500,1.695,1.695,1.695,1.695,111,0
AHG.US,5,20251024,183000,1.7,1.7,1.7,1.7,250,0
AHG.US,5,20251024,212000,1.7011,1.7011,1.7011,1.7011,100,0
AHG.US,5,20251027,154000,1.69,1.69,1.69,1.69,111,0
AHG.US,5,20251027,191500,1.691,1.691,1.6906,1.6906,1000,0
AHG.US,5,20251027,200500,1.69,1.69,1.69,1.69,308,0
AHG.US,5,20251027,202000,1.64,1.64,1.64,1.64,115,0
AHG.US,5,20251028,153500,1.605,1.605,1.605,1.605,200,0
AHG.US,5,20251028,163000,1.605,1.605,1.605,1.605,522,0
AHG.US,5,20251028,164500,1.53,1.68,1.53,1.68,1364,0
AHG.US,5,20251028,165000,1.66,1.66,1.63,1.63,680,0
AHG.US,5,20251028,172000,1.69,1.69,1.6524,1.6524,228,0
AHG.US,5,20251028,181000,1.6,1.6001,1.6,1.6001,3200,0
AHG.US,5,20251028,182000,1.63,1.63,1.56,1.58,2787,0
AHG.US,5,20251028,190500,1.5876,1.5876,1.5876,1.5876,100,0
AHG.US,5,20251029,143000,1.56,1.56,1.56,1.56,274,0
AHG.US,5,20251029,150500,1.6,1.6,1.6,1.6,100,0
AHG.US,5,20251029,154500,1.601,1.601,1.59,1.59,7484,0
AHG.US,5,20251029,160500,1.5876,1.5876,1.5876,1.5876,100,0
AHG.US,5,20251030,143000,1.74,1.74,1.74,1.74,4970,0
AHG.US,5,20251030,145000,1.625,1.625,1.625,1.625,257,0
AHG.US,5,20251030,145500,1.625,1.625,1.625,1.625,1592,0
AHG.US,5,20251030,175500,1.58,1.58,1.58,1.58,700,0
AHG.US,5,20251030,182500,1.6332,1.6332,1.6332,1.6332,800,0
AHG.US,5,20251030,190500,1.6816,1.6816,1.6816,1.6816,275,0
AHG.US,5,20251030,201000,1.6826,1.6826,1.6826,1.6826,100,0
AHG.US,5,20251030,204000,1.6717,1.6717,1.6717,1.6717,100,0
AHG.US,5,20251031,150500,1.86,1.86,1.67,1.67,1084,0
AHG.US,5,20251031,153500,1.75,1.75,1.75,1.75,100,0
AHG.US,5,20251031,154500,1.71,1.71,1.71,1.71,199,0
AHG.US,5,20251031,161000,1.8027,1.8027,1.8027,1.8027,120,0
AHG.US,5,20251031,164000,1.7,1.7,1.7,1.7,300,0
AHG.US,5,20251031,164500,1.68,1.68,1.65,1.65,4166,0
AHG.US,5,20251031,171000,1.63,1.63,1.63,1.63,121,0
AHG.US,5,20251031,181000,1.685,1.685,1.685,1.685,2564,0
AHG.US,5,20251031,181500,1.7397,1.7523,1.7397,1.7523,200,0
AHG.US,5,20251031,183000,1.76,1.76,1.76,1.76,100,0
AHG.US,5,20251031,183500,1.6235,1.6235,1.6235,1.6235,275,0
AHG.US,5,20251031,185000,1.7025,1.7025,1.7025,1.7025,100,0
AHG.US,5,20251031,192000,1.77,1.77,1.77,1.77,100,0
AHG.US,5,20251031,200500,1.74,1.74,1.74,1.74,100,0
AHG.US,5,20251031,205000,1.74,1.74,1.74,1.74,100,0
AHG.US,5,20251031,205500,1.6201,1.6201,1.6201,1.6201,800,0
AHG.US,5,20251103,153000,1.65,1.65,1.6425,1.6425,2276,0
AHG.US,5,20251103,160000,1.77,1.77,1.77,1.77,100,0
AHG.US,5,20251103,163500,1.6,1.62,1.6,1.62,1618,0
AHG.US,5,20251103,164000,1.62,1.62,1.62,1.62,868,0
AHG.US,5,20251103,172000,1.73,1.73,1.73,1.73,100,0
AHG.US,5,20251103,181000,1.7,1.7,1.7,1.7,100,0
AHG.US,5,20251103,193500,1.72,1.72,1.72,1.72,100,0
AHG.US,5,20251103,201000,1.72,1.72,1.72,1.72,100,0
AHG.US,5,20251103,205000,1.72,1.72,1.72,1.72,100,0
AHG.US,5,20251103,215500,1.6,1.6,1.6,1.6,345,0
AHG.US,5,20251104,153000,1.75,1.75,1.75,1.75,100,0
AHG.US,5,20251104,164000,1.62,1.62,1.62,1.62,100,0
AHG.US,5,20251104,182000,1.6155,1.6155,1.6155,1.6155,1200,0
AHG.US,5,20251104,194500,1.5911,1.5911,1.5911,1.5911,100,0
AHG.US,5,20251105,153000,1.82,1.82,1.69,1.7,5670,0
AHG.US,5,20251105,154000,1.7,1.7,1.7,1.7,200,0
AHG.US,5,20251105,154500,1.7,1.7,1.7,1.7,196,0
AHG.US,5,20251105,175000,1.6001,1.6001,1.6001,1.6001,4235,0
AHG.US,5,20251105,181500,1.65,1.65,1.65,1.65,333,0
AHG.US,5,20251105,205500,1.7,1.7,1.7,1.7,1017,0
AHG.US,5,20251106,164500,1.69,1.69,1.69,1.69,600,0
AHG.US,5,20251106,165000,1.7,1.7,1.7,1.7,200,0
AHG.US,5,20251106,175000,1.7,1.7,1.7,1.7,200,0
AHG.US,5,20251106,215500,1.69,1.69,1.69,1.69,100,0
AHG.US,5,20251107,155000,1.6482,1.6482,1.6,1.624,1400,0
AHG.US,5,20251107,181000,1.6,1.6,1.6,1.6,600,0
AHG.US,5,20251107,181500,1.6,1.6,1.6,1.6,275,0
AHG.US,5,20251107,183000,1.52,1.52,1.52,1.52,992,0
AHG.US,5,20251107,201000,1.5844,1.5844,1.5844,1.5844,448,0
AHG.US,5,20251107,210000,1.57,1.57,1.57,1.57,650,0
AHG.US,5,20251110,153000,1.57,1.57,1.57,1.57,200,0
AHG.US,5,20251110,153500,1.57,1.57,1.57,1.57,270,0
AHG.US,5,20251110,155000,1.57,1.57,1.57,1.57,200,0
AHG.US,5,20251110,162000,1.5701,1.5701,1.55,1.56,609,0
AHG.US,5,20251110,164000,1.56,1.56,1.56,1.56,124,0
AHG.US,5,20251110,165000,1.55,1.55,1.54,1.54,200,0
AHG.US,5,20251110,172500,1.545,1.545,1.545,1.545,237,0
AHG.US,5,20251110,173500,1.55,1.55,1.55,1.55,308,0
AHG.US,5,20251110,175000,1.55,1.55,1.55,1.55,398,0
AHG.US,5,20251110,183500,1.57,1.57,1.57,1.57,400,0
AHG.US,5,20251110,195500,1.5618,1.5618,1.5618,1.5618,2032,0
AHG.US,5,20251110,201500,1.57,1.58,1.57,1.58,2000,0
AHG.US,5,20251110,211500,1.57,1.57,1.57,1.57,800,0
AHG.US,5,20251111,153000,1.61,1.61,1.61,1.61,546,0
AHG.US,5,20251111,155000,1.55,1.55,1.5495,1.55,7055,0
AHG.US,5,20251111,155500,1.54,1.565,1.53,1.53,9688,0
AHG.US,5,20251111,160500,1.53,1.53,1.53,1.53,2416,0
AHG.US,5,20251111,165000,1.53,1.53,1.52,1.52,400,0
AHG.US,5,20251111,175000,1.52,1.52,1.52,1.52,200,0
AHG.US,5,20251111,181500,1.5344,1.5344,1.5344,1.5344,100,0
AHG.US,5,20251111,182500,1.5399,1.56,1.5399,1.56,11400,0
AHG.US,5,20251111,204000,1.56,1.56,1.56,1.56,100,0
AHG.US,5,20251111,213500,1.56,1.56,1.56,1.56,100,0
AHG.US,5,20251112,164000,1.51,1.51,1.51,1.51,276,0
AHG.US,5,20251113,201000,1.4665,1.49,1.45,1.47,6408,0
AHG.US,5,20251114,194000,1.42,1.42,1.42,1.42,300,0
AHG.US,5,20251114,211000,1.41,1.41,1.41,1.41,105,0
AHG.US,5,20251114,215500,1.41,1.41,1.41,1.41,200,0
AHG.US,5,20251117,153000,1.42,1.42,1.42,1.42,189,0
AHG.US,5,20251117,160500,1.4439,1.4439,1.4439,1.4439,200,0
AHG.US,5,20251117,165000,1.5533,1.5533,1.5533,1.5533,1582,0
AHG.US,5,20251117,191500,1.5042,1.5042,1.5042,1.5042,250,0
AHG.US,5,20251118,153500,1.37,1.37,1.37,1.37,112,0
AHG.US,5,20251118,155500,1.45,1.45,1.33,1.33,200,0
AHG.US,5,20251118,160000,1.46,1.49,1.46,1.49,1000,0
AHG.US,5,20251118,183500,1.5086,1.5086,1.5086,1.5086,400,0
AHG.US,5,20251118,191500,1.51,1.51,1.51,1.51,803,0
AHG.US,5,20251118,202000,1.545,1.5667,1.545,1.5667,600,0
AHG.US,5,20251119,154500,1.57,1.57,1.57,1.57,175,0
AHG.US,5,20251119,173000,1.56,1.56,1.56,1.56,782,0
AHG.US,5,20251119,183000,1.53,1.53,1.53,1.53,200,0
AHG.US,5,20251120,184500,1.54,1.54,1.54,1.54,100,0
AHG.US,5,20251121,153000,1.56,1.56,1.56,1.56,100,0
AHG.US,5,20251121,160000,1.5559,1.5559,1.5559,1.5559,150,0
AHG.US,5,20251121,173500,1.53,1.53,1.53,1.53,100,0
AHG.US,5,20251121,211500,1.5301,1.548,1.5301,1.548,234,0
AHG.US,5,20251124,153000,1.53,1.53,1.35,1.35,5530,0
AHG.US,5,20251124,161500,1.52,1.541,1.52,1.541,300,0
AHG.US,5,20251124,170000,1.48,1.48,1.48,1.48,100,0
AHG.US,5,20251124,180500,1.48,1.48,1.48,1.48,100,0
AHG.US,5,20251124,182000,1.5061,1.5061,1.5061,1.5061,383,0
AHG.US,5,20251125,185500,1.35,1.35,1.35,1.35,100,0
AHG.US,5,20251125,192000,1.5347,1.5347,1.5347,1.5347,100,0
AHG.US,5,20251125,194000,1.3589,1.59,1.3589,1.59,205,0
AHG.US,5,20251125,195000,1.59,1.59,1.59,1.59,108,0
AHG.US,5,20251125,195500,1.3427,1.3427,1.3427,1.3427,400,0
AHG.US,5,20251125,201500,1.59,1.59,1.59,1.59,105,0
AHG.US,5,20251125,202500,1.59,1.59,1.59,1.59,108,0
AHG.US,5,20251125,210500,1.48,1.6,1.45,1.49,5296,0
AHG.US,5,20251125,211000,1.51,1.51,1.5,1.5,508,0
AHG.US,5,20251125,211500,1.46,1.46,1.46,1.46,100,0
AHG.US,5,20251125,215000,1.51,1.51,1.51,1.51,100,0
AHG.US,5,20251126,173500,1.4118,1.4118,1.4118,1.4118,375,0
AHG.US,5,20251126,174500,1.52,1.52,1.51,1.51,582,0
AHG.US,5,20251126,184000,1.51,1.51,1.44,1.44,900,0
AHG.US,5,20251126,191000,1.44,1.44,1.44,1.44,1000,0
AHG.US,5,20251126,194500,1.445,1.445,1.445,1.445,126,0
AHG.US,5,20251126,195000,1.46,1.46,1.46,1.46,933,0
AHG.US,5,20251126,215000,1.5,1.5001,1.5,1.5,4152,0
AHG.US,5,20251128,160000,1.57,1.57,1.57,1.57,200,0
AHG.US,5,20251128,172000,1.57,1.57,1.56,1.56,2141,0
AHG.US,5,20251128,174000,1.26,1.44,1.26,1.44,1600,0
AHG.US,5,20251128,174500,1.32,1.32,1.32,1.32,1066,0
AHG.US,5,20251128,175000,1.2968,1.2968,1.2968,1.2968,200,0
AHG.US,5,20251128,180500,1.36,1.36,1.36,1.36,121,0
AHG.US,5,20251128,181500,1.37,1.3701,1.37,1.3701,4133,0
AHG.US,5,20251128,182500,1.37,1.37,1.37,1.37,100,0
AHG.US,5,20251128,183000,1.41,1.41,1.41,1.41,300,0
AHG.US,5,20251128,184500,1.49,1.49,1.49,1.49,125,0
AHG.US,5,20251201,153000,1.4423,1.4423,1.4423,1.4423,1925,0
AHG.US,5,20251201,181500,1.4101,1.4101,1.4101,1.4101,412,0
AHG.US,5,20251201,192500,1.42,1.42,1.42,1.42,100,0
AHG.US,5,20251202,191500,1.44,1.44,1.44,1.44,100,0
AHG.US,5,20251203,153000,1.38,1.38,1.38,1.38,112,0
AHG.US,5,20251203,181500,1.49,1.49,1.49,1.49,450,0
AHG.US,5,20251203,204000,1.42,1.42,1.41,1.41,2189,0
AHG.US,5,20251203,211500,1.39,1.39,1.39,1.39,100,0
AHG.US,5,20251204,153000,1.345,1.345,1.345,1.345,144,0
AHG.US,5,20251204,163000,1.3,1.3,1.3,1.3,111,0
AHG.US,5,20251204,214000,1.31,1.31,1.31,1.31,100,0
AHG.US,5,20251204,214500,1.37,1.49,1.36,1.49,3134,0
AHG.US,5,20251204,215000,1.46,1.57,1.46,1.57,4808,0
AHG.US,5,20251205,164000,1.34,1.34,1.34,1.34,100,0
AHG.US,5,20251205,165000,1.4979,1.4979,1.4979,1.4979,100,0
AHG.US,5,20251205,174500,1.445,1.445,1.445,1.445,476,0
AHG.US,5,20251205,200000,1.39,1.39,1.39,1.39,100,0
AHG.US,5,20251208,155500,1.35,1.35,1.35,1.35,100,0
AHG.US,5,20251208,162500,1.35,1.35,1.34,1.34,882,0
AHG.US,5,20251208,164000,1.35,1.35,1.35,1.35,135,0
AHG.US,5,20251208,165000,1.34,1.34,1.34,1.34,200,0
AHG.US,5,20251208,173000,1.35,1.35,1.35,1.35,725,0
AHG.US,5,20251209,164000,1.35,1.35,1.35,1.35,100,0
AHG.US,5,20251209,174500,1.35,1.35,1.34,1.3401,2200,0
AHG.US,5,20251209,181000,1.42,1.42,1.42,1.42,113,0
AHG.US,5,20251209,200500,1.34,1.34,1.34,1.34,100,0
AHG.US,5,20251209,210000,1.34,1.34,1.34,1.34,100,0
AHG.US,5,20251209,212000,1.34,1.34,1.34,1.34,278,0
AHG.US,5,20251210,203000,1.405,1.405,1.405,1.405,515,0
AHG.US,5,20251211,160500,1.31,1.31,1.31,1.31,154,0
AHG.US,5,20251211,173000,1.3555,1.3555,1.3555,1.3555,112,0
AHG.US,5,20251212,154500,1.31,1.31,1.31,1.31,100,0
AHG.US,5,20251212,161000,1.31,1.31,1.31,1.31,100,0
AHG.US,5,20251212,163500,1.48,1.48,1.48,1.48,333,0
AHG.US,5,20251212,171500,1.31,1.31,1.31,1.31,100,0
AHG.US,5,20251212,172500,1.39,1.39,1.39,1.39,300,0
AHG.US,5,20251212,173000,1.34,1.35,1.31,1.35,617,0
AHG.US,5,20251215,153000,1.29,1.29,1.29,1.29,184,0
AHG.US,5,20251215,160000,1.31,1.31,1.31,1.31,100,0
AHG.US,5,20251215,162500,1.31,1.31,1.31,1.31,278,0
AHG.US,5,20251215,164000,1.27,1.27,1.2321,1.25,5660,0
AHG.US,5,20251215,183000,1.32,1.32,1.31,1.31,1434,0
AHG.US,5,20251215,202000,1.23,1.23,1.23,1.23,100,0
AHG.US,5,20251215,202500,1.21,1.21,1.21,1.21,117,0
AHG.US,5,20251215,211500,1.2846,1.2846,1.23,1.23,1358,0
AHG.US,5,20251215,212000,1.21,1.21,1.21,1.21,100,0
AHG.US,5,20251216,153000,1.23,1.23,1.23,1.23,144,0
AHG.US,5,20251216,160500,1.22,1.22,1.22,1.22,200,0
AHG.US,5,20251216,212500,1.23,1.23,1.23,1.23,100,0
AHG.US,5,20251217,160000,1.22,1.22,1.22,1.22,200,0
AHG.US,5,20251217,161000,1.22,1.22,1.22,1.22,100,0
AHG.US,5,20251217,191000,1.32,1.39,1.29,1.33,18448,0
AHG.US,5,20251217,192500,1.262,1.262,1.262,1.262,300,0
AHG.US,5,20251217,210500,1.22,1.22,1.22,1.22,100,0
AHG.US,5,20251217,212500,1.22,1.22,1.22,1.22,100,0
AHG.US,5,20251218,181500,1.31,1.31,1.31,1.31,100,0
AHG.US,5,20251218,183500,1.3,1.3,1.3,1.3,100,0
AHG.US,5,20251218,200500,1.3,1.3,1.3,1.3,603,0
AHG.US,5,20251218,210500,1.23,1.23,1.23,1.23,100,0
AHG.US,5,20251218,211000,1.24,1.24,1.23,1.23,534,0
AHG.US,5,20251218,215500,1.31,1.31,1.31,1.31,100,0
AHG.US,5,20251219,153000,1.31,1.31,1.31,1.31,100,0
AHG.US,5,20251219,193500,1.335,1.335,1.335,1.335,241,0
AHG.US,5,20251219,204500,1.31,1.31,1.31,1.31,100,0
AHG.US,5,20251219,212500,1.31,1.31,1.3,1.3001,1966,0
AHG.US,5,20251219,213500,1.3,1.3,1.3,1.3,293,0
AHG.US,5,20251219,215500,1.3,1.3,1.29,1.29,340,0
AHG.US,5,20251222,153000,1.37,1.37,1.37,1.37,363,0
AHG.US,5,20251222,161000,1.23,1.23,1.22,1.22,1805,0
AHG.US,5,20251222,163000,1.23,1.23,1.23,1.23,100,0
AHG.US,5,20251222,172500,1.23,1.23,1.23,1.23,100,0
AHG.US,5,20251222,173000,1.28,1.28,1.28,1.28,427,0
AHG.US,5,20251222,180000,1.23,1.23,1.23,1.23,100,0
AHG.US,5,20251222,182000,1.23,1.23,1.23,1.23,187,0
AHG.US,5,20251222,192500,1.23,1.28,1.23,1.28,752,0
AHG.US,5,20251222,210000,1.22,1.22,1.22,1.22,199,0
AHG.US,5,20251222,210500,1.22,1.35,1.22,1.33,9687,0
AHG.US,5,20251222,211000,1.33,1.36,1.26,1.26,8088,0
AHG.US,5,20251222,211500,1.26,1.28,1.26,1.28,500,0
AHG.US,5,20251222,212000,1.26,1.26,1.26,1.26,526,0
AHG.US,5,20251222,214000,1.29,1.29,1.29,1.29,100,0
AHG.US,5,20251222,214500,1.29,1.29,1.29,1.29,600,0
AHG.US,5,20251222,215500,1.2575,1.2575,1.2575,1.2575,181,0
AHG.US,5,20251223,164500,1.39,1.39,1.39,1.39,384,0
AHG.US,5,20251223,175000,1.31,1.31,1.31,1.31,100,0
AHG.US,5,20251223,175500,1.32,1.4,1.32,1.38,13418,0
AHG.US,5,20251223,180000,1.33,1.34,1.33,1.34,1000,0
AHG.US,5,20251223,182500,1.32,1.35,1.31,1.35,700,0
AHG.US,5,20251223,183000,1.35,1.35,1.35,1.35,200,0
AHG.US,5,20251223,191000,1.37,1.37,1.37,1.37,150,0
AHG.US,5,20251223,193500,1.34,1.34,1.34,1.34,600,0
AHG.US,5,20251223,194000,1.24,1.24,1.24,1.24,100,0
AHG.US,5,20251223,194500,1.29,1.355,1.29,1.355,8586,0
AHG.US,5,20251223,202000,1.3232,1.3232,1.3232,1.3232,499,0
AHG.US,5,20251223,204000,1.33,1.33,1.33,1.33,200,0
AHG.US,5,20251223,210500,1.27,1.27,1.27,1.27,100,0
AHG.US,5,20251223,211500,1.3,1.4,1.3,1.38,1700,0
AHG.US,5,20251223,212000,1.39,1.39,1.28,1.32,8713,0
AHG.US,5,20251223,212500,1.32,1.45,1.31,1.39,5316,0
AHG.US,5,20251223,213000,1.4,1.41,1.34,1.35,5783,0
AHG.US,5,20251223,214000,1.34,1.39,1.33,1.3544,4433,0
AHG.US,5,20251224,153000,1.3,1.3,1.3,1.3,295,0
AHG.US,5,20251224,155500,1.3,1.3,1.3,1.3,178,0
AHG.US,5,20251224,162000,1.3,1.37,1.25,1.25,400,0
AHG.US,5,20251224,162500,1.34,1.38,1.32,1.38,8966,0
AHG.US,5,20251224,163000,1.35,1.41,1.35,1.39,5598,0
AHG.US,5,20251224,163500,1.41,1.41,1.39,1.4,1709,0
AHG.US,5,20251224,164500,1.385,1.385,1.385,1.385,142,0
AHG.US,5,20251224,165000,1.3713,1.3713,1.3713,1.3713,100,0
AHG.US,5,20251224,172000,1.4,1.4,1.4,1.4,1297,0
AHG.US,5,20251224,173000,1.39,1.39,1.38,1.39,300,0
AHG.US,5,20251224,183000,1.35,1.35,1.35,1.35,1102,0
AHG.US,5,20251224,185500,1.48,1.5,1.41,1.41,6551,0
AHG.US,5,20251226,153000,1.36,1.36,1.36,1.36,253,0
AHG.US,5,20251226,160000,1.24,1.24,1.24,1.24,108,0
AHG.US,5,20251226,172500,1.305,1.305,1.305,1.305,100,0
AHG.US,5,20251226,173500,1.34,1.41,1.34,1.39,10193,0
AHG.US,5,20251226,174000,1.44,1.44,1.44,1.44,162,0
AHG.US,5,20251226,174500,1.39,1.39,1.39,1.39,213,0
AHG.US,5,20251226,181500,1.39,1.44,1.39,1.41,2769,0
AHG.US,5,20251226,182000,1.4,1.44,1.38,1.39,4054,0
AHG.US,5,20251226,182500,1.4,1.41,1.39,1.39,1352,0
AHG.US,5,20251226,203000,1.44,1.45,1.44,1.44,723,0
AHG.US,5,20251226,203500,1.44,1.5,1.38,1.44,3720,0
AHG.US,5,20251226,204000,1.44,1.45,1.4,1.45,9313,0
AHG.US,5,20251226,204500,1.39,1.39,1.33,1.33,690,0
AHG.US,5,20251226,205000,1.35,1.35,1.3,1.34,7028,0
AHG.US,5,20251226,205500,1.43,1.43,1.42,1.42,2200,0
AHG.US,5,20251226,210000,1.42,1.43,1.41,1.43,870,0
AHG.US,5,20251226,211500,1.41,1.43,1.38,1.38,7162,0
AHG.US,5,20251226,212000,1.36,1.43,1.34,1.43,7743,0
AHG.US,5,20251226,212500,1.42,1.43,1.38,1.43,3246,0
AHG.US,5,20251226,213500,1.385,1.3999,1.385,1.3999,600,0
AHG.US,5,20251229,153500,1.33,1.35,1.33,1.33,300,0
AHG.US,5,20251229,160500,1.3898,1.3898,1.3898,1.3898,1000,0
AHG.US,5,20251229,165000,1.3863,1.39,1.38,1.39,2515,0
AHG.US,5,20251229,170500,1.4,1.4,1.39,1.39,1084,0
AHG.US,5,20251229,174500,1.3901,1.3901,1.3901,1.3901,3968,0
AHG.US,5,20251229,175000,1.39,1.4,1.37,1.4,1899,0
AHG.US,5,20251229,185500,1.36,1.36,1.36,1.36,1559,0
AHG.US,5,20251229,212500,1.33,1.33,1.33,1.33,200,0
AHG.US,5,20251229,215500,1.42,1.43,1.42,1.43,388,0
AHG.US,5,20251230,173500,1.29,1.33,1.27,1.33,1467,0
AHG.US,5,20251230,174500,1.38,1.38,1.33,1.35,1000,0
AHG.US,5,20251230,175000,1.37,1.4,1.37,1.4,1700,0
AHG.US,5,20251230,175500,1.4,1.51,1.38,1.43,4385,0
AHG.US,5,20251230,180000,1.43,1.47,1.39,1.41,9683,0
AHG.US,5,20251230,181000,1.4,1.4,1.4,1.4,400,0
AHG.US,5,20251230,181500,1.4,1.435,1.4,1.4,1458,0
AHG.US,5,20251230,183500,1.4,1.4,1.4,1.4,200,0
AHG.US,5,20251230,191000,1.38,1.38,1.38,1.38,100,0
AHG.US,5,20251230,191500,1.46,1.51,1.43,1.43,5953,0
AHG.US,5,20251230,192000,1.38,1.59,1.38,1.59,9600,0
AHG.US,5,20251230,192500,1.53,1.59,1.52,1.54,2744,0
AHG.US,5,20251230,193000,1.55,1.65,1.55,1.595,11316,0
AHG.US,5,20251230,193500,1.6,1.6,1.4817,1.4817,3100,0
AHG.US,5,20251230,194500,1.51,1.51,1.51,1.51,130,0
AHG.US,5,20251230,200000,1.54,1.54,1.5,1.54,902,0
AHG.US,5,20251230,200500,1.44,1.44,1.44,1.44,9100,0
AHG.US,5,20251230,201500,1.54,1.6,1.525,1.55,10704,0
AHG.US,5,20251230,202000,1.55,1.56,1.51,1.51,2400,0
AHG.US,5,20251230,202500,1.59,1.59,1.52,1.56,900,0
AHG.US,5,20251230,203000,1.59,1.59,1.51,1.55,7000,0
AHG.US,5,20251230,203500,1.57,1.6,1.55,1.55,1977,0
AHG.US,5,20251230,204500,1.575,1.575,1.575,1.575,264,0
AHG.US,5,20251230,205000,1.61,1.62,1.55,1.55,500,0
AHG.US,5,20251230,205500,1.53,1.63,1.52,1.5986,3279,0
AHG.US,5,20251230,210000,1.59,1.59,1.52,1.54,593,0
AHG.US,5,20251230,213000,1.575,1.575,1.575,1.575,100,0
AHG.US,5,20251230,213500,1.5393,1.5393,1.53,1.53,200,0
AHG.US,5,20251230,215000,1.5,1.53,1.5,1.53,4560,0
AHG.US,5,20251230,215500,1.56,1.7,1.56,1.65,5212,0
AHG.US,5,20251231,153000,1.61,1.61,1.61,1.61,367,0
AHG.US,5,20251231,153500,1.62,1.64,1.61,1.61,1500,0
AHG.US,5,20251231,154000,1.63,1.63,1.62,1.62,200,0
AHG.US,5,20251231,161500,1.61,1.63,1.61,1.63,1100,0
AHG.US,5,20251231,162000,1.57,1.58,1.57,1.57,300,0
AHG.US,5,20251231,165000,1.6,1.6,1.6,1.6,100,0
AHG.US,5,20251231,171500,1.6,1.61,1.59,1.59,2815,0
AHG.US,5,20251231,181000,1.58,1.58,1.58,1.58,600,0
AHG.US,5,20251231,182500,1.59,1.59,1.59,1.59,498,0
AHG.US,5,20251231,184000,1.58,1.58,1.58,1.58,500,0
AHG.US,5,20251231,192000,1.62,1.62,1.585,1.59,665,0
AHG.US,5,20251231,192500,1.58,1.58,1.58,1.58,100,0
AHG.US,5,20251231,193000,1.58,1.58,1.58,1.58,100,0
AHG.US,5,20251231,194500,1.58,1.58,1.57,1.57,1301,0
AHG.US,5,20251231,201000,1.56,1.56,1.55,1.55,802,0
AHG.US,5,20251231,201500,1.56,1.63,1.56,1.63,2000,0
AHG.US,5,20251231,202000,1.56,1.56,1.55,1.55,200,0
AHG.US,5,20251231,202500,1.525,1.53,1.52,1.52,1789,0
AHG.US,5,20251231,203000,1.56,1.56,1.56,1.56,600,0
AHG.US,5,20251231,203500,1.532,1.532,1.53,1.53,700,0
AHG.US,5,20251231,205000,1.52,1.52,1.52,1.52,200,0
AHG.US,5,20251231,205500,1.52,1.62,1.52,1.62,299,0
AHG.US,5,20251231,210500,1.55,1.55,1.54,1.55,600,0
AHG.US,5,20251231,211000,1.55,1.55,1.55,1.55,662,0
AHG.US,5,20251231,212000,1.54,1.54,1.54,1.54,100,0
AHG.US,5,20251231,212500,1.49,1.54,1.48,1.51,2132,0
AHG.US,5,20251231,213000,1.51,1.59,1.51,1.59,2000,0
AHG.US,5,20251231,213500,1.6,1.6,1.6,1.6,100,0
AHG.US,5,20251231,214000,1.66,1.66,1.57,1.57,900,0
AHG.US,5,20251231,214500,1.6,1.63,1.56,1.56,1500,0
AHG.US,5,20251231,215000,1.57,1.57,1.56,1.56,1236,0
AHG.US,5,20251231,215500,1.64,1.64,1.4902,1.64,836,0
AHG.US,5,20260102,153000,1.67,1.67,1.61,1.61,600,0
AHG.US,5,20260102,153500,1.6,1.6,1.6,1.6,600,0
AHG.US,5,20260102,154500,1.58,1.58,1.58,1.58,100,0
AHG.US,5,20260102,160500,1.58,1.58,1.58,1.58,300,0
AHG.US,5,20260102,165500,1.56,1.56,1.56,1.56,100,0
AHG.US,5,20260102,170000,1.57,1.57,1.55,1.55,1063,0
AHG.US,5,20260102,170500,1.54,1.55,1.54,1.55,1000,0
AHG.US,5,20260102,171500,1.55,1.55,1.55,1.55,100,0
AHG.US,5,20260102,173000,1.59,1.59,1.53,1.53,3222,0
AHG.US,5,20260102,173500,1.53,1.55,1.51,1.51,1119,0
AHG.US,5,20260102,174000,1.49,1.51,1.4825,1.5,1150,0
AHG.US,5,20260102,174500,1.5,1.5,1.47,1.5,2469,0
AHG.US,5,20260102,175000,1.49,1.53,1.46,1.49,2854,0
AHG.US,5,20260102,175500,1.43,1.47,1.39,1.44,2800,0
AHG.US,5,20260102,180000,1.39,1.5,1.37,1.4,20400,0
AHG.US,5,20260102,180500,1.38,1.41,1.34,1.4,2240,0
AHG.US,5,20260102,181000,1.39,1.6,1.39,1.49,14082,0
AHG.US,5,20260102,181500,1.49,1.49,1.4,1.4,5300,0
AHG.US,5,20260102,182000,1.42,1.49,1.42,1.49,550,0
AHG.US,5,20260102,182500,1.5,1.52,1.4,1.52,12331,0
AHG.US,5,20260102,183000,1.51,1.65,1.51,1.65,8700,0
AHG.US,5,20260102,183500,1.64,1.65,1.59,1.59,4284,0
AHG.US,5,20260102,184000,1.64,1.69,1.6,1.69,2200,0
AHG.US,5,20260102,184500,1.68,1.69,1.62,1.62,3242,0
AHG.US,5,20260102,185000,1.6,1.6,1.59,1.59,13908,0
AHG.US,5,20260102,185500,1.62,1.62,1.62,1.62,400,0
AHG.US,5,20260102,190000,1.58,1.58,1.57,1.57,1000,0
AHG.US,5,20260102,190500,1.565,1.59,1.51,1.57,8600,0
AHG.US,5,20260102,191000,1.59,1.59,1.57,1.57,300,0
AHG.US,5,20260102,192500,1.62,1.62,1.58,1.58,672,0
AHG.US,5,20260102,193000,1.58,1.58,1.58,1.58,100,0
AHG.US,5,20260102,195500,1.5801,1.5801,1.5801,1.5801,400,0
AHG.US,5,20260102,201000,1.63,1.68,1.63,1.68,750,0
AHG.US,5,20260102,201500,1.6,1.63,1.6,1.63,200,0
AHG.US,5,20260102,202500,1.69,1.69,1.57,1.58,5802,0
AHG.US,5,20260102,203500,1.66,1.66,1.66,1.66,100,0
AHG.US,5,20260102,204000,1.63,1.63,1.57,1.57,2240,0
AHG.US,5,20260102,211500,1.65,1.65,1.56,1.57,1600,0
AHG.US,5,20260102,213500,1.6,1.6,1.6,1.6,215,0
AHG.US,5,20260105,153000,1.6,1.6,1.6,1.6,118,0
AHG.US,5,20260105,154000,1.61,1.61,1.61,1.61,100,0
AHG.US,5,20260105,154500,1.6,1.6,1.6,1.6,100,0
AHG.US,5,20260105,160000,1.57,1.57,1.57,1.57,100,0
AHG.US,5,20260105,162500,1.59,1.59,1.59,1.59,100,0
AHG.US,5,20260105,164500,1.64,1.65,1.58,1.58,1100,0
AHG.US,5,20260105,170500,1.58,1.58,1.58,1.58,600,0
AHG.US,5,20260105,172000,1.58,1.58,1.58,1.58,100,0
AHG.US,5,20260105,172500,1.56,1.56,1.555,1.56,403,0
AHG.US,5,20260105,173000,1.61,1.61,1.49,1.49,10141,0
AHG.US,5,20260105,173500,1.49,1.49,1.49,1.49,100,0
AHG.US,5,20260105,174500,1.51,1.51,1.5,1.5,200,0
AHG.US,5,20260105,175000,1.49,1.5,1.49,1.5,400,0
AHG.US,5,20260105,175500,1.49,1.49,1.49,1.49,100,0
AHG.US,5,20260105,180000,1.49,1.49,1.49,1.49,101,0
AHG.US,5,20260105,181000,1.5,1.5,1.5,1.5,280,0
AHG.US,5,20260105,183500,1.5,1.5,1.5,1.5,100,0
AHG.US,5,20260105,190500,1.54,1.54,1.54,1.54,126,0
AHG.US,5,20260105,193000,1.49,1.49,1.49,1.49,100,0
AHG.US,5,20260105,215000,1.49,1.49,1.49,1.49,165,0
AHG.US,5,20260106,154000,1.446,1.455,1.446,1.455,230,0
AHG.US,5,20260106,164500,1.4738,1.4738,1.4738,1.4738,400,0
AHG.US,5,20260106,165000,1.46,1.46,1.46,1.46,100,0
AHG.US,5,20260106,165500,1.415,1.42,1.415,1.42,340,0
AHG.US,5,20260106,170000,1.41,1.41,1.41,1.41,100,0
AHG.US,5,20260106,174500,1.41,1.41,1.41,1.41,100,0
AHG.US,5,20260106,175500,1.37,1.37,1.37,1.37,1035,0
AHG.US,5,20260106,181000,1.39,1.39,1.39,1.39,730,0
AHG.US,5,20260107,153000,1.3674,1.3674,1.36,1.36,327,0
AHG.US,5,20260107,154000,1.39,1.39,1.38,1.38,1300,0
AHG.US,5,20260107,161000,1.4,1.4,1.4,1.4,700,0
AHG.US,5,20260107,161500,1.425,1.425,1.425,1.425,1000,0
AHG.US,5,20260107,162000,1.4,1.4,1.4,1.4,1300,0
AHG.US,5,20260107,170500,1.38,1.38,1.38,1.38,100,0
AHG.US,5,20260107,174000,1.41,1.41,1.41,1.41,287,0
AHG.US,5,20260107,174500,1.415,1.415,1.415,1.415,444,0
AHG.US,5,20260107,175000,1.41,1.41,1.41,1.41,710,0
AHG.US,5,20260107,181000,1.41,1.41,1.41,1.41,150,0
AHG.US,5,20260107,191500,1.42,1.42,1.395,1.395,6829,0
AHG.US,5,20260107,194000,1.41,1.41,1.41,1.41,100,0
AHG.US,5,20260107,201000,1.41,1.41,1.41,1.41,100,0
AHG.US,5,20260107,202500,1.395,1.395,1.395,1.395,100,0
AHG.US,5,20260107,210000,1.41,1.41,1.41,1.41,100,0
AHG.US,5,20260107,213000,1.38,1.38,1.37,1.37,400,0
AHG.US,5,20260107,215000,1.41,1.41,1.41,1.41,100,0
AHG.US,5,20260107,215500,1.38,1.38,1.38,1.38,200,0
AHG.US,5,20260108,153500,1.43,1.43,1.43,1.43,100,0
AHG.US,5,20260108,162500,1.38,1.38,1.38,1.38,1376,0
AHG.US,5,20260108,194000,1.32,1.32,1.32,1.32,100,0
AHG.US,5,20260108,205000,1.33,1.33,1.33,1.33,100,0
AHG.US,5,20260109,153000,1.43,1.43,1.43,1.43,102,0
AHG.US,5,20260109,154000,1.337,1.337,1.337,1.337,100,0
AHG.US,5,20260109,154500,1.42,1.42,1.42,1.42,100,0
AHG.US,5,20260109,205500,1.34,1.38,1.34,1.38,300,0
AHG.US,5,20260112,170000,1.364,1.364,1.364,1.364,400,0
AHG.US,5,20260112,172500,1.36,1.36,1.36,1.36,1200,0
AHG.US,5,20260112,173000,1.37,1.37,1.37,1.37,100,0
AHG.US,5,20260112,193000,1.37,1.37,1.37,1.37,100,0
AHG.US,5,20260112,201000,1.36,1.36,1.36,1.36,100,0
AHG.US,5,20260112,205500,1.396,1.396,1.396,1.396,100,0
AHG.US,5,20260112,213000,1.4,1.5,1.37,1.5,11558,0
AHG.US,5,20260112,213500,1.51,1.51,1.45,1.46,3489,0
AHG.US,5,20260112,214000,1.48,1.53,1.48,1.53,1700,0
AHG.US,5,20260112,214500,1.61,1.61,1.5,1.51,3000,0
AHG.US,5,20260112,215000,1.51,1.555,1.51,1.555,900,0
AHG.US,5,20260112,215500,1.55,1.55,1.54,1.54,648,0
AHG.US,5,20260113,153000,1.53,1.56,1.51,1.52,1309,0
AHG.US,5,20260113,162000,1.54,1.54,1.48,1.5,600,0
AHG.US,5,20260113,162500,1.495,1.495,1.45,1.45,1066,0
AHG.US,5,20260113,171000,1.48,1.49,1.43,1.47,6546,0
AHG.US,5,20260113,175000,1.5,1.5,1.48,1.485,800,0
AHG.US,5,20260113,183000,1.51,1.51,1.45,1.45,1100,0
AHG.US,5,20260113,183500,1.46,1.46,1.45,1.45,1032,0
AHG.US,5,20260113,185000,1.53,1.53,1.53,1.53,300,0
AHG.US,5,20260113,185500,1.445,1.445,1.44,1.44,400,0
AHG.US,5,20260113,193500,1.46,1.46,1.45,1.45,400,0
AHG.US,5,20260113,194000,1.45,1.45,1.45,1.45,200,0
AHG.US,5,20260113,203500,1.45,1.45,1.45,1.45,113,0
AHG.US,5,20260114,153000,1.49,1.49,1.49,1.49,2005,0
AHG.US,5,20260114,153500,1.49,1.5,1.4,1.4,1601,0
AHG.US,5,20260114,154500,1.46,1.46,1.46,1.46,100,0
AHG.US,5,20260114,160000,1.45,1.49,1.4,1.48,7300,0
AHG.US,5,20260114,160500,1.48,1.52,1.48,1.51,2900,0
AHG.US,5,20260114,161000,1.53,1.53,1.48,1.48,500,0
AHG.US,5,20260114,164000,1.47,1.47,1.47,1.47,200,0
AHG.US,5,20260114,164500,1.51,1.54,1.51,1.54,760,0
AHG.US,5,20260114,165000,1.48,1.48,1.45,1.48,4141,0
AHG.US,5,20260114,165500,1.45,1.45,1.45,1.45,105,0
AHG.US,5,20260114,170000,1.45,1.45,1.45,1.45,200,0
AHG.US,5,20260114,171500,1.475,1.475,1.455,1.455,2900,0
AHG.US,5,20260114,172000,1.45,1.45,1.44,1.44,701,0
AHG.US,5,20260114,182000,1.42,1.42,1.415,1.42,400,0
AHG.US,5,20260114,183500,1.44,1.44,1.44,1.44,100,0
AHG.US,5,20260114,195500,1.4,1.4,1.4,1.4,500,0
AHG.US,5,20260114,214500,1.41,1.41,1.41,1.41,400,0
AHG.US,5,20260114,215000,1.41,1.41,1.405,1.405,1833,0
AHG.US,5,20260114,215500,1.42,1.42,1.415,1.415,300,0
AHG.US,5,20260115,160000,1.47,1.47,1.37,1.39,7461,0
AHG.US,5,20260115,164000,1.38,1.38,1.38,1.38,154,0
AHG.US,5,20260115,165500,1.39,1.4,1.39,1.4,500,0
AHG.US,5,20260115,170000,1.4,1.44,1.31,1.4,1980,0
AHG.US,5,20260115,180000,1.405,1.405,1.405,1.405,100,0
AHG.US,5,20260115,215000,1.4,1.44,1.39,1.4,700,0
AHG.US,5,20260115,215500,1.4,1.54,1.39,1.53,7100,0
AHG.US,5,20260116,153000,1.53,1.55,1.4701,1.52,2100,0
AHG.US,5,20260116,154500,1.53,1.53,1.53,1.53,249,0
AHG.US,5,20260116,162500,1.41,1.41,1.41,1.41,250,0
AHG.US,5,20260116,170000,1.51,1.51,1.51,1.51,200,0
AHG.US,5,20260116,171000,1.51,1.51,1.51,1.51,925,0
AHG.US,5,20260116,171500,1.51,1.51,1.51,1.51,1195,0
AHG.US,5,20260116,172500,1.57,1.57,1.57,1.57,100,0
AHG.US,5,20260116,173000,1.51,1.51,1.48,1.48,807,0
AHG.US,5,20260116,191000,1.47,1.49,1.47,1.49,709,0
AHG.US,5,20260116,203000,1.4662,1.4662,1.4662,1.4662,100,0
AHG.US,5,20260116,213000,1.5902,1.5902,1.5902,1.5902,302,0
AHG.US,5,20260120,163500,1.43,1.51,1.43,1.51,800,0
AHG.US,5,20260120,174500,1.52,1.52,1.49,1.51,1027,0
AHG.US,5,20260120,182000,1.48,1.48,1.48,1.48,100,0
AHG.US,5,20260120,185000,1.49,1.49,1.49,1.49,100,0
AHG.US,5,20260120,185500,1.49,1.49,1.49,1.49,148,0
AHG.US,5,20260120,194500,1.47,1.47,1.47,1.47,100,0
AHG.US,5,20260120,195000,1.53,1.53,1.53,1.53,800,0
AHG.US,5,20260120,200500,1.48,1.48,1.48,1.48,1246,0
AHG.US,5,20260120,201500,1.48,1.48,1.47,1.47,460,0
AHG.US,5,20260120,202000,1.47,1.48,1.47,1.48,900,0
AHG.US,5,20260120,203000,1.47,1.47,1.47,1.47,100,0
AHG.US,5,20260120,203500,1.45,1.45,1.45,1.45,100,0
AHG.US,5,20260120,204500,1.46,1.46,1.46,1.46,100,0
AHG.US,5,20260120,215000,1.52,1.52,1.52,1.52,100,0
AHG.US,5,20260121,153000,1.57,1.57,1.49,1.5,783,0
AHG.US,5,20260121,153500,1.5,1.5,1.48,1.48,200,0
AHG.US,5,20260121,162000,1.43,1.43,1.43,1.43,100,0
AHG.US,5,20260121,164500,1.47,1.48,1.47,1.47,2300,0
AHG.US,5,20260121,165000,1.545,1.56,1.48,1.48,6056,0
AHG.US,5,20260121,171500,1.48,1.62,1.48,1.62,4438,0
AHG.US,5,20260121,172000,1.52,1.52,1.5,1.51,4470,0
AHG.US,5,20260121,174000,1.5112,1.5112,1.5112,1.5112,132,0
AHG.US,5,20260121,190500,1.52,1.52,1.52,1.52,100,0
AHG.US,5,20260121,195500,1.5,1.5,1.5,1.5,100,0
AHG.US,5,20260121,200000,1.56,1.56,1.56,1.56,272,0
AHG.US,5,20260121,203500,1.49,1.49,1.49,1.49,100,0
AHG.US,5,20260121,210500,1.57,1.62,1.56,1.62,726,0
AHG.US,5,20260121,213500,1.58,1.58,1.58,1.58,200,0
AHG.US,5,20260121,215500,1.57,1.57,1.57,1.57,100,0
AHG.US,5,20260122,161500,1.58,1.58,1.58,1.58,100,0
AHG.US,5,20260122,164500,1.57,1.57,1.57,1.57,100,0
AHG.US,5,20260122,165000,1.58,1.58,1.57,1.57,2900,0
AHG.US,5,20260122,175000,1.4636,1.4636,1.4636,1.4636,100,0
AHG.US,5,20260122,205000,1.55,1.56,1.55,1.56,945,0
AHG.US,5,20260122,215500,1.525,1.525,1.525,1.525,782,0
AHG.US,5,20260123,155000,1.6,1.6,1.6,1.6,3000,0
AHG.US,5,20260123,161000,1.58,1.58,1.58,1.58,564,0
AHG.US,5,20260123,161500,1.58,1.58,1.58,1.58,136,0
AHG.US,5,20260123,215500,1.51,1.51,1.51,1.51,156,0
