<TICKER>,<PER>,<DATE>,<TIME>,<OPEN>,<HIGH>,<LOW>,<CLOSE>,<VOL>,<OPENINT>
DSYWW.US,5,20250829,153000,0.021,0.021,0.021,0.021,250,0
DSYWW.US,5,20250829,190500,0.02,0.021,0.02,0.021,200,0
DSYWW.US,5,20250902,153000,0.0209,0.0209,0.0209,0.0209,100,0
DSYWW.US,5,20250902,154000,0.0209,0.0209,0.0209,0.0209,100,0
DSYWW.US,5,20250902,155500,0.0209,0.0209,0.0208,0.0208,800,0
DSYWW.US,5,20250902,162000,0.0209,0.0209,0.0209,0.0209,100,0
DSYWW.US,5,20250902,162500,0.015601,0.015601,0.015601,0.015601,600,0
DSYWW.US,5,20250902,163500,0.0209,0.0209,0.0209,0.0209,100,0
DSYWW.US,5,20250902,165000,0.0209,0.0209,0.0209,0.0209,100,0
DSYWW.US,5,20250902,170000,0.018,0.0209,0.018,0.0209,228,0
DSYWW.US,5,20250902,171000,0.0209,0.0209,0.0209,0.0209,200,0
DSYWW.US,5,20250902,174000,0.0209,0.0209,0.0209,0.0209,200,0
DSYWW.US,5,20250902,181000,0.0209,0.0209,0.0209,0.0209,200,0
DSYWW.US,5,20250902,184500,0.0209,0.0209,0.0209,0.0209,200,0
DSYWW.US,5,20250902,191000,0.0209,0.0209,0.0209,0.0209,200,0
DSYWW.US,5,20250902,193500,0.0209,0.0209,0.0209,0.0209,200,0
DSYWW.US,5,20250902,200000,0.0209,0.0209,0.0209,0.0209,200,0
DSYWW.US,5,20250902,201500,0.0209,0.0209,0.0209,0.0209,100,0
DSYWW.US,5,20250902,202500,0.0209,0.0209,0.0209,0.0209,100,0
DSYWW.US,5,20250902,203500,0.0209,0.0209,0.0209,0.0209,100,0
DSYWW.US,5,20250902,204500,0.0209,0.0209,0.0209,0.0209,100,0
DSYWW.US,5,20250902,212500,0.0209,0.0209,0.0209,0.0209,100,0
DSYWW.US,5,20250902,213500,0.0209,0.0209,0.0209,0.0209,703,0
DSYWW.US,5,20250903,154500,0.0208,0.0208,0.0208,0.0208,100,0
DSYWW.US,5,20250903,200500,0.0145,0.0145,0.0145,0.0145,684,0
DSYWW.US,5,20250903,210500,0.016,0.016,0.016,0.016,2106,0
DSYWW.US,5,20250904,153000,0.0271,0.0271,0.0146,0.0146,3783,0
DSYWW.US,5,20250904,154000,0.016,0.016,0.016,0.016,663,0
DSYWW.US,5,20250904,160000,0.0209,0.0209,0.0209,0.0209,239,0
DSYWW.US,5,20250904,170000,0.016,0.016,0.016,0.016,136,0
DSYWW.US,5,20250904,171000,0.0198,0.0198,0.0198,0.0198,500,0
DSYWW.US,5,20250904,173000,0.0209,0.0209,0.0209,0.0209,238,0
DSYWW.US,5,20250904,173500,0.0209,0.0209,0.0209,0.0209,150,0
DSYWW.US,5,20250904,174000,0.0209,0.0209,0.0208,0.0208,1200,0
DSYWW.US,5,20250904,175000,0.01461,0.016,0.01461,0.016,850,0
DSYWW.US,5,20250905,153000,0.025,0.025,0.025,0.025,150,0
DSYWW.US,5,20250905,155000,0.0228,0.0228,0.0228,0.0228,100,0
DSYWW.US,5,20250905,163000,0.0184,0.0184,0.0184,0.0184,100,0
DSYWW.US,5,20250905,164000,0.0207,0.0207,0.0207,0.0207,100,0
DSYWW.US,5,20250905,173500,0.0161,0.0161,0.0161,0.0161,186,0
DSYWW.US,5,20250905,183000,0.0184,0.0184,0.0163,0.0164,18600,0
DSYWW.US,5,20250905,183500,0.0166,0.0166,0.0166,0.0166,100,0
DSYWW.US,5,20250908,153000,0.02,0.02,0.02,0.02,2047,0
DSYWW.US,5,20250908,153500,0.0204,0.022699,0.017,0.018899,3068,0
DSYWW.US,5,20250908,154000,0.0163,0.0163,0.0163,0.0163,935,0
DSYWW.US,5,20250908,162500,0.021413,0.021413,0.021413,0.021413,400,0
DSYWW.US,5,20250908,163500,0.0163,0.0163,0.0163,0.0163,116,0
DSYWW.US,5,20250908,170000,0.0227,0.0227,0.0227,0.0227,1999,0
DSYWW.US,5,20250908,181500,0.0227,0.0227,0.0227,0.0227,100,0
DSYWW.US,5,20250908,184000,0.0227,0.0231,0.0227,0.0231,2415,0
DSYWW.US,5,20250908,184500,0.0227,0.0228,0.0166,0.0171,80761,0
DSYWW.US,5,20250908,191500,0.01711,0.01711,0.01711,0.01711,116,0
DSYWW.US,5,20250908,192000,0.0239,0.0239,0.0239,0.0239,2314,0
DSYWW.US,5,20250908,192500,0.017301,0.017301,0.017301,0.017301,116,0
DSYWW.US,5,20250908,194000,0.0172,0.0173,0.0172,0.0173,2788,0
DSYWW.US,5,20250908,194500,0.0172,0.0173,0.0171,0.0171,86400,0
DSYWW.US,5,20250908,195000,0.0171,0.0171,0.0169,0.017,3013,0
DSYWW.US,5,20250908,195500,0.0164,0.0165,0.0164,0.0165,800,0
DSYWW.US,5,20250908,202000,0.0199,0.0199,0.0199,0.0199,2198,0
DSYWW.US,5,20250908,205000,0.0199,0.0199,0.0198,0.0198,1986,0
DSYWW.US,5,20250909,153000,0.081,0.0853,0.07,0.070149,276077,0
DSYWW.US,5,20250909,153500,0.075,0.075,0.0735,0.074,8889,0
DSYWW.US,5,20250909,154000,0.073899,0.0788,0.0597,0.064,95373,0
DSYWW.US,5,20250909,154500,0.0748,0.076,0.0601,0.0657,46626,0
DSYWW.US,5,20250909,155000,0.071,0.075899,0.066,0.0662,4289,0
DSYWW.US,5,20250909,155500,0.0661,0.071999,0.0553,0.0612,38984,0
DSYWW.US,5,20250909,160000,0.0612,0.069999,0.0611,0.069999,4554,0
DSYWW.US,5,20250909,160500,0.0621,0.06999,0.05,0.06999,35993,0
DSYWW.US,5,20250909,161000,0.0525,0.055,0.0525,0.055,670,0
DSYWW.US,5,20250909,161500,0.06999,0.06999,0.0526,0.0526,17894,0
DSYWW.US,5,20250909,162000,0.0526,0.054,0.0526,0.054,3100,0
DSYWW.US,5,20250909,162500,0.0525,0.0554,0.05,0.055399,4439,0
DSYWW.US,5,20250909,163500,0.0525,0.0536,0.0525,0.0525,18137,0
DSYWW.US,5,20250909,164000,0.0514,0.0529,0.0501,0.0501,1000,0
DSYWW.US,5,20250909,164500,0.053801,0.053801,0.053801,0.053801,100,0
DSYWW.US,5,20250909,165000,0.0529,0.0593,0.0529,0.0593,4166,0
DSYWW.US,5,20250909,165500,0.0594,0.0594,0.0594,0.0594,150,0
DSYWW.US,5,20250909,170000,0.050201,0.059499,0.050201,0.05485,4854,0
DSYWW.US,5,20250909,170500,0.05485,0.058,0.046,0.0525,12284,0
DSYWW.US,5,20250909,171000,0.0525,0.0525,0.0525,0.0525,150,0
DSYWW.US,5,20250909,171500,0.0525,0.0525,0.0525,0.0525,5000,0
DSYWW.US,5,20250909,172000,0.0515,0.058,0.0515,0.0565,9421,0
DSYWW.US,5,20250909,173000,0.0525,0.05799,0.0525,0.05799,251,0
DSYWW.US,5,20250909,173500,0.058,0.058,0.058,0.058,300,0
DSYWW.US,5,20250909,174000,0.057399,0.0578,0.05,0.0525,11107,0
DSYWW.US,5,20250909,174500,0.0578,0.05988,0.0525,0.05988,5121,0
DSYWW.US,5,20250909,175000,0.0525,0.0578,0.050001,0.0525,8023,0
DSYWW.US,5,20250909,180000,0.053999,0.058,0.053999,0.058,5191,0
DSYWW.US,5,20250909,180500,0.050101,0.058,0.050101,0.058,5224,0
DSYWW.US,5,20250909,181000,0.0525,0.05799,0.0356,0.04,74645,0
DSYWW.US,5,20250909,181500,0.0497,0.053,0.0497,0.0529,33000,0
DSYWW.US,5,20250909,183000,0.0528,0.0529,0.041,0.041,2636,0
DSYWW.US,5,20250909,183500,0.0488,0.053,0.048,0.0505,2669,0
DSYWW.US,5,20250909,184000,0.052899,0.0551,0.041,0.051,10223,0
DSYWW.US,5,20250909,184500,0.0495,0.053,0.0495,0.053,9743,0
DSYWW.US,5,20250909,190000,0.045297,0.0532,0.042,0.0421,31205,0
DSYWW.US,5,20250909,190500,0.0532,0.057999,0.05,0.057,15002,0
DSYWW.US,5,20250909,191000,0.05,0.057,0.05,0.05,2200,0
DSYWW.US,5,20250909,191500,0.043101,0.055,0.043101,0.05,1300,0
DSYWW.US,5,20250909,192000,0.0489,0.0545,0.0432,0.0545,1860,0
DSYWW.US,5,20250909,192500,0.05,0.0537,0.043001,0.052107,13362,0
DSYWW.US,5,20250909,193000,0.049999,0.05,0.0451,0.0451,2331,0
DSYWW.US,5,20250909,193500,0.0497,0.0497,0.0497,0.0497,1916,0
DSYWW.US,5,20250909,194000,0.047499,0.047499,0.04501,0.04501,4156,0
DSYWW.US,5,20250909,195000,0.05,0.05,0.0451,0.0451,400,0
DSYWW.US,5,20250909,195500,0.05,0.0549,0.045101,0.0452,8421,0
DSYWW.US,5,20250909,200000,0.0456,0.0456,0.0444,0.0444,33932,0
DSYWW.US,5,20250909,200500,0.0444,0.0444,0.0444,0.0444,1111,0
DSYWW.US,5,20250909,201000,0.04455,0.0491,0.04,0.0401,10092,0
DSYWW.US,5,20250909,201500,0.0446,0.055,0.0362,0.04,6932,0
DSYWW.US,5,20250909,202500,0.044,0.0488,0.044,0.0488,4000,0
DSYWW.US,5,20250909,203000,0.0496,0.0496,0.0496,0.0496,1000,0
DSYWW.US,5,20250909,204000,0.053,0.053,0.053,0.053,9000,0
DSYWW.US,5,20250909,204500,0.049,0.05,0.049,0.05,22100,0
DSYWW.US,5,20250909,205000,0.05,0.0524,0.049,0.05,17126,0
DSYWW.US,5,20250909,205500,0.05,0.05,0.045,0.045,4900,0
DSYWW.US,5,20250909,210000,0.0499,0.0499,0.0499,0.0499,300,0
DSYWW.US,5,20250909,210500,0.0499,0.05,0.049,0.05,17387,0
DSYWW.US,5,20250909,211000,0.0415,0.0415,0.0415,0.0415,2852,0
DSYWW.US,5,20250909,212000,0.0498,0.0498,0.0498,0.0498,2125,0
DSYWW.US,5,20250909,213000,0.048,0.05,0.048,0.05,5000,0
DSYWW.US,5,20250909,214500,0.0504,0.0545,0.045,0.045,18569,0
DSYWW.US,5,20250909,215000,0.045,0.046,0.0401,0.045,18724,0
DSYWW.US,5,20250909,215500,0.0482,0.05,0.04001,0.0402,52175,0
DSYWW.US,5,20250910,153000,0.031,0.0397,0.031,0.0397,2125,0
DSYWW.US,5,20250910,153500,0.037499,0.0375,0.0352,0.0375,6967,0
DSYWW.US,5,20250910,154000,0.0352,0.0375,0.0352,0.0374,1035,0
DSYWW.US,5,20250910,155000,0.035201,0.037498,0.0352,0.0352,634,0
DSYWW.US,5,20250910,155500,0.03521,0.037,0.03521,0.0369,1123,0
DSYWW.US,5,20250910,160500,0.0361,0.0361,0.0361,0.0361,270,0
DSYWW.US,5,20250910,161000,0.035201,0.035201,0.035201,0.035201,251,0
DSYWW.US,5,20250910,162500,0.035201,0.035201,0.0352,0.0352,1040,0
DSYWW.US,5,20250910,163000,0.0353,0.0353,0.0353,0.0353,100,0
DSYWW.US,5,20250910,163500,0.0369,0.037,0.0369,0.037,220,0
DSYWW.US,5,20250910,164500,0.035562,0.035562,0.035562,0.035562,100,0
DSYWW.US,5,20250910,165000,0.0352,0.0352,0.0352,0.0352,100,0
DSYWW.US,5,20250910,165500,0.0366,0.0366,0.0366,0.0366,500,0
DSYWW.US,5,20250910,170500,0.036,0.036,0.0309,0.0309,37605,0
DSYWW.US,5,20250910,171000,0.031,0.031,0.0267,0.0271,4797,0
DSYWW.US,5,20250910,171500,0.0271,0.0272,0.0261,0.0262,59552,0
DSYWW.US,5,20250910,172500,0.0262,0.0266,0.0261,0.0264,2992,0
DSYWW.US,5,20250910,173500,0.0263,0.0263,0.0262,0.0262,700,0
DSYWW.US,5,20250910,180000,0.0364,0.0364,0.036399,0.036399,1000,0
DSYWW.US,5,20250910,180500,0.0268,0.0268,0.0268,0.0268,2887,0
DSYWW.US,5,20250910,181500,0.03,0.0342,0.03,0.03,2500,0
DSYWW.US,5,20250910,182000,0.0301,0.0301,0.03,0.0301,1200,0
DSYWW.US,5,20250910,183000,0.0301,0.0301,0.0301,0.0301,100,0
DSYWW.US,5,20250910,183500,0.03,0.03,0.03,0.03,200,0
DSYWW.US,5,20250910,184000,0.0301,0.0301,0.0301,0.0301,200,0
DSYWW.US,5,20250910,190500,0.032,0.032,0.03,0.03,7000,0
DSYWW.US,5,20250910,191000,0.0337,0.0337,0.0337,0.0337,300,0
DSYWW.US,5,20250910,192000,0.038,0.038,0.0379,0.0379,1000,0
DSYWW.US,5,20250910,193500,0.031667,0.031667,0.031667,0.031667,220,0
DSYWW.US,5,20250910,194000,0.03001,0.03001,0.03001,0.03001,100,0
DSYWW.US,5,20250910,194500,0.0379,0.0379,0.0379,0.0379,300,0
DSYWW.US,5,20250910,202500,0.0325,0.0325,0.0325,0.0325,534,0
DSYWW.US,5,20250910,210000,0.035,0.0389,0.0317,0.0389,1867,0
DSYWW.US,5,20250910,211000,0.0321,0.0321,0.0321,0.0321,100,0
DSYWW.US,5,20250910,212000,0.035,0.035,0.035,0.035,1400,0
DSYWW.US,5,20250910,214000,0.0321,0.0321,0.0321,0.0321,100,0
DSYWW.US,5,20250910,215500,0.0345,0.035,0.0303,0.0307,14467,0
DSYWW.US,5,20250911,153000,0.035,0.035,0.035,0.035,2333,0
DSYWW.US,5,20250911,155000,0.035,0.035,0.035,0.035,100,0
DSYWW.US,5,20250911,155500,0.0388,0.0388,0.0388,0.0388,521,0
DSYWW.US,5,20250911,162000,0.0388,0.0388,0.0388,0.0388,100,0
DSYWW.US,5,20250911,165500,0.0388,0.0388,0.0388,0.0388,400,0
DSYWW.US,5,20250911,170500,0.035,0.035,0.035,0.035,195,0
DSYWW.US,5,20250911,171500,0.035,0.035,0.035,0.035,723,0
DSYWW.US,5,20250911,182000,0.0388,0.0388,0.035,0.035,7100,0
DSYWW.US,5,20250911,182500,0.0351,0.035202,0.0351,0.035202,700,0
DSYWW.US,5,20250911,184000,0.0388,0.0388,0.0388,0.0388,1768,0
DSYWW.US,5,20250911,184500,0.0388,0.0388,0.0388,0.0388,800,0
DSYWW.US,5,20250911,190000,0.0388,0.0389,0.037,0.037,3843,0
DSYWW.US,5,20250911,190500,0.0369,0.0369,0.0369,0.0369,200,0
DSYWW.US,5,20250911,192500,0.036798,0.0444,0.036798,0.0444,10094,0
DSYWW.US,5,20250911,193000,0.03819,0.03819,0.03819,0.03819,200,0
DSYWW.US,5,20250911,200500,0.0356,0.0356,0.0356,0.0356,102,0
DSYWW.US,5,20250911,201000,0.0444,0.0444,0.0444,0.0444,222,0
DSYWW.US,5,20250911,202000,0.0396,0.0396,0.0396,0.0396,612,0
DSYWW.US,5,20250911,204500,0.0356,0.0356,0.0356,0.0356,3163,0
DSYWW.US,5,20250911,211000,0.0355,0.0356,0.0355,0.0356,400,0
DSYWW.US,5,20250911,212500,0.0356,0.0356,0.0356,0.0356,200,0
DSYWW.US,5,20250911,213000,0.036,0.0402,0.036,0.0402,3110,0
DSYWW.US,5,20250911,213500,0.044,0.044,0.0417,0.0417,4733,0
DSYWW.US,5,20250911,214000,0.0417,0.044,0.0362,0.0362,4200,0
DSYWW.US,5,20250912,153000,0.0469,0.0469,0.031221,0.031221,970,0
DSYWW.US,5,20250912,153500,0.0313,0.0313,0.0313,0.0313,803,0
DSYWW.US,5,20250912,154000,0.033049,0.033049,0.033049,0.033049,138,0
DSYWW.US,5,20250912,154500,0.0361,0.0361,0.0361,0.0361,100,0
DSYWW.US,5,20250912,162000,0.036,0.0361,0.036,0.0361,5000,0
DSYWW.US,5,20250912,163000,0.0361,0.0361,0.0361,0.0361,344,0
DSYWW.US,5,20250912,165500,0.0361,0.0469,0.0361,0.0383,1368,0
DSYWW.US,5,20250912,175000,0.0444,0.0469,0.0444,0.0469,984,0
DSYWW.US,5,20250912,181000,0.04689,0.04689,0.04689,0.04689,150,0
DSYWW.US,5,20250912,185000,0.0468,0.0469,0.0436,0.0436,1830,0
DSYWW.US,5,20250912,185500,0.043,0.043,0.043,0.043,1000,0
DSYWW.US,5,20250912,191500,0.043,0.043,0.043,0.043,200,0
DSYWW.US,5,20250912,193000,0.037407,0.037407,0.037407,0.037407,490,0
DSYWW.US,5,20250912,194500,0.043,0.043,0.043,0.043,100,0
DSYWW.US,5,20250912,201000,0.0395,0.0395,0.0395,0.0395,116,0
DSYWW.US,5,20250915,153000,0.0352,0.0352,0.0352,0.0352,458,0
DSYWW.US,5,20250915,153500,0.04,0.04,0.0399,0.0399,2200,0
DSYWW.US,5,20250915,155500,0.0399,0.0399,0.0352,0.0352,1550,0
DSYWW.US,5,20250915,160500,0.0312,0.0399,0.0312,0.0399,3379,0
DSYWW.US,5,20250915,162500,0.032,0.032,0.032,0.032,310,0
DSYWW.US,5,20250915,163000,0.0344,0.038,0.0321,0.0321,2100,0
DSYWW.US,5,20250915,164000,0.035,0.038,0.0349,0.0349,2000,0
DSYWW.US,5,20250915,164500,0.032098,0.0321,0.032098,0.0321,200,0
DSYWW.US,5,20250915,165000,0.034111,0.034111,0.034111,0.034111,100,0
DSYWW.US,5,20250915,171000,0.035,0.035,0.0312,0.0312,2100,0
DSYWW.US,5,20250915,171500,0.0356,0.0356,0.0356,0.0356,2000,0
DSYWW.US,5,20250915,173000,0.0312,0.0312,0.0312,0.0312,1982,0
DSYWW.US,5,20250915,173500,0.0312,0.0312,0.0312,0.0312,100,0
DSYWW.US,5,20250915,183500,0.035,0.035,0.034977,0.034977,568,0
DSYWW.US,5,20250915,215500,0.033,0.033,0.0312,0.0312,500,0
DSYWW.US,5,20250916,153000,0.0225,0.0319,0.0225,0.0319,12127,0
DSYWW.US,5,20250916,154000,0.026101,0.026101,0.026101,0.026101,353,0
DSYWW.US,5,20250916,155000,0.03,0.03,0.03,0.03,500,0
DSYWW.US,5,20250916,161500,0.0299,0.0299,0.0298,0.0298,1010,0
DSYWW.US,5,20250916,171500,0.0299,0.032,0.0261,0.026151,25986,0
DSYWW.US,5,20250916,173000,0.027101,0.027101,0.027101,0.027101,600,0
DSYWW.US,5,20250916,175000,0.032,0.0369,0.032,0.0369,10065,0
DSYWW.US,5,20250916,180500,0.0351,0.0351,0.0351,0.0351,1500,0
DSYWW.US,5,20250916,181000,0.0352,0.0352,0.0351,0.0351,200,0
DSYWW.US,5,20250916,182500,0.0355,0.0355,0.0355,0.0355,500,0
DSYWW.US,5,20250916,191000,0.035499,0.035499,0.035499,0.035499,100,0
DSYWW.US,5,20250916,193500,0.035499,0.035499,0.035499,0.035499,148,0
DSYWW.US,5,20250916,200000,0.034,0.034,0.034,0.034,1415,0
DSYWW.US,5,20250916,200500,0.03,0.03,0.03,0.03,100,0
DSYWW.US,5,20250916,202000,0.0262,0.0262,0.0262,0.0262,101,0
DSYWW.US,5,20250916,204500,0.0316,0.0316,0.0291,0.0291,3288,0
DSYWW.US,5,20250917,153000,0.0355,0.0355,0.0355,0.0355,262,0
DSYWW.US,5,20250917,155000,0.0335,0.0335,0.0335,0.0335,140,0
DSYWW.US,5,20250917,162000,0.0355,0.0355,0.0307,0.0307,4984,0
DSYWW.US,5,20250917,163000,0.030101,0.030101,0.030101,0.030101,1390,0
DSYWW.US,5,20250917,165500,0.035497,0.035497,0.035497,0.035497,100,0
DSYWW.US,5,20250917,173500,0.035498,0.035498,0.035498,0.035498,100,0
DSYWW.US,5,20250917,175500,0.0355,0.0355,0.0354,0.0354,2046,0
DSYWW.US,5,20250917,180000,0.03275,0.03275,0.03275,0.03275,1687,0
DSYWW.US,5,20250917,182500,0.0329,0.0329,0.0329,0.0329,100,0
DSYWW.US,5,20250917,184500,0.032801,0.032801,0.0301,0.0301,4385,0
DSYWW.US,5,20250917,194000,0.0325,0.035,0.0313,0.0313,11115,0
DSYWW.US,5,20250917,194500,0.0313,0.0313,0.03,0.03,8432,0
DSYWW.US,5,20250917,195000,0.03,0.03,0.03,0.03,200,0
DSYWW.US,5,20250917,205000,0.029999,0.029999,0.029999,0.029999,500,0
DSYWW.US,5,20250917,205500,0.029999,0.029999,0.029999,0.029999,500,0
DSYWW.US,5,20250917,210000,0.03,0.03,0.03,0.03,100,0
DSYWW.US,5,20250917,213500,0.0262,0.0262,0.0262,0.0262,11600,0
DSYWW.US,5,20250918,154500,0.0299,0.0299,0.029731,0.0299,2100,0
DSYWW.US,5,20250918,155500,0.0299,0.0299,0.0299,0.0299,166,0
DSYWW.US,5,20250918,160000,0.0299,0.0299,0.0299,0.0299,100,0
DSYWW.US,5,20250918,160500,0.0266,0.0266,0.0266,0.0266,1000,0
DSYWW.US,5,20250918,162000,0.0299,0.0299,0.0299,0.0299,100,0
DSYWW.US,5,20250918,165500,0.0299,0.0299,0.0299,0.0299,100,0
DSYWW.US,5,20250918,170500,0.0282,0.0282,0.0282,0.0282,165,0
DSYWW.US,5,20250918,171000,0.0266,0.0266,0.0266,0.0266,550,0
DSYWW.US,5,20250918,172500,0.0299,0.0299,0.0299,0.0299,100,0
DSYWW.US,5,20250918,173000,0.0299,0.0299,0.0298,0.0298,200,0
DSYWW.US,5,20250918,173500,0.0266,0.0266,0.0266,0.0266,1000,0
DSYWW.US,5,20250918,181000,0.0299,0.0328,0.0299,0.0328,5300,0
DSYWW.US,5,20250918,182000,0.0328,0.0328,0.0328,0.0328,100,0
DSYWW.US,5,20250918,184500,0.03025,0.033899,0.0266,0.033899,1454,0
DSYWW.US,5,20250918,185500,0.02651,0.02651,0.02651,0.02651,117,0
DSYWW.US,5,20250918,200000,0.0333,0.0333,0.0333,0.0333,120,0
DSYWW.US,5,20250918,202500,0.0333,0.0333,0.0333,0.0333,100,0
DSYWW.US,5,20250918,213500,0.0333,0.0333,0.0333,0.0333,100,0
DSYWW.US,5,20250919,153000,0.0269,0.0269,0.0269,0.0269,219,0
DSYWW.US,5,20250919,154500,0.0281,0.0281,0.028,0.028,200,0
DSYWW.US,5,20250919,155000,0.03,0.03,0.03,0.03,5294,0
DSYWW.US,5,20250919,162000,0.03,0.03,0.0269,0.03,16200,0
DSYWW.US,5,20250919,165000,0.02825,0.03,0.0282,0.03,8600,0
DSYWW.US,5,20250919,171000,0.03,0.0499,0.03,0.0499,34346,0
DSYWW.US,5,20250919,171500,0.0301,0.0301,0.03,0.03,450,0
DSYWW.US,5,20250919,173000,0.0396,0.0396,0.0396,0.0396,4000,0
DSYWW.US,5,20250919,175000,0.0312,0.0312,0.0312,0.0312,100,0
DSYWW.US,5,20250919,180000,0.03999,0.03999,0.03999,0.03999,125,0
DSYWW.US,5,20250919,182000,0.0399,0.0399,0.0399,0.0399,1713,0
DSYWW.US,5,20250919,183000,0.0349,0.0349,0.0349,0.0349,250,0
DSYWW.US,5,20250919,185500,0.0398,0.0398,0.0312,0.0312,3100,0
DSYWW.US,5,20250919,193500,0.0312,0.0312,0.0312,0.0312,3100,0
DSYWW.US,5,20250919,201000,0.0319,0.048,0.0312,0.0404,11445,0
DSYWW.US,5,20250919,202000,0.0312,0.0312,0.0312,0.0312,2000,0
DSYWW.US,5,20250919,203000,0.034559,0.034559,0.034559,0.034559,100,0
DSYWW.US,5,20250919,210000,0.0312,0.0312,0.0302,0.0302,1500,0
DSYWW.US,5,20250919,211000,0.0357,0.0406,0.0356,0.0406,1957,0
DSYWW.US,5,20250919,212500,0.0302,0.0302,0.0302,0.0302,121,0
DSYWW.US,5,20250922,153000,0.04,0.04,0.0399,0.0399,1174,0
DSYWW.US,5,20250922,154000,0.04,0.04,0.0399,0.0399,200,0
DSYWW.US,5,20250922,154500,0.0301,0.0301,0.0301,0.0301,1461,0
DSYWW.US,5,20250922,155500,0.0398,0.0398,0.0301,0.0301,200,0
DSYWW.US,5,20250922,160500,0.0301,0.038,0.0301,0.038,895,0
DSYWW.US,5,20250922,162000,0.0301,0.0301,0.0301,0.0301,100,0
DSYWW.US,5,20250922,163000,0.0377,0.038,0.0377,0.0379,900,0
DSYWW.US,5,20250922,163500,0.0301,0.0301,0.0301,0.0301,1000,0
DSYWW.US,5,20250922,170000,0.0301,0.0301,0.0301,0.0301,368,0
DSYWW.US,5,20250922,170500,0.038,0.038,0.0379,0.0379,400,0
DSYWW.US,5,20250922,174000,0.03001,0.03001,0.03001,0.03001,100,0
DSYWW.US,5,20250922,174500,0.037899,0.037899,0.037899,0.037899,500,0
DSYWW.US,5,20250922,180500,0.0301,0.0301,0.0301,0.0301,770,0
DSYWW.US,5,20250922,181500,0.037999,0.037999,0.0379,0.0379,628,0
DSYWW.US,5,20250922,193000,0.032001,0.032001,0.032,0.032,1893,0
DSYWW.US,5,20250923,154500,0.032,0.032,0.032,0.032,5145,0
DSYWW.US,5,20250923,155000,0.0444,0.0444,0.0444,0.0444,200,0
DSYWW.US,5,20250923,160500,0.0444,0.0444,0.03,0.03,19892,0
DSYWW.US,5,20250923,161000,0.0397,0.0397,0.0397,0.0397,250,0
DSYWW.US,5,20250923,161500,0.038249,0.038249,0.038249,0.038249,150,0
DSYWW.US,5,20250923,163000,0.039899,0.04,0.039899,0.04,2480,0
DSYWW.US,5,20250923,163500,0.0397,0.0397,0.0397,0.0397,249,0
DSYWW.US,5,20250923,170000,0.038219,0.0399,0.038219,0.0399,1831,0
DSYWW.US,5,20250923,172000,0.038199,0.0399,0.038199,0.0399,1100,0
DSYWW.US,5,20250923,172500,0.04,0.04,0.0399,0.0399,1000,0
DSYWW.US,5,20250923,173000,0.0399,0.0399,0.0399,0.0399,100,0
DSYWW.US,5,20250923,175000,0.0302,0.0302,0.0302,0.0302,367,0
DSYWW.US,5,20250923,180000,0.0397,0.050101,0.0397,0.050101,33884,0
DSYWW.US,5,20250923,180500,0.0501,0.0501,0.028,0.028,44162,0
DSYWW.US,5,20250923,181000,0.037542,0.037542,0.03,0.03,300,0
DSYWW.US,5,20250923,184500,0.0395,0.0395,0.0395,0.0395,100,0
DSYWW.US,5,20250923,185500,0.0301,0.04,0.0293,0.0393,6672,0
DSYWW.US,5,20250923,191000,0.039,0.039,0.039,0.039,350,0
DSYWW.US,5,20250923,195000,0.02941,0.02941,0.0281,0.02941,4100,0
DSYWW.US,5,20250923,200500,0.0301,0.0303,0.03,0.0303,2530,0
DSYWW.US,5,20250923,201000,0.0301,0.0301,0.0301,0.0301,100,0
DSYWW.US,5,20250923,202000,0.0301,0.0301,0.0301,0.0301,200,0
DSYWW.US,5,20250923,211500,0.0301,0.0301,0.0301,0.0301,200,0
DSYWW.US,5,20250923,213000,0.0301,0.0301,0.0301,0.0301,400,0
DSYWW.US,5,20250924,153000,0.0388,0.0397,0.0388,0.0397,2625,0
DSYWW.US,5,20250924,154000,0.0302,0.0302,0.0302,0.0302,220,0
DSYWW.US,5,20250924,154500,0.0301,0.0302,0.03,0.03,1993,0
DSYWW.US,5,20250924,155500,0.039,0.039,0.03,0.03,859,0
DSYWW.US,5,20250924,162000,0.0393,0.0393,0.0348,0.0348,300,0
DSYWW.US,5,20250924,165000,0.0393,0.0393,0.0393,0.0393,950,0
DSYWW.US,5,20250924,174500,0.03715,0.03715,0.035,0.035,1098,0
DSYWW.US,5,20250924,175000,0.0301,0.0302,0.0301,0.0302,300,0
DSYWW.US,5,20250924,180500,0.0303,0.0303,0.0303,0.0303,1800,0
DSYWW.US,5,20250924,181500,0.0304,0.035,0.0302,0.035,13000,0
DSYWW.US,5,20250924,183500,0.0301,0.0301,0.0301,0.0301,100,0
DSYWW.US,5,20250924,184500,0.03,0.03,0.03,0.03,221,0
DSYWW.US,5,20250924,185000,0.0301,0.0301,0.03,0.0301,300,0
DSYWW.US,5,20250924,192000,0.0301,0.0395,0.030098,0.03777,1686,0
DSYWW.US,5,20250924,193000,0.03,0.03,0.0282,0.0282,13614,0
DSYWW.US,5,20250924,193500,0.0283,0.037,0.0282,0.0282,1754,0
DSYWW.US,5,20250924,194000,0.037,0.0395,0.037,0.0395,593,0
DSYWW.US,5,20250924,200000,0.039,0.039,0.039,0.039,100,0
DSYWW.US,5,20250924,202500,0.039399,0.039399,0.039399,0.039399,366,0
DSYWW.US,5,20250924,212000,0.0283,0.0283,0.0283,0.0283,110,0
DSYWW.US,5,20250924,214500,0.0392,0.0392,0.0392,0.0392,100,0
DSYWW.US,5,20250925,153000,0.0393,0.0393,0.0393,0.0393,152,0
DSYWW.US,5,20250925,155000,0.0302,0.0302,0.0302,0.0302,300,0
DSYWW.US,5,20250925,160500,0.0393,0.0393,0.0392,0.0393,400,0
DSYWW.US,5,20250925,170000,0.0398,0.0399,0.0398,0.0399,856,0
DSYWW.US,5,20250925,172000,0.0302,0.0302,0.0302,0.0302,3800,0
DSYWW.US,5,20250925,172500,0.0399,0.0399,0.0303,0.0398,5198,0
DSYWW.US,5,20250925,173000,0.0398,0.0399,0.0398,0.0399,500,0
DSYWW.US,5,20250925,182500,0.0303,0.0398,0.0303,0.0398,2150,0
DSYWW.US,5,20250925,193500,0.0397,0.0397,0.0397,0.0397,100,0
DSYWW.US,5,20250925,202500,0.0397,0.0397,0.0397,0.0397,5000,0
DSYWW.US,5,20250925,203000,0.0305,0.0305,0.0303,0.0305,400,0
DSYWW.US,5,20250925,203500,0.039799,0.039799,0.039799,0.039799,100,0
DSYWW.US,5,20250926,153000,0.04,0.04,0.031,0.031,11059,0
DSYWW.US,5,20250926,155000,0.0312,0.0312,0.0312,0.0312,3301,0
DSYWW.US,5,20250926,160500,0.038347,0.038347,0.038347,0.038347,420,0
DSYWW.US,5,20250926,164500,0.0312,0.0312,0.0312,0.0312,598,0
DSYWW.US,5,20250926,165000,0.038312,0.038312,0.038312,0.038312,100,0
DSYWW.US,5,20250926,173000,0.0312,0.0312,0.0312,0.0312,268,0
DSYWW.US,5,20250926,174500,0.0398,0.04,0.0398,0.04,4100,0
DSYWW.US,5,20250926,175000,0.0398,0.0398,0.0312,0.0312,3027,0
DSYWW.US,5,20250926,180000,0.04,0.04,0.0398,0.04,4960,0
DSYWW.US,5,20250926,183500,0.0312,0.0312,0.0312,0.0312,1827,0
DSYWW.US,5,20250926,184000,0.0384,0.0384,0.0383,0.0383,200,0
DSYWW.US,5,20250926,190000,0.0384,0.0384,0.0384,0.0384,300,0
DSYWW.US,5,20250926,212000,0.0397,0.0397,0.0397,0.0397,248,0
DSYWW.US,5,20250929,153000,0.032,0.032,0.032,0.032,1231,0
DSYWW.US,5,20250929,153500,0.036001,0.036001,0.036001,0.036001,156,0
DSYWW.US,5,20250929,155000,0.039899,0.039899,0.039899,0.039899,494,0
DSYWW.US,5,20250929,155500,0.035999,0.035999,0.035999,0.035999,249,0
DSYWW.US,5,20250929,160000,0.0397,0.0397,0.032,0.032,349,0
DSYWW.US,5,20250929,161500,0.0397,0.0397,0.0397,0.0397,249,0
DSYWW.US,5,20250929,162000,0.039899,0.039899,0.039899,0.039899,438,0
DSYWW.US,5,20250929,162500,0.0322,0.0322,0.0321,0.0321,420,0
DSYWW.US,5,20250929,163000,0.038142,0.038142,0.038142,0.038142,300,0
DSYWW.US,5,20250929,184500,0.0321,0.0321,0.0321,0.0321,630,0
DSYWW.US,5,20250929,191000,0.0387,0.0387,0.0387,0.0387,179,0
DSYWW.US,5,20250929,202000,0.035,0.035,0.0321,0.0321,5800,0
DSYWW.US,5,20250929,202500,0.0329,0.0329,0.0321,0.0321,6700,0
DSYWW.US,5,20250929,203000,0.0321,0.0322,0.0321,0.0321,300,0
DSYWW.US,5,20250929,211500,0.0321,0.0321,0.0321,0.0321,1765,0
DSYWW.US,5,20250929,212500,0.0321,0.0322,0.0321,0.0322,450,0
DSYWW.US,5,20250930,165500,0.0397,0.0397,0.0397,0.0397,100,0
DSYWW.US,5,20250930,174000,0.0326,0.0328,0.0326,0.0328,1240,0
DSYWW.US,5,20250930,190000,0.0396,0.0396,0.0396,0.0396,125,0
DSYWW.US,5,20250930,211000,0.0321,0.0321,0.0321,0.0321,4361,0
DSYWW.US,5,20250930,211500,0.0328,0.0329,0.0326,0.0329,1885,0
DSYWW.US,5,20251001,153000,0.0399,0.0399,0.035799,0.0359,1256,0
DSYWW.US,5,20251001,154500,0.0359,0.0359,0.0359,0.0359,249,0
DSYWW.US,5,20251001,155500,0.0358,0.0358,0.0358,0.0358,250,0
DSYWW.US,5,20251001,160000,0.0358,0.0358,0.0322,0.0322,3750,0
DSYWW.US,5,20251001,172500,0.032,0.032,0.032,0.032,835,0
DSYWW.US,5,20251001,174000,0.0321,0.0321,0.0321,0.0321,200,0
DSYWW.US,5,20251001,180000,0.0358,0.0358,0.0357,0.0357,800,0
DSYWW.US,5,20251001,183000,0.0332,0.0332,0.0332,0.0332,100,0
DSYWW.US,5,20251001,185500,0.0358,0.0358,0.0339,0.0357,9900,0
DSYWW.US,5,20251001,190000,0.03201,0.03201,0.03201,0.03201,250,0
DSYWW.US,5,20251001,190500,0.0358,0.0358,0.0322,0.0322,300,0
DSYWW.US,5,20251002,153000,0.034,0.034,0.034,0.034,5000,0
DSYWW.US,5,20251002,160000,0.0322,0.0322,0.0322,0.0322,100,0
DSYWW.US,5,20251002,172500,0.0322,0.0322,0.0321,0.0321,674,0
DSYWW.US,5,20251002,210000,0.0349,0.0349,0.0349,0.0349,166,0
DSYWW.US,5,20251003,184500,0.0348,0.0348,0.0318,0.0348,5874,0
DSYWW.US,5,20251003,194500,0.034699,0.034699,0.034699,0.034699,154,0
DSYWW.US,5,20251006,153000,0.0346,0.0347,0.031901,0.0347,7287,0
DSYWW.US,5,20251006,163500,0.0347,0.0347,0.0321,0.0325,5300,0
DSYWW.US,5,20251006,165000,0.0346,0.0346,0.0346,0.0346,100,0
DSYWW.US,5,20251006,170500,0.0328,0.0328,0.0327,0.0327,500,0
DSYWW.US,5,20251006,172000,0.0327,0.0327,0.0327,0.0327,2000,0
DSYWW.US,5,20251006,174000,0.0328,0.0328,0.0328,0.0328,100,0
DSYWW.US,5,20251006,181500,0.0327,0.0327,0.0327,0.0327,650,0
DSYWW.US,5,20251006,185500,0.033014,0.033014,0.033014,0.033014,473,0
DSYWW.US,5,20251006,190000,0.0346,0.0346,0.0346,0.0346,100,0
DSYWW.US,5,20251006,201500,0.0327,0.0336,0.0327,0.0328,3204,0
DSYWW.US,5,20251006,202000,0.0328,0.0328,0.0328,0.0328,152,0
DSYWW.US,5,20251006,210000,0.0328,0.0328,0.0328,0.0328,100,0
DSYWW.US,5,20251007,154500,0.035,0.035,0.0349,0.0349,4910,0
DSYWW.US,5,20251007,162500,0.0344,0.0344,0.0344,0.0344,652,0
DSYWW.US,5,20251007,165000,0.0321,0.0321,0.031,0.031,49891,0
DSYWW.US,5,20251007,174500,0.031,0.0311,0.0265,0.0265,7503,0
DSYWW.US,5,20251007,175000,0.03439,0.03439,0.03439,0.03439,434,0
DSYWW.US,5,20251007,204000,0.0276,0.0276,0.0276,0.0276,100,0
DSYWW.US,5,20251007,213500,0.0338,0.0338,0.0338,0.0338,300,0
DSYWW.US,5,20251008,153000,0.0338,0.0338,0.0267,0.0267,1287,0
DSYWW.US,5,20251008,160000,0.032482,0.032482,0.032482,0.032482,300,0
DSYWW.US,5,20251008,174500,0.0267,0.0267,0.0266,0.0266,2500,0
DSYWW.US,5,20251008,181500,0.0267,0.0267,0.0267,0.0267,300,0
DSYWW.US,5,20251008,182500,0.0337,0.0337,0.0337,0.0337,2000,0
DSYWW.US,5,20251008,190000,0.027743,0.027743,0.027743,0.027743,100,0
DSYWW.US,5,20251008,195000,0.0337,0.0337,0.0337,0.0337,100,0
DSYWW.US,5,20251009,172500,0.0268,0.0269,0.0268,0.0269,280,0
DSYWW.US,5,20251009,182000,0.0268,0.0269,0.0268,0.0269,300,0
DSYWW.US,5,20251009,193000,0.033499,0.0336,0.033499,0.0336,2000,0
DSYWW.US,5,20251009,215500,0.0336,0.0336,0.0336,0.0336,714,0
DSYWW.US,5,20251010,153000,0.0335,0.0335,0.0335,0.0335,820,0
DSYWW.US,5,20251010,174000,0.0334,0.0334,0.0334,0.0334,505,0
DSYWW.US,5,20251010,175500,0.0268,0.0269,0.0268,0.0269,200,0
DSYWW.US,5,20251010,180500,0.0268,0.0268,0.0268,0.0268,221,0
DSYWW.US,5,20251010,183500,0.0334,0.0334,0.0334,0.0334,5795,0
DSYWW.US,5,20251010,184000,0.0335,0.0335,0.0335,0.0335,3626,0
DSYWW.US,5,20251010,190500,0.027,0.027,0.0266,0.0266,3601,0
DSYWW.US,5,20251010,192500,0.0266,0.0266,0.0266,0.0266,200,0
DSYWW.US,5,20251010,193500,0.0333,0.0334,0.0333,0.0334,500,0
DSYWW.US,5,20251010,215500,0.0334,0.0334,0.033299,0.033299,1886,0
DSYWW.US,5,20251013,153000,0.0334,0.0334,0.0334,0.0334,8293,0
DSYWW.US,5,20251013,153500,0.0267,0.0268,0.0266,0.0268,3720,0
DSYWW.US,5,20251013,164500,0.0267,0.0267,0.0267,0.0267,3195,0
DSYWW.US,5,20251013,171500,0.033199,0.033199,0.033199,0.033199,1000,0
DSYWW.US,5,20251013,215000,0.0316,0.0316,0.03,0.03,9052,0
DSYWW.US,5,20251014,154000,0.031801,0.031801,0.0303,0.030751,11700,0
DSYWW.US,5,20251014,154500,0.0333,0.0333,0.0332,0.0333,3700,0
DSYWW.US,5,20251014,164000,0.0307,0.0308,0.0307,0.0307,9900,0
DSYWW.US,5,20251014,171500,0.0268,0.0268,0.0268,0.0268,100,0
DSYWW.US,5,20251014,173500,0.0268,0.0294,0.026796,0.0294,1967,0
DSYWW.US,5,20251014,192000,0.0267,0.0267,0.0267,0.0267,149,0
DSYWW.US,5,20251014,192500,0.0267,0.0267,0.0267,0.0267,100,0
DSYWW.US,5,20251014,193500,0.0294,0.0294,0.0294,0.0294,1000,0
DSYWW.US,5,20251015,181000,0.0294,0.031601,0.0294,0.03,4000,0
DSYWW.US,5,20251015,194000,0.03,0.03,0.03,0.03,200,0
DSYWW.US,5,20251015,195500,0.0332,0.0332,0.0303,0.0303,1800,0
DSYWW.US,5,20251015,200000,0.029999,0.0332,0.029999,0.0332,9862,0
DSYWW.US,5,20251015,204500,0.02985,0.02985,0.02985,0.02985,291,0
DSYWW.US,5,20251015,211000,0.02681,0.02681,0.02681,0.02681,1100,0
DSYWW.US,5,20251015,211500,0.0328,0.0328,0.0327,0.0327,200,0
DSYWW.US,5,20251015,213000,0.0328,0.0328,0.0328,0.0328,576,0
DSYWW.US,5,20251015,215500,0.02681,0.02681,0.02681,0.02681,249,0
DSYWW.US,5,20251016,154500,0.0269,0.0269,0.0269,0.0269,10000,0
DSYWW.US,5,20251016,162000,0.0328,0.0328,0.0327,0.0327,984,0
DSYWW.US,5,20251016,162500,0.0327,0.0327,0.0327,0.0327,250,0
DSYWW.US,5,20251016,163500,0.0328,0.0328,0.0328,0.0328,300,0
DSYWW.US,5,20251016,193500,0.0269,0.0269,0.0269,0.0269,150,0
DSYWW.US,5,20251017,172500,0.0269,0.027,0.0255,0.0255,44993,0
DSYWW.US,5,20251017,185000,0.0255,0.0255,0.0255,0.0255,100,0
DSYWW.US,5,20251017,210000,0.02551,0.02551,0.02551,0.02551,563,0
DSYWW.US,5,20251017,214000,0.0255,0.0255,0.0255,0.0255,100,0
DSYWW.US,5,20251020,153000,0.0251,0.03,0.0225,0.03,12673,0
DSYWW.US,5,20251020,155000,0.0328,0.0399,0.0273,0.0273,16928,0
DSYWW.US,5,20251020,160000,0.0292,0.0292,0.0292,0.0292,500,0
DSYWW.US,5,20251020,165000,0.03,0.03,0.022,0.022,8040,0
DSYWW.US,5,20251020,170000,0.026762,0.0399,0.022,0.022,16706,0
DSYWW.US,5,20251020,181000,0.0395,0.0395,0.0395,0.0395,100,0
DSYWW.US,5,20251020,183000,0.0273,0.0395,0.0273,0.0394,1190,0
DSYWW.US,5,20251020,184000,0.0273,0.0273,0.0273,0.0273,1200,0
DSYWW.US,5,20251020,184500,0.0385,0.0385,0.0384,0.0384,2000,0
DSYWW.US,5,20251020,185500,0.0384,0.0385,0.0384,0.0385,4838,0
DSYWW.US,5,20251020,190500,0.0273,0.0273,0.0273,0.0273,500,0
DSYWW.US,5,20251020,192000,0.03235,0.03235,0.03235,0.03235,135,0
DSYWW.US,5,20251020,194500,0.0374,0.0374,0.0373,0.0373,200,0
DSYWW.US,5,20251020,195500,0.0273,0.0273,0.0273,0.0273,154,0
DSYWW.US,5,20251021,153000,0.0273,0.0399,0.0273,0.0319,3125,0
DSYWW.US,5,20251021,154500,0.0399,0.049,0.022,0.022,25804,0
DSYWW.US,5,20251021,155000,0.05,0.05,0.0222,0.0222,1061,0
DSYWW.US,5,20251021,155500,0.022,0.048,0.021,0.048,5866,0
DSYWW.US,5,20251021,160000,0.022,0.022,0.022,0.022,206,0
DSYWW.US,5,20251021,160500,0.0444,0.0444,0.0234,0.0234,1361,0
DSYWW.US,5,20251021,162500,0.0444,0.046,0.0444,0.046,200,0
DSYWW.US,5,20251021,163000,0.0234,0.0234,0.0234,0.0234,100,0
DSYWW.US,5,20251021,163500,0.0442,0.0442,0.0234,0.037144,3605,0
DSYWW.US,5,20251021,165500,0.04,0.04,0.023567,0.037144,3401,0
DSYWW.US,5,20251021,181000,0.0335,0.0335,0.0335,0.0335,1194,0
DSYWW.US,5,20251021,181500,0.0304,0.044,0.03,0.04,6283,0
DSYWW.US,5,20251021,182000,0.04,0.04,0.027112,0.027112,4800,0
DSYWW.US,5,20251021,183000,0.0251,0.0251,0.0237,0.0239,1650,0
DSYWW.US,5,20251021,184000,0.0275,0.0275,0.0274,0.0274,400,0
DSYWW.US,5,20251021,191000,0.0275,0.0275,0.0274,0.0274,200,0
DSYWW.US,5,20251021,211500,0.0275,0.0275,0.0275,0.0275,300,0
DSYWW.US,5,20251022,153000,0.04,0.04,0.022,0.022,11480,0
DSYWW.US,5,20251022,153500,0.0387,0.0387,0.0213,0.0367,5519,0
DSYWW.US,5,20251022,161500,0.0354,0.0367,0.0354,0.0367,424,0
DSYWW.US,5,20251022,162000,0.0227,0.0227,0.0227,0.0227,725,0
DSYWW.US,5,20251022,170000,0.0214,0.0214,0.0214,0.0214,386,0
DSYWW.US,5,20251022,170500,0.0295,0.0295,0.0294,0.0294,800,0
DSYWW.US,5,20251022,180000,0.0212,0.0212,0.0212,0.0212,5000,0
DSYWW.US,5,20251022,180500,0.0212,0.0275,0.0212,0.023899,7800,0
DSYWW.US,5,20251022,181000,0.0212,0.029,0.02,0.0201,14700,0
DSYWW.US,5,20251022,181500,0.0263,0.0289,0.02,0.02,16800,0
DSYWW.US,5,20251022,183000,0.033,0.033,0.033,0.033,600,0
DSYWW.US,5,20251022,192000,0.028487,0.028487,0.028487,0.028487,300,0
DSYWW.US,5,20251022,194000,0.0299,0.0299,0.0299,0.0299,165,0
DSYWW.US,5,20251022,204000,0.0299,0.0299,0.0299,0.0299,300,0
DSYWW.US,5,20251023,153000,0.03,0.03,0.03,0.03,200,0
DSYWW.US,5,20251023,155500,0.0224,0.0224,0.0224,0.0224,200,0
DSYWW.US,5,20251023,160500,0.03,0.03,0.0224,0.0224,390,0
DSYWW.US,5,20251023,161000,0.03,0.03,0.03,0.03,600,0
DSYWW.US,5,20251023,170000,0.028692,0.028692,0.028692,0.028692,400,0
DSYWW.US,5,20251023,192000,0.0291,0.0291,0.0291,0.0291,100,0
DSYWW.US,5,20251023,201500,0.0224,0.0224,0.021,0.021,6000,0
DSYWW.US,5,20251023,205000,0.03,0.03,0.0299,0.0299,1200,0
DSYWW.US,5,20251023,214000,0.0212,0.0212,0.0212,0.0212,300,0
DSYWW.US,5,20251024,153000,0.0277,0.0277,0.0277,0.0277,2897,0
DSYWW.US,5,20251024,153500,0.0277,0.0277,0.0276,0.0276,4275,0
DSYWW.US,5,20251024,154000,0.026339,0.0277,0.0209,0.0209,3497,0
DSYWW.US,5,20251024,154500,0.0277,0.038,0.0207,0.0207,27896,0
DSYWW.US,5,20251024,155000,0.0208,0.0208,0.0207,0.0207,1000,0
DSYWW.US,5,20251024,162000,0.0284,0.0284,0.0284,0.0284,261,0
DSYWW.US,5,20251024,162500,0.0247,0.0247,0.0247,0.0247,1075,0
DSYWW.US,5,20251024,170500,0.0245,0.0285,0.0245,0.0285,807,0
DSYWW.US,5,20251024,173500,0.028425,0.028425,0.028425,0.028425,105,0
DSYWW.US,5,20251024,175500,0.029899,0.029899,0.029899,0.029899,331,0
DSYWW.US,5,20251024,191500,0.02565,0.03,0.02565,0.03,1656,0
DSYWW.US,5,20251024,192500,0.03,0.03,0.0299,0.0299,1400,0
DSYWW.US,5,20251024,201500,0.03,0.03,0.03,0.03,2800,0
DSYWW.US,5,20251024,203500,0.03,0.03,0.03,0.03,1172,0
DSYWW.US,5,20251024,215000,0.022806,0.022806,0.022806,0.022806,334,0
DSYWW.US,5,20251024,215500,0.0299,0.03,0.0299,0.03,200,0
DSYWW.US,5,20251027,143000,0.03,0.03,0.0299,0.0299,1342,0
DSYWW.US,5,20251027,144000,0.03,0.03,0.03,0.03,165,0
DSYWW.US,5,20251027,145000,0.0299,0.0299,0.0299,0.0299,249,0
DSYWW.US,5,20251027,150500,0.03,0.03,0.03,0.03,1600,0
DSYWW.US,5,20251027,151000,0.0299,0.03,0.0299,0.0299,526,0
DSYWW.US,5,20251027,155500,0.0225,0.0226,0.0225,0.0226,1725,0
DSYWW.US,5,20251027,161500,0.0296,0.0296,0.0238,0.0287,3230,0
DSYWW.US,5,20251027,164000,0.0225,0.0237,0.0213,0.0213,17567,0
DSYWW.US,5,20251027,164500,0.021302,0.033,0.0213,0.0252,8510,0
DSYWW.US,5,20251027,165000,0.04,0.0525,0.02,0.0222,83891,0
DSYWW.US,5,20251027,165500,0.0465,0.0465,0.0465,0.0465,120,0
DSYWW.US,5,20251027,170000,0.02221,0.02221,0.02221,0.02221,577,0
DSYWW.US,5,20251027,171000,0.0282,0.0355,0.0224,0.0224,22850,0
DSYWW.US,5,20251027,171500,0.0225,0.0225,0.0224,0.0224,1100,0
DSYWW.US,5,20251027,172000,0.0271,0.0324,0.0225,0.0323,4100,0
DSYWW.US,5,20251027,172500,0.0224,0.0224,0.0224,0.0224,100,0
DSYWW.US,5,20251027,173000,0.0317,0.0317,0.03,0.03,951,0
DSYWW.US,5,20251027,174500,0.023788,0.023788,0.023788,0.023788,250,0
DSYWW.US,5,20251027,180000,0.0227,0.0227,0.0227,0.0227,450,0
DSYWW.US,5,20251027,181000,0.0296,0.0299,0.0296,0.0298,800,0
DSYWW.US,5,20251027,184000,0.0296,0.0296,0.0296,0.0296,910,0
DSYWW.US,5,20251027,202500,0.0227,0.0227,0.0227,0.0227,1670,0
DSYWW.US,5,20251027,203000,0.0228,0.0296,0.0228,0.0296,1000,0
DSYWW.US,5,20251027,205000,0.0228,0.0228,0.0228,0.0228,100,0
DSYWW.US,5,20251028,143000,0.0322,0.0322,0.0322,0.0322,180,0
DSYWW.US,5,20251028,143500,0.0322,0.0322,0.0322,0.0322,200,0
DSYWW.US,5,20251028,144000,0.0328,0.0328,0.0328,0.0328,1000,0
DSYWW.US,5,20251028,150000,0.0228,0.0228,0.0228,0.0228,120,0
DSYWW.US,5,20251028,152000,0.0298,0.0298,0.0298,0.0298,220,0
DSYWW.US,5,20251028,153500,0.029,0.029,0.029,0.029,666,0
DSYWW.US,5,20251028,160000,0.0228,0.0228,0.0225,0.0225,1299,0
DSYWW.US,5,20251028,164000,0.0226,0.0288,0.0225,0.0225,6100,0
DSYWW.US,5,20251028,164500,0.022501,0.022501,0.022501,0.022501,221,0
DSYWW.US,5,20251028,165500,0.0226,0.0288,0.0225,0.022501,3700,0
DSYWW.US,5,20251028,171000,0.0226,0.029,0.0226,0.0239,1838,0
DSYWW.US,5,20251028,181500,0.0218,0.0283,0.0218,0.0283,300,0
DSYWW.US,5,20251028,182000,0.0283,0.0283,0.0283,0.0283,409,0
DSYWW.US,5,20251028,183000,0.029,0.029,0.029,0.029,310,0
DSYWW.US,5,20251028,184000,0.027,0.027,0.027,0.027,271,0
DSYWW.US,5,20251028,190000,0.029,0.029,0.029,0.029,100,0
DSYWW.US,5,20251028,193000,0.0288,0.0288,0.0288,0.0288,150,0
DSYWW.US,5,20251028,193500,0.02929,0.02929,0.02929,0.02929,340,0
DSYWW.US,5,20251028,194000,0.029,0.029,0.029,0.029,100,0
DSYWW.US,5,20251028,204500,0.022,0.022,0.022,0.022,150,0
DSYWW.US,5,20251029,143000,0.0227,0.0227,0.0227,0.0227,413,0
DSYWW.US,5,20251029,143500,0.028,0.028,0.028,0.028,200,0
DSYWW.US,5,20251029,144500,0.02694,0.028,0.02694,0.0279,400,0
DSYWW.US,5,20251029,145000,0.028,0.028,0.028,0.028,1082,0
DSYWW.US,5,20251029,150000,0.02694,0.02694,0.02694,0.02694,150,0
DSYWW.US,5,20251029,150500,0.028,0.028,0.028,0.028,1000,0
DSYWW.US,5,20251029,152500,0.028,0.028,0.028,0.028,1500,0
DSYWW.US,5,20251029,154500,0.02535,0.02535,0.02535,0.02535,5000,0
DSYWW.US,5,20251029,155500,0.0227,0.0227,0.0227,0.0227,200,0
DSYWW.US,5,20251029,160000,0.0227,0.0227,0.0227,0.0227,100,0
DSYWW.US,5,20251029,161000,0.0227,0.0275,0.0227,0.0275,900,0
DSYWW.US,5,20251029,161500,0.0227,0.0228,0.0227,0.0227,1129,0
DSYWW.US,5,20251029,164500,0.0225,0.0225,0.0225,0.0225,100,0
DSYWW.US,5,20251029,173500,0.0228,0.0228,0.0227,0.0227,1000,0
DSYWW.US,5,20251029,183000,0.028,0.028,0.028,0.028,177,0
DSYWW.US,5,20251029,195500,0.026962,0.026962,0.026962,0.026962,101,0
DSYWW.US,5,20251029,204000,0.0223,0.0223,0.0223,0.0223,1000,0
DSYWW.US,5,20251030,143000,0.024,0.024,0.024,0.024,1000,0
DSYWW.US,5,20251030,144000,0.0227,0.0227,0.0227,0.0227,100,0
DSYWW.US,5,20251030,151500,0.0227,0.024,0.0227,0.0227,2949,0
DSYWW.US,5,20251030,153000,0.0227,0.0227,0.0227,0.0227,100,0
DSYWW.US,5,20251030,160500,0.0228,0.0228,0.0227,0.0227,200,0
DSYWW.US,5,20251030,162000,0.0239,0.024,0.0239,0.024,1200,0
DSYWW.US,5,20251030,163000,0.0239,0.024,0.0239,0.024,800,0
DSYWW.US,5,20251030,163500,0.0227,0.0227,0.0227,0.0227,100,0
DSYWW.US,5,20251030,170000,0.024,0.024,0.0228,0.0228,5000,0
DSYWW.US,5,20251030,170500,0.0227,0.0227,0.0227,0.0227,253,0
DSYWW.US,5,20251030,172000,0.0227,0.0227,0.0227,0.0227,100,0
DSYWW.US,5,20251031,143000,0.021,0.023699,0.021,0.023699,614,0
DSYWW.US,5,20251031,144000,0.022,0.022,0.022,0.022,100,0
DSYWW.US,5,20251031,144500,0.0237,0.0271,0.0237,0.0271,843,0
DSYWW.US,5,20251031,145500,0.026079,0.026079,0.026079,0.026079,200,0
DSYWW.US,5,20251031,150000,0.021,0.022,0.02,0.02,1783,0
DSYWW.US,5,20251031,151000,0.0235,0.0271,0.0235,0.0271,845,0
DSYWW.US,5,20251031,151500,0.0271,0.0271,0.0271,0.0271,300,0
DSYWW.US,5,20251031,160000,0.0251,0.0251,0.020931,0.024402,812,0
DSYWW.US,5,20251031,162000,0.0251,0.0251,0.021615,0.021615,435,0
DSYWW.US,5,20251031,162500,0.021001,0.0251,0.021001,0.025,300,0
DSYWW.US,5,20251031,163000,0.0209,0.0209,0.0209,0.0209,100,0
DSYWW.US,5,20251031,164000,0.0251,0.0251,0.0251,0.0251,150,0
DSYWW.US,5,20251031,164500,0.0209,0.0209,0.0209,0.0209,220,0
DSYWW.US,5,20251031,170000,0.021,0.021,0.021,0.021,100,0
DSYWW.US,5,20251031,174500,0.0251,0.0251,0.0251,0.0251,2000,0
DSYWW.US,5,20251031,175500,0.0209,0.0209,0.0209,0.0209,786,0
DSYWW.US,5,20251031,180000,0.0202,0.0202,0.0202,0.0202,794,0
DSYWW.US,5,20251031,180500,0.0202,0.028,0.0202,0.0247,11988,0
DSYWW.US,5,20251031,181000,0.0274,0.0274,0.0274,0.0274,698,0
DSYWW.US,5,20251031,181500,0.0238,0.0274,0.0238,0.0274,1293,0
DSYWW.US,5,20251031,182000,0.0201,0.0275,0.0201,0.0274,699,0
DSYWW.US,5,20251031,183500,0.026219,0.026219,0.026219,0.026219,100,0
DSYWW.US,5,20251031,185500,0.0201,0.0201,0.02,0.02,6063,0
DSYWW.US,5,20251031,190000,0.02,0.02,0.02,0.02,200,0
DSYWW.US,5,20251031,191000,0.02,0.02,0.02,0.02,100,0
DSYWW.US,5,20251031,193500,0.0201,0.0232,0.0201,0.0232,992,0
DSYWW.US,5,20251031,194500,0.024,0.028,0.024,0.028,793,0
DSYWW.US,5,20251103,153000,0.028,0.028,0.02,0.026399,4274,0
DSYWW.US,5,20251103,153500,0.02,0.028,0.02,0.028,1416,0
DSYWW.US,5,20251103,155000,0.02001,0.0258,0.02001,0.0258,892,0
DSYWW.US,5,20251103,160500,0.0201,0.0201,0.0201,0.0201,600,0
DSYWW.US,5,20251103,161000,0.028,0.028,0.02,0.02,1499,0
DSYWW.US,5,20251103,162000,0.028,0.028,0.028,0.028,1000,0
DSYWW.US,5,20251103,163500,0.0201,0.0201,0.0201,0.0201,100,0
DSYWW.US,5,20251103,164000,0.0201,0.028,0.0201,0.028,1224,0
DSYWW.US,5,20251103,185000,0.0203,0.0203,0.0203,0.0203,150,0
DSYWW.US,5,20251103,194000,0.028,0.028,0.025,0.028,6892,0
DSYWW.US,5,20251103,203500,0.0203,0.0203,0.0203,0.0203,100,0
DSYWW.US,5,20251103,205500,0.0204,0.0224,0.0204,0.0224,320,0
DSYWW.US,5,20251103,213500,0.0249,0.0249,0.0249,0.0249,1227,0
DSYWW.US,5,20251104,153000,0.027,0.027,0.027,0.027,155,0
DSYWW.US,5,20251104,154000,0.027,0.0275,0.027,0.027499,14120,0
DSYWW.US,5,20251104,155000,0.0293,0.0293,0.0293,0.0293,1694,0
DSYWW.US,5,20251104,155500,0.0293,0.03,0.0293,0.0299,3144,0
DSYWW.US,5,20251104,160500,0.02848,0.02848,0.02848,0.02848,350,0
DSYWW.US,5,20251104,161000,0.03,0.03,0.0299,0.0299,434,0
DSYWW.US,5,20251104,162500,0.0205,0.039,0.0205,0.039,3260,0
DSYWW.US,5,20251104,163000,0.028,0.028,0.028,0.028,100,0
DSYWW.US,5,20251104,174500,0.028775,0.028775,0.028775,0.028775,143,0
DSYWW.US,5,20251104,180000,0.0232,0.0232,0.0232,0.0232,376,0
DSYWW.US,5,20251104,194500,0.038,0.038,0.038,0.038,197,0
DSYWW.US,5,20251104,200500,0.037,0.037,0.0369,0.0369,200,0
DSYWW.US,5,20251104,202000,0.023,0.023,0.023,0.023,612,0
DSYWW.US,5,20251104,203500,0.037,0.037,0.023,0.023,1500,0
DSYWW.US,5,20251104,204000,0.0342,0.06,0.023,0.0343,62810,0
DSYWW.US,5,20251104,204500,0.0533,0.0533,0.0253,0.0253,753,0
DSYWW.US,5,20251104,205000,0.0399,0.0462,0.0399,0.0462,1100,0
DSYWW.US,5,20251104,210500,0.03,0.0458,0.023,0.023,32011,0
DSYWW.US,5,20251104,211000,0.0231,0.0231,0.0219,0.0219,14274,0
DSYWW.US,5,20251104,211500,0.0241,0.0259,0.0225,0.0259,4500,0
DSYWW.US,5,20251104,212500,0.0398,0.0398,0.0225,0.0225,3000,0
DSYWW.US,5,20251104,215000,0.0225,0.0225,0.022,0.022,3243,0
DSYWW.US,5,20251105,153000,0.023,0.023,0.023,0.023,650,0
DSYWW.US,5,20251105,153500,0.023,0.023,0.023,0.023,600,0
DSYWW.US,5,20251105,155500,0.023,0.0397,0.023,0.023,7694,0
DSYWW.US,5,20251105,160500,0.03,0.03,0.023,0.023,399,0
DSYWW.US,5,20251105,162000,0.025,0.025,0.025,0.025,100,0
DSYWW.US,5,20251105,162500,0.025,0.0299,0.023,0.023,2701,0
DSYWW.US,5,20251105,170500,0.0299,0.0299,0.023,0.023,2745,0
DSYWW.US,5,20251105,182000,0.0288,0.0299,0.0287,0.0299,2400,0
DSYWW.US,5,20251105,184500,0.023,0.023,0.023,0.023,736,0
DSYWW.US,5,20251105,191500,0.025,0.0299,0.0249,0.0299,800,0
DSYWW.US,5,20251105,192000,0.0299,0.0325,0.0299,0.0325,1860,0
DSYWW.US,5,20251105,193500,0.023,0.023,0.023,0.023,666,0
DSYWW.US,5,20251105,204000,0.023,0.023,0.023,0.023,1390,0
DSYWW.US,5,20251106,153000,0.031,0.031,0.031,0.031,164,0
DSYWW.US,5,20251106,153500,0.0233,0.0234,0.0233,0.0234,1000,0
DSYWW.US,5,20251106,154000,0.03949,0.03949,0.025,0.025,2219,0
DSYWW.US,5,20251106,155000,0.0392,0.0392,0.0233,0.0233,2000,0
DSYWW.US,5,20251106,163000,0.0379,0.0379,0.0379,0.0379,100,0
DSYWW.US,5,20251106,170000,0.0351,0.0351,0.0233,0.023401,5512,0
DSYWW.US,5,20251106,170500,0.0351,0.0351,0.03307,0.03307,4100,0
DSYWW.US,5,20251106,171500,0.035,0.035,0.0234,0.0234,6000,0
DSYWW.US,5,20251106,172500,0.035,0.0351,0.0233,0.031165,4030,0
DSYWW.US,5,20251106,173000,0.024336,0.0351,0.024336,0.0351,3500,0
DSYWW.US,5,20251106,183000,0.0349,0.0349,0.0349,0.0349,500,0
DSYWW.US,5,20251106,194000,0.0243,0.03,0.023,0.023,2000,0
DSYWW.US,5,20251106,194500,0.0324,0.0324,0.0324,0.0324,146,0
DSYWW.US,5,20251106,195000,0.034,0.0341,0.034,0.0341,200,0
DSYWW.US,5,20251106,204000,0.0345,0.0345,0.0345,0.0345,1100,0
DSYWW.US,5,20251106,211000,0.03,0.03,0.023,0.023,4000,0
DSYWW.US,5,20251106,213500,0.028499,0.028499,0.028499,0.028499,347,0
DSYWW.US,5,20251106,215000,0.0231,0.0254,0.023,0.023,1645,0
DSYWW.US,5,20251106,215500,0.03,0.0348,0.02301,0.02301,2346,0
DSYWW.US,5,20251107,153000,0.0297,0.0351,0.0297,0.0327,772,0
DSYWW.US,5,20251107,154500,0.0316,0.0316,0.028659,0.028659,983,0
DSYWW.US,5,20251107,160000,0.0237,0.0252,0.0237,0.0252,3623,0
DSYWW.US,5,20251107,160500,0.0299,0.0299,0.0298,0.0298,360,0
DSYWW.US,5,20251107,161000,0.0298,0.0298,0.0237,0.0298,1365,0
DSYWW.US,5,20251107,161500,0.0237,0.0237,0.0237,0.0237,354,0
DSYWW.US,5,20251107,162000,0.0285,0.0297,0.0285,0.0297,2377,0
DSYWW.US,5,20251107,162500,0.0296,0.0297,0.0296,0.0297,200,0
DSYWW.US,5,20251107,163500,0.0271,0.0285,0.0271,0.0285,1545,0
DSYWW.US,5,20251107,164500,0.0285,0.0299,0.026799,0.0299,5601,0
DSYWW.US,5,20251107,170000,0.023801,0.023801,0.023801,0.023801,348,0
DSYWW.US,5,20251107,172500,0.0299,0.0299,0.0298,0.0298,200,0
DSYWW.US,5,20251107,180000,0.0268,0.0268,0.0268,0.0268,421,0
DSYWW.US,5,20251107,181500,0.0299,0.0299,0.0298,0.0298,276,0
DSYWW.US,5,20251107,182000,0.0237,0.0237,0.0237,0.0237,411,0
DSYWW.US,5,20251107,183000,0.0273,0.0399,0.0273,0.0397,9945,0
DSYWW.US,5,20251107,184500,0.0378,0.0378,0.0378,0.0378,160,0
DSYWW.US,5,20251107,185500,0.0375,0.0379,0.036659,0.036659,900,0
DSYWW.US,5,20251107,191500,0.0247,0.0247,0.0235,0.0235,4070,0
DSYWW.US,5,20251107,201500,0.0306,0.0306,0.0306,0.0306,3421,0
DSYWW.US,5,20251107,202000,0.03,0.03,0.03,0.03,454,0
DSYWW.US,5,20251107,202500,0.0235,0.0235,0.0235,0.0235,100,0
DSYWW.US,5,20251107,203000,0.0236,0.0379,0.0236,0.035,7040,0
DSYWW.US,5,20251110,153000,0.0393,0.0393,0.0393,0.0393,4131,0
DSYWW.US,5,20251110,154500,0.0243,0.0244,0.0243,0.0244,2200,0
DSYWW.US,5,20251110,155000,0.0372,0.039,0.025,0.0251,19000,0
DSYWW.US,5,20251110,160000,0.0317,0.0317,0.0317,0.0317,4000,0
DSYWW.US,5,20251110,160500,0.034501,0.034501,0.025,0.025,5300,0
DSYWW.US,5,20251110,161500,0.025,0.025,0.025,0.025,100,0
DSYWW.US,5,20251110,162500,0.0251,0.0251,0.025,0.025,360,0
DSYWW.US,5,20251110,163000,0.025,0.0251,0.025,0.0251,500,0
DSYWW.US,5,20251110,163500,0.0251,0.0252,0.0251,0.0252,200,0
DSYWW.US,5,20251110,164000,0.0326,0.039,0.0326,0.039,6000,0
DSYWW.US,5,20251110,164500,0.0252,0.0252,0.0252,0.0252,7000,0
DSYWW.US,5,20251110,165500,0.0253,0.0253,0.0253,0.0253,500,0
DSYWW.US,5,20251110,170000,0.0253,0.0253,0.0253,0.0253,1717,0
DSYWW.US,5,20251110,181000,0.0253,0.0253,0.0253,0.0253,500,0
DSYWW.US,5,20251110,210500,0.0331,0.0332,0.0331,0.0332,200,0
DSYWW.US,5,20251111,153000,0.0247,0.0397,0.024,0.024,3247,0
DSYWW.US,5,20251111,155000,0.0385,0.0385,0.0247,0.0247,1400,0
DSYWW.US,5,20251111,162000,0.0383,0.0383,0.028,0.028,349,0
DSYWW.US,5,20251111,171500,0.024601,0.024601,0.024601,0.024601,200,0
DSYWW.US,5,20251111,174000,0.03,0.03,0.0245,0.03,1944,0
DSYWW.US,5,20251111,174500,0.029109,0.029109,0.029109,0.029109,130,0
DSYWW.US,5,20251111,175500,0.0273,0.0273,0.0246,0.0246,448,0
DSYWW.US,5,20251111,180000,0.0246,0.0246,0.0246,0.0246,300,0
DSYWW.US,5,20251111,181000,0.0319,0.0385,0.0319,0.0385,10302,0
DSYWW.US,5,20251111,181500,0.0277,0.0277,0.0251,0.0251,1613,0
DSYWW.US,5,20251111,182000,0.0249,0.0249,0.0249,0.0249,300,0
DSYWW.US,5,20251111,184000,0.0326,0.0326,0.0326,0.0326,1000,0
DSYWW.US,5,20251111,210000,0.025201,0.025201,0.025201,0.025201,199,0
DSYWW.US,5,20251112,153000,0.0377,0.0377,0.0377,0.0377,619,0
DSYWW.US,5,20251112,153500,0.03,0.03,0.027021,0.027021,200,0
DSYWW.US,5,20251112,154000,0.0255,0.0255,0.0255,0.0255,140,0
DSYWW.US,5,20251112,154500,0.037,0.0376,0.037,0.0376,1080,0
DSYWW.US,5,20251112,155000,0.0255,0.0255,0.025,0.0255,1640,0
DSYWW.US,5,20251112,162500,0.03,0.03,0.03,0.03,500,0
DSYWW.US,5,20251112,163500,0.033672,0.033672,0.033672,0.033672,300,0
DSYWW.US,5,20251112,164500,0.026,0.026,0.026,0.026,115,0
DSYWW.US,5,20251112,172500,0.026,0.026,0.026,0.026,300,0
DSYWW.US,5,20251112,190500,0.026741,0.026741,0.026741,0.026741,100,0
DSYWW.US,5,20251112,191500,0.0348,0.0348,0.0348,0.0348,158,0
DSYWW.US,5,20251112,195500,0.035,0.035,0.026731,0.026731,10450,0
DSYWW.US,5,20251112,200000,0.0349,0.035,0.0349,0.035,1420,0
DSYWW.US,5,20251112,203000,0.035,0.035,0.035,0.035,1000,0
DSYWW.US,5,20251112,203500,0.0349,0.0349,0.0349,0.0349,176,0
DSYWW.US,5,20251112,204000,0.025,0.025,0.025,0.025,200,0
DSYWW.US,5,20251113,154500,0.030679,0.030679,0.030679,0.030679,200,0
DSYWW.US,5,20251113,155000,0.033,0.033,0.033,0.033,903,0
DSYWW.US,5,20251113,160000,0.022,0.031,0.022,0.031,3000,0
DSYWW.US,5,20251113,181000,0.0231,0.0231,0.0231,0.0231,1600,0
DSYWW.US,5,20251113,182000,0.029,0.029,0.0237,0.0237,3548,0
DSYWW.US,5,20251113,182500,0.024399,0.024399,0.0233,0.0233,2140,0
DSYWW.US,5,20251113,183000,0.023,0.0291,0.023,0.0281,1291,0
DSYWW.US,5,20251113,184500,0.0231,0.0231,0.0231,0.0231,100,0
DSYWW.US,5,20251113,190500,0.029,0.029,0.029,0.029,100,0
DSYWW.US,5,20251113,193000,0.023,0.023,0.023,0.023,2493,0
DSYWW.US,5,20251113,193500,0.029,0.029,0.0289,0.0289,600,0
DSYWW.US,5,20251113,203000,0.0289,0.0289,0.0289,0.0289,325,0
DSYWW.US,5,20251113,205500,0.023,0.023,0.023,0.023,1500,0
DSYWW.US,5,20251113,210000,0.0288,0.0288,0.0288,0.0288,1736,0
DSYWW.US,5,20251114,153000,0.0222,0.0222,0.0222,0.0222,138,0
DSYWW.US,5,20251114,153500,0.0222,0.0222,0.0215,0.0215,7169,0
DSYWW.US,5,20251114,154500,0.0315,0.035,0.0315,0.035,3125,0
DSYWW.US,5,20251114,155000,0.0349,0.0349,0.0215,0.0215,1500,0
DSYWW.US,5,20251114,161500,0.0345,0.0345,0.0345,0.0345,1580,0
DSYWW.US,5,20251114,163000,0.032324,0.032324,0.032324,0.032324,400,0
DSYWW.US,5,20251114,165500,0.030001,0.0301,0.03,0.0301,1200,0
DSYWW.US,5,20251114,170000,0.03,0.03,0.0225,0.0225,680,0
DSYWW.US,5,20251114,170500,0.0229,0.0345,0.0215,0.0221,4778,0
DSYWW.US,5,20251114,171000,0.0345,0.0347,0.0201,0.0201,12745,0
DSYWW.US,5,20251114,171500,0.0321,0.0321,0.032,0.032,200,0
DSYWW.US,5,20251114,172000,0.0347,0.0347,0.0321,0.0321,1077,0
DSYWW.US,5,20251114,195000,0.021,0.021,0.021,0.021,250,0
DSYWW.US,5,20251114,202500,0.030086,0.030086,0.030086,0.030086,100,0
DSYWW.US,5,20251114,211500,0.032,0.034,0.032,0.034,301,0
DSYWW.US,5,20251117,153000,0.03,0.03,0.03,0.03,150,0
DSYWW.US,5,20251117,153500,0.03,0.03,0.0297,0.0297,216,0
DSYWW.US,5,20251117,162000,0.0347,0.035,0.0347,0.035,6360,0
DSYWW.US,5,20251117,162500,0.0328,0.0328,0.0328,0.0328,255,0
DSYWW.US,5,20251117,170500,0.031,0.031,0.031,0.031,300,0
DSYWW.US,5,20251117,191500,0.031,0.031,0.031,0.031,1050,0
DSYWW.US,5,20251117,192000,0.035,0.035,0.035,0.035,741,0
DSYWW.US,5,20251117,193500,0.031,0.031,0.0207,0.0207,1500,0
DSYWW.US,5,20251117,194000,0.032209,0.032209,0.032209,0.032209,100,0
DSYWW.US,5,20251117,214500,0.0322,0.0322,0.0322,0.0322,419,0
DSYWW.US,5,20251118,153000,0.0207,0.032,0.0207,0.032,400,0
DSYWW.US,5,20251118,155000,0.021,0.035,0.021,0.0349,1046,0
DSYWW.US,5,20251118,162500,0.021,0.029,0.0201,0.029,7351,0
DSYWW.US,5,20251118,183500,0.0211,0.0211,0.0211,0.0211,102,0
DSYWW.US,5,20251118,184000,0.0299,0.0299,0.0299,0.0299,200,0
DSYWW.US,5,20251118,200500,0.0201,0.0211,0.0201,0.0211,5153,0
DSYWW.US,5,20251118,201000,0.0202,0.0202,0.0202,0.0202,2400,0
DSYWW.US,5,20251118,202000,0.0262,0.0263,0.0262,0.0263,200,0
DSYWW.US,5,20251118,213500,0.0263,0.0325,0.0263,0.0325,1900,0
DSYWW.US,5,20251118,214000,0.0325,0.0325,0.0325,0.0325,171,0
DSYWW.US,5,20251119,153000,0.0343,0.0343,0.0343,0.0343,289,0
DSYWW.US,5,20251119,153500,0.0342,0.0342,0.0341,0.0341,1000,0
DSYWW.US,5,20251119,165500,0.0276,0.0276,0.0276,0.0276,300,0
DSYWW.US,5,20251119,184500,0.034,0.034,0.034,0.034,292,0
DSYWW.US,5,20251120,153500,0.0339,0.0339,0.0229,0.0229,1851,0
DSYWW.US,5,20251120,162000,0.031602,0.031602,0.031602,0.031602,121,0
DSYWW.US,5,20251120,172500,0.027,0.027,0.027,0.027,699,0
DSYWW.US,5,20251120,175000,0.028,0.028,0.028,0.028,100,0
DSYWW.US,5,20251120,183000,0.0338,0.0338,0.0338,0.0338,2088,0
DSYWW.US,5,20251121,153000,0.0335,0.0335,0.0205,0.0205,3094,0
DSYWW.US,5,20251121,184000,0.021,0.021,0.0205,0.0205,1724,0
DSYWW.US,5,20251121,192500,0.0271,0.0271,0.0207,0.0207,3685,0
DSYWW.US,5,20251121,193500,0.0209,0.0329,0.0205,0.0205,3970,0
DSYWW.US,5,20251121,200000,0.032,0.032,0.032,0.032,100,0
DSYWW.US,5,20251124,160000,0.0207,0.0207,0.0207,0.0207,800,0
DSYWW.US,5,20251124,160500,0.0306,0.0306,0.0306,0.0306,701,0
DSYWW.US,5,20251124,161000,0.03,0.0306,0.03,0.0306,300,0
DSYWW.US,5,20251124,161500,0.02635,0.02635,0.02635,0.02635,173,0
DSYWW.US,5,20251124,171500,0.0297,0.035,0.0295,0.0347,20237,0
DSYWW.US,5,20251124,172000,0.0379,0.04,0.0343,0.04,25958,0
DSYWW.US,5,20251124,172500,0.0207,0.0207,0.0201,0.0201,15000,0
DSYWW.US,5,20251124,173500,0.0376,0.0376,0.0376,0.0376,634,0
DSYWW.US,5,20251124,174000,0.041,0.0444,0.0398,0.04305,2000,0
DSYWW.US,5,20251124,174500,0.0204,0.0204,0.0204,0.0204,1950,0
DSYWW.US,5,20251124,182500,0.0404,0.0404,0.021,0.021,1645,0
DSYWW.US,5,20251124,183000,0.039799,0.04,0.021,0.0398,16500,0
DSYWW.US,5,20251124,184500,0.021,0.021,0.021,0.021,2165,0
DSYWW.US,5,20251124,190500,0.0216,0.0216,0.0216,0.0216,599,0
DSYWW.US,5,20251124,191000,0.0387,0.0387,0.0216,0.0216,600,0
DSYWW.US,5,20251124,194000,0.0221,0.0221,0.0221,0.0221,1004,0
DSYWW.US,5,20251124,210000,0.0302,0.0302,0.0302,0.0302,1000,0
DSYWW.US,5,20251125,153000,0.0393,0.0393,0.0312,0.0312,2293,0
DSYWW.US,5,20251125,153500,0.0393,0.0393,0.039165,0.039165,200,0
DSYWW.US,5,20251125,154000,0.03,0.03,0.0201,0.0201,4557,0
DSYWW.US,5,20251125,155000,0.0284,0.0284,0.0284,0.0284,1045,0
DSYWW.US,5,20251125,164500,0.0284,0.0284,0.0284,0.0284,300,0
DSYWW.US,5,20251125,172500,0.0313,0.0313,0.0313,0.0313,383,0
DSYWW.US,5,20251125,215000,0.0384,0.0394,0.0384,0.0394,3003,0
DSYWW.US,5,20251126,153000,0.026931,0.026931,0.026931,0.026931,100,0
DSYWW.US,5,20251126,154000,0.0384,0.0384,0.0384,0.0384,400,0
DSYWW.US,5,20251126,154500,0.0384,0.0384,0.0384,0.0384,891,0
DSYWW.US,5,20251126,155000,0.03105,0.03105,0.03105,0.03105,150,0
DSYWW.US,5,20251126,160000,0.0362,0.0362,0.0362,0.0362,100,0
DSYWW.US,5,20251126,160500,0.0231,0.0385,0.0231,0.0385,1531,0
DSYWW.US,5,20251126,183000,0.0347,0.0347,0.0347,0.0347,780,0
DSYWW.US,5,20251126,210000,0.0323,0.0323,0.0323,0.0323,278,0
DSYWW.US,5,20251126,212500,0.0301,0.0301,0.0301,0.0301,1100,0
DSYWW.US,5,20251126,215500,0.0301,0.038,0.0301,0.038,4000,0
DSYWW.US,5,20251128,153000,0.0231,0.0232,0.0231,0.0232,609,0
DSYWW.US,5,20251128,153500,0.0395,0.0395,0.0395,0.0395,626,0
DSYWW.US,5,20251128,154000,0.0234,0.0234,0.0234,0.0234,341,0
DSYWW.US,5,20251128,160000,0.0395,0.0395,0.0394,0.0394,400,0
DSYWW.US,5,20251128,163000,0.0234,0.0234,0.0234,0.0234,324,0
DSYWW.US,5,20251128,163500,0.0323,0.0395,0.0323,0.0395,3191,0
DSYWW.US,5,20251128,165500,0.0232,0.0232,0.0232,0.0232,200,0
DSYWW.US,5,20251128,170500,0.0361,0.0393,0.036,0.0393,600,0
DSYWW.US,5,20251128,173500,0.0232,0.0232,0.0232,0.0232,780,0
DSYWW.US,5,20251128,174500,0.0393,0.0393,0.0393,0.0393,690,0
DSYWW.US,5,20251128,175000,0.0393,0.0393,0.0393,0.0393,500,0
DSYWW.US,5,20251128,175500,0.039,0.039,0.039,0.039,2500,0
DSYWW.US,5,20251128,180500,0.0232,0.0232,0.0201,0.0201,500,0
DSYWW.US,5,20251128,181000,0.0231,0.0361,0.0231,0.036,500,0
DSYWW.US,5,20251201,153000,0.0201,0.0201,0.0201,0.0201,3499,0
DSYWW.US,5,20251201,154000,0.03,0.04,0.02021,0.02021,6377,0
DSYWW.US,5,20251201,154500,0.0201,0.0202,0.0201,0.0201,4239,0
DSYWW.US,5,20251201,161500,0.0344,0.04,0.0344,0.04,960,0
DSYWW.US,5,20251201,162000,0.034,0.034,0.034,0.034,200,0
DSYWW.US,5,20251201,172500,0.0231,0.0231,0.0231,0.0231,615,0
DSYWW.US,5,20251201,173000,0.0385,0.0385,0.0385,0.0385,248,0
DSYWW.US,5,20251201,181000,0.0235,0.0254,0.0208,0.0231,3311,0
DSYWW.US,5,20251201,182500,0.029899,0.029899,0.029899,0.029899,349,0
DSYWW.US,5,20251201,183000,0.0291,0.0291,0.0291,0.0291,100,0
DSYWW.US,5,20251201,212500,0.03,0.03,0.03,0.03,1083,0
DSYWW.US,5,20251202,163500,0.03,0.03,0.03,0.03,100,0
DSYWW.US,5,20251202,202000,0.023,0.023,0.023,0.023,4330,0
DSYWW.US,5,20251202,211000,0.0276,0.0276,0.0276,0.0276,100,0
DSYWW.US,5,20251203,153000,0.0276,0.0276,0.0246,0.0276,905,0
DSYWW.US,5,20251203,170500,0.0268,0.0268,0.0268,0.0268,1084,0
DSYWW.US,5,20251203,182500,0.0204,0.0204,0.0204,0.0204,403,0
DSYWW.US,5,20251203,190000,0.0251,0.0251,0.0212,0.0212,2200,0
DSYWW.US,5,20251203,214000,0.0276,0.03,0.02,0.028,9800,0
DSYWW.US,5,20251203,214500,0.03,0.03,0.03,0.03,1200,0
DSYWW.US,5,20251204,153000,0.0201,0.0201,0.0201,0.0201,2000,0
DSYWW.US,5,20251204,153500,0.0398,0.0398,0.0201,0.0398,350,0
DSYWW.US,5,20251204,154000,0.0201,0.0201,0.0201,0.0201,690,0
DSYWW.US,5,20251204,160000,0.031,0.031,0.031,0.031,400,0
DSYWW.US,5,20251204,171500,0.02281,0.02281,0.02281,0.02281,1000,0
DSYWW.US,5,20251204,172000,0.0299,0.0299,0.0299,0.0299,1773,0
DSYWW.US,5,20251204,173000,0.0233,0.0233,0.0232,0.0232,200,0
DSYWW.US,5,20251204,175000,0.0302,0.0302,0.0301,0.0301,800,0
DSYWW.US,5,20251204,183500,0.0302,0.0302,0.0302,0.0302,100,0
DSYWW.US,5,20251204,185000,0.0301,0.0301,0.0301,0.0301,550,0
DSYWW.US,5,20251204,190500,0.0229,0.0229,0.0229,0.0229,100,0
DSYWW.US,5,20251204,195000,0.03,0.03,0.0299,0.0299,200,0
DSYWW.US,5,20251204,213500,0.0299,0.0299,0.0299,0.0299,100,0
DSYWW.US,5,20251205,174500,0.0301,0.0301,0.0301,0.0301,300,0
DSYWW.US,5,20251205,181500,0.0325,0.0325,0.0325,0.0325,986,0
DSYWW.US,5,20251208,153000,0.0374,0.0374,0.0374,0.0374,602,0
DSYWW.US,5,20251208,154500,0.0231,0.0231,0.0228,0.0228,3165,0
DSYWW.US,5,20251208,155000,0.03,0.03,0.03,0.03,100,0
DSYWW.US,5,20251209,153000,0.0234,0.0234,0.0234,0.0234,614,0
DSYWW.US,5,20251209,154000,0.027397,0.0274,0.027397,0.0274,1365,0
DSYWW.US,5,20251209,164500,0.03,0.03,0.03,0.03,100,0
DSYWW.US,5,20251209,171000,0.0233,0.0233,0.0233,0.0233,550,0
DSYWW.US,5,20251209,174000,0.03,0.03,0.03,0.03,100,0
DSYWW.US,5,20251209,175000,0.028613,0.028613,0.028613,0.028613,150,0
DSYWW.US,5,20251209,180500,0.03,0.03,0.03,0.03,100,0
DSYWW.US,5,20251209,205000,0.0233,0.0233,0.0233,0.0233,173,0
DSYWW.US,5,20251210,154000,0.03,0.03,0.03,0.03,21700,0
DSYWW.US,5,20251210,161500,0.0299,0.0299,0.0299,0.0299,4601,0
DSYWW.US,5,20251210,162500,0.0292,0.0292,0.0292,0.0292,349,0
DSYWW.US,5,20251210,163000,0.0299,0.03,0.0299,0.03,890,0
DSYWW.US,5,20251210,170500,0.03,0.03,0.03,0.03,3250,0
DSYWW.US,5,20251210,174000,0.03,0.03,0.0299,0.0299,200,0
DSYWW.US,5,20251210,174500,0.028692,0.028692,0.028692,0.028692,100,0
DSYWW.US,5,20251210,175500,0.0299,0.03,0.0299,0.03,296,0
DSYWW.US,5,20251210,180000,0.024,0.024,0.02,0.0205,36358,0
DSYWW.US,5,20251210,180500,0.0202,0.0202,0.0201,0.0201,200,0
DSYWW.US,5,20251210,181000,0.0201,0.0201,0.0201,0.0201,200,0
DSYWW.US,5,20251210,181500,0.02,0.0201,0.02,0.0201,300,0
DSYWW.US,5,20251210,182000,0.0201,0.0202,0.0201,0.0202,600,0
DSYWW.US,5,20251210,183000,0.0262,0.039,0.0201,0.0201,50000,0
DSYWW.US,5,20251210,183500,0.0368,0.0398,0.0368,0.0398,3830,0
DSYWW.US,5,20251210,184000,0.0223,0.0246,0.0223,0.0245,500,0
DSYWW.US,5,20251210,184500,0.0224,0.0246,0.0202,0.0203,4820,0
DSYWW.US,5,20251210,192000,0.0263,0.0263,0.0262,0.0262,200,0
DSYWW.US,5,20251210,193500,0.0262,0.0263,0.0262,0.0262,400,0
DSYWW.US,5,20251210,195500,0.0255,0.0263,0.0255,0.0262,750,0
DSYWW.US,5,20251210,214000,0.0211,0.022,0.0211,0.022,4800,0
DSYWW.US,5,20251211,161000,0.021517,0.021517,0.021517,0.021517,100,0
DSYWW.US,5,20251211,162000,0.0201,0.0201,0.0201,0.0201,101,0
DSYWW.US,5,20251211,163000,0.021698,0.021698,0.021698,0.021698,194,0
DSYWW.US,5,20251211,175000,0.0204,0.0204,0.02,0.02,2500,0
DSYWW.US,5,20251211,205000,0.0242,0.0274,0.0201,0.0201,2277,0
DSYWW.US,5,20251211,205500,0.0263,0.0274,0.0203,0.0203,8023,0
DSYWW.US,5,20251211,210000,0.0207,0.0207,0.0207,0.0207,200,0
DSYWW.US,5,20251211,214500,0.03,0.03,0.029,0.029,3122,0
DSYWW.US,5,20251212,153000,0.0227,0.0227,0.0227,0.0227,3296,0
DSYWW.US,5,20251212,154500,0.0296,0.0296,0.0296,0.0296,189,0
DSYWW.US,5,20251212,161000,0.0272,0.0272,0.0272,0.0272,1770,0
DSYWW.US,5,20251212,165500,0.022346,0.022346,0.022346,0.022346,100,0
DSYWW.US,5,20251212,172000,0.0272,0.0272,0.0271,0.0271,1700,0
DSYWW.US,5,20251212,185000,0.0272,0.0272,0.0272,0.0272,850,0
DSYWW.US,5,20251212,190000,0.0272,0.0272,0.0272,0.0272,782,0
DSYWW.US,5,20251212,215000,0.0272,0.0272,0.0272,0.0272,432,0
DSYWW.US,5,20251215,154000,0.02,0.02,0.02,0.02,1613,0
DSYWW.US,5,20251215,175000,0.027099,0.027099,0.027099,0.027099,365,0
DSYWW.US,5,20251215,201500,0.0205,0.0272,0.0205,0.020668,901,0
DSYWW.US,5,20251216,153000,0.0272,0.0272,0.02,0.02,404,0
DSYWW.US,5,20251216,164000,0.0272,0.0272,0.0272,0.0272,167,0
DSYWW.US,5,20251216,170000,0.0296,0.0296,0.0296,0.0296,831,0
DSYWW.US,5,20251216,195500,0.0279,0.0279,0.0279,0.0279,400,0
DSYWW.US,5,20251216,200000,0.02778,0.02778,0.0236,0.0236,652,0
DSYWW.US,5,20251217,171000,0.029,0.029,0.029,0.029,121,0
DSYWW.US,5,20251217,182000,0.0282,0.0282,0.0282,0.0282,1000,0
DSYWW.US,5,20251217,195500,0.0279,0.0279,0.0279,0.0279,1690,0
DSYWW.US,5,20251217,203000,0.028,0.028,0.028,0.028,100,0
DSYWW.US,5,20251217,205000,0.03,0.03,0.03,0.03,866,0
DSYWW.US,5,20251218,153000,0.0296,0.0296,0.0296,0.0296,142,0
DSYWW.US,5,20251218,155000,0.0296,0.0296,0.0296,0.0296,189,0
DSYWW.US,5,20251218,155500,0.021,0.0211,0.0204,0.0204,1275,0
DSYWW.US,5,20251218,160500,0.0245,0.0245,0.0202,0.0202,3200,0
DSYWW.US,5,20251218,162000,0.02,0.02,0.02,0.02,350,0
DSYWW.US,5,20251218,164000,0.0262,0.03,0.0262,0.03,761,0
DSYWW.US,5,20251219,165000,0.0205,0.0205,0.02,0.02,22578,0
DSYWW.US,5,20251219,165500,0.0212,0.0212,0.0203,0.0203,600,0
DSYWW.US,5,20251219,170000,0.0212,0.0212,0.0212,0.0212,100,0
DSYWW.US,5,20251219,170500,0.0212,0.0245,0.0211,0.0211,11072,0
DSYWW.US,5,20251219,171000,0.0222,0.0222,0.0222,0.0222,100,0
DSYWW.US,5,20251219,174000,0.0263,0.0263,0.0263,0.0263,500,0
DSYWW.US,5,20251219,193000,0.0208,0.0208,0.0204,0.0208,8924,0
DSYWW.US,5,20251219,194000,0.0205,0.0225,0.0205,0.0225,500,0
DSYWW.US,5,20251219,194500,0.0263,0.0295,0.0263,0.0295,2000,0
DSYWW.US,5,20251222,153000,0.0294,0.0294,0.0294,0.0294,1341,0
DSYWW.US,5,20251222,161500,0.029399,0.029399,0.029399,0.029399,113,0
DSYWW.US,5,20251222,171000,0.0223,0.0223,0.0223,0.0223,108,0
DSYWW.US,5,20251222,174000,0.0294,0.0294,0.0294,0.0294,100,0
DSYWW.US,5,20251223,153000,0.0204,0.0204,0.0204,0.0204,2620,0
DSYWW.US,5,20251223,154000,0.0248,0.0248,0.0248,0.0248,170,0
DSYWW.US,5,20251223,154500,0.0292,0.0292,0.0292,0.0292,151,0
DSYWW.US,5,20251223,162500,0.02,0.02,0.02,0.02,196,0
DSYWW.US,5,20251223,163000,0.020905,0.020905,0.020905,0.020905,150,0
DSYWW.US,5,20251223,180500,0.0245,0.0245,0.0245,0.0245,648,0
DSYWW.US,5,20251223,181500,0.0242,0.0242,0.0242,0.0242,100,0
DSYWW.US,5,20251223,185000,0.0239,0.0239,0.0239,0.0239,202,0
DSYWW.US,5,20251223,185500,0.024,0.024,0.024,0.024,500,0
DSYWW.US,5,20251224,153000,0.02,0.02,0.02,0.02,400,0
DSYWW.US,5,20251224,153500,0.0245,0.0292,0.0245,0.0292,2420,0
DSYWW.US,5,20251224,154500,0.02,0.02,0.02,0.02,450,0
DSYWW.US,5,20251224,160000,0.021,0.021,0.021,0.021,300,0
DSYWW.US,5,20251224,173000,0.0252,0.0252,0.0252,0.0252,1000,0
DSYWW.US,5,20251224,182000,0.0202,0.0202,0.02,0.02,448,0
DSYWW.US,5,20251226,153000,0.02,0.02,0.02,0.02,300,0
DSYWW.US,5,20251226,162500,0.0252,0.0292,0.0251,0.0292,2400,0
DSYWW.US,5,20251226,164000,0.0291,0.0291,0.02,0.0233,3341,0
DSYWW.US,5,20251226,170500,0.0291,0.0291,0.0291,0.0291,658,0
DSYWW.US,5,20251226,171000,0.021,0.021,0.021,0.021,685,0
DSYWW.US,5,20251226,182500,0.02,0.0226,0.02,0.0226,1700,0
DSYWW.US,5,20251226,195500,0.0252,0.0252,0.0251,0.0251,1000,0
DSYWW.US,5,20251226,202000,0.02,0.02,0.02,0.02,5027,0
DSYWW.US,5,20251226,210000,0.0201,0.0201,0.0201,0.0201,100,0
DSYWW.US,5,20251226,215000,0.02,0.02,0.02,0.02,199,0
DSYWW.US,5,20251229,155500,0.02,0.02,0.02,0.02,250,0
DSYWW.US,5,20251229,183000,0.02,0.02,0.02,0.02,161,0
DSYWW.US,5,20251230,153000,0.0289,0.0289,0.0268,0.0268,754,0
DSYWW.US,5,20251230,153500,0.028,0.0289,0.028,0.0289,481,0
DSYWW.US,5,20251230,154000,0.0289,0.0289,0.0289,0.0289,342,0
DSYWW.US,5,20251230,155500,0.0288,0.0289,0.021801,0.021801,5116,0
DSYWW.US,5,20251230,160000,0.0289,0.029,0.0289,0.029,500,0
DSYWW.US,5,20251230,165500,0.0289,0.0289,0.0289,0.0289,300,0
DSYWW.US,5,20251230,170000,0.0214,0.0214,0.0214,0.0214,343,0
DSYWW.US,5,20251230,171000,0.0289,0.0289,0.0288,0.0288,1000,0
DSYWW.US,5,20251230,172500,0.0289,0.029,0.02001,0.02001,859,0
DSYWW.US,5,20251230,174500,0.0289,0.029,0.02,0.0201,1200,0
DSYWW.US,5,20251230,175000,0.028,0.028,0.02,0.0201,2400,0
DSYWW.US,5,20251230,180500,0.026263,0.026263,0.026263,0.026263,100,0
DSYWW.US,5,20251230,181000,0.02,0.02,0.02,0.02,500,0
DSYWW.US,5,20251230,182000,0.028,0.028,0.028,0.028,100,0
DSYWW.US,5,20251230,203500,0.029,0.029,0.029,0.029,721,0
DSYWW.US,5,20251230,211500,0.02,0.0201,0.02,0.0201,2488,0
DSYWW.US,5,20251230,213500,0.02,0.02,0.02,0.02,642,0
DSYWW.US,5,20251231,155000,0.02,0.0201,0.02,0.0201,320,0
DSYWW.US,5,20251231,162500,0.027,0.027,0.027,0.027,342,0
DSYWW.US,5,20251231,163500,0.029,0.029,0.029,0.029,500,0
DSYWW.US,5,20251231,164500,0.029,0.029,0.029,0.029,166,0
DSYWW.US,5,20251231,165500,0.0274,0.0274,0.0274,0.0274,361,0
DSYWW.US,5,20251231,171000,0.027,0.0274,0.027,0.0274,2107,0
DSYWW.US,5,20251231,171500,0.0197,0.0197,0.0197,0.0197,842,0
DSYWW.US,5,20251231,172000,0.027,0.027,0.027,0.027,102,0
DSYWW.US,5,20251231,181500,0.027,0.027,0.027,0.027,500,0
DSYWW.US,5,20251231,194500,0.027,0.027,0.027,0.027,340,0
DSYWW.US,5,20251231,211500,0.0214,0.0214,0.0214,0.0214,103,0
DSYWW.US,5,20260102,153000,0.0287,0.0287,0.0287,0.0287,840,0
DSYWW.US,5,20260102,153500,0.0287,0.0287,0.028,0.028,1000,0
DSYWW.US,5,20260102,154000,0.0202,0.0202,0.02,0.0202,8524,0
DSYWW.US,5,20260102,154500,0.0287,0.0287,0.0287,0.0287,1458,0
DSYWW.US,5,20260102,155000,0.0287,0.0288,0.0287,0.0288,296,0
DSYWW.US,5,20260102,155500,0.0278,0.0278,0.0278,0.0278,750,0
DSYWW.US,5,20260102,161500,0.0201,0.0202,0.02,0.0202,4140,0
DSYWW.US,5,20260102,163000,0.0277,0.0277,0.0277,0.0277,100,0
DSYWW.US,5,20260102,165500,0.0287,0.0289,0.0286,0.0286,1000,0
DSYWW.US,5,20260102,182500,0.0286,0.0286,0.0286,0.0286,103,0
DSYWW.US,5,20260102,190000,0.0202,0.0202,0.0202,0.0202,500,0
DSYWW.US,5,20260102,190500,0.028,0.028,0.028,0.028,343,0
DSYWW.US,5,20260102,191000,0.0286,0.0286,0.0286,0.0286,100,0
DSYWW.US,5,20260102,192000,0.0286,0.0286,0.0286,0.0286,200,0
DSYWW.US,5,20260105,153000,0.0289,0.0289,0.0289,0.0289,1364,0
DSYWW.US,5,20260105,154000,0.021,0.0211,0.0202,0.0202,2768,0
DSYWW.US,5,20260105,160500,0.0278,0.0278,0.0278,0.0278,100,0
DSYWW.US,5,20260105,163000,0.02024,0.02024,0.0202,0.0202,336,0
DSYWW.US,5,20260105,164000,0.0279,0.0281,0.0279,0.0279,4000,0
DSYWW.US,5,20260105,165000,0.02889,0.02889,0.02889,0.02889,364,0
DSYWW.US,5,20260105,165500,0.0203,0.0203,0.0203,0.0203,2000,0
DSYWW.US,5,20260105,174500,0.0245,0.0245,0.0245,0.0245,2000,0
DSYWW.US,5,20260105,175000,0.0283,0.0283,0.0283,0.0283,171,0
DSYWW.US,5,20260105,175500,0.028,0.028,0.028,0.028,349,0
DSYWW.US,5,20260105,202500,0.0203,0.0203,0.0203,0.0203,300,0
DSYWW.US,5,20260105,203000,0.0245,0.0245,0.0245,0.0245,1936,0
DSYWW.US,5,20260106,153000,0.0245,0.0289,0.0245,0.0289,989,0
DSYWW.US,5,20260106,153500,0.0283,0.0283,0.0283,0.0283,342,0
DSYWW.US,5,20260106,154000,0.0283,0.0283,0.0283,0.0283,100,0
DSYWW.US,5,20260106,154500,0.0283,0.0288,0.0202,0.0214,11318,0
DSYWW.US,5,20260106,155000,0.0282,0.0282,0.0202,0.0205,4174,0
DSYWW.US,5,20260106,155500,0.024551,0.024551,0.0202,0.0202,1300,0
DSYWW.US,5,20260106,161500,0.0213,0.0213,0.0202,0.0202,1664,0
DSYWW.US,5,20260106,163000,0.0202,0.027125,0.0202,0.027125,594,0
DSYWW.US,5,20260106,165000,0.0202,0.0204,0.0202,0.0204,1665,0
DSYWW.US,5,20260106,165500,0.0206,0.0262,0.0206,0.0262,843,0
DSYWW.US,5,20260106,171000,0.0267,0.028,0.0266,0.0266,1678,0
DSYWW.US,5,20260106,172500,0.0202,0.0202,0.0202,0.0202,700,0
DSYWW.US,5,20260106,181500,0.020301,0.020301,0.020301,0.020301,230,0
DSYWW.US,5,20260106,202500,0.0275,0.0275,0.0275,0.0275,2000,0
DSYWW.US,5,20260106,210000,0.0274,0.0283,0.0247,0.0274,5900,0
DSYWW.US,5,20260107,153000,0.028,0.028,0.0279,0.0279,2900,0
DSYWW.US,5,20260107,153500,0.02475,0.03,0.0206,0.0206,3972,0
DSYWW.US,5,20260107,154000,0.0206,0.0206,0.0206,0.0206,100,0
DSYWW.US,5,20260107,154500,0.027714,0.027714,0.0206,0.0206,1350,0
DSYWW.US,5,20260107,162500,0.024699,0.024699,0.024699,0.024699,500,0
DSYWW.US,5,20260107,163000,0.0206,0.0206,0.0206,0.0206,122,0
DSYWW.US,5,20260107,164500,0.024599,0.0247,0.0208,0.0211,5321,0
DSYWW.US,5,20260107,165500,0.024598,0.0247,0.024598,0.024598,1360,0
DSYWW.US,5,20260107,171000,0.0247,0.0247,0.0247,0.0247,2010,0
DSYWW.US,5,20260107,171500,0.0207,0.027,0.0207,0.0247,471,0
DSYWW.US,5,20260107,172000,0.02061,0.03,0.0206,0.0229,16010,0
DSYWW.US,5,20260107,173500,0.0207,0.0299,0.0207,0.0299,1300,0
DSYWW.US,5,20260107,175000,0.0299,0.0299,0.0205,0.0298,1500,0
DSYWW.US,5,20260107,180000,0.0205,0.0206,0.0205,0.0206,4039,0
DSYWW.US,5,20260107,180500,0.0298,0.04,0.0205,0.0227,28404,0
DSYWW.US,5,20260107,181500,0.0269,0.0269,0.0269,0.0269,100,0
DSYWW.US,5,20260107,182000,0.0269,0.0269,0.021,0.021,400,0
DSYWW.US,5,20260107,182500,0.0269,0.033,0.0231,0.0231,3600,0
DSYWW.US,5,20260107,183000,0.023101,0.023101,0.023101,0.023101,400,0
DSYWW.US,5,20260107,183500,0.0345,0.0345,0.0231,0.0231,387,0
DSYWW.US,5,20260107,184000,0.027551,0.027551,0.027551,0.027551,485,0
DSYWW.US,5,20260107,185000,0.0209,0.0209,0.0209,0.0209,100,0
DSYWW.US,5,20260107,190000,0.03,0.03,0.03,0.03,200,0
DSYWW.US,5,20260107,194500,0.0227,0.0227,0.0227,0.0227,200,0
DSYWW.US,5,20260107,200000,0.023905,0.023905,0.023905,0.023905,222,0
DSYWW.US,5,20260107,211000,0.0209,0.0209,0.0209,0.0209,721,0
DSYWW.US,5,20260107,212000,0.0248,0.0248,0.0248,0.0248,1000,0
DSYWW.US,5,20260108,155500,0.0248,0.0248,0.0247,0.0248,6900,0
DSYWW.US,5,20260108,160000,0.0248,0.0248,0.0247,0.0248,2500,0
DSYWW.US,5,20260108,165000,0.0248,0.0248,0.0248,0.0248,2102,0
DSYWW.US,5,20260108,203000,0.0206,0.0206,0.0206,0.0206,200,0
DSYWW.US,5,20260108,204000,0.0248,0.0248,0.0226,0.0228,4756,0
DSYWW.US,5,20260108,205500,0.0272,0.0272,0.0272,0.0272,100,0
DSYWW.US,5,20260108,214000,0.0249,0.0249,0.0249,0.0249,1500,0
DSYWW.US,5,20260109,153000,0.0289,0.0289,0.0289,0.0289,1115,0
DSYWW.US,5,20260109,153500,0.027419,0.0289,0.027419,0.0289,3363,0
DSYWW.US,5,20260109,154000,0.0226,0.0298,0.0226,0.0226,2909,0
DSYWW.US,5,20260109,154500,0.0298,0.0298,0.02261,0.02261,2790,0
DSYWW.US,5,20260109,155000,0.0298,0.03,0.0226,0.0287,3943,0
DSYWW.US,5,20260109,155500,0.0286,0.0299,0.0286,0.0299,264,0
DSYWW.US,5,20260109,161000,0.0206,0.0206,0.0206,0.0206,1456,0
DSYWW.US,5,20260109,161500,0.0271,0.0271,0.027,0.027,400,0
DSYWW.US,5,20260109,164500,0.0206,0.0206,0.0206,0.0206,3000,0
DSYWW.US,5,20260109,171000,0.0271,0.0271,0.0271,0.0271,3665,0
DSYWW.US,5,20260109,171500,0.0213,0.0271,0.0213,0.024,3965,0
DSYWW.US,5,20260109,172000,0.02405,0.0271,0.021,0.021,2264,0
DSYWW.US,5,20260109,172500,0.0271,0.03,0.0263,0.0263,3953,0
DSYWW.US,5,20260109,173500,0.0298,0.0299,0.0298,0.0299,200,0
DSYWW.US,5,20260109,174000,0.0211,0.027,0.0211,0.027,5178,0
DSYWW.US,5,20260109,175000,0.0212,0.0278,0.0212,0.027671,400,0
DSYWW.US,5,20260109,175500,0.0278,0.0278,0.0277,0.0277,800,0
DSYWW.US,5,20260109,180500,0.0254,0.0254,0.0254,0.0254,100,0
DSYWW.US,5,20260109,181000,0.028,0.0299,0.0278,0.0299,972,0
DSYWW.US,5,20260109,181500,0.0211,0.03,0.0211,0.03,1289,0
DSYWW.US,5,20260109,182500,0.02111,0.028,0.02111,0.028,10478,0
DSYWW.US,5,20260109,183000,0.0211,0.0213,0.0211,0.0213,12030,0
DSYWW.US,5,20260109,183500,0.0275,0.036,0.0274,0.036,2500,0
DSYWW.US,5,20260109,184000,0.028095,0.028095,0.028095,0.028095,100,0
DSYWW.US,5,20260109,185500,0.028095,0.028095,0.028095,0.028095,100,0
DSYWW.US,5,20260109,202000,0.0226,0.0398,0.0226,0.02261,11848,0
DSYWW.US,5,20260109,202500,0.0398,0.0398,0.0226,0.0226,3509,0
DSYWW.US,5,20260109,203000,0.0247,0.0247,0.0247,0.0247,998,0
DSYWW.US,5,20260109,203500,0.022701,0.022701,0.022701,0.022701,477,0
DSYWW.US,5,20260109,212500,0.0212,0.0213,0.0212,0.0213,1000,0
DSYWW.US,5,20260112,153000,0.0213,0.0264,0.0207,0.0207,700,0
DSYWW.US,5,20260112,153500,0.0208,0.0208,0.0208,0.0208,700,0
DSYWW.US,5,20260112,154500,0.0259,0.0259,0.0259,0.0259,148,0
DSYWW.US,5,20260112,155000,0.0264,0.0264,0.0264,0.0264,301,0
DSYWW.US,5,20260112,160000,0.020928,0.021001,0.0209,0.021001,778,0
DSYWW.US,5,20260112,161000,0.0264,0.0264,0.0264,0.0264,100,0
DSYWW.US,5,20260112,162000,0.0264,0.0264,0.02365,0.0264,1621,0
DSYWW.US,5,20260112,163000,0.0264,0.0264,0.0264,0.0264,500,0
DSYWW.US,5,20260112,164000,0.0264,0.0264,0.026299,0.0264,914,0
DSYWW.US,5,20260112,164500,0.02101,0.0264,0.02101,0.0263,6227,0
DSYWW.US,5,20260112,173500,0.021,0.021,0.021,0.021,3000,0
DSYWW.US,5,20260112,183000,0.02111,0.0264,0.02111,0.0263,3301,0
DSYWW.US,5,20260112,185500,0.0211,0.0233,0.0211,0.0233,1600,0
DSYWW.US,5,20260112,205000,0.0217,0.0217,0.0217,0.0217,482,0
DSYWW.US,5,20260112,215500,0.0264,0.0264,0.0263,0.0263,200,0
DSYWW.US,5,20260113,153000,0.0286,0.0286,0.028499,0.028499,631,0
DSYWW.US,5,20260113,153500,0.021,0.0277,0.021,0.0277,1241,0
DSYWW.US,5,20260113,160000,0.0237,0.0237,0.0237,0.0237,273,0
DSYWW.US,5,20260113,164500,0.027567,0.027567,0.027567,0.027567,200,0
DSYWW.US,5,20260113,171500,0.0286,0.0286,0.0285,0.0285,400,0
DSYWW.US,5,20260113,174000,0.0228,0.0228,0.0228,0.0228,750,0
DSYWW.US,5,20260113,181500,0.025616,0.025616,0.025616,0.025616,100,0
DSYWW.US,5,20260113,182500,0.0267,0.0267,0.0267,0.0267,100,0
DSYWW.US,5,20260113,194500,0.02101,0.02101,0.02101,0.02101,3675,0
DSYWW.US,5,20260113,202500,0.021,0.0211,0.021,0.0211,800,0
DSYWW.US,5,20260113,204500,0.0238,0.0238,0.0238,0.0238,1000,0
DSYWW.US,5,20260114,164500,0.0267,0.0267,0.0267,0.0267,300,0
DSYWW.US,5,20260114,165500,0.0267,0.0385,0.021,0.021,6547,0
DSYWW.US,5,20260114,170500,0.0231,0.0231,0.0231,0.0231,791,0
DSYWW.US,5,20260114,171000,0.0231,0.0231,0.0231,0.0231,5200,0
DSYWW.US,5,20260114,172500,0.0384,0.0384,0.02311,0.02311,2339,0
DSYWW.US,5,20260114,174500,0.03839,0.03839,0.03839,0.03839,936,0
DSYWW.US,5,20260114,175000,0.0231,0.0231,0.0231,0.0231,890,0
DSYWW.US,5,20260114,181000,0.0212,0.0212,0.0212,0.0212,100,0
DSYWW.US,5,20260114,192500,0.027,0.027,0.027,0.027,768,0
DSYWW.US,5,20260114,201000,0.027,0.027,0.025822,0.025822,1997,0
DSYWW.US,5,20260114,204000,0.0212,0.027,0.0212,0.0269,800,0
DSYWW.US,5,20260115,153000,0.027,0.027,0.023,0.0265,2190,0
DSYWW.US,5,20260115,162500,0.023,0.0235,0.0212,0.0212,868,0
DSYWW.US,5,20260115,172500,0.027,0.029,0.027,0.029,920,0
DSYWW.US,5,20260115,173000,0.029351,0.0366,0.029351,0.0366,458,0
DSYWW.US,5,20260115,180000,0.0231,0.0231,0.0231,0.0231,5986,0
DSYWW.US,5,20260115,183500,0.03,0.0301,0.0299,0.0301,1750,0
DSYWW.US,5,20260115,184000,0.03,0.03,0.0231,0.0231,1000,0
DSYWW.US,5,20260115,184500,0.0365,0.0365,0.0365,0.0365,402,0
DSYWW.US,5,20260115,185500,0.0232,0.0232,0.0232,0.0232,200,0
DSYWW.US,5,20260115,190000,0.027,0.027,0.027,0.027,100,0
DSYWW.US,5,20260115,192000,0.026997,0.027,0.026997,0.027,2611,0
DSYWW.US,5,20260116,153000,0.027,0.027,0.027,0.027,200,0
DSYWW.US,5,20260116,154000,0.024,0.024,0.024,0.024,103,0
DSYWW.US,5,20260116,154500,0.027,0.027,0.0232,0.0232,1351,0
DSYWW.US,5,20260116,155000,0.027,0.027,0.027,0.027,100,0
DSYWW.US,5,20260116,155500,0.0266,0.027,0.0214,0.027,7258,0
DSYWW.US,5,20260116,160500,0.0215,0.0215,0.0215,0.0215,2500,0
DSYWW.US,5,20260116,161000,0.0264,0.0325,0.0215,0.0323,4858,0
DSYWW.US,5,20260116,163000,0.0215,0.0311,0.0215,0.0215,2527,0
DSYWW.US,5,20260116,164000,0.03,0.0365,0.022,0.022,7956,0
DSYWW.US,5,20260116,170500,0.03,0.03,0.0299,0.0299,2000,0
DSYWW.US,5,20260116,173000,0.02321,0.02321,0.02321,0.02321,175,0
DSYWW.US,5,20260116,174000,0.0332,0.0332,0.0332,0.0332,142,0
DSYWW.US,5,20260116,175000,0.0232,0.0232,0.0232,0.0232,174,0
DSYWW.US,5,20260116,184500,0.025967,0.025967,0.025967,0.025967,215,0
DSYWW.US,5,20260116,190000,0.025967,0.025967,0.025967,0.025967,100,0
DSYWW.US,5,20260116,201000,0.02709,0.0271,0.02709,0.0271,539,0
DSYWW.US,5,20260120,153000,0.0231,0.0231,0.0231,0.0231,400,0
DSYWW.US,5,20260120,153500,0.024722,0.024722,0.024722,0.024722,148,0
DSYWW.US,5,20260120,154500,0.0265,0.0265,0.0265,0.0265,122,0
DSYWW.US,5,20260120,155000,0.0231,0.0232,0.0231,0.0232,200,0
DSYWW.US,5,20260120,161500,0.022,0.022,0.022,0.022,337,0
DSYWW.US,5,20260120,164500,0.026899,0.026899,0.026899,0.026899,387,0
DSYWW.US,5,20260120,173000,0.022,0.026899,0.022,0.026899,1404,0
DSYWW.US,5,20260120,201500,0.027,0.027,0.0269,0.0269,680,0
DSYWW.US,5,20260121,153000,0.0216,0.0216,0.0216,0.0216,939,0
DSYWW.US,5,20260121,153500,0.027,0.0286,0.027,0.0286,1830,0
DSYWW.US,5,20260121,161000,0.0234,0.0234,0.0234,0.0234,1892,0
DSYWW.US,5,20260121,164000,0.0267,0.0267,0.0236,0.0238,5300,0
DSYWW.US,5,20260121,165500,0.028,0.028,0.028,0.028,177,0
DSYWW.US,5,20260121,173000,0.0274,0.0274,0.0274,0.0274,100,0
DSYWW.US,5,20260121,174500,0.022,0.02475,0.022,0.024749,855,0
DSYWW.US,5,20260121,191500,0.028,0.028,0.028,0.028,1000,0
DSYWW.US,5,20260121,202000,0.0234,0.0234,0.0234,0.0234,420,0
DSYWW.US,5,20260122,153000,0.03,0.03,0.0234,0.0234,1803,0
DSYWW.US,5,20260122,153500,0.0286,0.0286,0.0234,0.0234,200,0
DSYWW.US,5,20260122,160500,0.0286,0.0286,0.0286,0.0286,350,0
DSYWW.US,5,20260122,174000,0.023,0.023,0.023,0.023,150,0
DSYWW.US,5,20260122,174500,0.025861,0.025861,0.025861,0.025861,100,0
DSYWW.US,5,20260122,192500,0.022787,0.022787,0.022787,0.022787,100,0
