<TICKER>,<PER>,<DATE>,<TIME>,<OPEN>,<HIGH>,<LOW>,<CLOSE>,<VOL>,<OPENINT>
FFAIW.US,5,20250829,153000,0.0562,0.0562,0.0562,0.0562,100,0
FFAIW.US,5,20250829,155500,0.0649,0.0649,0.063501,0.063501,574,0
FFAIW.US,5,20250829,160000,0.064,0.064,0.064,0.064,200,0
FFAIW.US,5,20250829,161000,0.0621,0.0621,0.0621,0.0621,134,0
FFAIW.US,5,20250829,161500,0.062,0.062,0.062,0.062,990,0
FFAIW.US,5,20250829,165500,0.06,0.06,0.06,0.06,3000,0
FFAIW.US,5,20250829,170500,0.053001,0.053001,0.05,0.05,1240,0
FFAIW.US,5,20250829,195500,0.0599,0.0599,0.0599,0.0599,1000,0
FFAIW.US,5,20250829,200000,0.059999,0.059999,0.059999,0.059999,150,0
FFAIW.US,5,20250829,203500,0.06,0.06,0.06,0.06,100,0
FFAIW.US,5,20250829,205500,0.0542,0.054301,0.0539,0.0539,3000,0
FFAIW.US,5,20250829,210000,0.0539,0.0539,0.0539,0.0539,6200,0
FFAIW.US,5,20250829,211500,0.06,0.06,0.06,0.06,100,0
FFAIW.US,5,20250829,212000,0.05451,0.06,0.05451,0.06,2580,0
FFAIW.US,5,20250829,215000,0.06,0.06,0.06,0.06,100,0
FFAIW.US,5,20250829,215500,0.0539,0.0583,0.053,0.0581,12713,0
FFAIW.US,5,20250902,153000,0.0581,0.0581,0.0581,0.0581,650,0
FFAIW.US,5,20250902,155500,0.0581,0.06,0.0581,0.06,1530,0
FFAIW.US,5,20250902,160500,0.0589,0.0594,0.0589,0.059,15948,0
FFAIW.US,5,20250902,161000,0.059,0.059,0.059,0.059,100,0
FFAIW.US,5,20250902,164500,0.059,0.0591,0.059,0.0591,3100,0
FFAIW.US,5,20250902,165500,0.06,0.06,0.059,0.06,5330,0
FFAIW.US,5,20250902,170500,0.0591,0.0591,0.0591,0.0591,1000,0
FFAIW.US,5,20250902,172000,0.0592,0.0592,0.0592,0.0592,1306,0
FFAIW.US,5,20250902,185500,0.062,0.0649,0.0619,0.0649,2000,0
FFAIW.US,5,20250902,190500,0.063501,0.063501,0.063501,0.063501,200,0
FFAIW.US,5,20250902,191000,0.062,0.062,0.062,0.062,120,0
FFAIW.US,5,20250902,192000,0.062,0.062,0.062,0.062,780,0
FFAIW.US,5,20250902,192500,0.0591,0.0592,0.0591,0.0592,1222,0
FFAIW.US,5,20250902,193000,0.0592,0.0592,0.0592,0.0592,100,0
FFAIW.US,5,20250903,155500,0.0593,0.0593,0.0593,0.0593,150,0
FFAIW.US,5,20250903,174000,0.065,0.065,0.0649,0.0649,1326,0
FFAIW.US,5,20250903,174500,0.065,0.0653,0.065,0.0653,906,0
FFAIW.US,5,20250903,182500,0.0616,0.0616,0.0616,0.0616,120,0
FFAIW.US,5,20250903,193000,0.062451,0.062451,0.062451,0.062451,610,0
FFAIW.US,5,20250903,194000,0.062451,0.062451,0.062451,0.062451,150,0
FFAIW.US,5,20250904,153500,0.0581,0.0582,0.0581,0.05811,9700,0
FFAIW.US,5,20250904,171000,0.0632,0.0632,0.0632,0.0632,1000,0
FFAIW.US,5,20250904,172500,0.06,0.06,0.06,0.06,100,0
FFAIW.US,5,20250904,173000,0.059252,0.0594,0.059252,0.0594,3100,0
FFAIW.US,5,20250904,190500,0.0595,0.0595,0.0595,0.0595,986,0
FFAIW.US,5,20250904,193500,0.0594,0.0594,0.0584,0.0584,2000,0
FFAIW.US,5,20250904,195000,0.0585,0.0585,0.0585,0.0585,100,0
FFAIW.US,5,20250904,200000,0.0584,0.0584,0.0582,0.0582,1471,0
FFAIW.US,5,20250904,201500,0.0582,0.0582,0.0582,0.0582,100,0
FFAIW.US,5,20250904,215500,0.06,0.0633,0.06,0.060295,12588,0
FFAIW.US,5,20250905,153000,0.0656,0.0656,0.0656,0.0656,300,0
FFAIW.US,5,20250905,153500,0.0628,0.0628,0.0562,0.0562,11404,0
FFAIW.US,5,20250905,164000,0.0651,0.0656,0.0651,0.0656,3200,0
FFAIW.US,5,20250905,164500,0.0656,0.0656,0.0576,0.0576,1100,0
FFAIW.US,5,20250905,171000,0.0615,0.0615,0.0615,0.0615,600,0
FFAIW.US,5,20250905,172500,0.0615,0.0615,0.0615,0.0615,100,0
FFAIW.US,5,20250905,173500,0.0615,0.0615,0.0615,0.0615,100,0
FFAIW.US,5,20250905,174000,0.0656,0.0675,0.0656,0.0675,500,0
FFAIW.US,5,20250905,175000,0.0594,0.0594,0.0576,0.0576,600,0
FFAIW.US,5,20250905,193000,0.0675,0.0675,0.0675,0.0675,2271,0
FFAIW.US,5,20250905,194000,0.0679,0.0679,0.0679,0.0679,100,0
FFAIW.US,5,20250905,194500,0.0698,0.0698,0.0698,0.0698,500,0
FFAIW.US,5,20250905,200000,0.0679,0.0679,0.0679,0.0679,400,0
FFAIW.US,5,20250905,201000,0.0633,0.0633,0.0587,0.0633,1000,0
FFAIW.US,5,20250905,212000,0.06,0.06,0.06,0.06,700,0
FFAIW.US,5,20250905,213500,0.06,0.0679,0.06,0.0679,1172,0
FFAIW.US,5,20250908,164000,0.067,0.067,0.0669,0.0669,540,0
FFAIW.US,5,20250908,165000,0.0646,0.0646,0.0646,0.0646,1000,0
FFAIW.US,5,20250908,173500,0.065,0.065,0.0585,0.0585,7154,0
FFAIW.US,5,20250908,174500,0.0588,0.0594,0.0588,0.0594,600,0
FFAIW.US,5,20250908,175500,0.0593,0.0593,0.0593,0.0593,1400,0
FFAIW.US,5,20250908,180000,0.0575,0.0575,0.0567,0.0567,13166,0
FFAIW.US,5,20250908,180500,0.0501,0.055,0.0501,0.055,3725,0
FFAIW.US,5,20250908,181000,0.055,0.055,0.055,0.055,1000,0
FFAIW.US,5,20250908,185500,0.055,0.055,0.055,0.055,1000,0
FFAIW.US,5,20250908,190500,0.055,0.055,0.05,0.05,14166,0
FFAIW.US,5,20250908,191000,0.0534,0.0534,0.0518,0.0518,700,0
FFAIW.US,5,20250908,193000,0.0519,0.0519,0.0519,0.0519,600,0
FFAIW.US,5,20250908,205000,0.054999,0.054999,0.053499,0.053499,3772,0
FFAIW.US,5,20250908,210500,0.0521,0.0521,0.0521,0.0521,100,0
FFAIW.US,5,20250908,213000,0.0521,0.0521,0.0521,0.0521,100,0
FFAIW.US,5,20250908,214500,0.0521,0.0521,0.0521,0.0521,100,0
FFAIW.US,5,20250909,153000,0.054,0.054,0.054,0.054,10300,0
FFAIW.US,5,20250909,172000,0.054,0.054,0.054,0.054,1000,0
FFAIW.US,5,20250909,174000,0.0539,0.0539,0.0537,0.0537,1200,0
FFAIW.US,5,20250909,183500,0.0539,0.0539,0.0539,0.0539,300,0
FFAIW.US,5,20250909,190000,0.0538,0.0538,0.0535,0.0536,5271,0
FFAIW.US,5,20250909,193500,0.0535,0.0535,0.0535,0.0535,3720,0
FFAIW.US,5,20250909,194500,0.0534,0.0534,0.0534,0.0534,202,0
FFAIW.US,5,20250909,201500,0.0533,0.0533,0.0533,0.0533,1096,0
FFAIW.US,5,20250909,202500,0.0533,0.0533,0.0533,0.0533,813,0
FFAIW.US,5,20250909,210000,0.0533,0.0533,0.05,0.0501,78291,0
FFAIW.US,5,20250909,211000,0.0501,0.0501,0.0501,0.0501,600,0
FFAIW.US,5,20250909,213000,0.0501,0.0501,0.0501,0.0501,500,0
FFAIW.US,5,20250909,215000,0.0502,0.0502,0.0501,0.0501,700,0
FFAIW.US,5,20250910,153000,0.0539,0.058,0.0539,0.058,1576,0
FFAIW.US,5,20250910,155000,0.0583,0.0583,0.0574,0.0579,4820,0
FFAIW.US,5,20250910,155500,0.0574,0.057401,0.0574,0.057401,2900,0
FFAIW.US,5,20250910,162500,0.057,0.057,0.0569,0.05695,3986,0
FFAIW.US,5,20250910,164000,0.0551,0.0551,0.0551,0.0551,100,0
FFAIW.US,5,20250910,164500,0.0551,0.0551,0.0501,0.0501,22989,0
FFAIW.US,5,20250910,165000,0.0501,0.0502,0.0501,0.0502,1399,0
FFAIW.US,5,20250910,170000,0.05,0.0501,0.05,0.0501,3702,0
FFAIW.US,5,20250910,171000,0.0505,0.0506,0.0505,0.0506,300,0
FFAIW.US,5,20250910,173500,0.0505,0.0505,0.0505,0.0505,100,0
FFAIW.US,5,20250910,174500,0.0505,0.0506,0.0505,0.050564,1300,0
FFAIW.US,5,20250910,175000,0.0525,0.0525,0.0525,0.0525,100,0
FFAIW.US,5,20250910,181500,0.0537,0.0537,0.0537,0.0537,300,0
FFAIW.US,5,20250910,182500,0.055,0.055,0.055,0.055,400,0
FFAIW.US,5,20250910,183500,0.0543,0.0543,0.0543,0.0543,100,0
FFAIW.US,5,20250910,184500,0.0543,0.0544,0.0543,0.0544,1488,0
FFAIW.US,5,20250910,193000,0.0537,0.0537,0.0537,0.0537,100,0
FFAIW.US,5,20250910,205500,0.0541,0.0541,0.0539,0.0539,700,0
FFAIW.US,5,20250910,210500,0.0542,0.0542,0.0541,0.0541,3000,0
FFAIW.US,5,20250910,211500,0.0541,0.0541,0.0541,0.0541,100,0
FFAIW.US,5,20250911,153000,0.057,0.057,0.057,0.057,100,0
FFAIW.US,5,20250911,154000,0.0556,0.057,0.0556,0.057,1306,0
FFAIW.US,5,20250911,155500,0.057,0.057,0.057,0.057,200,0
FFAIW.US,5,20250911,160500,0.057,0.057,0.057,0.057,100,0
FFAIW.US,5,20250911,162500,0.056,0.056,0.056,0.056,100,0
FFAIW.US,5,20250911,163000,0.056,0.056,0.056,0.056,200,0
FFAIW.US,5,20250911,165000,0.05555,0.0556,0.0551,0.0551,900,0
FFAIW.US,5,20250911,170500,0.056,0.056,0.056,0.056,100,0
FFAIW.US,5,20250911,172000,0.056,0.056,0.056,0.056,100,0
FFAIW.US,5,20250911,174500,0.056,0.056,0.056,0.056,200,0
FFAIW.US,5,20250911,181500,0.05565,0.0557,0.0553,0.0553,3086,0
FFAIW.US,5,20250911,184000,0.0551,0.0551,0.0551,0.0551,100,0
FFAIW.US,5,20250911,192500,0.05515,0.05515,0.0551,0.0551,1308,0
FFAIW.US,5,20250911,193000,0.0543,0.0543,0.0543,0.0543,1189,0
FFAIW.US,5,20250911,194000,0.0542,0.0542,0.0542,0.0542,600,0
FFAIW.US,5,20250911,194500,0.0543,0.0543,0.054,0.054,3751,0
FFAIW.US,5,20250911,200500,0.0541,0.0541,0.0541,0.0541,100,0
FFAIW.US,5,20250911,201500,0.054,0.0541,0.054,0.0541,4200,0
FFAIW.US,5,20250911,204000,0.0525,0.0525,0.05245,0.0525,2134,0
FFAIW.US,5,20250911,205000,0.0524,0.0524,0.0519,0.0519,1100,0
FFAIW.US,5,20250911,205500,0.052,0.0524,0.052,0.0524,1900,0
FFAIW.US,5,20250911,210000,0.0519,0.052,0.0519,0.052,1200,0
FFAIW.US,5,20250911,210500,0.0524,0.0524,0.0523,0.0523,3000,0
FFAIW.US,5,20250911,211000,0.052,0.052,0.052,0.052,100,0
FFAIW.US,5,20250911,215500,0.0524,0.0524,0.0515,0.0515,186600,0
FFAIW.US,5,20250912,153000,0.0505,0.0505,0.0505,0.0505,2202,0
FFAIW.US,5,20250912,154000,0.0515,0.0515,0.0515,0.0515,100,0
FFAIW.US,5,20250912,162500,0.0505,0.0505,0.0501,0.0501,55916,0
FFAIW.US,5,20250912,163500,0.05019,0.05019,0.05019,0.05019,3710,0
FFAIW.US,5,20250912,164500,0.0502,0.0502,0.0502,0.0502,998,0
FFAIW.US,5,20250912,165000,0.0502,0.0502,0.0502,0.0502,1281,0
FFAIW.US,5,20250912,171500,0.0502,0.0502,0.0501,0.0501,1100,0
FFAIW.US,5,20250912,172500,0.0501,0.0502,0.0501,0.0502,1000,0
FFAIW.US,5,20250912,173500,0.05,0.0501,0.05,0.05,2743,0
FFAIW.US,5,20250912,174500,0.05,0.05,0.05,0.05,6516,0
FFAIW.US,5,20250912,183500,0.05,0.05,0.05,0.05,100,0
FFAIW.US,5,20250912,190500,0.05,0.0501,0.05,0.05,1170,0
FFAIW.US,5,20250912,195000,0.0501,0.0501,0.05,0.05,2600,0
FFAIW.US,5,20250912,200000,0.0501,0.0501,0.0501,0.0501,100,0
FFAIW.US,5,20250912,205500,0.0502,0.0504,0.050164,0.0504,3175,0
FFAIW.US,5,20250912,210000,0.0502,0.0505,0.0501,0.0501,5413,0
FFAIW.US,5,20250912,213000,0.0501,0.0502,0.0501,0.0502,8000,0
FFAIW.US,5,20250912,214000,0.0501,0.0501,0.0501,0.0501,100,0
FFAIW.US,5,20250915,153000,0.05,0.05,0.05,0.05,500,0
FFAIW.US,5,20250915,160000,0.05,0.050512,0.05,0.05,3940,0
FFAIW.US,5,20250915,161500,0.05,0.0501,0.049999,0.049999,9100,0
FFAIW.US,5,20250915,163500,0.047499,0.047499,0.047499,0.047499,500,0
FFAIW.US,5,20250915,185500,0.045,0.045,0.045,0.045,1000,0
FFAIW.US,5,20250915,190500,0.0499,0.0499,0.0499,0.0499,2222,0
FFAIW.US,5,20250915,191000,0.0499,0.0499,0.0499,0.0499,1402,0
FFAIW.US,5,20250915,191500,0.045,0.045,0.045,0.045,1910,0
FFAIW.US,5,20250915,211500,0.0494,0.0494,0.0494,0.0494,100,0
FFAIW.US,5,20250915,212500,0.0485,0.0487,0.0485,0.0485,3200,0
FFAIW.US,5,20250915,213000,0.0485,0.0485,0.0485,0.0485,1925,0
FFAIW.US,5,20250916,153000,0.04,0.04,0.04,0.04,1699,0
FFAIW.US,5,20250916,154000,0.0484,0.0485,0.0484,0.0485,2000,0
FFAIW.US,5,20250916,155500,0.0494,0.0494,0.0494,0.0494,100,0
FFAIW.US,5,20250916,165500,0.048501,0.048501,0.048501,0.048501,828,0
FFAIW.US,5,20250916,181000,0.0486,0.04939,0.0486,0.04939,3000,0
FFAIW.US,5,20250916,182500,0.0494,0.0494,0.0494,0.0494,100,0
FFAIW.US,5,20250916,183000,0.0485,0.0485,0.0485,0.0485,888,0
FFAIW.US,5,20250916,184000,0.05,0.05,0.05,0.05,100,0
FFAIW.US,5,20250916,190000,0.05,0.05,0.05,0.05,2000,0
FFAIW.US,5,20250916,192000,0.05,0.05,0.05,0.05,100,0
FFAIW.US,5,20250917,153000,0.049,0.049,0.049,0.049,2506,0
FFAIW.US,5,20250917,160500,0.049,0.049,0.049,0.049,734,0
FFAIW.US,5,20250917,161500,0.0497,0.0497,0.0497,0.0497,1000,0
FFAIW.US,5,20250917,170500,0.0499,0.0499,0.049,0.049,10336,0
FFAIW.US,5,20250917,171000,0.041,0.041,0.04,0.04,5000,0
FFAIW.US,5,20250917,171500,0.04,0.04,0.0399,0.0399,119600,0
FFAIW.US,5,20250917,172000,0.04,0.04,0.04,0.04,20000,0
FFAIW.US,5,20250917,172500,0.04,0.06,0.0399,0.06,83012,0
FFAIW.US,5,20250917,191500,0.05,0.05,0.05,0.05,10000,0
FFAIW.US,5,20250917,195500,0.05,0.05,0.05,0.05,10000,0
FFAIW.US,5,20250917,212000,0.05,0.05,0.05,0.05,4000,0
FFAIW.US,5,20250918,153000,0.055,0.055,0.055,0.055,100,0
FFAIW.US,5,20250918,162500,0.0573,0.0573,0.0573,0.0573,400,0
FFAIW.US,5,20250918,164000,0.055,0.055,0.055,0.055,566,0
FFAIW.US,5,20250918,173000,0.0549,0.0549,0.0549,0.0549,333,0
FFAIW.US,5,20250918,181500,0.05,0.05,0.05,0.05,200,0
FFAIW.US,5,20250918,214500,0.055,0.06,0.0549,0.06,38714,0
FFAIW.US,5,20250918,215000,0.0544,0.0544,0.0544,0.0544,2500,0
FFAIW.US,5,20250919,160500,0.055,0.055,0.055,0.055,6000,0
FFAIW.US,5,20250919,161000,0.0501,0.0501,0.0501,0.0501,1400,0
FFAIW.US,5,20250919,161500,0.054899,0.054899,0.054899,0.054899,135,0
FFAIW.US,5,20250919,162500,0.055,0.055,0.055,0.055,5900,0
FFAIW.US,5,20250919,170000,0.051,0.051,0.05,0.051,12800,0
FFAIW.US,5,20250919,171000,0.052549,0.055,0.052549,0.055,400,0
FFAIW.US,5,20250919,173000,0.0503,0.0503,0.0503,0.0503,200,0
FFAIW.US,5,20250919,173500,0.0501,0.0501,0.0501,0.0501,1000,0
FFAIW.US,5,20250919,174500,0.0501,0.0509,0.0501,0.0509,50400,0
FFAIW.US,5,20250919,175000,0.0509,0.051,0.0509,0.051,4900,0
FFAIW.US,5,20250919,185500,0.051,0.051,0.051,0.051,136,0
FFAIW.US,5,20250919,194000,0.051,0.0513,0.051,0.0513,3300,0
FFAIW.US,5,20250919,194500,0.051,0.051,0.051,0.051,6800,0
FFAIW.US,5,20250919,200500,0.05095,0.05095,0.05095,0.05095,500,0
FFAIW.US,5,20250919,201000,0.051,0.051,0.051,0.051,400,0
FFAIW.US,5,20250919,201500,0.051001,0.0514,0.051001,0.0514,2100,0
FFAIW.US,5,20250919,202000,0.0541,0.0541,0.054,0.054,600,0
FFAIW.US,5,20250919,202500,0.0559,0.056,0.0559,0.0559,4300,0
FFAIW.US,5,20250919,203000,0.058899,0.058899,0.058899,0.058899,1200,0
FFAIW.US,5,20250919,211000,0.055,0.055,0.055,0.055,1500,0
FFAIW.US,5,20250919,212500,0.0549,0.0549,0.0549,0.0549,179,0
FFAIW.US,5,20250919,214500,0.0526,0.0526,0.0526,0.0526,200,0
FFAIW.US,5,20250922,153000,0.06,0.061,0.0553,0.0599,7620,0
FFAIW.US,5,20250922,153500,0.0555,0.059,0.0555,0.059,1613,0
FFAIW.US,5,20250922,154000,0.059,0.059,0.059,0.059,400,0
FFAIW.US,5,20250922,154500,0.059,0.059,0.059,0.059,700,0
FFAIW.US,5,20250922,155000,0.0555,0.0555,0.038086,0.0381,29066,0
FFAIW.US,5,20250922,155500,0.04,0.04,0.04,0.04,500,0
FFAIW.US,5,20250922,160500,0.0495,0.0495,0.0495,0.0495,150,0
FFAIW.US,5,20250922,161000,0.0493,0.0495,0.0493,0.0495,10315,0
FFAIW.US,5,20250922,164000,0.0495,0.0495,0.0495,0.0495,100,0
FFAIW.US,5,20250922,171000,0.0519,0.055,0.0519,0.055,3800,0
FFAIW.US,5,20250922,173500,0.0549,0.0549,0.0549,0.0549,1400,0
FFAIW.US,5,20250922,174000,0.0549,0.0549,0.0549,0.0549,109,0
FFAIW.US,5,20250922,175000,0.05499,0.05499,0.05499,0.05499,200,0
FFAIW.US,5,20250922,180500,0.0501,0.055,0.0501,0.055,20870,0
FFAIW.US,5,20250922,181500,0.055,0.055,0.055,0.055,100,0
FFAIW.US,5,20250922,183500,0.055,0.055,0.055,0.055,1400,0
FFAIW.US,5,20250922,184500,0.0535,0.0535,0.0535,0.0535,100,0
FFAIW.US,5,20250922,185500,0.0501,0.0501,0.0501,0.0501,300,0
FFAIW.US,5,20250922,190000,0.0501,0.0501,0.0501,0.0501,800,0
FFAIW.US,5,20250922,191500,0.0501,0.055,0.0501,0.055,1200,0
FFAIW.US,5,20250922,193500,0.054,0.054,0.0525,0.0525,1100,0
FFAIW.US,5,20250922,195500,0.055,0.055,0.055,0.055,900,0
FFAIW.US,5,20250922,200500,0.055,0.055,0.055,0.055,800,0
FFAIW.US,5,20250922,201500,0.055,0.055,0.055,0.055,700,0
FFAIW.US,5,20250922,202500,0.055,0.055,0.055,0.055,500,0
FFAIW.US,5,20250922,203500,0.055,0.055,0.055,0.055,400,0
FFAIW.US,5,20250922,204000,0.055,0.055,0.055,0.055,400,0
FFAIW.US,5,20250922,204500,0.055,0.055,0.055,0.055,500,0
FFAIW.US,5,20250922,205000,0.055,0.055,0.055,0.055,400,0
FFAIW.US,5,20250922,205500,0.055,0.055,0.055,0.055,300,0
FFAIW.US,5,20250922,211000,0.0549,0.0549,0.0549,0.0549,100,0
FFAIW.US,5,20250922,213000,0.055,0.055,0.055,0.055,100,0
FFAIW.US,5,20250922,215500,0.055,0.055,0.055,0.055,1000,0
FFAIW.US,5,20250923,163500,0.0506,0.0506,0.0506,0.0506,2029,0
FFAIW.US,5,20250923,172000,0.0506,0.0506,0.0506,0.0506,4000,0
FFAIW.US,5,20250923,174000,0.0506,0.0506,0.0506,0.0506,800,0
FFAIW.US,5,20250923,181000,0.0505,0.0505,0.05,0.050101,12100,0
FFAIW.US,5,20250923,183500,0.050069,0.050069,0.050069,0.050069,300,0
FFAIW.US,5,20250923,184000,0.0501,0.0501,0.0501,0.0501,300,0
FFAIW.US,5,20250923,191000,0.0503,0.0503,0.0503,0.0503,101300,0
FFAIW.US,5,20250923,192000,0.0503,0.0503,0.050264,0.050264,1460,0
FFAIW.US,5,20250923,202000,0.0503,0.0503,0.0501,0.0501,10497,0
FFAIW.US,5,20250923,202500,0.0501,0.0501,0.0501,0.0501,200,0
FFAIW.US,5,20250923,210000,0.0501,0.0501,0.0501,0.0501,2800,0
FFAIW.US,5,20250924,153000,0.044,0.044,0.044,0.044,6666,0
FFAIW.US,5,20250924,154500,0.051001,0.051001,0.051001,0.051001,100,0
FFAIW.US,5,20250924,161000,0.0539,0.0539,0.0539,0.0539,2000,0
FFAIW.US,5,20250924,171500,0.054,0.054,0.054,0.054,301,0
FFAIW.US,5,20250924,175000,0.054,0.054,0.054,0.054,1700,0
FFAIW.US,5,20250924,175500,0.0539,0.0539,0.0539,0.0539,3000,0
FFAIW.US,5,20250924,183500,0.0539,0.0539,0.0539,0.0539,3000,0
FFAIW.US,5,20250924,191500,0.0539,0.0539,0.0539,0.0539,1300,0
FFAIW.US,5,20250924,193000,0.0521,0.0521,0.0521,0.0521,200,0
FFAIW.US,5,20250924,200000,0.054999,0.054999,0.054999,0.054999,500,0
FFAIW.US,5,20250924,200500,0.0525,0.0525,0.0522,0.0522,22304,0
FFAIW.US,5,20250924,212000,0.052,0.052,0.052,0.052,500,0
FFAIW.US,5,20250924,215500,0.051,0.052,0.051,0.052,2000,0
FFAIW.US,5,20250925,153000,0.044,0.044,0.044,0.044,120,0
FFAIW.US,5,20250925,155500,0.0479,0.0479,0.0479,0.0479,116,0
FFAIW.US,5,20250925,160500,0.0503,0.0503,0.0503,0.0503,2000,0
FFAIW.US,5,20250925,161500,0.0507,0.0507,0.0507,0.0507,1904,0
FFAIW.US,5,20250925,165000,0.0508,0.0508,0.0508,0.0508,179,0
FFAIW.US,5,20250925,184000,0.0485,0.0485,0.0485,0.0485,3000,0
FFAIW.US,5,20250925,184500,0.0467,0.0467,0.0467,0.0467,1000,0
FFAIW.US,5,20250925,185000,0.0466,0.0466,0.0466,0.0466,100,0
FFAIW.US,5,20250925,190000,0.0467,0.0467,0.0467,0.0467,500,0
FFAIW.US,5,20250926,155500,0.055,0.055,0.055,0.055,400,0
FFAIW.US,5,20250926,160000,0.0521,0.0521,0.0521,0.0521,2200,0
FFAIW.US,5,20250926,161000,0.052,0.052,0.052,0.052,100,0
FFAIW.US,5,20250926,161500,0.0521,0.0521,0.0521,0.0521,20000,0
FFAIW.US,5,20250926,162000,0.0523,0.0523,0.052,0.052,1561,0
FFAIW.US,5,20250926,165500,0.052,0.052,0.052,0.052,100,0
FFAIW.US,5,20250926,170500,0.052,0.052,0.052,0.052,3701,0
FFAIW.US,5,20250926,171500,0.0513,0.0513,0.0513,0.0513,100,0
FFAIW.US,5,20250926,172500,0.0467,0.0467,0.0467,0.0467,1476,0
FFAIW.US,5,20250926,173000,0.0467,0.0467,0.0395,0.0401,20774,0
FFAIW.US,5,20250926,173500,0.0417,0.0417,0.0417,0.0417,100,0
FFAIW.US,5,20250926,174000,0.0414,0.0414,0.0399,0.0399,600,0
FFAIW.US,5,20250926,184000,0.044,0.045151,0.044,0.045151,1100,0
FFAIW.US,5,20250926,184500,0.044,0.044,0.044,0.044,292,0
FFAIW.US,5,20250926,190000,0.0454,0.0454,0.0454,0.0454,3000,0
FFAIW.US,5,20250926,191000,0.0454,0.0454,0.0454,0.0454,100,0
FFAIW.US,5,20250926,193000,0.0441,0.0441,0.044,0.044,596,0
FFAIW.US,5,20250926,193500,0.044,0.044,0.041,0.041,13262,0
FFAIW.US,5,20250926,194000,0.041,0.041,0.041,0.041,100,0
FFAIW.US,5,20250926,194500,0.0411,0.0411,0.041,0.041,1651,0
FFAIW.US,5,20250926,195000,0.041,0.041,0.041,0.041,100,0
FFAIW.US,5,20250926,200500,0.0411,0.0411,0.041001,0.041001,1272,0
FFAIW.US,5,20250926,201500,0.044,0.044,0.044,0.044,931,0
FFAIW.US,5,20250926,203500,0.042,0.042,0.042,0.042,100,0
FFAIW.US,5,20250926,212000,0.042,0.042,0.041,0.041,3849,0
FFAIW.US,5,20250926,215000,0.041999,0.041999,0.0397,0.0399,16965,0
FFAIW.US,5,20250929,153000,0.0498,0.0498,0.0498,0.0498,320,0
FFAIW.US,5,20250929,160500,0.045751,0.045751,0.045751,0.045751,100,0
FFAIW.US,5,20250929,171000,0.045799,0.0458,0.0415,0.0415,32421,0
FFAIW.US,5,20250929,171500,0.0415,0.0416,0.0415,0.0416,449,0
FFAIW.US,5,20250929,173500,0.0415,0.0416,0.0415,0.0416,200,0
FFAIW.US,5,20250929,174000,0.0415,0.0415,0.0415,0.0415,100,0
FFAIW.US,5,20250929,182500,0.0415,0.0415,0.0415,0.0415,100,0
FFAIW.US,5,20250929,203000,0.0416,0.0416,0.0416,0.0416,400,0
FFAIW.US,5,20250929,205000,0.0421,0.0484,0.042064,0.0484,1646,0
FFAIW.US,5,20250929,211000,0.044,0.0498,0.044,0.0498,1300,0
FFAIW.US,5,20250929,211500,0.046,0.046,0.046,0.046,1000,0
FFAIW.US,5,20250930,161000,0.0499,0.0499,0.0499,0.0499,1000,0
FFAIW.US,5,20250930,164500,0.041501,0.041501,0.041501,0.041501,163,0
FFAIW.US,5,20250930,181500,0.0416,0.0416,0.0416,0.0416,4366,0
FFAIW.US,5,20250930,182000,0.0416,0.0416,0.0416,0.0416,1200,0
FFAIW.US,5,20250930,183000,0.0415,0.0415,0.0399,0.0399,5789,0
FFAIW.US,5,20250930,185000,0.0401,0.0404,0.0401,0.0403,700,0
FFAIW.US,5,20250930,185500,0.0401,0.0401,0.04,0.04,1000,0
FFAIW.US,5,20250930,191500,0.0404,0.0404,0.0404,0.0404,100,0
FFAIW.US,5,20250930,192000,0.0404,0.0415,0.0404,0.0415,900,0
FFAIW.US,5,20250930,192500,0.0415,0.0415,0.0414,0.0415,3776,0
FFAIW.US,5,20250930,193000,0.0415,0.0415,0.0415,0.0415,200,0
FFAIW.US,5,20250930,193500,0.0415,0.0415,0.0415,0.0415,900,0
FFAIW.US,5,20250930,194000,0.0415,0.0415,0.0415,0.0415,900,0
FFAIW.US,5,20250930,194500,0.0415,0.0415,0.0415,0.0415,800,0
FFAIW.US,5,20250930,195000,0.0415,0.0416,0.0415,0.0416,1000,0
FFAIW.US,5,20250930,195500,0.0416,0.0416,0.0416,0.0416,100,0
FFAIW.US,5,20250930,200000,0.0416,0.0416,0.0416,0.0416,1000,0
FFAIW.US,5,20250930,200500,0.0416,0.0416,0.0416,0.0416,1000,0
FFAIW.US,5,20250930,201000,0.0416,0.0416,0.0416,0.0416,1000,0
FFAIW.US,5,20250930,201500,0.0416,0.0416,0.0416,0.0416,1100,0
FFAIW.US,5,20250930,202000,0.0416,0.0416,0.0416,0.0416,300,0
FFAIW.US,5,20250930,202500,0.0416,0.0416,0.0416,0.0416,1100,0
FFAIW.US,5,20250930,203000,0.0416,0.048,0.0416,0.048,1100,0
FFAIW.US,5,20250930,204000,0.048,0.0485,0.048,0.0485,700,0
FFAIW.US,5,20250930,205000,0.0485,0.0485,0.0485,0.0485,400,0
FFAIW.US,5,20250930,205500,0.0485,0.0485,0.0485,0.0485,400,0
FFAIW.US,5,20250930,210000,0.0485,0.0485,0.0485,0.0485,400,0
FFAIW.US,5,20250930,210500,0.0485,0.0485,0.0485,0.0485,400,0
FFAIW.US,5,20250930,211000,0.0485,0.0485,0.0485,0.0485,800,0
FFAIW.US,5,20250930,211500,0.0485,0.0485,0.0485,0.0485,400,0
FFAIW.US,5,20250930,212000,0.0485,0.0485,0.0485,0.0485,400,0
FFAIW.US,5,20250930,212500,0.0485,0.0485,0.0485,0.0485,800,0
FFAIW.US,5,20250930,213000,0.0485,0.0485,0.0485,0.0485,500,0
FFAIW.US,5,20250930,213500,0.0485,0.0485,0.0485,0.0485,900,0
FFAIW.US,5,20250930,214000,0.0485,0.0485,0.0485,0.0485,700,0
FFAIW.US,5,20250930,214500,0.0485,0.0485,0.0485,0.0485,1300,0
FFAIW.US,5,20250930,215000,0.0485,0.0485,0.0485,0.0485,2300,0
FFAIW.US,5,20250930,215500,0.0485,0.0485,0.0484,0.0484,4549,0
FFAIW.US,5,20251001,153000,0.0413,0.0413,0.0413,0.0413,1900,0
FFAIW.US,5,20251001,154500,0.0413,0.0413,0.0413,0.0413,300,0
FFAIW.US,5,20251001,155500,0.0413,0.0413,0.0413,0.0413,400,0
FFAIW.US,5,20251001,160000,0.0412,0.0412,0.041,0.041,16692,0
FFAIW.US,5,20251001,160500,0.0409,0.0409,0.0409,0.0409,10000,0
FFAIW.US,5,20251001,163000,0.0401,0.0413,0.0401,0.0413,10079,0
FFAIW.US,5,20251001,165000,0.0401,0.0401,0.0401,0.0401,300,0
FFAIW.US,5,20251001,170000,0.0413,0.0413,0.0412,0.0412,5138,0
FFAIW.US,5,20251001,172000,0.0449,0.0459,0.0449,0.0449,2888,0
FFAIW.US,5,20251001,175000,0.046751,0.046751,0.046751,0.046751,669,0
FFAIW.US,5,20251001,175500,0.04675,0.04675,0.0451,0.04675,1500,0
FFAIW.US,5,20251001,180000,0.045,0.045,0.045,0.045,339,0
FFAIW.US,5,20251001,181000,0.0484,0.0485,0.0484,0.0484,13000,0
FFAIW.US,5,20251001,183000,0.047,0.047,0.047,0.047,100,0
FFAIW.US,5,20251001,184500,0.047,0.047,0.047,0.047,600,0
FFAIW.US,5,20251001,191000,0.0451,0.0451,0.0451,0.0451,400,0
FFAIW.US,5,20251001,193000,0.0485,0.0485,0.0485,0.0485,500,0
FFAIW.US,5,20251001,193500,0.04675,0.04675,0.045,0.045,2961,0
FFAIW.US,5,20251001,202000,0.0448,0.0448,0.0448,0.0448,200,0
FFAIW.US,5,20251001,203000,0.0476,0.0476,0.0476,0.0476,200,0
FFAIW.US,5,20251001,203500,0.0476,0.0476,0.0476,0.0476,200,0
FFAIW.US,5,20251001,204000,0.0476,0.0476,0.0476,0.0476,100,0
FFAIW.US,5,20251001,204500,0.0476,0.0476,0.0476,0.0476,100,0
FFAIW.US,5,20251001,205000,0.0476,0.0476,0.0476,0.0476,100,0
FFAIW.US,5,20251001,205500,0.0476,0.0476,0.0476,0.0476,100,0
FFAIW.US,5,20251001,210000,0.0443,0.0443,0.0443,0.0443,500,0
FFAIW.US,5,20251001,215500,0.0476,0.0515,0.047569,0.047569,8000,0
FFAIW.US,5,20251002,155000,0.042799,0.042799,0.0417,0.0417,1600,0
FFAIW.US,5,20251002,161000,0.0428,0.0459,0.0427,0.0427,2000,0
FFAIW.US,5,20251002,162000,0.0431,0.0431,0.0431,0.0431,1600,0
FFAIW.US,5,20251002,163000,0.0431,0.0459,0.043,0.0458,15000,0
FFAIW.US,5,20251002,164500,0.0459,0.0461,0.0459,0.0461,2100,0
FFAIW.US,5,20251002,185500,0.0467,0.047,0.0465,0.047,15000,0
FFAIW.US,5,20251002,190000,0.0461,0.0462,0.0461,0.0462,606,0
FFAIW.US,5,20251002,192000,0.047,0.047,0.047,0.047,2492,0
FFAIW.US,5,20251002,192500,0.0462,0.0462,0.0462,0.0462,5000,0
FFAIW.US,5,20251002,193500,0.0463,0.0463,0.046264,0.0463,10066,0
FFAIW.US,5,20251002,194000,0.0462,0.0466,0.0462,0.0466,16110,0
FFAIW.US,5,20251002,200000,0.0417,0.0462,0.0413,0.0413,7000,0
FFAIW.US,5,20251002,200500,0.04145,0.04145,0.04135,0.0414,2200,0
FFAIW.US,5,20251002,201000,0.0414,0.0414,0.0414,0.0414,800,0
FFAIW.US,5,20251002,202500,0.0415,0.0415,0.0415,0.0415,200,0
FFAIW.US,5,20251003,153000,0.0421,0.0421,0.0421,0.0421,561,0
FFAIW.US,5,20251003,162500,0.0456,0.0456,0.0456,0.0456,900,0
FFAIW.US,5,20251003,163000,0.0464,0.0477,0.0464,0.0477,11200,0
FFAIW.US,5,20251003,163500,0.0461,0.0461,0.0461,0.0461,250,0
FFAIW.US,5,20251003,165000,0.046,0.046,0.046,0.046,100,0
FFAIW.US,5,20251003,171000,0.0461,0.047699,0.0461,0.047699,725,0
FFAIW.US,5,20251003,171500,0.046001,0.046001,0.046001,0.046001,100,0
FFAIW.US,5,20251003,173000,0.0476,0.0476,0.0476,0.0476,141,0
FFAIW.US,5,20251003,180500,0.046649,0.046649,0.046649,0.046649,1000,0
FFAIW.US,5,20251003,181500,0.0466,0.0474,0.0466,0.0466,2882,0
FFAIW.US,5,20251003,184500,0.0474,0.0474,0.0474,0.0474,550,0
FFAIW.US,5,20251003,195000,0.046,0.046,0.046,0.046,5200,0
FFAIW.US,5,20251003,195500,0.046,0.046,0.046,0.046,2200,0
FFAIW.US,5,20251003,214000,0.043,0.043,0.0416,0.0416,15302,0
FFAIW.US,5,20251003,215500,0.046,0.046,0.046,0.046,1000,0
FFAIW.US,5,20251006,154000,0.044,0.046,0.0416,0.046,5550,0
FFAIW.US,5,20251006,155500,0.0474,0.0474,0.0474,0.0474,725,0
FFAIW.US,5,20251006,161000,0.045,0.046251,0.045,0.046251,621,0
FFAIW.US,5,20251006,163000,0.046,0.046,0.046,0.046,400,0
FFAIW.US,5,20251006,163500,0.046,0.046,0.046,0.046,1200,0
FFAIW.US,5,20251006,164000,0.046,0.046,0.0455,0.046,400,0
FFAIW.US,5,20251006,164500,0.046,0.0461,0.046,0.0461,2300,0
FFAIW.US,5,20251006,174000,0.0473,0.0473,0.0473,0.0473,1000,0
FFAIW.US,5,20251006,174500,0.045,0.0451,0.045,0.0451,200,0
FFAIW.US,5,20251006,181500,0.0473,0.0473,0.045,0.045,1208,0
FFAIW.US,5,20251006,182000,0.0473,0.0473,0.0473,0.0473,1200,0
FFAIW.US,5,20251006,184000,0.046149,0.046149,0.046149,0.046149,115,0
FFAIW.US,5,20251006,184500,0.047299,0.0473,0.047299,0.0473,2001,0
FFAIW.US,5,20251006,185000,0.049,0.049,0.048999,0.048999,2600,0
FFAIW.US,5,20251006,190500,0.0489,0.049,0.0489,0.049,1400,0
FFAIW.US,5,20251006,191500,0.049549,0.05,0.0495,0.049672,4500,0
FFAIW.US,5,20251006,194500,0.05,0.050001,0.045,0.0451,202986,0
FFAIW.US,5,20251006,195000,0.0451,0.0451,0.045,0.0451,1500,0
FFAIW.US,5,20251006,195500,0.0451,0.0455,0.0451,0.0451,1500,0
FFAIW.US,5,20251006,200000,0.0451,0.0451,0.045,0.045,10300,0
FFAIW.US,5,20251006,211000,0.0451,0.0451,0.045,0.0451,2402,0
FFAIW.US,5,20251007,162500,0.0416,0.0417,0.0409,0.0409,11853,0
FFAIW.US,5,20251007,164000,0.0405,0.0407,0.0405,0.0407,700,0
FFAIW.US,5,20251007,164500,0.0416,0.0416,0.0413,0.0413,5000,0
FFAIW.US,5,20251007,193000,0.0411,0.0411,0.0411,0.0411,2390,0
FFAIW.US,5,20251007,201000,0.0411,0.0416,0.041,0.041,31553,0
FFAIW.US,5,20251007,211000,0.0411,0.0411,0.0411,0.0411,300,0
FFAIW.US,5,20251007,212500,0.0411,0.0411,0.0411,0.0411,2189,0
FFAIW.US,5,20251007,215500,0.041,0.041,0.041,0.041,1300,0
FFAIW.US,5,20251008,155000,0.0431,0.0431,0.0431,0.0431,147,0
FFAIW.US,5,20251008,160000,0.0431,0.043101,0.0431,0.043101,2500,0
FFAIW.US,5,20251008,170000,0.0439,0.0439,0.0439,0.0439,2500,0
FFAIW.US,5,20251008,173000,0.0431,0.0431,0.0431,0.0431,700,0
FFAIW.US,5,20251008,174000,0.0431,0.0431,0.043,0.043,11300,0
FFAIW.US,5,20251008,175000,0.0431,0.0431,0.0431,0.0431,2459,0
FFAIW.US,5,20251008,175500,0.0431,0.0431,0.0431,0.0431,100,0
FFAIW.US,5,20251008,192500,0.043,0.043,0.043,0.043,2997,0
FFAIW.US,5,20251008,194500,0.043,0.043,0.043,0.043,1700,0
FFAIW.US,5,20251008,200000,0.043,0.043,0.043,0.043,450,0
FFAIW.US,5,20251009,153000,0.0401,0.0401,0.0401,0.0401,1800,0
FFAIW.US,5,20251009,160500,0.0401,0.0401,0.04,0.0401,17372,0
FFAIW.US,5,20251009,181000,0.047,0.047,0.047,0.047,196,0
FFAIW.US,5,20251009,184500,0.0425,0.0426,0.0425,0.0426,18000,0
FFAIW.US,5,20251009,193500,0.0467,0.0467,0.0467,0.0467,1000,0
FFAIW.US,5,20251009,200500,0.0426,0.0426,0.0426,0.0426,140,0
FFAIW.US,5,20251010,163000,0.0473,0.0473,0.0473,0.0473,1000,0
FFAIW.US,5,20251010,164500,0.0451,0.0451,0.043,0.043,582,0
FFAIW.US,5,20251010,165000,0.0431,0.0431,0.0431,0.0431,300,0
FFAIW.US,5,20251010,173000,0.043,0.0431,0.043,0.0431,5868,0
FFAIW.US,5,20251010,174000,0.0431,0.0431,0.043,0.043,25000,0
FFAIW.US,5,20251010,180000,0.0431,0.0431,0.0431,0.0431,100,0
FFAIW.US,5,20251010,181500,0.043,0.043,0.043,0.043,20000,0
FFAIW.US,5,20251010,183500,0.0431,0.0431,0.0431,0.0431,100,0
FFAIW.US,5,20251010,192500,0.043,0.0431,0.04,0.0401,22444,0
FFAIW.US,5,20251010,194500,0.04,0.04,0.04,0.04,2031,0
FFAIW.US,5,20251010,200000,0.040099,0.0401,0.040099,0.0401,1800,0
FFAIW.US,5,20251010,200500,0.040099,0.0402,0.040099,0.040128,1300,0
FFAIW.US,5,20251010,215500,0.04,0.04,0.0391,0.0391,96893,0
FFAIW.US,5,20251013,163000,0.0412,0.0412,0.0412,0.0412,220,0
FFAIW.US,5,20251013,170500,0.0412,0.0412,0.0412,0.0412,2700,0
FFAIW.US,5,20251013,175000,0.0412,0.0412,0.0412,0.0412,2125,0
FFAIW.US,5,20251013,184000,0.0411,0.0411,0.0411,0.0411,1915,0
FFAIW.US,5,20251013,200000,0.045699,0.0457,0.045699,0.0457,2350,0
FFAIW.US,5,20251013,200500,0.04285,0.04285,0.04285,0.04285,200,0
FFAIW.US,5,20251013,202500,0.0433,0.0433,0.0433,0.0433,8000,0
FFAIW.US,5,20251013,204000,0.0433,0.0433,0.0433,0.0433,100,0
FFAIW.US,5,20251013,214000,0.040101,0.040101,0.040101,0.040101,100,0
FFAIW.US,5,20251014,153000,0.0402,0.0402,0.0402,0.0402,500,0
FFAIW.US,5,20251014,163000,0.045498,0.0455,0.045498,0.0455,1433,0
FFAIW.US,5,20251014,163500,0.0455,0.0455,0.0455,0.0455,567,0
FFAIW.US,5,20251014,164000,0.0424,0.0424,0.0424,0.0424,474,0
FFAIW.US,5,20251014,164500,0.0402,0.0402,0.0402,0.0402,700,0
FFAIW.US,5,20251014,171500,0.045599,0.045599,0.045599,0.045599,2516,0
FFAIW.US,5,20251014,173500,0.0403,0.0403,0.04,0.04,8600,0
FFAIW.US,5,20251014,174000,0.04,0.04,0.04,0.04,200,0
FFAIW.US,5,20251014,174500,0.04,0.04,0.04,0.04,100,0
FFAIW.US,5,20251014,175000,0.04,0.04,0.04,0.04,200,0
FFAIW.US,5,20251014,182500,0.04235,0.04235,0.04235,0.04235,418,0
FFAIW.US,5,20251014,184000,0.04,0.04,0.04,0.04,100,0
FFAIW.US,5,20251014,195500,0.04,0.04,0.04,0.04,11500,0
FFAIW.US,5,20251014,210500,0.04,0.04,0.04,0.04,100,0
FFAIW.US,5,20251014,212500,0.04,0.04,0.0288,0.029999,32100,0
FFAIW.US,5,20251014,213000,0.028,0.03,0.028,0.0299,159882,0
FFAIW.US,5,20251014,213500,0.0282,0.0285,0.0281,0.0282,5969,0
FFAIW.US,5,20251014,214000,0.0302,0.0314,0.0301,0.0314,3600,0
FFAIW.US,5,20251015,153000,0.0398,0.0398,0.03,0.03,50250,0
FFAIW.US,5,20251015,154000,0.034,0.034,0.03,0.03,10000,0
FFAIW.US,5,20251015,165000,0.0341,0.0341,0.0316,0.0316,14653,0
FFAIW.US,5,20251015,170000,0.0316,0.0317,0.0316,0.0317,900,0
FFAIW.US,5,20251015,173500,0.0317,0.0317,0.0317,0.0317,100,0
FFAIW.US,5,20251015,175000,0.0399,0.0399,0.0399,0.0399,100,0
FFAIW.US,5,20251015,175500,0.0399,0.0399,0.0399,0.0399,1141,0
FFAIW.US,5,20251015,190500,0.03361,0.0357,0.03361,0.0357,1011,0
FFAIW.US,5,20251015,201500,0.0329,0.0329,0.0329,0.0329,100,0
FFAIW.US,5,20251015,212500,0.0399,0.0399,0.0399,0.0399,1444,0
FFAIW.US,5,20251015,215500,0.0399,0.0399,0.0399,0.0399,900,0
FFAIW.US,5,20251016,155000,0.0387,0.0388,0.0387,0.0387,7400,0
FFAIW.US,5,20251016,155500,0.0387,0.0387,0.0387,0.0387,1000,0
FFAIW.US,5,20251016,160000,0.037,0.037,0.037,0.037,100,0
FFAIW.US,5,20251016,161500,0.0384,0.0384,0.0384,0.0384,100,0
FFAIW.US,5,20251016,162500,0.0388,0.0388,0.0388,0.0388,4800,0
FFAIW.US,5,20251016,164000,0.036,0.036,0.036,0.036,100,0
FFAIW.US,5,20251016,174000,0.0388,0.0388,0.0378,0.0388,18506,0
FFAIW.US,5,20251016,174500,0.0388,0.0388,0.0388,0.0388,250,0
FFAIW.US,5,20251016,203000,0.0389,0.0389,0.0389,0.0389,100,0
FFAIW.US,5,20251016,210500,0.03935,0.03935,0.03935,0.03935,1142,0
FFAIW.US,5,20251017,153000,0.0449,0.0449,0.0449,0.0449,12531,0
FFAIW.US,5,20251017,163000,0.043,0.043,0.043,0.043,100,0
FFAIW.US,5,20251017,172500,0.0412,0.0412,0.041,0.041,4000,0
FFAIW.US,5,20251017,191000,0.0448,0.045998,0.0448,0.045998,5727,0
FFAIW.US,5,20251017,193000,0.045999,0.045999,0.045999,0.045999,10869,0
FFAIW.US,5,20251017,200000,0.0449,0.0449,0.0449,0.0449,1000,0
FFAIW.US,5,20251017,204000,0.045,0.045,0.045,0.045,500,0
FFAIW.US,5,20251017,211000,0.045,0.045,0.045,0.045,471,0
FFAIW.US,5,20251017,211500,0.045,0.045,0.0449,0.0449,3050,0
FFAIW.US,5,20251017,212500,0.0401,0.042,0.04,0.042,1500,0
FFAIW.US,5,20251020,200000,0.0405,0.040501,0.04,0.04,2000,0
FFAIW.US,5,20251020,200500,0.04105,0.04105,0.04105,0.04105,100,0
FFAIW.US,5,20251021,153000,0.0415,0.0415,0.0415,0.0415,300,0
FFAIW.US,5,20251021,153500,0.042,0.042,0.042,0.042,2000,0
FFAIW.US,5,20251021,154000,0.043,0.043,0.043,0.043,1000,0
FFAIW.US,5,20251021,180000,0.0415,0.042,0.0415,0.042,6000,0
FFAIW.US,5,20251021,180500,0.041501,0.0416,0.041501,0.0416,2382,0
FFAIW.US,5,20251021,182000,0.0416,0.0416,0.0416,0.0416,100,0
FFAIW.US,5,20251021,185500,0.0416,0.0416,0.0416,0.0416,400,0
FFAIW.US,5,20251021,190500,0.0416,0.0417,0.0416,0.0417,452,0
FFAIW.US,5,20251021,191500,0.043,0.043,0.0424,0.0424,4243,0
FFAIW.US,5,20251022,175000,0.0415,0.0415,0.0403,0.0403,1000,0
FFAIW.US,5,20251022,201000,0.038,0.0403,0.038,0.0403,4000,0
FFAIW.US,5,20251022,201500,0.038,0.038,0.038,0.038,175,0
FFAIW.US,5,20251022,205000,0.0371,0.0371,0.0371,0.0371,700,0
FFAIW.US,5,20251022,215500,0.0371,0.0371,0.022,0.022,52205,0
FFAIW.US,5,20251023,153000,0.03,0.039999,0.03,0.039999,11000,0
FFAIW.US,5,20251023,154000,0.0399,0.04,0.0399,0.04,8500,0
FFAIW.US,5,20251023,155500,0.041,0.041,0.041,0.041,100,0
FFAIW.US,5,20251023,160000,0.0401,0.0403,0.0401,0.040101,1600,0
FFAIW.US,5,20251023,161000,0.04,0.04,0.03005,0.03005,22386,0
FFAIW.US,5,20251023,161500,0.0301,0.0301,0.0301,0.0301,100,0
FFAIW.US,5,20251023,162500,0.0363,0.0363,0.0363,0.0363,100,0
FFAIW.US,5,20251023,170500,0.0311,0.031798,0.0311,0.031798,300,0
FFAIW.US,5,20251023,171500,0.032,0.032,0.0319,0.0319,5870,0
FFAIW.US,5,20251023,172000,0.0315,0.0315,0.0315,0.0315,100,0
FFAIW.US,5,20251023,172500,0.032,0.032,0.032,0.032,20190,0
FFAIW.US,5,20251023,180000,0.032,0.032,0.032,0.032,300,0
FFAIW.US,5,20251023,191000,0.035,0.035,0.035,0.035,5007,0
FFAIW.US,5,20251023,192500,0.0351,0.0351,0.0351,0.0351,400,0
FFAIW.US,5,20251023,203000,0.0376,0.0376,0.0376,0.0376,476,0
FFAIW.US,5,20251023,203500,0.039999,0.039999,0.039999,0.039999,15000,0
FFAIW.US,5,20251023,210000,0.0352,0.0352,0.035164,0.0352,1000,0
FFAIW.US,5,20251023,212500,0.037549,0.037549,0.037549,0.037549,100,0
FFAIW.US,5,20251024,153000,0.035,0.035,0.035,0.035,100,0
FFAIW.US,5,20251024,154500,0.0375,0.0375,0.0375,0.0375,10000,0
FFAIW.US,5,20251024,161000,0.0351,0.0375,0.035,0.035,1138,0
FFAIW.US,5,20251024,164500,0.0375,0.0375,0.03742,0.03742,2300,0
FFAIW.US,5,20251024,180500,0.035,0.035,0.035,0.035,5700,0
FFAIW.US,5,20251024,181000,0.035,0.035,0.035,0.035,2900,0
FFAIW.US,5,20251024,183000,0.0351,0.0351,0.0351,0.0351,200,0
FFAIW.US,5,20251024,184000,0.0375,0.0375,0.0362,0.0362,5500,0
FFAIW.US,5,20251024,184500,0.03505,0.0351,0.035,0.035,1100,0
FFAIW.US,5,20251024,185000,0.0369,0.0369,0.0369,0.0369,125,0
FFAIW.US,5,20251024,185500,0.0375,0.0375,0.0351,0.0375,5500,0
FFAIW.US,5,20251024,190000,0.0351,0.0351,0.0351,0.0351,100,0
FFAIW.US,5,20251024,190500,0.037499,0.037499,0.0362,0.0362,2400,0
FFAIW.US,5,20251024,202000,0.035086,0.0375,0.035086,0.0356,4500,0
FFAIW.US,5,20251024,203500,0.0363,0.0363,0.035,0.035,3200,0
FFAIW.US,5,20251024,204000,0.031,0.031,0.0308,0.031,22000,0
FFAIW.US,5,20251024,211500,0.0321,0.0321,0.0321,0.0321,14814,0
FFAIW.US,5,20251024,214000,0.032,0.032,0.0311,0.0311,5000,0
FFAIW.US,5,20251024,215500,0.0317,0.0317,0.031101,0.031101,1600,0
FFAIW.US,5,20251027,153500,0.0341,0.0341,0.0341,0.0341,400,0
FFAIW.US,5,20251027,164500,0.034101,0.034101,0.034101,0.034101,300,0
FFAIW.US,5,20251027,165000,0.034101,0.034101,0.034101,0.034101,598,0
FFAIW.US,5,20251027,173000,0.034201,0.034201,0.034201,0.034201,400,0
FFAIW.US,5,20251027,180000,0.03575,0.03575,0.03575,0.03575,1000,0
FFAIW.US,5,20251027,190500,0.037,0.037,0.0356,0.0356,200,0
FFAIW.US,5,20251027,192500,0.036,0.036,0.036,0.036,250,0
FFAIW.US,5,20251027,201000,0.0358,0.04,0.0358,0.04,10000,0
FFAIW.US,5,20251027,202500,0.04,0.04,0.0343,0.0343,33100,0
FFAIW.US,5,20251027,204500,0.034149,0.04,0.034149,0.04,61538,0
FFAIW.US,5,20251028,143000,0.0399,0.052,0.0399,0.052,52530,0
FFAIW.US,5,20251028,144500,0.055,0.055,0.05255,0.05255,1998,0
FFAIW.US,5,20251028,145000,0.0574,0.0574,0.0422,0.0422,3296,0
FFAIW.US,5,20251028,152000,0.0466,0.0466,0.0466,0.0466,5000,0
FFAIW.US,5,20251028,152500,0.049278,0.049278,0.049278,0.049278,1000,0
FFAIW.US,5,20251028,155000,0.046499,0.05,0.046499,0.0499,13332,0
FFAIW.US,5,20251028,160000,0.05,0.05,0.05,0.05,11111,0
FFAIW.US,5,20251028,171000,0.047999,0.047999,0.047999,0.047999,130,0
FFAIW.US,5,20251028,173500,0.046,0.048,0.046,0.046,13100,0
FFAIW.US,5,20251028,175000,0.0431,0.0445,0.042,0.0421,22212,0
FFAIW.US,5,20251028,182500,0.048,0.048,0.048,0.048,6000,0
FFAIW.US,5,20251028,185500,0.0431,0.048,0.0429,0.048,12111,0
FFAIW.US,5,20251028,190000,0.0479,0.0479,0.0478,0.0478,600,0
FFAIW.US,5,20251029,143000,0.0387,0.0387,0.0387,0.0387,1001,0
FFAIW.US,5,20251029,144000,0.0425,0.0425,0.0425,0.0425,100,0
FFAIW.US,5,20251029,144500,0.0395,0.0395,0.0395,0.0395,100,0
FFAIW.US,5,20251029,145000,0.0392,0.0392,0.0392,0.0392,7740,0
FFAIW.US,5,20251029,151000,0.039201,0.039201,0.0392,0.0392,24285,0
FFAIW.US,5,20251029,151500,0.0478,0.05,0.0478,0.0499,20000,0
FFAIW.US,5,20251029,155000,0.0495,0.05,0.0495,0.05,36141,0
FFAIW.US,5,20251029,155500,0.0499,0.0499,0.0499,0.0499,800,0
FFAIW.US,5,20251029,160000,0.0494,0.0494,0.0494,0.0494,1000,0
FFAIW.US,5,20251029,162500,0.049,0.049,0.0483,0.0487,500,0
FFAIW.US,5,20251029,163000,0.044,0.044,0.044,0.044,100,0
FFAIW.US,5,20251029,163500,0.044,0.044,0.044,0.044,175,0
FFAIW.US,5,20251030,182500,0.047,0.047,0.047,0.047,2000,0
FFAIW.US,5,20251030,191500,0.047,0.047,0.047,0.047,975,0
FFAIW.US,5,20251030,193500,0.0469,0.0469,0.0468,0.0468,240,0
FFAIW.US,5,20251030,202000,0.0469,0.0493,0.0469,0.0493,10243,0
FFAIW.US,5,20251030,203000,0.045,0.045,0.045,0.045,1000,0
FFAIW.US,5,20251030,203500,0.0493,0.0493,0.0493,0.0493,100,0
FFAIW.US,5,20251030,204500,0.049299,0.049299,0.049299,0.049299,500,0
FFAIW.US,5,20251031,143000,0.0493,0.0493,0.0493,0.0493,200,0
FFAIW.US,5,20251031,143500,0.0493,0.0493,0.0493,0.0493,100,0
FFAIW.US,5,20251031,144500,0.0493,0.0493,0.0493,0.0493,200,0
FFAIW.US,5,20251031,150000,0.0493,0.0493,0.0493,0.0493,300,0
FFAIW.US,5,20251031,152500,0.0493,0.0493,0.0493,0.0493,400,0
FFAIW.US,5,20251031,154500,0.0492,0.0492,0.0492,0.0492,5000,0
FFAIW.US,5,20251031,160000,0.0493,0.0493,0.0493,0.0493,400,0
FFAIW.US,5,20251031,163000,0.0493,0.0493,0.0493,0.0493,500,0
FFAIW.US,5,20251031,170000,0.0493,0.0493,0.0493,0.0493,400,0
FFAIW.US,5,20251031,173000,0.0493,0.0493,0.0493,0.0493,500,0
FFAIW.US,5,20251031,180000,0.0493,0.0493,0.0493,0.0493,400,0
FFAIW.US,5,20251031,182500,0.05,0.05,0.05,0.05,100,0
FFAIW.US,5,20251031,183000,0.05,0.05,0.05,0.05,300,0
FFAIW.US,5,20251031,190500,0.05,0.05,0.05,0.05,200,0
FFAIW.US,5,20251031,191000,0.05,0.05,0.05,0.05,100,0
FFAIW.US,5,20251031,192000,0.05,0.05,0.05,0.05,200,0
FFAIW.US,5,20251031,193000,0.05,0.05,0.05,0.05,100,0
FFAIW.US,5,20251031,193500,0.05,0.05,0.05,0.05,100,0
FFAIW.US,5,20251031,194500,0.05,0.05,0.05,0.05,100,0
FFAIW.US,5,20251031,195500,0.05,0.05,0.05,0.05,100,0
FFAIW.US,5,20251031,202000,0.05,0.05,0.05,0.05,100,0
FFAIW.US,5,20251103,154500,0.044,0.044,0.044,0.044,200,0
FFAIW.US,5,20251103,155000,0.044,0.044,0.044,0.044,100,0
FFAIW.US,5,20251103,160500,0.0439,0.0439,0.0438,0.0438,207,0
FFAIW.US,5,20251103,164000,0.0403,0.041,0.0329,0.0329,9961,0
FFAIW.US,5,20251103,170000,0.0415,0.043,0.0415,0.043,3550,0
FFAIW.US,5,20251103,174500,0.043,0.043,0.043,0.043,100,0
FFAIW.US,5,20251103,181500,0.043,0.043,0.043,0.043,100,0
FFAIW.US,5,20251103,182000,0.043,0.043,0.043,0.043,834,0
FFAIW.US,5,20251103,183500,0.043,0.043,0.043,0.043,4000,0
FFAIW.US,5,20251103,200500,0.0429,0.0429,0.0429,0.0429,500,0
FFAIW.US,5,20251103,201000,0.0334,0.0334,0.0334,0.0334,2939,0
FFAIW.US,5,20251104,153500,0.044,0.044,0.044,0.044,150,0
FFAIW.US,5,20251104,154000,0.04,0.04,0.04,0.04,2600,0
FFAIW.US,5,20251104,155500,0.0353,0.0353,0.0353,0.0353,2000,0
FFAIW.US,5,20251104,160500,0.0378,0.0378,0.0378,0.0378,100,0
FFAIW.US,5,20251104,162500,0.037901,0.037901,0.0378,0.0378,2490,0
FFAIW.US,5,20251104,174500,0.04,0.04,0.04,0.04,4000,0
FFAIW.US,5,20251104,181000,0.0429,0.0429,0.04,0.04,1700,0
FFAIW.US,5,20251104,193500,0.0429,0.043,0.0429,0.043,324,0
FFAIW.US,5,20251105,154500,0.038599,0.0429,0.038599,0.0429,5986,0
FFAIW.US,5,20251105,172000,0.0343,0.0343,0.0343,0.0343,8800,0
FFAIW.US,5,20251105,180500,0.0427,0.0427,0.0427,0.0427,400,0
FFAIW.US,5,20251105,182000,0.0401,0.0401,0.0401,0.0401,1000,0
FFAIW.US,5,20251105,183500,0.040002,0.0411,0.04,0.0411,4700,0
FFAIW.US,5,20251105,201000,0.0344,0.0345,0.0344,0.0344,30000,0
FFAIW.US,5,20251105,201500,0.039899,0.039899,0.039899,0.039899,2000,0
FFAIW.US,5,20251105,204500,0.0372,0.0372,0.0372,0.0372,4100,0
FFAIW.US,5,20251105,211000,0.04,0.04,0.04,0.04,10000,0
FFAIW.US,5,20251106,153000,0.04,0.04,0.034601,0.034601,7300,0
FFAIW.US,5,20251106,154000,0.04,0.0425,0.039973,0.0425,4429,0
FFAIW.US,5,20251106,154500,0.0425,0.0425,0.04,0.04,500,0
FFAIW.US,5,20251106,155500,0.0425,0.0425,0.0425,0.0425,300,0
FFAIW.US,5,20251106,161000,0.0425,0.0425,0.0425,0.0425,500,0
FFAIW.US,5,20251106,163000,0.0419,0.0419,0.0419,0.0419,700,0
FFAIW.US,5,20251106,170000,0.041,0.041,0.041,0.041,800,0
FFAIW.US,5,20251106,173500,0.041,0.041,0.041,0.041,1300,0
FFAIW.US,5,20251106,174500,0.041,0.041,0.041,0.041,100,0
FFAIW.US,5,20251106,175500,0.041,0.041,0.041,0.041,200,0
FFAIW.US,5,20251106,181000,0.0405,0.0419,0.04,0.0419,6100,0
FFAIW.US,5,20251106,181500,0.0419,0.0419,0.0419,0.0419,100,0
FFAIW.US,5,20251106,182000,0.0419,0.0419,0.0419,0.0419,8050,0
FFAIW.US,5,20251106,182500,0.0419,0.0419,0.0419,0.0419,2496,0
FFAIW.US,5,20251106,184500,0.0427,0.0427,0.0427,0.0427,1300,0
FFAIW.US,5,20251106,185500,0.0425,0.0425,0.0425,0.0425,1000,0
FFAIW.US,5,20251106,190000,0.0427,0.0427,0.0427,0.0427,100,0
FFAIW.US,5,20251106,192500,0.0419,0.0421,0.0419,0.0421,5000,0
FFAIW.US,5,20251106,201000,0.0419,0.0419,0.0419,0.0419,2504,0
FFAIW.US,5,20251106,201500,0.0419,0.0419,0.041898,0.041898,5000,0
FFAIW.US,5,20251106,202500,0.040001,0.040001,0.04,0.04,5000,0
FFAIW.US,5,20251106,213500,0.0419,0.0419,0.0419,0.0419,2929,0
FFAIW.US,5,20251107,173500,0.0376,0.0376,0.0376,0.0376,576,0
FFAIW.US,5,20251107,174500,0.0351,0.04,0.0343,0.0399,8000,0
FFAIW.US,5,20251107,184000,0.0351,0.0351,0.0351,0.0351,1724,0
FFAIW.US,5,20251107,190500,0.034884,0.034884,0.034884,0.034884,1000,0
FFAIW.US,5,20251107,193000,0.0398,0.0398,0.0397,0.0397,2209,0
FFAIW.US,5,20251107,194500,0.0397,0.0398,0.0397,0.0397,4000,0
FFAIW.US,5,20251107,200000,0.0399,0.0399,0.0399,0.0399,1000,0
FFAIW.US,5,20251107,211500,0.04,0.04,0.04,0.04,3600,0
FFAIW.US,5,20251110,153000,0.0351,0.0351,0.0351,0.0351,300,0
FFAIW.US,5,20251110,154500,0.0385,0.0398,0.0385,0.0398,10000,0
FFAIW.US,5,20251110,155000,0.0399,0.0399,0.0399,0.0399,1000,0
FFAIW.US,5,20251110,181500,0.0345,0.0351,0.0345,0.0351,1748,0
FFAIW.US,5,20251110,192000,0.0399,0.0399,0.0399,0.0399,531,0
FFAIW.US,5,20251110,210000,0.0345,0.0345,0.0345,0.0345,1000,0
FFAIW.US,5,20251110,212000,0.0346,0.0346,0.0346,0.0346,1000,0
FFAIW.US,5,20251111,171000,0.0397,0.0397,0.0397,0.0397,800,0
FFAIW.US,5,20251111,172500,0.0349,0.0349,0.0346,0.0346,500,0
FFAIW.US,5,20251111,181500,0.0346,0.0346,0.0345,0.0345,6000,0
FFAIW.US,5,20251111,204000,0.0345,0.0345,0.0345,0.0345,16609,0
FFAIW.US,5,20251111,204500,0.0344,0.0344,0.0344,0.0344,450,0
FFAIW.US,5,20251111,210000,0.0343,0.0343,0.0343,0.0343,8783,0
FFAIW.US,5,20251111,212000,0.034,0.034,0.034,0.034,1000,0
FFAIW.US,5,20251112,154000,0.0444,0.0444,0.0444,0.0444,545,0
FFAIW.US,5,20251112,171500,0.03675,0.03675,0.03675,0.03675,300,0
FFAIW.US,5,20251112,173000,0.0367,0.0367,0.0367,0.0367,2500,0
FFAIW.US,5,20251112,173500,0.0367,0.0367,0.0367,0.0367,228,0
FFAIW.US,5,20251112,180000,0.0371,0.0371,0.037,0.037,7477,0
FFAIW.US,5,20251112,181000,0.037,0.037,0.037,0.037,100,0
FFAIW.US,5,20251112,190000,0.037088,0.037088,0.037088,0.037088,2500,0
FFAIW.US,5,20251112,190500,0.037,0.0371,0.0368,0.0368,47578,0
FFAIW.US,5,20251112,202000,0.0369,0.037,0.0368,0.0369,20400,0
FFAIW.US,5,20251112,214000,0.0369,0.0369,0.0368,0.0368,400,0
FFAIW.US,5,20251113,154000,0.04,0.04,0.04,0.04,1000,0
FFAIW.US,5,20251113,154500,0.0357,0.0357,0.035,0.035,72800,0
FFAIW.US,5,20251113,170500,0.0335,0.0336,0.0335,0.0336,200,0
FFAIW.US,5,20251113,171500,0.0399,0.04,0.0399,0.04,2800,0
FFAIW.US,5,20251113,180500,0.0368,0.04,0.0368,0.04,200,0
FFAIW.US,5,20251113,191500,0.0335,0.0335,0.0335,0.0335,5000,0
FFAIW.US,5,20251113,193000,0.04,0.04,0.04,0.04,4000,0
FFAIW.US,5,20251113,200000,0.0335,0.0335,0.0311,0.0311,19000,0
FFAIW.US,5,20251113,201000,0.0311,0.0312,0.0311,0.0312,2200,0
FFAIW.US,5,20251113,205500,0.0312,0.04,0.0312,0.04,32668,0
FFAIW.US,5,20251113,210000,0.04,0.04,0.04,0.04,75026,0
FFAIW.US,5,20251113,212000,0.03889,0.03889,0.03889,0.03889,1000,0
FFAIW.US,5,20251114,155500,0.0321,0.0321,0.0321,0.0321,838,0
FFAIW.US,5,20251114,160500,0.032,0.032,0.032,0.032,11000,0
FFAIW.US,5,20251114,162500,0.0348,0.0348,0.0348,0.0348,275,0
FFAIW.US,5,20251114,170000,0.0331,0.0331,0.0331,0.0331,105,0
FFAIW.US,5,20251114,174500,0.03918,0.0392,0.039099,0.039099,4615,0
FFAIW.US,5,20251114,191000,0.035,0.035,0.035,0.035,1500,0
FFAIW.US,5,20251114,195500,0.0366,0.0366,0.0366,0.0366,5200,0
FFAIW.US,5,20251114,215000,0.0376,0.0376,0.0376,0.0376,300,0
FFAIW.US,5,20251117,161000,0.0378,0.0378,0.0378,0.0378,2600,0
FFAIW.US,5,20251117,162500,0.032101,0.032101,0.032101,0.032101,500,0
FFAIW.US,5,20251117,163000,0.0322,0.0322,0.0322,0.0322,300,0
FFAIW.US,5,20251117,164500,0.033599,0.033599,0.033599,0.033599,3000,0
FFAIW.US,5,20251117,173000,0.0343,0.035,0.0341,0.0341,5800,0
FFAIW.US,5,20251117,173500,0.0341,0.0341,0.0341,0.0341,1000,0
FFAIW.US,5,20251117,174000,0.0341,0.035,0.0341,0.0341,1400,0
FFAIW.US,5,20251117,174500,0.0341,0.0341,0.0341,0.0341,100,0
FFAIW.US,5,20251117,175500,0.0341,0.0341,0.0341,0.0341,100,0
FFAIW.US,5,20251117,182000,0.0349,0.035,0.0349,0.035,1400,0
FFAIW.US,5,20251117,183000,0.039099,0.039099,0.039099,0.039099,100,0
FFAIW.US,5,20251117,184000,0.0391,0.0391,0.0391,0.0391,3000,0
FFAIW.US,5,20251117,185000,0.035,0.035,0.035,0.035,100,0
FFAIW.US,5,20251117,190000,0.035,0.035,0.0322,0.0322,10000,0
FFAIW.US,5,20251117,191500,0.0323,0.0323,0.0323,0.0323,600,0
FFAIW.US,5,20251117,202000,0.034688,0.034688,0.034688,0.034688,177,0
FFAIW.US,5,20251118,154500,0.0346,0.0346,0.03,0.03,10000,0
FFAIW.US,5,20251118,163500,0.035,0.036,0.035,0.036,1900,0
FFAIW.US,5,20251118,171000,0.035,0.035,0.033,0.033,1269,0
FFAIW.US,5,20251118,174500,0.035,0.035,0.035,0.035,700,0
FFAIW.US,5,20251118,182000,0.035,0.035,0.035,0.035,700,0
FFAIW.US,5,20251118,183500,0.0345,0.0345,0.0345,0.0345,700,0
FFAIW.US,5,20251118,184000,0.0345,0.0345,0.0345,0.0345,100,0
FFAIW.US,5,20251118,184500,0.035,0.035,0.035,0.035,100,0
FFAIW.US,5,20251118,185500,0.035,0.035,0.035,0.035,200,0
FFAIW.US,5,20251118,190000,0.035,0.035,0.035,0.035,400,0
FFAIW.US,5,20251118,190500,0.035,0.035,0.035,0.035,100,0
FFAIW.US,5,20251118,191000,0.035,0.035,0.035,0.035,100,0
FFAIW.US,5,20251118,192000,0.035,0.035,0.035,0.035,200,0
FFAIW.US,5,20251118,193500,0.035,0.035,0.035,0.035,200,0
FFAIW.US,5,20251118,194500,0.0345,0.035,0.0345,0.035,990,0
FFAIW.US,5,20251118,200500,0.035,0.035,0.035,0.035,9010,0
FFAIW.US,5,20251118,201000,0.035,0.035,0.035,0.035,9010,0
FFAIW.US,5,20251118,205000,0.0379,0.0379,0.0379,0.0379,100,0
FFAIW.US,5,20251118,213500,0.038,0.038,0.038,0.038,122,0
FFAIW.US,5,20251119,153000,0.0379,0.0379,0.0379,0.0379,1000,0
FFAIW.US,5,20251119,201000,0.0345,0.0345,0.0345,0.0345,100,0
FFAIW.US,5,20251119,201500,0.0311,0.034501,0.0305,0.031,6750,0
FFAIW.US,5,20251119,202000,0.03,0.03,0.03,0.03,8740,0
FFAIW.US,5,20251119,203000,0.03,0.03,0.03,0.03,352,0
FFAIW.US,5,20251119,211000,0.0377,0.0379,0.0376,0.037899,2970,0
FFAIW.US,5,20251120,153000,0.03,0.033901,0.03,0.033901,6000,0
FFAIW.US,5,20251120,154500,0.0339,0.0339,0.0339,0.0339,280,0
FFAIW.US,5,20251120,160500,0.0378,0.0378,0.0335,0.0335,600,0
FFAIW.US,5,20251120,163000,0.0378,0.0378,0.0378,0.0378,100,0
FFAIW.US,5,20251120,171000,0.03,0.03,0.03,0.03,2736,0
FFAIW.US,5,20251120,174000,0.0351,0.0351,0.0351,0.0351,140,0
FFAIW.US,5,20251120,203000,0.0321,0.0321,0.0321,0.0321,200,0
FFAIW.US,5,20251120,214000,0.0321,0.0321,0.03,0.03,4000,0
FFAIW.US,5,20251121,163500,0.034,0.034,0.03,0.03,706,0
FFAIW.US,5,20251121,170000,0.03,0.03,0.0221,0.0227,33542,0
FFAIW.US,5,20251121,170500,0.0221,0.0227,0.0221,0.0227,700,0
FFAIW.US,5,20251121,171000,0.0249,0.0249,0.0249,0.0249,100,0
FFAIW.US,5,20251121,172000,0.0288,0.0288,0.0288,0.0288,700,0
FFAIW.US,5,20251121,192000,0.0341,0.0341,0.0341,0.0341,918,0
FFAIW.US,5,20251121,194000,0.034,0.034,0.03,0.03,19200,0
FFAIW.US,5,20251121,194500,0.0301,0.0301,0.0301,0.0301,1000,0
FFAIW.US,5,20251121,195000,0.0301,0.0301,0.030086,0.0301,900,0
FFAIW.US,5,20251121,195500,0.0301,0.0301,0.0301,0.0301,300,0
FFAIW.US,5,20251121,215500,0.037,0.0374,0.037,0.037,2737,0
FFAIW.US,5,20251124,154000,0.0374,0.0374,0.0374,0.0374,9900,0
FFAIW.US,5,20251124,163000,0.0245,0.0245,0.0245,0.0245,100,0
FFAIW.US,5,20251124,164500,0.026,0.026,0.026,0.026,549,0
FFAIW.US,5,20251124,165500,0.0273,0.0367,0.0273,0.0366,1198,0
FFAIW.US,5,20251124,171500,0.0369,0.0369,0.0367,0.0367,3453,0
FFAIW.US,5,20251124,172000,0.0367,0.0367,0.0367,0.0367,900,0
FFAIW.US,5,20251124,172500,0.0367,0.0367,0.0367,0.0367,100,0
FFAIW.US,5,20251124,173000,0.0367,0.0367,0.0367,0.0367,498,0
FFAIW.US,5,20251124,174000,0.0273,0.0273,0.0273,0.0273,100,0
FFAIW.US,5,20251124,174500,0.0271,0.0271,0.027,0.027,400,0
FFAIW.US,5,20251124,175000,0.0274,0.0274,0.0274,0.0274,1000,0
FFAIW.US,5,20251124,180000,0.0275,0.0275,0.0275,0.0275,350,0
FFAIW.US,5,20251124,182500,0.034,0.034,0.034,0.034,100,0
FFAIW.US,5,20251124,184500,0.034,0.034,0.034,0.034,100,0
FFAIW.US,5,20251124,191500,0.0348,0.0348,0.0348,0.0348,1000,0
FFAIW.US,5,20251124,192500,0.0356,0.0356,0.034,0.034,5300,0
FFAIW.US,5,20251124,193000,0.028,0.028,0.028,0.028,100,0
FFAIW.US,5,20251124,193500,0.0281,0.0281,0.0281,0.0281,400,0
FFAIW.US,5,20251124,200000,0.031501,0.031501,0.031501,0.031501,6500,0
FFAIW.US,5,20251124,200500,0.0315,0.034,0.0312,0.0312,453,0
FFAIW.US,5,20251124,204500,0.029,0.029,0.029,0.029,100,0
FFAIW.US,5,20251124,205000,0.0284,0.0302,0.0283,0.0302,760,0
FFAIW.US,5,20251124,213000,0.033,0.033,0.033,0.033,200,0
FFAIW.US,5,20251125,162500,0.0323,0.033,0.0323,0.0323,4033,0
FFAIW.US,5,20251125,163500,0.0323,0.0323,0.0323,0.0323,100,0
FFAIW.US,5,20251125,173000,0.0323,0.0323,0.0323,0.0323,100,0
FFAIW.US,5,20251125,173500,0.032399,0.032399,0.0323,0.0323,1100,0
FFAIW.US,5,20251125,174000,0.0323,0.0323,0.0323,0.0323,100,0
FFAIW.US,5,20251125,174500,0.032399,0.032399,0.0323,0.0323,200,0
FFAIW.US,5,20251125,181500,0.032301,0.0324,0.032301,0.0324,1400,0
FFAIW.US,5,20251125,190500,0.033,0.033,0.033,0.033,100,0
FFAIW.US,5,20251125,193000,0.0347,0.0347,0.0347,0.0347,1000,0
FFAIW.US,5,20251125,201000,0.0323,0.0323,0.0323,0.0323,100,0
FFAIW.US,5,20251125,213000,0.034,0.034,0.034,0.034,130,0
FFAIW.US,5,20251125,213500,0.0353,0.0353,0.0353,0.0353,800,0
FFAIW.US,5,20251126,193000,0.0352,0.0352,0.034,0.034,969,0
FFAIW.US,5,20251126,210000,0.035,0.035,0.0345,0.0345,358,0
FFAIW.US,5,20251126,212500,0.035,0.035,0.0345,0.035,400,0
FFAIW.US,5,20251126,213000,0.035,0.035,0.0345,0.035,400,0
FFAIW.US,5,20251126,213500,0.035,0.035,0.035,0.035,300,0
FFAIW.US,5,20251126,214000,0.0336,0.035,0.0285,0.035,700,0
FFAIW.US,5,20251126,214500,0.035,0.035,0.035,0.035,500,0
FFAIW.US,5,20251126,215000,0.035,0.035,0.035,0.035,800,0
FFAIW.US,5,20251126,215500,0.035,0.035,0.035,0.035,2400,0
FFAIW.US,5,20251128,153500,0.0285,0.0285,0.0285,0.0285,300,0
FFAIW.US,5,20251128,162000,0.034,0.034,0.034,0.034,100,0
FFAIW.US,5,20251128,162500,0.030899,0.030899,0.030899,0.030899,1155,0
FFAIW.US,5,20251128,163500,0.03,0.0307,0.0295,0.030667,83060,0
FFAIW.US,5,20251128,164000,0.0307,0.0308,0.0307,0.0308,1700,0
FFAIW.US,5,20251128,164500,0.0307,0.0307,0.03,0.03,20200,0
FFAIW.US,5,20251128,165000,0.0292,0.0292,0.0291,0.0291,300,0
FFAIW.US,5,20251128,165500,0.0291,0.03,0.0291,0.03,1000,0
FFAIW.US,5,20251128,170000,0.0292,0.03,0.0292,0.03,300,0
FFAIW.US,5,20251128,170500,0.03,0.03,0.0292,0.03,4400,0
FFAIW.US,5,20251128,171000,0.03,0.03,0.03,0.03,4300,0
FFAIW.US,5,20251128,171500,0.03,0.03,0.0299,0.0299,10300,0
FFAIW.US,5,20251128,172000,0.03,0.03,0.0299,0.03,48000,0
FFAIW.US,5,20251128,172500,0.0301,0.0301,0.0301,0.0301,200,0
FFAIW.US,5,20251128,174500,0.0301,0.0301,0.0301,0.0301,900,0
FFAIW.US,5,20251128,175000,0.0301,0.0301,0.0301,0.0301,800,0
FFAIW.US,5,20251128,181000,0.0305,0.0305,0.0305,0.0305,100,0
FFAIW.US,5,20251128,182500,0.032,0.032,0.0312,0.0312,2000,0
FFAIW.US,5,20251128,184000,0.032,0.032033,0.032,0.032033,1400,0
FFAIW.US,5,20251128,184500,0.032,0.032,0.032,0.032,400,0
FFAIW.US,5,20251128,185000,0.0326,0.033,0.0326,0.033,1300,0
FFAIW.US,5,20251128,185500,0.034,0.034,0.0338,0.0338,240,0
FFAIW.US,5,20251201,153000,0.0282,0.0339,0.0282,0.03345,1550,0
FFAIW.US,5,20251201,171000,0.033,0.033,0.033,0.033,250,0
FFAIW.US,5,20251201,190500,0.0304,0.0304,0.0304,0.0304,5000,0
FFAIW.US,5,20251202,162500,0.0321,0.0321,0.0321,0.0321,200,0
FFAIW.US,5,20251202,163000,0.032,0.032,0.032,0.032,250,0
FFAIW.US,5,20251202,164000,0.0282,0.0282,0.0282,0.0282,178,0
FFAIW.US,5,20251202,164500,0.032,0.032,0.029,0.029,879,0
FFAIW.US,5,20251202,180000,0.031,0.031,0.031,0.031,230,0
FFAIW.US,5,20251202,181000,0.03,0.03,0.03,0.03,100,0
FFAIW.US,5,20251202,182500,0.030001,0.030001,0.030001,0.030001,250,0
FFAIW.US,5,20251202,185500,0.0301,0.0301,0.0301,0.0301,100,0
FFAIW.US,5,20251202,190000,0.03,0.03,0.03,0.03,363,0
FFAIW.US,5,20251202,190500,0.03,0.03,0.03,0.03,18567,0
FFAIW.US,5,20251202,191000,0.0301,0.0303,0.03005,0.0303,1400,0
FFAIW.US,5,20251202,191500,0.0305,0.0305,0.0305,0.0305,100,0
FFAIW.US,5,20251202,195000,0.0301,0.0301,0.0301,0.0301,508,0
FFAIW.US,5,20251202,195500,0.0305,0.0305,0.0303,0.0303,1664,0
FFAIW.US,5,20251202,201000,0.0305,0.030601,0.0305,0.030601,8000,0
FFAIW.US,5,20251202,203500,0.0305,0.0305,0.0305,0.0305,330,0
FFAIW.US,5,20251202,205000,0.0305,0.0305,0.0305,0.0305,300,0
FFAIW.US,5,20251202,210000,0.0305,0.0305,0.0305,0.0305,344,0
FFAIW.US,5,20251202,211500,0.030599,0.030599,0.030599,0.030599,100,0
FFAIW.US,5,20251202,212000,0.0305,0.0305,0.0305,0.0305,9218,0
FFAIW.US,5,20251202,213000,0.0305,0.0305,0.0305,0.0305,197,0
FFAIW.US,5,20251202,214000,0.0305,0.0305,0.0305,0.0305,1508,0
FFAIW.US,5,20251203,160500,0.032,0.032,0.032,0.032,250,0
FFAIW.US,5,20251203,162000,0.030101,0.030101,0.03,0.03,30621,0
FFAIW.US,5,20251203,170500,0.031,0.0313,0.031,0.0313,500,0
FFAIW.US,5,20251203,171000,0.0313,0.0313,0.0308,0.0308,500,0
FFAIW.US,5,20251203,171500,0.0308,0.0308,0.0306,0.0306,900,0
FFAIW.US,5,20251203,172000,0.03,0.03,0.03,0.03,800,0
FFAIW.US,5,20251203,181000,0.03,0.03,0.03,0.03,200,0
FFAIW.US,5,20251203,181500,0.0301,0.0301,0.0301,0.0301,600,0
FFAIW.US,5,20251203,193000,0.03,0.03,0.03,0.03,29440,0
FFAIW.US,5,20251203,211500,0.0301,0.0301,0.0301,0.0301,300,0
FFAIW.US,5,20251203,213500,0.0298,0.0298,0.0298,0.0298,700,0
FFAIW.US,5,20251204,153000,0.03,0.03,0.03,0.03,100,0
FFAIW.US,5,20251204,161500,0.030495,0.030495,0.030495,0.030495,1425,0
FFAIW.US,5,20251204,163000,0.0312,0.0312,0.0312,0.0312,955,0
FFAIW.US,5,20251204,171000,0.03,0.03,0.03,0.03,10000,0
FFAIW.US,5,20251204,171500,0.03,0.03,0.03,0.03,8000,0
FFAIW.US,5,20251204,172000,0.031,0.031,0.031,0.031,5000,0
FFAIW.US,5,20251204,181500,0.03,0.03,0.03,0.03,14730,0
FFAIW.US,5,20251204,183000,0.03,0.0306,0.03,0.0306,4904,0
FFAIW.US,5,20251204,192000,0.03001,0.0301,0.03,0.03,1100,0
FFAIW.US,5,20251204,192500,0.03,0.0301,0.03,0.0301,600,0
FFAIW.US,5,20251204,194000,0.0301,0.0301,0.0301,0.0301,6315,0
FFAIW.US,5,20251204,204000,0.0305,0.0305,0.0305,0.0305,996,0
FFAIW.US,5,20251204,212000,0.031,0.031,0.0304,0.0304,8000,0
FFAIW.US,5,20251204,213500,0.031,0.031,0.031,0.031,100,0
FFAIW.US,5,20251204,214000,0.0309,0.0309,0.0309,0.0309,70000,0
FFAIW.US,5,20251205,160000,0.034,0.034,0.034,0.034,500,0
FFAIW.US,5,20251205,160500,0.031001,0.031001,0.03,0.03,10606,0
FFAIW.US,5,20251205,161500,0.034,0.034,0.034,0.034,100,0
FFAIW.US,5,20251205,162500,0.034,0.034,0.034,0.034,1126,0
FFAIW.US,5,20251205,163000,0.034,0.034,0.034,0.034,100,0
FFAIW.US,5,20251205,164500,0.033999,0.033999,0.033999,0.033999,100,0
FFAIW.US,5,20251205,170000,0.034,0.034,0.034,0.034,100,0
FFAIW.US,5,20251205,173000,0.034,0.034,0.0306,0.0306,2834,0
FFAIW.US,5,20251205,181000,0.034,0.034,0.034,0.034,100,0
FFAIW.US,5,20251205,181500,0.03,0.034,0.03,0.034,1092,0
FFAIW.US,5,20251208,153000,0.032,0.032,0.032,0.032,788,0
FFAIW.US,5,20251208,154500,0.0302,0.0313,0.03,0.0309,28007,0
FFAIW.US,5,20251208,155500,0.0302,0.0302,0.0302,0.0302,5000,0
FFAIW.US,5,20251208,160000,0.03,0.03,0.03,0.03,100,0
FFAIW.US,5,20251208,161000,0.03,0.03,0.03,0.03,40290,0
FFAIW.US,5,20251208,161500,0.0301,0.0304,0.0301,0.0302,1200,0
FFAIW.US,5,20251208,165000,0.0301,0.0301,0.030099,0.0301,1100,0
FFAIW.US,5,20251208,165500,0.0311,0.0311,0.031,0.0311,8700,0
FFAIW.US,5,20251208,172500,0.031,0.031,0.031,0.031,100,0
FFAIW.US,5,20251208,194000,0.03105,0.03105,0.031,0.031,1000,0
FFAIW.US,5,20251208,205000,0.0311,0.0311,0.031,0.031,20757,0
FFAIW.US,5,20251208,214000,0.031,0.031,0.03,0.03,19989,0
FFAIW.US,5,20251208,215500,0.03,0.03,0.03,0.03,100,0
FFAIW.US,5,20251209,192000,0.034,0.034,0.034,0.034,5000,0
FFAIW.US,5,20251209,194500,0.033951,0.033951,0.033951,0.033951,1413,0
FFAIW.US,5,20251210,153000,0.0314,0.0314,0.0314,0.0314,970,0
FFAIW.US,5,20251210,154500,0.037001,0.037001,0.037,0.037,400,0
FFAIW.US,5,20251210,161500,0.0339,0.0339,0.0339,0.0339,2575,0
FFAIW.US,5,20251210,163500,0.0339,0.0339,0.0339,0.0339,3325,0
FFAIW.US,5,20251210,175500,0.034,0.034,0.034,0.034,9850,0
FFAIW.US,5,20251210,190000,0.034,0.034,0.034,0.034,100,0
FFAIW.US,5,20251210,193500,0.037,0.037,0.037,0.037,500,0
FFAIW.US,5,20251210,200500,0.034,0.034,0.034,0.034,100,0
FFAIW.US,5,20251210,211000,0.037,0.037,0.037,0.037,2000,0
FFAIW.US,5,20251210,212500,0.037,0.037,0.0369,0.037,15000,0
FFAIW.US,5,20251210,213500,0.037,0.037,0.037,0.037,15000,0
FFAIW.US,5,20251210,214500,0.0368,0.037,0.0368,0.037,25000,0
FFAIW.US,5,20251211,153000,0.037,0.037,0.0321,0.0321,1996,0
FFAIW.US,5,20251211,184000,0.035,0.0368,0.035,0.035,1296,0
FFAIW.US,5,20251212,162500,0.0345,0.0345,0.0325,0.0325,400,0
FFAIW.US,5,20251212,164500,0.0368,0.0369,0.0368,0.0368,1359,0
FFAIW.US,5,20251212,211500,0.032601,0.032601,0.032601,0.032601,100,0
FFAIW.US,5,20251212,214000,0.032502,0.032502,0.032502,0.032502,459,0
FFAIW.US,5,20251215,215500,0.0359,0.0359,0.0359,0.0359,2423,0
FFAIW.US,5,20251216,153000,0.0359,0.0359,0.0359,0.0359,100,0
FFAIW.US,5,20251216,154500,0.035999,0.036,0.035999,0.036,1991,0
FFAIW.US,5,20251216,155000,0.036,0.036,0.036,0.036,1000,0
FFAIW.US,5,20251216,161000,0.0359,0.0359,0.0359,0.0359,110,0
FFAIW.US,5,20251216,170000,0.036,0.036,0.0358,0.0359,882,0
FFAIW.US,5,20251216,214000,0.0358,0.0358,0.0358,0.0358,10000,0
FFAIW.US,5,20251217,153000,0.036,0.036,0.0357,0.0357,12500,0
FFAIW.US,5,20251217,154000,0.033999,0.033999,0.033999,0.033999,500,0
FFAIW.US,5,20251217,174000,0.0319,0.0319,0.0319,0.0319,8900,0
FFAIW.US,5,20251217,183500,0.0315,0.0315,0.0315,0.0315,100,0
FFAIW.US,5,20251217,190500,0.0309,0.031,0.0309,0.031,1486,0
FFAIW.US,5,20251217,193000,0.031,0.031,0.030986,0.030986,10100,0
FFAIW.US,5,20251217,195000,0.031,0.031,0.031,0.031,100,0
FFAIW.US,5,20251217,211000,0.031,0.031,0.031,0.031,300,0
FFAIW.US,5,20251217,212000,0.031,0.031,0.031,0.031,100,0
FFAIW.US,5,20251218,153000,0.0324,0.0325,0.0324,0.0325,1000,0
FFAIW.US,5,20251218,155000,0.0325,0.0325,0.0324,0.0324,300,0
FFAIW.US,5,20251218,160500,0.0359,0.0359,0.0359,0.0359,267,0
FFAIW.US,5,20251218,161000,0.0359,0.0359,0.0359,0.0359,100,0
FFAIW.US,5,20251218,191000,0.035799,0.035799,0.035799,0.035799,557,0
FFAIW.US,5,20251218,201000,0.0358,0.0358,0.0358,0.0358,700,0
FFAIW.US,5,20251218,201500,0.035,0.035,0.035,0.035,100,0
FFAIW.US,5,20251218,202500,0.031,0.031,0.03,0.03,12000,0
FFAIW.US,5,20251218,204000,0.034999,0.034999,0.032499,0.032499,3000,0
FFAIW.US,5,20251218,205000,0.0324,0.0324,0.0324,0.0324,1000,0
FFAIW.US,5,20251219,153500,0.0301,0.0301,0.03,0.03,10000,0
FFAIW.US,5,20251219,161500,0.035497,0.035497,0.035497,0.035497,135,0
FFAIW.US,5,20251219,180500,0.035499,0.0355,0.035498,0.0355,1000,0
FFAIW.US,5,20251219,184000,0.0328,0.0329,0.03,0.03,3100,0
FFAIW.US,5,20251219,202000,0.03,0.03,0.03,0.03,54443,0
FFAIW.US,5,20251219,205000,0.0352,0.0352,0.0352,0.0352,300,0
FFAIW.US,5,20251219,214500,0.0354,0.0354,0.0354,0.0354,279,0
FFAIW.US,5,20251219,215000,0.0354,0.0354,0.0354,0.0354,800,0
FFAIW.US,5,20251222,153000,0.0358,0.0358,0.0358,0.0358,1000,0
FFAIW.US,5,20251222,155500,0.0319,0.032,0.0312,0.0312,9250,0
FFAIW.US,5,20251222,160000,0.0304,0.0304,0.0304,0.0304,1825,0
FFAIW.US,5,20251222,162500,0.032,0.032,0.032,0.032,1382,0
FFAIW.US,5,20251222,163000,0.032,0.032,0.032,0.032,1329,0
FFAIW.US,5,20251222,165000,0.032,0.032,0.032,0.032,204504,0
FFAIW.US,5,20251222,170000,0.032,0.032,0.032,0.032,53359,0
FFAIW.US,5,20251222,180500,0.0304,0.0304,0.0304,0.0304,850,0
FFAIW.US,5,20251222,184000,0.0347,0.0348,0.0304,0.0305,9550,0
FFAIW.US,5,20251222,185000,0.0305,0.0305,0.0305,0.0305,300,0
FFAIW.US,5,20251222,185500,0.0335,0.035399,0.0335,0.035399,1000,0
FFAIW.US,5,20251222,190000,0.0354,0.0354,0.0353,0.0353,800,0
FFAIW.US,5,20251223,153000,0.0358,0.0359,0.0358,0.0359,8952,0
FFAIW.US,5,20251223,160000,0.035402,0.035402,0.0354,0.0354,3500,0
FFAIW.US,5,20251223,160500,0.0354,0.0354,0.0354,0.0354,6580,0
FFAIW.US,5,20251223,161500,0.0342,0.0342,0.0342,0.0342,500,0
FFAIW.US,5,20251223,163500,0.0343,0.0353,0.0343,0.0348,31100,0
FFAIW.US,5,20251223,164000,0.0343,0.0343,0.0343,0.0343,800,0
FFAIW.US,5,20251223,170000,0.0342,0.0342,0.0342,0.0342,4500,0
FFAIW.US,5,20251223,170500,0.0327,0.0327,0.0327,0.0327,100,0
FFAIW.US,5,20251223,182000,0.0326,0.0326,0.0326,0.0326,100,0
FFAIW.US,5,20251223,182500,0.0327,0.0327,0.0327,0.0327,100,0
FFAIW.US,5,20251223,183500,0.0327,0.0342,0.0326,0.0326,120200,0
FFAIW.US,5,20251223,213500,0.0324,0.0324,0.0324,0.0324,2488,0
FFAIW.US,5,20251224,161500,0.035001,0.035001,0.03,0.03,60000,0
FFAIW.US,5,20251224,165000,0.0331,0.0331,0.0331,0.0331,1000,0
FFAIW.US,5,20251224,165500,0.0301,0.033,0.030051,0.0302,3700,0
FFAIW.US,5,20251224,170000,0.0301,0.0302,0.03,0.0302,2100,0
FFAIW.US,5,20251224,170500,0.0302,0.0304,0.0302,0.0304,200,0
FFAIW.US,5,20251224,172500,0.035,0.035,0.035,0.035,300,0
FFAIW.US,5,20251224,185500,0.0311,0.0311,0.03,0.03,6000,0
FFAIW.US,5,20251226,171500,0.03,0.0303,0.03,0.0303,19902,0
FFAIW.US,5,20251226,175000,0.0329,0.0329,0.0329,0.0329,1500,0
FFAIW.US,5,20251226,190000,0.0301,0.0301,0.0301,0.0301,100,0
FFAIW.US,5,20251226,192000,0.0301,0.0301,0.03,0.03,47518,0
FFAIW.US,5,20251226,194500,0.0301,0.0301,0.0301,0.0301,100,0
FFAIW.US,5,20251226,203000,0.0301,0.0301,0.0301,0.0301,100,0
FFAIW.US,5,20251226,203500,0.0301,0.0301,0.03,0.0301,16454,0
FFAIW.US,5,20251226,204000,0.0301,0.0301,0.0301,0.0301,100,0
FFAIW.US,5,20251226,211000,0.03009,0.0301,0.03,0.0301,700,0
FFAIW.US,5,20251226,213000,0.030029,0.030029,0.030029,0.030029,100,0
FFAIW.US,5,20251229,153000,0.03,0.03,0.03,0.03,2360,0
FFAIW.US,5,20251229,155500,0.0316,0.0316,0.0316,0.0316,5000,0
FFAIW.US,5,20251229,161000,0.0326,0.0326,0.0326,0.0326,100,0
FFAIW.US,5,20251229,170500,0.0303,0.0303,0.0303,0.0303,21240,0
FFAIW.US,5,20251229,173500,0.0304,0.0304,0.0304,0.0304,100,0
FFAIW.US,5,20251229,180000,0.0304,0.0304,0.030386,0.0304,600,0
FFAIW.US,5,20251229,194500,0.0304,0.0304,0.0304,0.0304,1500,0
FFAIW.US,5,20251229,212500,0.0304,0.0304,0.0303,0.0303,945,0
FFAIW.US,5,20251230,153000,0.03,0.032,0.03,0.032,3350,0
FFAIW.US,5,20251230,154500,0.0301,0.0301,0.03,0.03,100000,0
FFAIW.US,5,20251230,160000,0.03,0.03,0.0283,0.0283,12342,0
FFAIW.US,5,20251230,160500,0.0283,0.0283,0.0283,0.0283,389,0
FFAIW.US,5,20251230,161000,0.0284,0.0287,0.0282,0.0282,2419,0
FFAIW.US,5,20251230,161500,0.0282,0.0283,0.0282,0.0283,800,0
FFAIW.US,5,20251230,162000,0.03,0.0308,0.0291,0.0308,14027,0
FFAIW.US,5,20251230,164500,0.03,0.03,0.03,0.03,100,0
FFAIW.US,5,20251230,170000,0.0311,0.0311,0.03,0.03,420,0
FFAIW.US,5,20251230,172500,0.032,0.032,0.0319,0.0319,1400,0
FFAIW.US,5,20251230,174000,0.0327,0.0327,0.0327,0.0327,100,0
FFAIW.US,5,20251230,175000,0.0326,0.0326,0.0326,0.0326,100,0
FFAIW.US,5,20251230,180000,0.03,0.0326,0.03,0.0326,200,0
FFAIW.US,5,20251230,181500,0.0326,0.0326,0.0326,0.0326,100,0
FFAIW.US,5,20251230,182500,0.0326,0.0326,0.0326,0.0326,100,0
FFAIW.US,5,20251230,183000,0.03,0.03,0.03,0.03,100,0
FFAIW.US,5,20251230,184000,0.0326,0.0326,0.0326,0.0326,100,0
FFAIW.US,5,20251230,185000,0.03,0.03,0.03,0.03,100,0
FFAIW.US,5,20251230,185500,0.0326,0.0326,0.0326,0.0326,100,0
FFAIW.US,5,20251230,190000,0.03,0.03,0.03,0.03,341,0
FFAIW.US,5,20251230,191000,0.0303,0.0303,0.0303,0.0303,100,0
FFAIW.US,5,20251230,191500,0.03,0.03,0.03,0.03,100,0
FFAIW.US,5,20251230,192000,0.0313,0.0313,0.03,0.03,3000,0
FFAIW.US,5,20251230,192500,0.0313,0.0313,0.0313,0.0313,100,0
FFAIW.US,5,20251230,194500,0.0313,0.0313,0.03,0.03,22471,0
FFAIW.US,5,20251230,200000,0.0327,0.0327,0.0327,0.0327,100,0
FFAIW.US,5,20251230,201500,0.0327,0.0327,0.0327,0.0327,100,0
FFAIW.US,5,20251230,203000,0.0326,0.0326,0.0326,0.0326,100,0
FFAIW.US,5,20251230,204000,0.0326,0.0326,0.0326,0.0326,100,0
FFAIW.US,5,20251230,204500,0.0313,0.0313,0.0313,0.0313,100,0
FFAIW.US,5,20251230,210500,0.0326,0.0326,0.0326,0.0326,100,0
FFAIW.US,5,20251230,211500,0.0326,0.0326,0.0326,0.0326,100,0
FFAIW.US,5,20251230,212500,0.0326,0.0326,0.0326,0.0326,100,0
FFAIW.US,5,20251230,213000,0.0313,0.0313,0.0313,0.0313,100,0
FFAIW.US,5,20251230,214000,0.0326,0.0326,0.0326,0.0326,100,0
FFAIW.US,5,20251230,214500,0.0326,0.0326,0.0326,0.0326,100,0
FFAIW.US,5,20251230,215000,0.0326,0.0326,0.0313,0.0313,300,0
FFAIW.US,5,20251230,215500,0.0326,0.0326,0.0313,0.0326,500,0
FFAIW.US,5,20251231,155500,0.0301,0.0301,0.0301,0.0301,3000,0
FFAIW.US,5,20251231,160000,0.03,0.03,0.03,0.03,6800,0
FFAIW.US,5,20251231,161000,0.0313,0.0313,0.0313,0.0313,300,0
FFAIW.US,5,20251231,161500,0.03,0.03,0.03,0.03,100,0
FFAIW.US,5,20251231,162500,0.032,0.032,0.03,0.03,4333,0
FFAIW.US,5,20251231,163000,0.03,0.03,0.03,0.03,400,0
FFAIW.US,5,20251231,171000,0.03,0.03,0.03,0.03,400,0
FFAIW.US,5,20251231,173000,0.0301,0.0301,0.0301,0.0301,10000,0
FFAIW.US,5,20251231,174500,0.03,0.03,0.03,0.03,100,0
FFAIW.US,5,20251231,180000,0.0301,0.0301,0.03,0.0301,2004,0
FFAIW.US,5,20251231,183500,0.0301,0.0302,0.0301,0.0301,1259,0
FFAIW.US,5,20251231,190500,0.0301,0.0301,0.0301,0.0301,100,0
FFAIW.US,5,20251231,191500,0.0301,0.0301,0.0301,0.0301,500,0
FFAIW.US,5,20251231,192500,0.0301,0.0301,0.0301,0.0301,100,0
FFAIW.US,5,20251231,194000,0.0309,0.0309,0.0301,0.0301,1167,0
FFAIW.US,5,20251231,194500,0.0301,0.0301,0.0301,0.0301,100,0
FFAIW.US,5,20251231,203500,0.0301,0.0302,0.0301,0.0302,4100,0
FFAIW.US,5,20251231,213500,0.0325,0.0325,0.0325,0.0325,1500,0
FFAIW.US,5,20251231,214000,0.0302,0.0302,0.0302,0.0302,100,0
FFAIW.US,5,20251231,215000,0.0326,0.0356,0.0301,0.0356,6213,0
FFAIW.US,5,20251231,215500,0.0356,0.0359,0.0334,0.0359,12531,0
FFAIW.US,5,20260102,202500,0.0303,0.031,0.0302,0.0302,4500,0
FFAIW.US,5,20260102,203000,0.0309,0.0309,0.0309,0.0309,2000,0
FFAIW.US,5,20260102,204000,0.0302,0.0302,0.0302,0.0302,5800,0
FFAIW.US,5,20260102,205000,0.0303,0.0303,0.0303,0.0303,2000,0
FFAIW.US,5,20260102,210500,0.0303,0.0304,0.0303,0.0304,800,0
FFAIW.US,5,20260102,211000,0.0308,0.0308,0.0307,0.0307,1300,0
FFAIW.US,5,20260102,211500,0.0308,0.0308,0.0308,0.0308,500,0
FFAIW.US,5,20260102,212500,0.0309,0.032,0.0308,0.0308,2000,0
FFAIW.US,5,20260105,153000,0.0303,0.0319,0.0303,0.0319,1488,0
FFAIW.US,5,20260105,161000,0.0302,0.0302,0.03,0.03,50000,0
FFAIW.US,5,20260105,161500,0.03,0.03,0.03,0.03,50000,0
FFAIW.US,5,20260105,162000,0.031899,0.031899,0.030001,0.030001,4500,0
FFAIW.US,5,20260105,165500,0.03,0.032,0.03,0.0319,15914,0
FFAIW.US,5,20260105,170000,0.0312,0.032,0.0312,0.0312,2500,0
FFAIW.US,5,20260105,170500,0.0311,0.0311,0.0311,0.0311,600,0
FFAIW.US,5,20260105,171000,0.0312,0.0312,0.0311,0.0311,1600,0
FFAIW.US,5,20260105,172000,0.0311,0.0311,0.0311,0.0311,2300,0
FFAIW.US,5,20260105,180000,0.0312,0.0312,0.0312,0.0312,100,0
FFAIW.US,5,20260105,185000,0.0313,0.0313,0.0313,0.0313,1000,0
FFAIW.US,5,20260105,194500,0.0313,0.0313,0.0313,0.0313,200,0
FFAIW.US,5,20260105,195500,0.0313,0.0313,0.0313,0.0313,5620,0
FFAIW.US,5,20260105,200500,0.0313,0.0313,0.0313,0.0313,100,0
FFAIW.US,5,20260106,154000,0.032001,0.032001,0.032,0.032,257,0
FFAIW.US,5,20260106,155000,0.032,0.032,0.032,0.032,100,0
FFAIW.US,5,20260106,155500,0.0321,0.0321,0.0321,0.0321,300,0
FFAIW.US,5,20260106,160000,0.032251,0.032251,0.032,0.0321,1000,0
FFAIW.US,5,20260106,160500,0.032,0.032,0.032,0.032,100,0
FFAIW.US,5,20260106,162000,0.0321,0.0321,0.0321,0.0321,6548,0
FFAIW.US,5,20260106,162500,0.032,0.032,0.0318,0.0318,2132,0
FFAIW.US,5,20260106,163000,0.0325,0.0325,0.0324,0.0325,3915,0
FFAIW.US,5,20260106,164000,0.032599,0.032599,0.032599,0.032599,1000,0
FFAIW.US,5,20260106,165000,0.0325,0.0325,0.0325,0.0325,100,0
FFAIW.US,5,20260106,165500,0.0325,0.0325,0.0325,0.0325,100,0
FFAIW.US,5,20260106,172500,0.0326,0.033,0.0326,0.0327,19700,0
FFAIW.US,5,20260106,174000,0.0325,0.0326,0.0325,0.0326,1125,0
FFAIW.US,5,20260106,182000,0.0325,0.0325,0.0325,0.0325,100,0
FFAIW.US,5,20260106,193500,0.0325,0.0325,0.032,0.032,24764,0
FFAIW.US,5,20260106,200500,0.0311,0.0311,0.0311,0.0311,800,0
FFAIW.US,5,20260106,201500,0.0312,0.0312,0.0311,0.0311,657,0
FFAIW.US,5,20260106,202000,0.0312,0.0312,0.0311,0.0311,2748,0
FFAIW.US,5,20260106,204500,0.0311,0.0311,0.0311,0.0311,300,0
FFAIW.US,5,20260106,210000,0.0311,0.0312,0.0311,0.0312,400,0
FFAIW.US,5,20260106,211000,0.0311,0.0311,0.0311,0.0311,100,0
FFAIW.US,5,20260106,213000,0.0311,0.0311,0.0311,0.0311,200,0
FFAIW.US,5,20260106,213500,0.031998,0.031998,0.031998,0.031998,225,0
FFAIW.US,5,20260106,215000,0.0311,0.0311,0.0311,0.0311,100,0
FFAIW.US,5,20260106,215500,0.032,0.032,0.0319,0.032,13548,0
FFAIW.US,5,20260107,153000,0.0348,0.0348,0.0348,0.0348,1700,0
FFAIW.US,5,20260107,154000,0.0341,0.0341,0.034,0.034,1700,0
FFAIW.US,5,20260107,160500,0.0304,0.033,0.0304,0.0304,1937,0
FFAIW.US,5,20260107,173500,0.0304,0.0304,0.0304,0.0304,100,0
FFAIW.US,5,20260107,174500,0.0304,0.0329,0.0304,0.0329,15554,0
FFAIW.US,5,20260107,175000,0.0304,0.0304,0.0304,0.0304,706,0
FFAIW.US,5,20260107,175500,0.0304,0.0304,0.0304,0.0304,100,0
FFAIW.US,5,20260107,185000,0.0325,0.0325,0.0325,0.0325,250,0
FFAIW.US,5,20260107,185500,0.0325,0.0325,0.0325,0.0325,1000,0
FFAIW.US,5,20260107,190000,0.0304,0.0304,0.0304,0.0304,100,0
FFAIW.US,5,20260107,191000,0.032,0.032,0.0319,0.032,900,0
FFAIW.US,5,20260107,191500,0.0322,0.0322,0.0304,0.0304,1429,0
FFAIW.US,5,20260107,192500,0.0328,0.0328,0.0328,0.0328,500,0
FFAIW.US,5,20260107,194000,0.0304,0.0304,0.0304,0.0304,100,0
FFAIW.US,5,20260107,195000,0.0326,0.0326,0.0326,0.0326,250,0
FFAIW.US,5,20260107,200000,0.0304,0.0304,0.0304,0.0304,100,0
FFAIW.US,5,20260107,201500,0.0304,0.0304,0.0304,0.0304,200,0
FFAIW.US,5,20260107,203000,0.0304,0.0304,0.0304,0.0304,100,0
FFAIW.US,5,20260108,154000,0.0329,0.0329,0.0329,0.0329,250,0
FFAIW.US,5,20260108,154500,0.0329,0.0329,0.0329,0.0329,11025,0
FFAIW.US,5,20260108,162000,0.033,0.033,0.033,0.033,100,0
FFAIW.US,5,20260108,165000,0.033224,0.033224,0.033224,0.033224,2300,0
FFAIW.US,5,20260108,171500,0.0333,0.0333,0.0333,0.0333,100,0
FFAIW.US,5,20260108,172000,0.03335,0.03335,0.03335,0.03335,140,0
FFAIW.US,5,20260108,174000,0.0331,0.0331,0.033051,0.033051,600,0
FFAIW.US,5,20260108,174500,0.0332,0.0332,0.0332,0.0332,3675,0
FFAIW.US,5,20260108,180000,0.0331,0.0331,0.033,0.033,200,0
FFAIW.US,5,20260108,181000,0.0331,0.0331,0.0331,0.0331,100,0
FFAIW.US,5,20260108,185500,0.0332,0.0332,0.0304,0.0304,11697,0
FFAIW.US,5,20260108,190000,0.0304,0.0304,0.0304,0.0304,100,0
FFAIW.US,5,20260108,191000,0.0304,0.0304,0.0304,0.0304,100,0
FFAIW.US,5,20260108,191500,0.0305,0.0305,0.0305,0.0305,500,0
FFAIW.US,5,20260108,192000,0.0304,0.0304,0.0304,0.0304,100,0
FFAIW.US,5,20260108,193500,0.0304,0.0305,0.0304,0.0304,300,0
FFAIW.US,5,20260108,213500,0.0302,0.0304,0.0302,0.0304,626,0
FFAIW.US,5,20260109,153000,0.03,0.0304,0.03,0.0304,1300,0
FFAIW.US,5,20260109,160500,0.0304,0.0304,0.0304,0.0304,100,0
FFAIW.US,5,20260109,162500,0.033199,0.033199,0.033199,0.033199,105,0
FFAIW.US,5,20260109,163500,0.033,0.033,0.033,0.033,150,0
FFAIW.US,5,20260109,164000,0.031,0.031,0.031,0.031,100,0
FFAIW.US,5,20260109,171000,0.0331,0.0332,0.0331,0.0332,3245,0
FFAIW.US,5,20260109,173000,0.0321,0.0321,0.0321,0.0321,100,0
FFAIW.US,5,20260109,174000,0.0321,0.0321,0.0321,0.0321,100,0
FFAIW.US,5,20260109,185000,0.0322,0.0322,0.0322,0.0322,1000,0
FFAIW.US,5,20260109,192500,0.032401,0.032401,0.032401,0.032401,300,0
FFAIW.US,5,20260109,193500,0.0323,0.0323,0.0323,0.0323,100,0
FFAIW.US,5,20260109,203500,0.0323,0.0323,0.0322,0.0322,800,0
FFAIW.US,5,20260109,204500,0.0324,0.0324,0.0324,0.0324,100,0
FFAIW.US,5,20260109,205000,0.032799,0.032799,0.0324,0.0324,550,0
FFAIW.US,5,20260109,205500,0.0322,0.0322,0.0322,0.0322,100,0
FFAIW.US,5,20260109,212000,0.0322,0.0323,0.0322,0.0323,2222,0
FFAIW.US,5,20260109,213500,0.0322,0.0322,0.0322,0.0322,100,0
FFAIW.US,5,20260112,154500,0.032,0.032,0.0304,0.0304,1016,0
FFAIW.US,5,20260112,155000,0.033,0.033,0.0324,0.0324,1070,0
FFAIW.US,5,20260112,155500,0.032,0.032,0.032,0.032,100,0
FFAIW.US,5,20260112,164000,0.032,0.032,0.032,0.032,100,0
FFAIW.US,5,20260112,181500,0.0305,0.0305,0.0305,0.0305,292,0
FFAIW.US,5,20260112,182000,0.0305,0.0305,0.0305,0.0305,4808,0
FFAIW.US,5,20260112,182500,0.0305,0.0306,0.0305,0.0306,200,0
FFAIW.US,5,20260112,191500,0.0306,0.0306,0.0306,0.0306,100,0
FFAIW.US,5,20260112,200500,0.031,0.031,0.031,0.031,125,0
FFAIW.US,5,20260112,205000,0.0306,0.0306,0.0306,0.0306,100,0
FFAIW.US,5,20260112,215500,0.0306,0.0306,0.0306,0.0306,31000,0
FFAIW.US,5,20260113,161500,0.0306,0.0306,0.0306,0.0306,100,0
FFAIW.US,5,20260113,162500,0.0306,0.0306,0.0301,0.0301,4521,0
FFAIW.US,5,20260113,163000,0.0301,0.0301,0.0301,0.0301,100,0
FFAIW.US,5,20260113,170000,0.0305,0.0305,0.0301,0.0301,518,0
FFAIW.US,5,20260113,171000,0.030149,0.0302,0.0301,0.0302,206406,0
FFAIW.US,5,20260113,172000,0.0303,0.0303,0.0302,0.0302,1677,0
FFAIW.US,5,20260113,172500,0.0302,0.0303,0.0302,0.0303,1200,0
FFAIW.US,5,20260113,173000,0.0303,0.0303,0.0302,0.0302,400,0
FFAIW.US,5,20260113,173500,0.0302,0.0302,0.0302,0.0302,100,0
FFAIW.US,5,20260113,174500,0.0302,0.0302,0.0302,0.0302,500,0
FFAIW.US,5,20260113,175000,0.0302,0.0302,0.0302,0.0302,100,0
FFAIW.US,5,20260113,175500,0.0303,0.0303,0.0302,0.0302,1919,0
FFAIW.US,5,20260113,181000,0.0302,0.0302,0.0302,0.0302,100,0
FFAIW.US,5,20260113,183500,0.0303,0.0303,0.0303,0.0303,1573,0
FFAIW.US,5,20260113,184500,0.0303,0.0303,0.0303,0.0303,2400,0
FFAIW.US,5,20260113,185000,0.0303,0.0304,0.0303,0.0304,1722,0
FFAIW.US,5,20260113,201500,0.0302,0.0302,0.0302,0.0302,3200,0
FFAIW.US,5,20260113,202000,0.0302,0.0302,0.03,0.03,20168,0
FFAIW.US,5,20260113,202500,0.03,0.03,0.03,0.03,34047,0
FFAIW.US,5,20260113,203000,0.03,0.03,0.03,0.03,49935,0
FFAIW.US,5,20260113,204000,0.03,0.03,0.03,0.03,50000,0
FFAIW.US,5,20260113,204500,0.03,0.03,0.03,0.03,112526,0
FFAIW.US,5,20260113,212000,0.03,0.03,0.03,0.03,100,0
FFAIW.US,5,20260113,213500,0.03,0.03,0.03,0.03,26059,0
FFAIW.US,5,20260113,214000,0.03,0.03,0.03,0.03,654,0
FFAIW.US,5,20260113,214500,0.03,0.03,0.03,0.03,100,0
FFAIW.US,5,20260114,163000,0.03,0.03,0.03,0.03,100,0
FFAIW.US,5,20260114,181500,0.0309,0.0309,0.0309,0.0309,250,0
FFAIW.US,5,20260114,185500,0.03,0.03,0.03,0.03,100,0
FFAIW.US,5,20260114,191000,0.03,0.0302,0.03,0.0302,24300,0
FFAIW.US,5,20260114,193500,0.03,0.03,0.03,0.03,100,0
FFAIW.US,5,20260114,212500,0.03,0.03,0.03,0.03,300,0
FFAIW.US,5,20260114,213500,0.03,0.03,0.03,0.03,100,0
FFAIW.US,5,20260115,162500,0.03,0.03,0.03,0.03,148,0
FFAIW.US,5,20260115,163000,0.03,0.03,0.03,0.03,300,0
FFAIW.US,5,20260115,163500,0.03,0.03,0.03,0.03,100,0
FFAIW.US,5,20260115,165500,0.03075,0.03075,0.03075,0.03075,150,0
FFAIW.US,5,20260115,171500,0.030751,0.030751,0.030751,0.030751,120,0
FFAIW.US,5,20260116,160000,0.03,0.032,0.03,0.032,65302,0
FFAIW.US,5,20260116,163500,0.0312,0.0312,0.0312,0.0312,198,0
FFAIW.US,5,20260116,164500,0.032,0.032,0.032,0.032,100,0
FFAIW.US,5,20260116,172500,0.03,0.03,0.03,0.03,238,0
FFAIW.US,5,20260116,174500,0.031,0.031,0.0309,0.0309,800,0
FFAIW.US,5,20260116,180500,0.031,0.031,0.031,0.031,100,0
FFAIW.US,5,20260116,181000,0.03,0.03,0.03,0.03,16200,0
FFAIW.US,5,20260116,181500,0.03,0.03,0.03,0.03,11300,0
FFAIW.US,5,20260116,182500,0.0299,0.03,0.0299,0.0299,6810,0
FFAIW.US,5,20260116,183000,0.03,0.03,0.0299,0.0299,6600,0
FFAIW.US,5,20260116,183500,0.0295,0.0295,0.0295,0.0295,3300,0
FFAIW.US,5,20260116,184000,0.03,0.03,0.0299,0.0299,200,0
FFAIW.US,5,20260116,185500,0.0289,0.0289,0.0289,0.0289,100,0
FFAIW.US,5,20260116,191000,0.029,0.029,0.029,0.029,450,0
FFAIW.US,5,20260116,193000,0.029,0.029,0.029,0.029,2988,0
FFAIW.US,5,20260116,194000,0.029,0.029,0.0289,0.0289,6600,0
FFAIW.US,5,20260116,215000,0.0287,0.0287,0.0287,0.0287,2100,0
FFAIW.US,5,20260116,215500,0.0287,0.0287,0.0287,0.0287,3100,0
FFAIW.US,5,20260120,153000,0.0288,0.0288,0.0288,0.0288,1290,0
FFAIW.US,5,20260120,154000,0.0285,0.0288,0.0285,0.0288,1300,0
FFAIW.US,5,20260120,154500,0.0288,0.0288,0.0285,0.0285,3000,0
FFAIW.US,5,20260120,155000,0.0285,0.0285,0.0285,0.0285,425,0
FFAIW.US,5,20260120,155500,0.0288,0.0288,0.0288,0.0288,500,0
FFAIW.US,5,20260120,160000,0.0288,0.029,0.0288,0.029,4238,0
FFAIW.US,5,20260120,161500,0.029,0.029,0.029,0.029,600,0
FFAIW.US,5,20260120,163500,0.029,0.029,0.029,0.029,800,0
FFAIW.US,5,20260120,164000,0.0282,0.02845,0.021,0.021,18518,0
FFAIW.US,5,20260120,170000,0.0255,0.0264,0.0255,0.0264,1400,0
FFAIW.US,5,20260120,171000,0.0264,0.0264,0.025951,0.025951,400,0
FFAIW.US,5,20260120,171500,0.0264,0.0264,0.0264,0.0264,100,0
FFAIW.US,5,20260120,172500,0.0258,0.0264,0.024,0.024,7100,0
FFAIW.US,5,20260120,173000,0.0264,0.0282,0.0264,0.0282,800,0
FFAIW.US,5,20260120,180000,0.0282,0.0282,0.0282,0.0282,100,0
FFAIW.US,5,20260120,180500,0.029,0.029,0.029,0.029,500,0
FFAIW.US,5,20260120,183500,0.029,0.029,0.029,0.029,100,0
FFAIW.US,5,20260120,184000,0.029,0.029,0.029,0.029,500,0
FFAIW.US,5,20260120,190500,0.029,0.029,0.029,0.029,400,0
FFAIW.US,5,20260120,191500,0.0285,0.0285,0.027761,0.028,3900,0
FFAIW.US,5,20260120,195000,0.028,0.028,0.028,0.028,400,0
FFAIW.US,5,20260120,200500,0.028,0.028,0.028,0.028,300,0
FFAIW.US,5,20260120,201500,0.028,0.028,0.028,0.028,300,0
FFAIW.US,5,20260120,203000,0.028,0.028,0.028,0.028,200,0
FFAIW.US,5,20260120,203500,0.028,0.028,0.028,0.028,200,0
FFAIW.US,5,20260120,204000,0.028,0.028,0.028,0.028,100,0
FFAIW.US,5,20260120,204500,0.028,0.028,0.028,0.028,100,0
FFAIW.US,5,20260120,205000,0.028,0.028,0.028,0.028,100,0
FFAIW.US,5,20260120,205500,0.028,0.028,0.028,0.028,100,0
FFAIW.US,5,20260120,211000,0.028,0.028,0.0279,0.0279,15094,0
FFAIW.US,5,20260120,211500,0.0282,0.0282,0.0282,0.0282,453,0
FFAIW.US,5,20260120,213000,0.0282,0.0282,0.0282,0.0282,100,0
FFAIW.US,5,20260121,153000,0.029,0.029,0.029,0.029,5000,0
FFAIW.US,5,20260121,155000,0.0285,0.0285,0.0285,0.0285,376,0
FFAIW.US,5,20260121,161500,0.026,0.026,0.026,0.026,400,0
FFAIW.US,5,20260121,162500,0.0285,0.0285,0.0229,0.0229,34918,0
FFAIW.US,5,20260121,163000,0.024,0.024,0.023001,0.024,5430,0
FFAIW.US,5,20260121,163500,0.0235,0.0285,0.023001,0.0285,25950,0
FFAIW.US,5,20260121,165500,0.028,0.028,0.028,0.028,600,0
FFAIW.US,5,20260121,182500,0.0285,0.0285,0.0285,0.0285,100,0
FFAIW.US,5,20260121,184500,0.0261,0.0261,0.0261,0.0261,5100,0
FFAIW.US,5,20260121,192500,0.0285,0.0285,0.0285,0.0285,100,0
FFAIW.US,5,20260121,211500,0.028,0.0289,0.028,0.0285,15216,0
FFAIW.US,5,20260121,212500,0.0286,0.0286,0.0286,0.0286,300,0
FFAIW.US,5,20260121,213000,0.0285,0.0285,0.0285,0.0285,77000,0
FFAIW.US,5,20260121,213500,0.0285,0.0285,0.0285,0.0285,506,0
FFAIW.US,5,20260121,215500,0.0268,0.0268,0.0268,0.0268,900,0
FFAIW.US,5,20260122,161500,0.0276,0.0276,0.0276,0.0276,1000,0
FFAIW.US,5,20260122,164500,0.029,0.029,0.029,0.029,540,0
FFAIW.US,5,20260122,170500,0.0241,0.0241,0.0241,0.0241,990,0
FFAIW.US,5,20260122,171500,0.0284,0.0285,0.0284,0.0285,100800,0
FFAIW.US,5,20260122,172500,0.0285,0.0285,0.0285,0.0285,3762,0
FFAIW.US,5,20260122,174000,0.028508,0.028508,0.0285,0.0285,5000,0
FFAIW.US,5,20260122,175000,0.02855,0.02855,0.02855,0.02855,100,0
FFAIW.US,5,20260122,180000,0.0285,0.0285,0.0242,0.0242,49800,0
FFAIW.US,5,20260122,182500,0.0243,0.0243,0.0243,0.0243,1300,0
FFAIW.US,5,20260122,184000,0.0243,0.0243,0.0243,0.0243,100,0
FFAIW.US,5,20260122,184500,0.0243,0.0243,0.0243,0.0243,600,0
FFAIW.US,5,20260122,185500,0.0244,0.0244,0.0244,0.0244,132,0
FFAIW.US,5,20260122,192000,0.0244,0.0244,0.0244,0.0244,200,0
FFAIW.US,5,20260122,193500,0.0244,0.0244,0.0244,0.0244,200,0
FFAIW.US,5,20260122,205500,0.0243,0.0243,0.0243,0.0243,160,0
FFAIW.US,5,20260122,212500,0.0244,0.0244,0.0244,0.0244,250,0
FFAIW.US,5,20260122,213500,0.0243,0.0243,0.0241,0.0241,1100,0
FFAIW.US,5,20260122,214000,0.0241,0.0243,0.0241,0.0242,7300,0
FFAIW.US,5,20260122,215000,0.0245,0.0245,0.0241,0.0241,127900,0
FFAIW.US,5,20260123,154000,0.0274,0.0274,0.0274,0.0274,1000,0
FFAIW.US,5,20260123,155000,0.028,0.028,0.028,0.028,2200,0
FFAIW.US,5,20260123,161500,0.0285,0.0285,0.0285,0.0285,180,0
FFAIW.US,5,20260123,162000,0.0289,0.029,0.0289,0.029,982,0
FFAIW.US,5,20260123,163000,0.028799,0.029,0.028799,0.029,2800,0
FFAIW.US,5,20260123,171500,0.0279,0.0279,0.0279,0.0279,100,0
FFAIW.US,5,20260123,181000,0.0285,0.0285,0.0285,0.0285,5848,0
FFAIW.US,5,20260123,190000,0.0279,0.0279,0.0279,0.0279,5000,0
FFAIW.US,5,20260123,194000,0.028,0.028,0.028,0.028,100,0
FFAIW.US,5,20260123,195000,0.0279,0.0279,0.0279,0.0279,480,0
FFAIW.US,5,20260123,201000,0.028,0.028,0.028,0.028,600,0
FFAIW.US,5,20260123,211000,0.0257,0.0257,0.0257,0.0257,155,0
FFAIW.US,5,20260123,211500,0.0257,0.0257,0.0257,0.0257,500,0
