<TICKER>,<PER>,<DATE>,<TIME>,<OPEN>,<HIGH>,<LOW>,<CLOSE>,<VOL>,<OPENINT>
GSRFU.US,5,20250904,164500,10.02,10.075,10.01,10.01,2583541,0
GSRFU.US,5,20250904,165000,10.01,10.025,10.01,10.025,814777,0
GSRFU.US,5,20250904,165500,10.025,10.0299,10.02,10.02,512100,0
GSRFU.US,5,20250904,170000,10.02,10.025,10.015,10.02,890698,0
GSRFU.US,5,20250904,170500,10.02,10.02,10.01,10.02,11624,0
GSRFU.US,5,20250904,171000,10.015,10.02,10.015,10.015,19052,0
GSRFU.US,5,20250904,171500,10.02,10.025,10.01,10.015,1426235,0
GSRFU.US,5,20250904,172000,10.0199,10.02,10.013,10.015,11400,0
GSRFU.US,5,20250904,172500,10.015,10.015,10.015,10.015,2500,0
GSRFU.US,5,20250904,173000,10.015,10.015,10.015,10.015,8200,0
GSRFU.US,5,20250904,173500,10.015,10.0199,10.015,10.015,5900,0
GSRFU.US,5,20250904,174000,10.015,10.015,10.015,10.015,1600,0
GSRFU.US,5,20250904,174500,10.015,10.015,10.015,10.015,2800,0
GSRFU.US,5,20250904,175000,10.01,10.015,10.01,10.015,2528,0
GSRFU.US,5,20250904,175500,10.01,10.015,10.01,10.015,9179,0
GSRFU.US,5,20250904,180000,10.011,10.015,10.01,10.015,55328,0
GSRFU.US,5,20250904,180500,10.01,10.01,10.01,10.01,3883,0
GSRFU.US,5,20250904,181000,10.015,10.015,10.015,10.015,41525,0
GSRFU.US,5,20250904,181500,10.015,10.03,10.01,10.015,1882144,0
GSRFU.US,5,20250904,182000,10.015,10.015,10.015,10.015,4408,0
GSRFU.US,5,20250904,182500,10.015,10.02,10.015,10.015,55776,0
GSRFU.US,5,20250904,183000,10.015,10.015,10.015,10.015,3301,0
GSRFU.US,5,20250904,183500,10.015,10.015,10.015,10.015,2649,0
GSRFU.US,5,20250904,184000,10.015,10.015,10.015,10.015,2764,0
GSRFU.US,5,20250904,184500,10.015,10.015,10.015,10.015,2786,0
GSRFU.US,5,20250904,185000,10.015,10.015,10.015,10.015,2641,0
GSRFU.US,5,20250904,185500,10.015,10.015,10.01,10.015,32655,0
GSRFU.US,5,20250904,190000,10.015,10.015,10.015,10.015,2829,0
GSRFU.US,5,20250904,190500,10.015,10.015,10.015,10.015,2346,0
GSRFU.US,5,20250904,191000,10.015,10.015,10.015,10.015,3141,0
GSRFU.US,5,20250904,191500,10.015,10.015,10.015,10.015,90143,0
GSRFU.US,5,20250904,192000,10.015,10.02,10.01,10.015,58500,0
GSRFU.US,5,20250904,192500,10.015,10.015,10.015,10.015,4813,0
GSRFU.US,5,20250904,193000,10.015,10.015,10.015,10.015,4400,0
GSRFU.US,5,20250904,193500,10.015,10.015,10.015,10.015,5000,0
GSRFU.US,5,20250904,194000,10.015,10.015,10.015,10.015,3900,0
GSRFU.US,5,20250904,194500,10.015,10.015,10.015,10.015,4500,0
GSRFU.US,5,20250904,195000,10.015,10.015,10.015,10.015,89800,0
GSRFU.US,5,20250904,195500,10.015,10.015,10.015,10.015,4590,0
GSRFU.US,5,20250904,200000,10.015,10.02,10.015,10.02,11923,0
GSRFU.US,5,20250904,200500,10.015,10.015,10.015,10.015,5000,0
GSRFU.US,5,20250904,201000,10.015,10.015,10.015,10.015,8000,0
GSRFU.US,5,20250904,201500,10.015,10.015,10.015,10.015,6767,0
GSRFU.US,5,20250904,202000,10.015,10.0199,10.015,10.015,71703,0
GSRFU.US,5,20250904,202500,10.015,10.015,10.015,10.015,6300,0
GSRFU.US,5,20250904,203000,10.015,10.015,10.015,10.015,4600,0
GSRFU.US,5,20250904,203500,10.015,10.015,10.015,10.015,8033,0
GSRFU.US,5,20250904,204000,10.015,10.015,10.015,10.015,1200,0
GSRFU.US,5,20250904,204500,10.015,10.015,10.015,10.015,1900,0
GSRFU.US,5,20250904,205000,10.015,10.015,10.015,10.015,850,0
GSRFU.US,5,20250904,210000,10.015,10.015,10.015,10.015,36374,0
GSRFU.US,5,20250904,210500,10.015,10.015,10.01,10.015,49518,0
GSRFU.US,5,20250904,211000,10.015,10.015,10.015,10.015,27900,0
GSRFU.US,5,20250904,211500,10.015,10.015,10.015,10.015,600,0
GSRFU.US,5,20250904,212000,10.015,10.015,10.015,10.015,900,0
GSRFU.US,5,20250904,212500,10.01,10.015,10.01,10.01,55094,0
GSRFU.US,5,20250904,213000,10.015,10.015,10.015,10.015,13400,0
GSRFU.US,5,20250904,213500,10.01,10.015,10.01,10.01,26700,0
GSRFU.US,5,20250904,214000,10.01,10.015,10.01,10.015,93246,0
GSRFU.US,5,20250904,214500,10.015,10.015,10.015,10.015,20500,0
GSRFU.US,5,20250904,215000,10.01,10.015,10.01,10.01,225284,0
GSRFU.US,5,20250904,215500,10.01,10.01,10.01,10.01,931456,0
GSRFU.US,5,20250905,153000,10.02,10.02,10.01,10.015,7448,0
GSRFU.US,5,20250905,153500,10.015,10.03,10.015,10.025,68434,0
GSRFU.US,5,20250905,154000,10.02,10.025,10.02,10.025,75863,0
GSRFU.US,5,20250905,154500,10.03,10.03,10.02,10.03,137117,0
GSRFU.US,5,20250905,155000,10.03,10.04,10.03,10.04,14014,0
GSRFU.US,5,20250905,155500,10.04,10.04,10.03,10.035,124905,0
GSRFU.US,5,20250905,160000,10.035,10.04,10.03,10.0301,12237,0
GSRFU.US,5,20250905,160500,10.03,10.04,10.03,10.04,64973,0
GSRFU.US,5,20250905,161000,10.04,10.04,10.0312,10.04,10145,0
GSRFU.US,5,20250905,161500,10.04,10.04,10.035,10.04,5687,0
GSRFU.US,5,20250905,162000,10.04,10.04,10.035,10.035,6988,0
GSRFU.US,5,20250905,162500,10.035,10.04,10.03,10.03,5300,0
GSRFU.US,5,20250905,163000,10.03,10.03,10.03,10.03,1248,0
GSRFU.US,5,20250905,163500,10.02,10.02,10.02,10.02,923,0
GSRFU.US,5,20250905,164000,10.02,10.02,10.02,10.02,800,0
GSRFU.US,5,20250905,164500,10.02,10.02,10.02,10.02,1100,0
GSRFU.US,5,20250905,165000,10.02,10.02,10.02,10.02,1000,0
GSRFU.US,5,20250905,165500,10.02,10.02,10.02,10.02,1000,0
GSRFU.US,5,20250905,170000,10.02,10.02,10.02,10.02,1000,0
GSRFU.US,5,20250905,170500,10.02,10.02,10.02,10.02,900,0
GSRFU.US,5,20250905,171000,10.02,10.02,10.02,10.02,947,0
GSRFU.US,5,20250905,171500,10.02,10.02,10.02,10.02,4078,0
GSRFU.US,5,20250905,172000,10.02,10.02,10.02,10.02,881,0
GSRFU.US,5,20250905,172500,10.02,10.02,10.02,10.02,913,0
GSRFU.US,5,20250905,173000,10.02,10.02,10.02,10.02,1071,0
GSRFU.US,5,20250905,173500,10.02,10.02,10.02,10.02,700,0
GSRFU.US,5,20250905,174000,10.02,10.02,10.02,10.02,500,0
GSRFU.US,5,20250905,174500,10.02,10.03,10.02,10.025,25090,0
GSRFU.US,5,20250905,175000,10.025,10.025,10.025,10.025,600,0
GSRFU.US,5,20250905,175500,10.025,10.025,10.025,10.025,543,0
GSRFU.US,5,20250905,180000,10.025,10.025,10.02,10.02,621,0
GSRFU.US,5,20250905,180500,10.02,10.02,10.02,10.02,682,0
GSRFU.US,5,20250905,181000,10.02,10.02,10.02,10.02,648,0
GSRFU.US,5,20250905,181500,10.02,10.03,10.02,10.025,20396,0
GSRFU.US,5,20250905,182000,10.025,10.025,10.025,10.025,684,0
GSRFU.US,5,20250905,182500,10.025,10.025,10.025,10.025,392,0
GSRFU.US,5,20250905,183000,10.025,10.025,10.025,10.025,539,0
GSRFU.US,5,20250905,183500,10.025,10.025,10.025,10.025,544,0
GSRFU.US,5,20250905,184000,10.025,10.025,10.025,10.025,498,0
GSRFU.US,5,20250905,184500,10.025,10.025,10.025,10.025,526,0
GSRFU.US,5,20250905,185000,10.025,10.025,10.02,10.02,601,0
GSRFU.US,5,20250905,185500,10.02,10.025,10.02,10.025,557,0
GSRFU.US,5,20250905,190000,10.02,10.02,10.02,10.02,524,0
GSRFU.US,5,20250905,190500,10.02,10.02,10.02,10.02,673,0
GSRFU.US,5,20250905,191000,10.02,10.02,10.02,10.02,525,0
GSRFU.US,5,20250905,191500,10.03,10.03,10.025,10.025,12462,0
GSRFU.US,5,20250905,192000,10.025,10.025,10.025,10.025,593,0
GSRFU.US,5,20250905,192500,10.025,10.025,10.025,10.025,569,0
GSRFU.US,5,20250905,193000,10.025,10.025,10.02,10.025,535,0
GSRFU.US,5,20250905,193500,10.025,10.025,10.025,10.025,526,0
GSRFU.US,5,20250905,194000,10.025,10.025,10.02,10.02,530,0
GSRFU.US,5,20250905,194500,10.02,10.02,10.02,10.02,514,0
GSRFU.US,5,20250905,195000,10.02,10.02,10.02,10.02,647,0
GSRFU.US,5,20250905,195500,10.02,10.025,10.02,10.025,682,0
GSRFU.US,5,20250905,200000,10.025,10.025,10.025,10.025,560,0
GSRFU.US,5,20250905,200500,10.025,10.025,10.025,10.025,681,0
GSRFU.US,5,20250905,201000,10.025,10.025,10.025,10.025,682,0
GSRFU.US,5,20250905,201500,10.025,10.03,10.025,10.025,3717,0
GSRFU.US,5,20250905,202000,10.025,10.03,10.025,10.025,2865,0
GSRFU.US,5,20250905,202500,10.025,10.025,10.025,10.025,1002,0
GSRFU.US,5,20250905,203000,10.025,10.025,10.025,10.025,600,0
GSRFU.US,5,20250905,203500,10.025,10.025,10.025,10.025,801,0
GSRFU.US,5,20250905,204000,10.025,10.025,10.025,10.025,544,0
GSRFU.US,5,20250905,204500,10.025,10.025,10.025,10.025,331,0
GSRFU.US,5,20250905,205500,10.03,10.03,10.03,10.03,974,0
GSRFU.US,5,20250905,210000,10.03,10.03,10.03,10.03,200,0
GSRFU.US,5,20250905,210500,10.03,10.03,10.0299,10.0299,17790,0
GSRFU.US,5,20250905,213500,10.02,10.02,10.02,10.02,996,0
GSRFU.US,5,20250905,214500,10.02,10.02,10.02,10.02,718,0
GSRFU.US,5,20250905,215000,10.02,10.02,10.02,10.02,952,0
GSRFU.US,5,20250905,215500,10.025,10.025,10.02,10.02,5718,0
GSRFU.US,5,20250908,153000,10.05,10.07,10.03,10.03,759,0
GSRFU.US,5,20250908,153500,10.04,10.05,10.04,10.05,400,0
GSRFU.US,5,20250908,154000,10.04,10.05,10.04,10.05,650900,0
GSRFU.US,5,20250908,154500,10.05,10.05,10.05,10.05,51000,0
GSRFU.US,5,20250908,155000,10.05,10.05,10.05,10.05,800,0
GSRFU.US,5,20250908,155500,10.05,10.05,10.05,10.05,500,0
GSRFU.US,5,20250908,160000,10.05,10.06,10.045,10.055,25200,0
GSRFU.US,5,20250908,160500,10.055,10.075,10.055,10.07,164805,0
GSRFU.US,5,20250908,161000,10.08,10.08,10.07,10.07,55100,0
GSRFU.US,5,20250908,161500,10.07,10.08,10.065,10.065,6340,0
GSRFU.US,5,20250908,162000,10.07,10.07,10.065,10.07,2800,0
GSRFU.US,5,20250908,162500,10.07,10.07,10.07,10.07,600,0
GSRFU.US,5,20250908,163000,10.07,10.07,10.07,10.07,800,0
GSRFU.US,5,20250908,163500,10.07,10.07,10.07,10.07,700,0
GSRFU.US,5,20250908,164000,10.07,10.07,10.07,10.07,800,0
GSRFU.US,5,20250908,164500,10.07,10.07,10.07,10.07,700,0
GSRFU.US,5,20250908,165000,10.07,10.07,10.07,10.07,800,0
GSRFU.US,5,20250908,165500,10.07,10.07,10.06,10.06,46900,0
GSRFU.US,5,20250908,170000,10.05,10.05,10.05,10.05,14600,0
GSRFU.US,5,20250908,172500,10.05,10.05,10.05,10.05,16700,0
GSRFU.US,5,20250908,175500,10.05,10.05,10.05,10.05,1000,0
GSRFU.US,5,20250908,181500,10.045,10.045,10.045,10.045,100,0
GSRFU.US,5,20250908,192500,10.05,10.05,10.05,10.05,100,0
GSRFU.US,5,20250908,195000,10.045,10.045,10.045,10.045,400,0
GSRFU.US,5,20250908,205000,10.04,10.045,10.04,10.045,7994,0
GSRFU.US,5,20250908,210000,10.045,10.045,10.045,10.045,400,0
GSRFU.US,5,20250908,210500,10.045,10.045,10.04,10.04,10834,0
GSRFU.US,5,20250908,211500,10.045,10.045,10.045,10.045,200,0
GSRFU.US,5,20250908,213000,10.045,10.045,10.045,10.045,300,0
GSRFU.US,5,20250908,214000,10.045,10.045,10.045,10.045,500,0
GSRFU.US,5,20250908,214500,10.045,10.05,10.045,10.0499,639,0
GSRFU.US,5,20250908,215500,10.04,10.045,10.04,10.045,10304,0
GSRFU.US,5,20250909,153000,10.03,10.04,10.03,10.04,1001,0
GSRFU.US,5,20250909,154000,10.04,10.06,10.04,10.06,4200,0
GSRFU.US,5,20250909,154500,10.06,10.06,10.06,10.06,27500,0
GSRFU.US,5,20250909,155000,10.06,10.06,10.06,10.06,6000,0
GSRFU.US,5,20250909,155500,10.06,10.06,10.05,10.05,3838,0
GSRFU.US,5,20250909,160000,10.0524,10.06,10.05,10.06,2769,0
GSRFU.US,5,20250909,160500,10.06,10.06,10.05,10.05,6500,0
GSRFU.US,5,20250909,161000,10.06,10.06,10.06,10.06,1600,0
GSRFU.US,5,20250909,161500,10.06,10.06,10.06,10.06,700,0
GSRFU.US,5,20250909,162000,10.06,10.06,10.06,10.06,2320,0
GSRFU.US,5,20250909,162500,10.06,10.06,10.06,10.06,1020,0
GSRFU.US,5,20250909,163000,10.06,10.06,10.06,10.06,900,0
GSRFU.US,5,20250909,163500,10.06,10.06,10.06,10.06,700,0
GSRFU.US,5,20250909,164000,10.06,10.06,10.06,10.06,1000,0
GSRFU.US,5,20250909,164500,10.06,10.06,10.06,10.06,1300,0
GSRFU.US,5,20250909,165000,10.06,10.06,10.06,10.06,1300,0
GSRFU.US,5,20250909,165500,10.06,10.06,10.06,10.06,1200,0
GSRFU.US,5,20250909,170000,10.06,10.06,10.06,10.06,1100,0
GSRFU.US,5,20250909,170500,10.06,10.06,10.06,10.06,1700,0
GSRFU.US,5,20250909,171000,10.06,10.06,10.06,10.06,2000,0
GSRFU.US,5,20250909,171500,10.06,10.06,10.06,10.06,1600,0
GSRFU.US,5,20250909,172000,10.06,10.06,10.06,10.06,1600,0
GSRFU.US,5,20250909,172500,10.06,10.06,10.06,10.06,1500,0
GSRFU.US,5,20250909,173000,10.06,10.06,10.06,10.06,1300,0
GSRFU.US,5,20250909,173500,10.06,10.06,10.06,10.06,1400,0
GSRFU.US,5,20250909,174000,10.06,10.06,10.06,10.06,800,0
GSRFU.US,5,20250909,174500,10.06,10.06,10.06,10.06,700,0
GSRFU.US,5,20250909,175000,10.06,10.06,10.06,10.06,800,0
GSRFU.US,5,20250909,175500,10.06,10.06,10.06,10.06,1200,0
GSRFU.US,5,20250909,180500,10.06,10.06,10.06,10.06,1000,0
GSRFU.US,5,20250909,181000,10.06,10.06,10.06,10.06,500,0
GSRFU.US,5,20250909,181500,10.06,10.06,10.06,10.06,1100,0
GSRFU.US,5,20250909,182000,10.06,10.06,10.06,10.06,800,0
GSRFU.US,5,20250909,182500,10.06,10.06,10.06,10.06,600,0
GSRFU.US,5,20250909,183000,10.06,10.06,10.06,10.06,2000,0
GSRFU.US,5,20250909,183500,10.06,10.06,10.06,10.06,1200,0
GSRFU.US,5,20250909,184000,10.06,10.06,10.06,10.06,1400,0
GSRFU.US,5,20250909,184500,10.06,10.06,10.06,10.06,1600,0
GSRFU.US,5,20250909,185000,10.06,10.065,10.06,10.06,9953,0
GSRFU.US,5,20250909,190500,10.065,10.065,10.065,10.065,29700,0
GSRFU.US,5,20250909,191000,10.065,10.075,10.065,10.065,33200,0
GSRFU.US,5,20250909,192000,10.08,10.08,10.08,10.08,58719,0
GSRFU.US,5,20250909,192500,10.08,10.08,10.075,10.08,1300,0
GSRFU.US,5,20250909,193000,10.075,10.08,10.075,10.08,20031,0
GSRFU.US,5,20250909,193500,10.08,10.08,10.08,10.08,1700,0
GSRFU.US,5,20250909,194500,10.0738,10.0738,10.0706,10.0706,200,0
GSRFU.US,5,20250909,200000,10.075,10.075,10.075,10.075,100,0
GSRFU.US,5,20250909,200500,10.075,10.075,10.075,10.075,2300,0
GSRFU.US,5,20250909,201000,10.07,10.07,10.07,10.07,900,0
GSRFU.US,5,20250909,212500,10.06,10.06,10.06,10.06,1340,0
GSRFU.US,5,20250909,213000,10.06,10.06,10.06,10.06,100,0
GSRFU.US,5,20250909,215000,10.06,10.06,10.06,10.06,300,0
GSRFU.US,5,20250909,215500,10.06,10.06,10.06,10.06,1369,0
GSRFU.US,5,20250910,161000,10.06,10.06,10.06,10.06,100,0
GSRFU.US,5,20250910,184000,10.06,10.06,10.06,10.06,1000,0
GSRFU.US,5,20250910,193000,10.07,10.07,10.07,10.07,54235,0
GSRFU.US,5,20250910,203000,10.0609,10.0609,10.0609,10.0609,4750,0
GSRFU.US,5,20250910,203500,10.06,10.061,10.06,10.061,25250,0
GSRFU.US,5,20250910,211500,10.07,10.07,10.06,10.0694,1682,0
GSRFU.US,5,20250910,212500,10.0694,10.0694,10.0694,10.0694,100,0
GSRFU.US,5,20250910,215500,10.0699,10.0699,10.0699,10.0699,199,0
GSRFU.US,5,20250911,153000,10.05,10.07,10.05,10.07,299,0
GSRFU.US,5,20250911,165500,10.07,10.07,10.07,10.07,3580,0
GSRFU.US,5,20250911,181000,10.07,10.07,10.07,10.07,34040,0
GSRFU.US,5,20250911,185000,10.07,10.07,10.07,10.07,100,0
GSRFU.US,5,20250911,191500,10.07,10.07,10.07,10.07,29000,0
GSRFU.US,5,20250911,194000,10.07,10.0701,10.07,10.0701,6800,0
GSRFU.US,5,20250911,201000,10.07,10.07,10.065,10.07,35624,0
GSRFU.US,5,20250911,201500,10.07,10.07,10.065,10.07,27000,0
GSRFU.US,5,20250911,202000,10.07,10.07,10.07,10.07,28344,0
GSRFU.US,5,20250911,202500,10.07,10.07,10.07,10.07,1410,0
GSRFU.US,5,20250911,204500,10.07,10.07,10.07,10.07,100,0
GSRFU.US,5,20250911,215500,10.07,10.08,10.07,10.08,1662,0
GSRFU.US,5,20250912,162500,10.08,10.08,10.08,10.08,100,0
GSRFU.US,5,20250912,172500,10.0706,10.0754,10.07,10.0706,700,0
GSRFU.US,5,20250912,204000,10.07,10.07,10.07,10.07,2100,0
GSRFU.US,5,20250912,205500,10.07,10.07,10.07,10.07,361,0
GSRFU.US,5,20250912,211000,10.07,10.07,10.07,10.07,461,0
GSRFU.US,5,20250912,212000,10.065,10.07,10.065,10.07,25551,0
GSRFU.US,5,20250912,214000,10.07,10.07,10.07,10.07,3000,0
GSRFU.US,5,20250915,153000,10.08,10.08,10.08,10.08,450,0
GSRFU.US,5,20250915,153500,10.07,10.07,10.07,10.07,100,0
GSRFU.US,5,20250915,155000,10.0706,10.08,10.07,10.07,14190,0
GSRFU.US,5,20250915,161000,10.07,10.07,10.07,10.07,100,0
GSRFU.US,5,20250915,180500,10.08,10.08,10.08,10.08,100,0
GSRFU.US,5,20250915,191000,10.08,10.08,10.08,10.08,100,0
GSRFU.US,5,20250915,210000,10.07,10.07,10.07,10.07,300,0
GSRFU.US,5,20250915,214500,10.07,10.07,10.07,10.07,2704,0
GSRFU.US,5,20250915,215500,10.07,10.07,10.07,10.07,7649,0
GSRFU.US,5,20250916,153000,10.07,10.07,10.07,10.07,2300,0
GSRFU.US,5,20250916,153500,10.07,10.07,10.07,10.07,22621,0
GSRFU.US,5,20250916,154000,10.07,10.07,10.07,10.07,194,0
GSRFU.US,5,20250916,161000,10.07,10.07,10.07,10.07,102,0
GSRFU.US,5,20250916,170000,10.08,10.08,10.08,10.08,100,0
GSRFU.US,5,20250916,171500,10.07,10.07,10.07,10.07,71020,0
GSRFU.US,5,20250916,172000,10.07,10.07,10.07,10.07,40000,0
GSRFU.US,5,20250916,173000,10.08,10.08,10.08,10.08,50000,0
GSRFU.US,5,20250916,180000,10.07,10.07,10.07,10.07,100,0
GSRFU.US,5,20250916,193500,10.075,10.075,10.075,10.075,100,0
GSRFU.US,5,20250916,200000,10.075,10.075,10.075,10.075,200,0
GSRFU.US,5,20250916,201500,10.075,10.08,10.075,10.08,500,0
GSRFU.US,5,20250916,202000,10.08,10.08,10.08,10.08,500,0
GSRFU.US,5,20250916,202500,10.08,10.08,10.08,10.08,2100,0
GSRFU.US,5,20250916,215500,10.1,10.1,10.1,10.1,2667,0
GSRFU.US,5,20250917,153000,10.08,10.08,10.08,10.08,25000,0
GSRFU.US,5,20250917,153500,10.09,10.09,10.09,10.09,25000,0
GSRFU.US,5,20250917,155500,10.1,10.1,10.1,10.1,35541,0
GSRFU.US,5,20250917,163500,10.1,10.105,10.1,10.1,33000,0
GSRFU.US,5,20250917,190000,10.105,10.105,10.105,10.105,100,0
GSRFU.US,5,20250917,191000,10.1,10.1,10.1,10.1,100000,0
GSRFU.US,5,20250918,170500,10.1,10.1,10.1,10.1,10000,0
GSRFU.US,5,20250918,195000,10.11,10.11,10.11,10.11,2625,0
GSRFU.US,5,20250918,201000,10.115,10.12,10.115,10.12,69425,0
GSRFU.US,5,20250918,201500,10.12,10.12,10.12,10.12,13554,0
GSRFU.US,5,20250918,203000,10.12,10.13,10.12,10.13,28555,0
GSRFU.US,5,20250918,204500,10.13,10.13,10.13,10.13,49923,0
GSRFU.US,5,20250918,211000,10.13,10.135,10.13,10.135,25300,0
GSRFU.US,5,20250919,160500,10.14,10.14,10.14,10.14,74000,0
GSRFU.US,5,20250919,194000,10.15,10.15,10.15,10.15,165,0
GSRFU.US,5,20250919,205500,10.15,10.15,10.15,10.15,100,0
GSRFU.US,5,20250919,210000,10.14,10.15,10.14,10.15,94549,0
GSRFU.US,5,20250919,213000,10.17,10.17,10.17,10.17,600,0
GSRFU.US,5,20250919,214500,10.17,10.17,10.17,10.17,600,0
GSRFU.US,5,20250919,215500,10.1597,10.1597,10.1597,10.1597,1769,0
GSRFU.US,5,20250922,215500,10.145,10.16,10.145,10.16,200,0
GSRFU.US,5,20250923,153000,10.14,10.14,10.14,10.14,500,0
GSRFU.US,5,20250923,164500,10.15,10.15,10.15,10.15,10000,0
GSRFU.US,5,20250923,203000,10.15,10.15,10.15,10.15,100,0
GSRFU.US,5,20250923,213500,10.15,10.15,10.15,10.15,690,0
GSRFU.US,5,20250923,215500,10.18,10.18,10.18,10.18,487,0
GSRFU.US,5,20250924,201500,10.16,10.18,10.16,10.16,10642,0
GSRFU.US,5,20250924,203500,10.14,10.14,10.14,10.14,100,0
GSRFU.US,5,20250924,211500,10.14,10.14,10.14,10.14,300,0
GSRFU.US,5,20250924,212000,10.14,10.15,10.135,10.15,31300,0
GSRFU.US,5,20250925,165500,10.146,10.146,10.146,10.146,100,0
GSRFU.US,5,20250925,193000,10.16,10.16,10.16,10.16,100,0
GSRFU.US,5,20250925,194500,10.15,10.15,10.15,10.15,25000,0
GSRFU.US,5,20250925,195500,10.15,10.15,10.15,10.15,1000,0
GSRFU.US,5,20250925,201000,10.15,10.15,10.15,10.15,1771,0
GSRFU.US,5,20250925,201500,10.15,10.15,10.15,10.15,78521,0
GSRFU.US,5,20250925,202000,10.15,10.15,10.15,10.15,25000,0
GSRFU.US,5,20250925,212500,10.15,10.15,10.15,10.15,500,0
GSRFU.US,5,20250925,214500,10.15,10.15,10.15,10.15,500,0
GSRFU.US,5,20250925,215500,10.15,10.15,10.145,10.145,464,0
GSRFU.US,5,20250926,164000,10.15,10.15,10.15,10.15,25000,0
GSRFU.US,5,20250926,172500,10.14,10.14,10.14,10.14,3168,0
GSRFU.US,5,20250926,194000,10.14,10.14,10.14,10.14,20000,0
GSRFU.US,5,20250926,203500,10.14,10.14,10.14,10.14,49700,0
GSRFU.US,5,20250926,204500,10.14,10.14,10.14,10.14,42372,0
GSRFU.US,5,20250926,205000,10.145,10.145,10.14,10.14,13200,0
GSRFU.US,5,20250926,212500,10.14,10.14,10.14,10.14,4000,0
GSRFU.US,5,20250926,215500,10.14,10.14,10.14,10.14,1500,0
GSRFU.US,5,20250929,175000,10.13,10.13,10.13,10.13,18250,0
GSRFU.US,5,20250929,211000,10.12,10.12,10.12,10.12,899,0
GSRFU.US,5,20250929,213500,10.13,10.13,10.13,10.13,7547,0
GSRFU.US,5,20250929,214000,10.13,10.13,10.125,10.13,3200,0
GSRFU.US,5,20250929,215000,10.13,10.13,10.13,10.13,500,0
GSRFU.US,5,20250930,172500,10.1848,10.1848,10.1848,10.1848,1000,0
GSRFU.US,5,20250930,184500,10.14,10.14,10.14,10.14,649,0
GSRFU.US,5,20250930,185000,10.14,10.14,10.14,10.14,1900,0
GSRFU.US,5,20250930,211500,10.14,10.14,10.13,10.13,81600,0
GSRFU.US,5,20250930,215000,10.13,10.13,10.13,10.13,114,0
GSRFU.US,5,20250930,215500,10.135,10.1394,10.135,10.135,700,0
GSRFU.US,5,20251001,170000,10.14,10.14,10.135,10.135,18420,0
GSRFU.US,5,20251001,182500,10.14,10.14,10.14,10.14,19890,0
GSRFU.US,5,20251001,215500,10.12,10.12,10.12,10.12,637,0
GSRFU.US,5,20251002,155500,10.1349,10.1349,10.1349,10.1349,200,0
GSRFU.US,5,20251002,215500,10.14,10.14,10.14,10.14,390,0
GSRFU.US,5,20251003,205000,10.13,10.14,10.13,10.14,125000,0
GSRFU.US,5,20251003,205500,10.14,10.14,10.14,10.14,3400,0
GSRFU.US,5,20251003,210000,10.14,10.14,10.14,10.14,25000,0
GSRFU.US,5,20251003,212000,10.19,10.19,10.19,10.19,200,0
GSRFU.US,5,20251003,212500,10.16,10.16,10.16,10.16,4940,0
GSRFU.US,5,20251003,215000,10.14,10.14,10.14,10.14,157,0
GSRFU.US,5,20251006,183500,10.14,10.14,10.14,10.14,615,0
GSRFU.US,5,20251006,215000,10.16,10.16,10.16,10.16,735,0
GSRFU.US,5,20251007,153000,10.16,10.16,10.16,10.16,115,0
GSRFU.US,5,20251007,155000,10.17,10.17,10.17,10.17,525,0
GSRFU.US,5,20251007,160000,10.19,10.19,10.1851,10.1851,21053,0
GSRFU.US,5,20251007,161500,10.1863,10.2,10.1863,10.2,3800,0
GSRFU.US,5,20251007,174000,10.21,10.21,10.21,10.21,100,0
GSRFU.US,5,20251007,181000,10.21,10.21,10.21,10.21,1495,0
GSRFU.US,5,20251007,184000,10.21,10.21,10.21,10.21,692,0
GSRFU.US,5,20251007,185000,10.21,10.21,10.21,10.21,143,0
GSRFU.US,5,20251007,190000,10.21,10.21,10.21,10.21,143,0
GSRFU.US,5,20251007,191000,10.21,10.21,10.21,10.21,143,0
GSRFU.US,5,20251007,192000,10.21,10.21,10.21,10.21,143,0
GSRFU.US,5,20251007,193000,10.21,10.21,10.21,10.21,1023,0
GSRFU.US,5,20251007,194000,10.21,10.21,10.21,10.21,340,0
GSRFU.US,5,20251007,195000,10.21,10.21,10.21,10.21,882,0
GSRFU.US,5,20251007,200000,10.21,10.21,10.21,10.21,201,0
GSRFU.US,5,20251007,201000,10.21,10.21,10.21,10.21,203,0
GSRFU.US,5,20251007,202000,10.21,10.21,10.21,10.21,1146,0
GSRFU.US,5,20251007,203000,10.21,10.21,10.21,10.21,756,0
GSRFU.US,5,20251007,203500,10.21,10.21,10.2,10.2,1752,0
GSRFU.US,5,20251007,214000,10.21,10.21,10.205,10.21,7800,0
GSRFU.US,5,20251007,214500,10.21,10.21,10.21,10.21,100,0
GSRFU.US,5,20251008,200000,10.23,10.23,10.23,10.23,2126,0
GSRFU.US,5,20251008,212500,10.23,10.23,10.23,10.23,1213,0
GSRFU.US,5,20251008,214500,10.23,10.23,10.23,10.23,777,0
GSRFU.US,5,20251009,153000,10.2,10.3,10.2,10.3,20635,0
GSRFU.US,5,20251009,153500,10.3,10.3,10.3,10.3,50800,0
GSRFU.US,5,20251009,174000,10.258,10.258,10.258,10.258,1200,0
GSRFU.US,5,20251009,180500,10.26,10.26,10.26,10.26,50000,0
GSRFU.US,5,20251009,211000,10.25,10.25,10.25,10.25,100,0
GSRFU.US,5,20251009,213500,10.27,10.27,10.27,10.27,1200,0
GSRFU.US,5,20251009,214500,10.28,10.28,10.265,10.265,10300,0
GSRFU.US,5,20251010,160000,10.25,10.25,10.25,10.25,200,0
GSRFU.US,5,20251010,174000,10.25,10.25,10.25,10.25,743,0
GSRFU.US,5,20251010,210500,10.26,10.26,10.26,10.26,100,0
GSRFU.US,5,20251010,211000,10.29,10.29,10.29,10.29,100,0
GSRFU.US,5,20251010,213500,10.275,10.275,10.275,10.275,900,0
GSRFU.US,5,20251010,215500,10.26,10.26,10.26,10.26,3000,0
GSRFU.US,5,20251013,160500,10.26,10.26,10.26,10.26,800,0
GSRFU.US,5,20251013,171500,10.26,10.26,10.26,10.26,1150,0
GSRFU.US,5,20251013,173000,10.24,10.24,10.24,10.24,100,0
GSRFU.US,5,20251013,173500,10.24,10.2609,10.24,10.2609,4000,0
GSRFU.US,5,20251013,180500,10.25,10.25,10.25,10.25,23761,0
GSRFU.US,5,20251013,191000,10.24,10.24,10.24,10.24,1452,0
GSRFU.US,5,20251013,200000,10.25,10.25,10.25,10.25,30000,0
GSRFU.US,5,20251013,200500,10.25,10.25,10.25,10.25,2363,0
GSRFU.US,5,20251013,201500,10.25,10.25,10.2463,10.25,9200,0
GSRFU.US,5,20251013,203500,10.25,10.25,10.2499,10.2499,6000,0
GSRFU.US,5,20251013,211500,10.25,10.25,10.25,10.25,19926,0
GSRFU.US,5,20251013,212000,10.25,10.25,10.25,10.25,274,0
GSRFU.US,5,20251013,213500,10.25,10.25,10.25,10.25,14600,0
GSRFU.US,5,20251013,215000,10.24,10.24,10.24,10.24,199,0
GSRFU.US,5,20251013,215500,10.25,10.25,10.25,10.25,5900,0
GSRFU.US,5,20251014,153000,10.25,10.26,10.25,10.26,4000,0
GSRFU.US,5,20251014,160000,10.26,10.26,10.2554,10.2554,500,0
GSRFU.US,5,20251014,175000,10.26,10.26,10.26,10.26,1000,0
GSRFU.US,5,20251014,182500,10.26,10.26,10.26,10.26,100,0
GSRFU.US,5,20251014,185000,10.2535,10.2535,10.2535,10.2535,100,0
GSRFU.US,5,20251014,185500,10.25,10.26,10.25,10.26,700,0
GSRFU.US,5,20251014,190500,10.25,10.25,10.25,10.25,124,0
GSRFU.US,5,20251014,191000,10.25,10.25,10.25,10.25,100,0
GSRFU.US,5,20251014,193000,10.25,10.25,10.25,10.25,100,0
GSRFU.US,5,20251014,194500,10.25,10.25,10.25,10.25,276,0
GSRFU.US,5,20251014,200000,10.25,10.25,10.25,10.25,100,0
GSRFU.US,5,20251014,200500,10.25,10.25,10.25,10.25,100,0
GSRFU.US,5,20251014,201500,10.25,10.25,10.25,10.25,410,0
GSRFU.US,5,20251014,202000,10.255,10.265,10.255,10.265,2260,0
GSRFU.US,5,20251014,203000,10.28,10.28,10.28,10.28,500,0
GSRFU.US,5,20251014,205000,10.26,10.26,10.26,10.26,1200,0
GSRFU.US,5,20251014,205500,10.26,10.26,10.26,10.26,223,0
GSRFU.US,5,20251014,210000,10.26,10.26,10.26,10.26,300,0
GSRFU.US,5,20251014,210500,10.26,10.26,10.26,10.26,300,0
GSRFU.US,5,20251014,211000,10.26,10.26,10.26,10.26,177,0
GSRFU.US,5,20251014,211500,10.26,10.26,10.26,10.26,223,0
GSRFU.US,5,20251014,212000,10.28,10.28,10.26,10.26,478,0
GSRFU.US,5,20251014,212500,10.26,10.26,10.26,10.26,100,0
GSRFU.US,5,20251014,213000,10.26,10.26,10.26,10.26,100,0
GSRFU.US,5,20251014,213500,10.26,10.26,10.26,10.26,100,0
GSRFU.US,5,20251014,214500,10.26,10.26,10.26,10.26,100,0
GSRFU.US,5,20251014,215500,10.26,10.26,10.26,10.26,139,0
GSRFU.US,5,20251015,161500,10.28,10.28,10.2799,10.2799,798,0
GSRFU.US,5,20251015,173500,10.28,10.28,10.28,10.28,5091,0
GSRFU.US,5,20251015,174000,10.28,10.28,10.28,10.28,1260,0
GSRFU.US,5,20251015,182500,10.2828,10.2828,10.2828,10.2828,200,0
GSRFU.US,5,20251015,192000,10.28,10.28,10.28,10.28,1000,0
GSRFU.US,5,20251015,200500,10.29,10.29,10.29,10.29,108,0
GSRFU.US,5,20251015,211500,10.28,10.2899,10.28,10.2899,5045,0
GSRFU.US,5,20251016,153000,10.29,10.29,10.29,10.29,5000,0
GSRFU.US,5,20251016,160500,10.26,10.26,10.26,10.26,450000,0
GSRFU.US,5,20251016,165000,10.285,10.285,10.285,10.285,1000,0
GSRFU.US,5,20251016,185500,10.27,10.27,10.27,10.27,2500,0
GSRFU.US,5,20251016,190000,10.27,10.27,10.27,10.27,105,0
GSRFU.US,5,20251016,194000,10.26,10.26,10.26,10.26,50000,0
GSRFU.US,5,20251016,195000,10.26,10.26,10.26,10.26,1107,0
GSRFU.US,5,20251016,215000,10.27,10.27,10.27,10.27,2499,0
GSRFU.US,5,20251016,215500,10.26,10.26,10.26,10.26,124,0
GSRFU.US,5,20251017,162500,10.28,10.28,10.26,10.27,1063,0
GSRFU.US,5,20251017,163000,10.27,10.27,10.27,10.27,551,0
GSRFU.US,5,20251017,164500,10.26,10.26,10.26,10.26,800,0
GSRFU.US,5,20251017,170500,10.26,10.26,10.26,10.26,600,0
GSRFU.US,5,20251017,172000,10.26,10.26,10.26,10.26,500,0
GSRFU.US,5,20251017,173500,10.26,10.26,10.26,10.26,400,0
GSRFU.US,5,20251017,175000,10.26,10.26,10.26,10.26,400,0
GSRFU.US,5,20251017,180500,10.26,10.26,10.26,10.26,500,0
GSRFU.US,5,20251017,181500,10.27,10.27,10.27,10.27,600,0
GSRFU.US,5,20251017,182000,10.27,10.27,10.27,10.27,3900,0
GSRFU.US,5,20251017,182500,10.2732,10.2732,10.2732,10.2732,3000,0
GSRFU.US,5,20251017,183500,10.27,10.27,10.27,10.27,500,0
GSRFU.US,5,20251017,185000,10.26,10.26,10.26,10.26,500,0
GSRFU.US,5,20251017,185500,10.27,10.27,10.27,10.27,1500,0
GSRFU.US,5,20251017,190000,10.27,10.27,10.27,10.27,400,0
GSRFU.US,5,20251017,191500,10.28,10.28,10.28,10.28,1900,0
GSRFU.US,5,20251017,192000,10.28,10.28,10.28,10.28,600,0
GSRFU.US,5,20251017,202000,10.275,10.28,10.275,10.28,1500,0
GSRFU.US,5,20251020,153000,10.3,10.3,10.3,10.3,2083,0
GSRFU.US,5,20251020,154000,10.37,10.37,10.37,10.37,500,0
GSRFU.US,5,20251020,154500,10.37,10.37,10.37,10.37,880,0
GSRFU.US,5,20251020,155000,10.37,10.4,10.37,10.4,1165,0
GSRFU.US,5,20251020,160000,10.4,10.4,10.3999,10.3999,2700,0
GSRFU.US,5,20251020,160500,10.4,10.43,10.4,10.43,1130,0
GSRFU.US,5,20251020,161000,10.45,10.45,10.445,10.45,5487,0
GSRFU.US,5,20251020,161500,10.44,10.44,10.425,10.425,600,0
GSRFU.US,5,20251020,165500,10.42,10.42,10.42,10.42,25000,0
GSRFU.US,5,20251020,175000,10.39,10.41,10.39,10.41,13800,0
GSRFU.US,5,20251020,181000,10.42,10.42,10.42,10.42,25000,0
GSRFU.US,5,20251020,185000,10.44,10.44,10.43,10.44,4100,0
GSRFU.US,5,20251020,185500,10.435,10.435,10.435,10.435,100,0
GSRFU.US,5,20251020,191500,10.44,10.445,10.435,10.44,11349,0
GSRFU.US,5,20251020,192000,10.45,10.45,10.45,10.45,100000,0
GSRFU.US,5,20251020,193500,10.45,10.45,10.45,10.45,1000,0
GSRFU.US,5,20251020,201500,10.44,10.44,10.44,10.44,100,0
GSRFU.US,5,20251020,205500,10.45,10.45,10.45,10.45,200,0
GSRFU.US,5,20251020,211500,10.44,10.44,10.43,10.43,25000,0
GSRFU.US,5,20251020,214000,10.45,10.45,10.45,10.45,100,0
GSRFU.US,5,20251021,153000,10.3701,10.3702,10.37,10.37,3600,0
GSRFU.US,5,20251021,154000,10.38,10.38,10.38,10.38,2100,0
GSRFU.US,5,20251021,155000,10.38,10.41,10.38,10.41,125600,0
GSRFU.US,5,20251021,162000,10.4,10.41,10.39,10.41,127303,0
GSRFU.US,5,20251021,213000,10.39,10.4,10.39,10.4,300,0
GSRFU.US,5,20251022,153000,10.45,10.45,10.45,10.45,378,0
GSRFU.US,5,20251022,154500,10.41,10.41,10.41,10.41,3500,0
GSRFU.US,5,20251022,155000,10.39,10.4,10.39,10.39,500,0
GSRFU.US,5,20251022,160500,10.38,10.39,10.36,10.36,8840,0
GSRFU.US,5,20251022,161000,10.39,10.39,10.39,10.39,100,0
GSRFU.US,5,20251022,170000,10.37,10.3752,10.37,10.3752,1200,0
GSRFU.US,5,20251022,171500,10.37,10.37,10.37,10.37,100,0
GSRFU.US,5,20251022,172500,10.37,10.37,10.37,10.37,1000,0
GSRFU.US,5,20251022,210500,10.37,10.37,10.37,10.37,200,0
GSRFU.US,5,20251022,212000,10.37,10.37,10.37,10.37,707,0
GSRFU.US,5,20251022,214000,10.38,10.38,10.37,10.37,315,0
GSRFU.US,5,20251023,162000,10.4,10.4,10.4,10.4,200,0
GSRFU.US,5,20251023,164500,10.4,10.4,10.4,10.4,100,0
GSRFU.US,5,20251023,174000,10.36,10.36,10.36,10.36,2357,0
GSRFU.US,5,20251023,193000,10.365,10.365,10.35,10.35,3657,0
GSRFU.US,5,20251023,200000,10.355,10.355,10.355,10.355,200,0
GSRFU.US,5,20251023,205500,10.355,10.355,10.355,10.355,100,0
GSRFU.US,5,20251023,213000,10.36,10.37,10.36,10.37,400,0
GSRFU.US,5,20251024,205500,10.35,10.35,10.35,10.35,106,0
GSRFU.US,5,20251024,211500,10.35,10.35,10.35,10.35,104,0
GSRFU.US,5,20251024,215000,10.37,10.37,10.37,10.37,103,0
GSRFU.US,5,20251027,144500,10.38,10.38,10.38,10.38,600,0
GSRFU.US,5,20251027,154500,10.38,10.39,10.38,10.39,200,0
GSRFU.US,5,20251027,155500,10.38,10.39,10.38,10.39,200,0
GSRFU.US,5,20251027,160500,10.38,10.38,10.37,10.38,713,0
GSRFU.US,5,20251027,162000,10.37,10.37,10.37,10.37,1100,0
GSRFU.US,5,20251027,163000,10.38,10.38,10.37,10.37,649,0
GSRFU.US,5,20251027,163500,10.38,10.38,10.38,10.38,100,0
GSRFU.US,5,20251027,164500,10.38,10.38,10.37,10.37,1049,0
GSRFU.US,5,20251027,165000,10.38,10.38,10.38,10.38,100,0
GSRFU.US,5,20251027,165500,10.37,10.37,10.37,10.37,888,0
GSRFU.US,5,20251027,170000,10.38,10.38,10.375,10.3775,403,0
GSRFU.US,5,20251027,171000,10.375,10.375,10.37,10.37,555,0
GSRFU.US,5,20251027,171500,10.38,10.38,10.38,10.38,100,0
GSRFU.US,5,20251027,172500,10.37,10.37,10.37,10.37,339,0
GSRFU.US,5,20251027,173000,10.375,10.375,10.375,10.375,100,0
GSRFU.US,5,20251027,173500,10.37,10.37,10.37,10.37,382,0
GSRFU.US,5,20251027,174000,10.375,10.375,10.375,10.375,100,0
GSRFU.US,5,20251027,174500,10.375,10.375,10.375,10.375,100,0
GSRFU.US,5,20251027,175000,10.37,10.37,10.37,10.37,672,0
GSRFU.US,5,20251027,181000,10.365,10.365,10.365,10.365,100,0
GSRFU.US,5,20251027,182500,10.375,10.375,10.375,10.375,900,0
GSRFU.US,5,20251027,183000,10.375,10.375,10.375,10.375,100,0
GSRFU.US,5,20251027,183500,10.375,10.375,10.37,10.37,1600,0
GSRFU.US,5,20251027,184500,10.375,10.375,10.375,10.375,400,0
GSRFU.US,5,20251027,190500,10.365,10.365,10.365,10.365,100,0
GSRFU.US,5,20251027,205000,10.35,10.35,10.35,10.35,112,0
GSRFU.US,5,20251028,181500,10.38,10.38,10.38,10.38,200,0
GSRFU.US,5,20251028,200000,10.35,10.35,10.35,10.35,251,0
GSRFU.US,5,20251028,205000,10.35,10.35,10.35,10.35,2000,0
GSRFU.US,5,20251028,205500,10.35,10.35,10.35,10.35,100,0
GSRFU.US,5,20251029,151000,10.38,10.38,10.38,10.38,2100,0
GSRFU.US,5,20251029,155500,10.36,10.36,10.3504,10.36,500,0
GSRFU.US,5,20251029,205000,10.35,10.35,10.35,10.35,249,0
GSRFU.US,5,20251030,155500,10.35,10.35,10.35,10.35,100,0
GSRFU.US,5,20251030,160000,10.35,10.35,10.35,10.35,430,0
GSRFU.US,5,20251030,161000,10.37,10.39,10.37,10.39,37483,0
GSRFU.US,5,20251030,162000,10.38,10.38,10.38,10.38,136,0
GSRFU.US,5,20251030,162500,10.38,10.38,10.38,10.38,303,0
GSRFU.US,5,20251030,163000,10.38,10.38,10.38,10.38,204,0
GSRFU.US,5,20251030,163500,10.38,10.38,10.38,10.38,612,0
GSRFU.US,5,20251030,164000,10.38,10.38,10.38,10.38,1222,0
GSRFU.US,5,20251030,164500,10.38,10.38,10.375,10.38,1668,0
GSRFU.US,5,20251030,165000,10.38,10.38,10.38,10.38,1166,0
GSRFU.US,5,20251030,165500,10.38,10.3859,10.38,10.38,813,0
GSRFU.US,5,20251030,170000,10.38,10.38,10.38,10.38,204,0
GSRFU.US,5,20251030,170500,10.38,10.38,10.38,10.38,204,0
GSRFU.US,5,20251030,171000,10.38,10.38,10.38,10.38,204,0
GSRFU.US,5,20251030,171500,10.38,10.38,10.38,10.38,202,0
GSRFU.US,5,20251030,172000,10.38,10.38,10.38,10.38,204,0
GSRFU.US,5,20251030,172500,10.38,10.38,10.38,10.38,444,0
GSRFU.US,5,20251030,173000,10.38,10.38,10.38,10.38,265,0
GSRFU.US,5,20251030,173500,10.38,10.38,10.38,10.38,1245,0
GSRFU.US,5,20251030,174000,10.38,10.38,10.38,10.38,800,0
GSRFU.US,5,20251030,174500,10.38,10.38,10.38,10.38,105,0
GSRFU.US,5,20251030,175000,10.38,10.38,10.38,10.38,105,0
GSRFU.US,5,20251030,180000,10.36,10.36,10.36,10.36,206,0
GSRFU.US,5,20251030,180500,10.355,10.355,10.355,10.355,200,0
GSRFU.US,5,20251030,181000,10.355,10.355,10.355,10.355,100,0
GSRFU.US,5,20251030,181500,10.355,10.355,10.355,10.355,200,0
GSRFU.US,5,20251030,182000,10.355,10.355,10.35,10.35,1381,0
GSRFU.US,5,20251030,182500,10.35,10.35,10.35,10.35,700,0
GSRFU.US,5,20251030,183000,10.35,10.35,10.35,10.35,941,0
GSRFU.US,5,20251030,183500,10.35,10.35,10.35,10.35,873,0
GSRFU.US,5,20251031,153500,10.4,10.4,10.355,10.4,32111,0
GSRFU.US,5,20251031,154000,10.405,10.405,10.405,10.405,283,0
GSRFU.US,5,20251031,155000,10.4,10.41,10.39,10.41,13321,0
GSRFU.US,5,20251031,160000,10.4,10.4,10.4,10.4,283,0
GSRFU.US,5,20251031,161000,10.4,10.4,10.4,10.4,363,0
GSRFU.US,5,20251031,161500,10.4,10.4,10.4,10.4,443,0
GSRFU.US,5,20251031,162500,10.4,10.4,10.4,10.4,443,0
GSRFU.US,5,20251031,163500,10.4,10.4,10.4,10.4,443,0
GSRFU.US,5,20251031,164000,10.4,10.4,10.4,10.4,443,0
GSRFU.US,5,20251031,165000,10.4,10.4,10.4,10.4,443,0
GSRFU.US,5,20251031,170000,10.4,10.4,10.4,10.4,443,0
GSRFU.US,5,20251031,170500,10.4,10.4,10.4,10.4,443,0
GSRFU.US,5,20251031,171000,10.4,10.4,10.4,10.4,313,0
GSRFU.US,5,20251031,171500,10.4,10.4,10.4,10.4,300,0
GSRFU.US,5,20251031,172500,10.4,10.4,10.4,10.4,300,0
GSRFU.US,5,20251031,173000,10.4,10.4,10.4,10.4,300,0
GSRFU.US,5,20251031,173500,10.4,10.4,10.4,10.4,300,0
GSRFU.US,5,20251031,174500,10.4,10.4,10.4,10.4,300,0
GSRFU.US,5,20251031,175000,10.4,10.4,10.4,10.4,300,0
GSRFU.US,5,20251031,175500,10.4,10.4,10.4,10.4,300,0
GSRFU.US,5,20251031,180500,10.4,10.4,10.4,10.4,300,0
GSRFU.US,5,20251031,181000,10.4,10.4,10.4,10.4,300,0
GSRFU.US,5,20251031,181500,10.4,10.4,10.4,10.4,300,0
GSRFU.US,5,20251031,182500,10.4,10.4,10.4,10.4,300,0
GSRFU.US,5,20251031,183000,10.4,10.4,10.4,10.4,300,0
GSRFU.US,5,20251031,183500,10.4,10.4,10.4,10.4,300,0
GSRFU.US,5,20251031,184500,10.4,10.4,10.4,10.4,300,0
GSRFU.US,5,20251031,185000,10.4,10.4,10.4,10.4,300,0
GSRFU.US,5,20251031,185500,10.4,10.4,10.4,10.4,300,0
GSRFU.US,5,20251031,190000,10.4,10.4,10.4,10.4,300,0
GSRFU.US,5,20251031,190500,10.4,10.4,10.4,10.4,300,0
GSRFU.US,5,20251031,191500,10.4,10.4,10.4,10.4,300,0
GSRFU.US,5,20251031,192000,10.4,10.4,10.4,10.4,300,0
GSRFU.US,5,20251031,192500,10.4,10.4,10.4,10.4,300,0
GSRFU.US,5,20251031,193000,10.4,10.4,10.4,10.4,300,0
GSRFU.US,5,20251031,193500,10.4,10.4,10.4,10.4,300,0
GSRFU.US,5,20251031,194000,10.4,10.4,10.4,10.4,300,0
GSRFU.US,5,20251031,194500,10.4,10.4,10.4,10.4,300,0
GSRFU.US,5,20251031,195000,10.4,10.4,10.4,10.4,300,0
GSRFU.US,5,20251031,195500,10.4,10.445,10.4,10.445,587,0
GSRFU.US,5,20251031,200000,10.4,10.4,10.4,10.4,300,0
GSRFU.US,5,20251031,200500,10.4,10.4,10.4,10.4,300,0
GSRFU.US,5,20251031,201000,10.4,10.4,10.4,10.4,300,0
GSRFU.US,5,20251031,201500,10.4,10.4,10.4,10.4,600,0
GSRFU.US,5,20251031,202000,10.4,10.4,10.4,10.4,300,0
GSRFU.US,5,20251031,202500,10.4,10.4,10.4,10.4,300,0
GSRFU.US,5,20251031,203000,10.4,10.4,10.4,10.4,600,0
GSRFU.US,5,20251031,203500,10.4,10.4,10.4,10.4,600,0
GSRFU.US,5,20251031,204000,10.4,10.4,10.4,10.4,600,0
GSRFU.US,5,20251031,204500,10.4,10.41,10.4,10.4,1200,0
GSRFU.US,5,20251031,205000,10.41,10.41,10.4,10.4,1313,0
GSRFU.US,5,20251031,205500,10.4,10.41,10.4,10.4001,3787,0
GSRFU.US,5,20251103,173000,10.4,10.4,10.4,10.4,100,0
GSRFU.US,5,20251103,204500,10.4,10.4,10.4,10.4,100,0
GSRFU.US,5,20251103,215500,10.39,10.39,10.39,10.39,100,0
GSRFU.US,5,20251104,203000,10.46,10.46,10.46,10.46,200,0
GSRFU.US,5,20251104,212000,10.35,10.35,10.35,10.35,100,0
GSRFU.US,5,20251105,160500,10.34,10.35,10.33,10.35,39880,0
GSRFU.US,5,20251113,161000,10.49,10.49,10.49,10.49,320,0
GSRFU.US,5,20251114,193500,10.3801,10.3801,10.3801,10.3801,100,0
GSRFU.US,5,20251117,184000,10.42,10.42,10.42,10.42,500,0
GSRFU.US,5,20251118,153500,10.43,10.43,10.43,10.43,300,0
GSRFU.US,5,20251118,184000,10.42,10.42,10.42,10.42,200,0
GSRFU.US,5,20251118,190500,10.42,10.42,10.42,10.42,800,0
GSRFU.US,5,20251119,153000,10.42,10.42,10.42,10.42,192,0
GSRFU.US,5,20251124,185000,10.42,10.42,10.42,10.42,200,0
GSRFU.US,5,20251124,185500,10.42,10.42,10.42,10.42,587,0
GSRFU.US,5,20251124,195000,10.42,10.42,10.42,10.42,113,0
GSRFU.US,5,20251128,153500,10.44,10.47,10.42,10.42,1800,0
GSRFU.US,5,20251128,190000,10.31,10.31,10.31,10.31,515,0
GSRFU.US,5,20251201,153000,10.31,10.31,10.31,10.31,200,0
GSRFU.US,5,20251201,172000,10.39,10.39,10.39,10.39,100,0
GSRFU.US,5,20251202,153000,10.42,10.42,10.42,10.42,586,0
GSRFU.US,5,20251202,174000,10.42,10.42,10.42,10.42,414,0
GSRFU.US,5,20251202,203500,10.35,10.35,10.35,10.35,74586,0
GSRFU.US,5,20251203,213000,10.42,10.42,10.31,10.31,2400,0
GSRFU.US,5,20251204,165000,10.4585,10.4585,10.4585,10.4585,600,0
GSRFU.US,5,20251205,161500,10.42,10.42,10.42,10.42,516,0
GSRFU.US,5,20251205,165000,10.42,10.42,10.42,10.42,300,0
GSRFU.US,5,20251205,175000,10.42,10.42,10.42,10.42,184,0
GSRFU.US,5,20251208,161000,10.42,10.42,10.42,10.42,100,0
GSRFU.US,5,20251217,195000,10.42,10.42,10.42,10.42,200,0
GSRFU.US,5,20251217,205000,10.42,10.42,10.42,10.42,200,0
GSRFU.US,5,20251217,215000,10.42,10.42,10.42,10.42,113,0
GSRFU.US,5,20251218,212000,10.42,10.42,10.42,10.42,999,0
GSRFU.US,5,20251219,161000,10.42,10.42,10.42,10.42,1000,0
GSRFU.US,5,20251222,153000,10.48,10.48,10.48,10.48,800,0
GSRFU.US,5,20251222,155000,10.36,10.36,10.35,10.35,1250,0
GSRFU.US,5,20251223,153500,10.35,10.35,10.35,10.35,1000,0
GSRFU.US,5,20251224,154000,10.35,10.35,10.35,10.35,1000,0
GSRFU.US,5,20251224,155000,10.32,10.32,10.32,10.32,200,0
GSRFU.US,5,20251224,163000,10.3258,10.34,10.3,10.34,2600,0
GSRFU.US,5,20251224,163500,10.3,10.3,10.25,10.25,1000,0
GSRFU.US,5,20251224,164500,10.3,10.3499,10.3,10.3499,300,0
GSRFU.US,5,20251224,173500,10.3085,10.3085,10.27,10.27,600,0
GSRFU.US,5,20251224,182500,10.3264,10.35,10.3,10.35,800,0
GSRFU.US,5,20251226,153000,10.35,10.42,10.35,10.35,3000,0
GSRFU.US,5,20251229,153000,10.3501,10.49,10.35,10.35,3100,0
GSRFU.US,5,20251229,192000,10.3246,10.3263,10.25,10.3,4100,0
GSRFU.US,5,20251229,201000,10.3,10.3252,10.26,10.26,2000,0
GSRFU.US,5,20251229,201500,10.3,10.3,10.3,10.3,200,0
GSRFU.US,5,20251230,153000,10.4037,10.7292,10.35,10.35,7200,0
GSRFU.US,5,20251230,153500,10.35,10.35,10.35,10.35,700,0
GSRFU.US,5,20251230,170000,10.3,10.3,10.25,10.3,1500,0
GSRFU.US,5,20251230,170500,10.3499,10.35,10.26,10.3,7390,0
GSRFU.US,5,20251231,153000,10.35,10.35,10.35,10.35,1000,0
GSRFU.US,5,20251231,180000,10.28,10.28,10.2499,10.2499,1850,0
GSRFU.US,5,20251231,192000,10.29,10.3,10.29,10.3,1200,0
GSRFU.US,5,20251231,215500,10.35,10.35,10.35,10.35,100,0
GSRFU.US,5,20260102,153000,10.45,10.6949,10.3501,10.3501,7553,0
GSRFU.US,5,20260102,153500,10.8134,10.8134,10.35,10.35,1300,0
GSRFU.US,5,20260102,161000,10.25,10.35,10.25,10.35,7500,0
GSRFU.US,5,20260102,215500,10.26,10.26,10.25,10.25,802,0
GSRFU.US,5,20260105,153000,10.35,10.6,10.35,10.35,7583,0
GSRFU.US,5,20260105,162000,10.25,10.25,10.25,10.25,500,0
GSRFU.US,5,20260105,162500,10.275,10.3139,10.25,10.275,6000,0
GSRFU.US,5,20260106,153000,10.5,10.6,10.35,10.3537,8096,0
GSRFU.US,5,20260106,160500,10.326,10.326,10.25,10.25,4500,0
GSRFU.US,5,20260106,161000,10.3,10.3,10.3,10.3,1500,0
GSRFU.US,5,20260106,162000,10.326,10.326,10.326,10.326,1500,0
GSRFU.US,5,20260107,153000,10.475,10.6,10.3501,10.36,7500,0
GSRFU.US,5,20260107,154000,10.35,10.35,10.35,10.35,919,0
GSRFU.US,5,20260107,160000,10.3,10.3499,10.25,10.3,9300,0
GSRFU.US,5,20260107,190500,10.25,10.25,10.25,10.25,292,0
GSRFU.US,5,20260107,213500,10.295,10.295,10.295,10.295,1500,0
GSRFU.US,5,20260108,153000,10.35,10.875,10.25,10.2501,7967,0
GSRFU.US,5,20260108,153500,10.428,10.875,10.25,10.2501,2996,0
GSRFU.US,5,20260108,161000,10.295,10.35,10.295,10.35,6000,0
GSRFU.US,5,20260108,161500,10.3499,10.35,10.3,10.3,3500,0
GSRFU.US,5,20260108,215000,10.35,10.35,10.35,10.35,108,0
GSRFU.US,5,20260109,153000,10.35,10.35,10.35,10.35,1001,0
GSRFU.US,5,20260112,154500,10.3,10.325,10.3,10.3,10400,0
GSRFU.US,5,20260112,171500,10.325,10.325,10.325,10.325,100,0
GSRFU.US,5,20260113,215500,10.35,10.35,10.31,10.35,2236,0
GSRFU.US,5,20260114,154500,10.35,10.35,10.3,10.35,7500,0
GSRFU.US,5,20260114,192500,10.35,10.35,10.3,10.3,201,0
GSRFU.US,5,20260115,153000,10.9,10.9,10.9,10.9,800,0
GSRFU.US,5,20260115,154000,10.35,10.35,10.35,10.35,100,0
GSRFU.US,5,20260115,165500,10.35,10.35,10.35,10.35,173,0
GSRFU.US,5,20260115,183500,10.35,10.35,10.3,10.3,10300,0
GSRFU.US,5,20260115,184500,10.35,10.58,10.35,10.58,13378,0
GSRFU.US,5,20260115,185000,10.58,10.58,10.36,10.36,1000,0
GSRFU.US,5,20260115,211500,10.36,10.36,10.36,10.36,100,0
GSRFU.US,5,20260120,210500,11,11,10.4,10.4,200,0
