<TICKER>,<PER>,<DATE>,<TIME>,<OPEN>,<HIGH>,<LOW>,<CLOSE>,<VOL>,<OPENINT>
HUIZ.US,5,20250902,160500,2.54,2.55,2.54,2.55,300,0
HUIZ.US,5,20250902,185000,2.56,2.56,2.56,2.56,200,0
HUIZ.US,5,20250902,200500,2.55,2.55,2.54,2.54,2100,0
HUIZ.US,5,20250902,201000,2.53,2.55,2.49,2.49,1500,0
HUIZ.US,5,20250902,201500,2.5,2.62,2.5,2.56,5684,0
HUIZ.US,5,20250902,202000,2.58,2.63,2.5799,2.6,2298,0
HUIZ.US,5,20250902,203000,2.5899,2.59,2.5899,2.59,1600,0
HUIZ.US,5,20250902,204000,2.6,2.6,2.6,2.6,500,0
HUIZ.US,5,20250903,154000,2.6,2.6,2.6,2.6,126,0
HUIZ.US,5,20250903,212500,2.6,2.6,2.5824,2.5824,647,0
HUIZ.US,5,20250904,200500,2.5901,2.5901,2.5901,2.5901,900,0
HUIZ.US,5,20250905,153000,2.57,2.57,2.57,2.57,100,0
HUIZ.US,5,20250905,154500,2.6544,2.6544,2.6544,2.6544,422,0
HUIZ.US,5,20250905,162500,2.5721,2.5721,2.5721,2.5721,500,0
HUIZ.US,5,20250905,165000,2.58,2.58,2.58,2.58,100,0
HUIZ.US,5,20250905,192500,2.5829,2.5829,2.5829,2.5829,100,0
HUIZ.US,5,20250908,155000,2.57,2.57,2.57,2.57,1498,0
HUIZ.US,5,20250908,160000,2.57,2.57,2.57,2.57,1900,0
HUIZ.US,5,20250908,162500,2.68,2.68,2.68,2.68,100,0
HUIZ.US,5,20250908,165000,2.6503,2.68,2.6503,2.68,1218,0
HUIZ.US,5,20250908,170000,2.6695,2.7163,2.6695,2.7163,2612,0
HUIZ.US,5,20250908,182500,2.75,2.75,2.75,2.75,1000,0
HUIZ.US,5,20250908,183000,2.68,2.68,2.65,2.66,12214,0
HUIZ.US,5,20250908,183500,2.72,2.7201,2.58,2.61,11052,0
HUIZ.US,5,20250908,184000,2.65,2.65,2.65,2.65,917,0
HUIZ.US,5,20250908,184500,2.6701,2.6701,2.6701,2.6701,1200,0
HUIZ.US,5,20250908,211000,2.68,2.7,2.68,2.7,300,0
HUIZ.US,5,20250908,212000,2.62,2.64,2.6,2.61,1796,0
HUIZ.US,5,20250908,212500,2.595,2.62,2.595,2.62,2300,0
HUIZ.US,5,20250908,214500,2.67,2.67,2.67,2.67,300,0
HUIZ.US,5,20250909,161500,2.64,2.68,2.64,2.68,600,0
HUIZ.US,5,20250909,162000,2.68,2.68,2.68,2.68,1069,0
HUIZ.US,5,20250909,170000,2.78,2.78,2.78,2.78,100,0
HUIZ.US,5,20250909,174000,2.602,2.636,2.602,2.62,600,0
HUIZ.US,5,20250909,210000,2.78,2.78,2.751,2.779,1600,0
HUIZ.US,5,20250910,154000,2.75,2.79,2.75,2.7819,700,0
HUIZ.US,5,20250910,160000,2.7222,2.7222,2.7222,2.7222,108,0
HUIZ.US,5,20250910,161000,2.77,2.77,2.77,2.77,100,0
HUIZ.US,5,20250910,180000,2.72,2.72,2.72,2.72,100,0
HUIZ.US,5,20250910,191500,2.74,2.74,2.74,2.74,100,0
HUIZ.US,5,20250910,212000,2.73,2.73,2.73,2.73,100,0
HUIZ.US,5,20250911,154500,2.7205,2.7205,2.7205,2.7205,126,0
HUIZ.US,5,20250911,160500,2.7,2.72,2.7,2.72,300,0
HUIZ.US,5,20250911,163500,2.74,2.74,2.74,2.74,229,0
HUIZ.US,5,20250911,170500,2.74,2.74,2.73,2.74,5600,0
HUIZ.US,5,20250911,171000,2.71,2.73,2.705,2.73,4900,0
HUIZ.US,5,20250911,171500,2.75,2.8,2.75,2.8,6698,0
HUIZ.US,5,20250911,172000,2.79,2.83,2.715,2.83,6928,0
HUIZ.US,5,20250911,172500,2.82,2.82,2.73,2.73,1300,0
HUIZ.US,5,20250911,173000,2.79,2.79,2.79,2.79,300,0
HUIZ.US,5,20250911,174000,2.81,2.83,2.81,2.8101,3034,0
HUIZ.US,5,20250911,174500,2.76,2.79,2.76,2.79,300,0
HUIZ.US,5,20250911,175500,2.76,2.76,2.76,2.76,100,0
HUIZ.US,5,20250911,180000,2.81,2.81,2.81,2.81,100,0
HUIZ.US,5,20250911,180500,2.82,2.82,2.82,2.82,100,0
HUIZ.US,5,20250911,181500,2.79,2.79,2.79,2.79,100,0
HUIZ.US,5,20250911,182500,2.81,2.81,2.81,2.81,300,0
HUIZ.US,5,20250911,183000,2.81,2.81,2.81,2.81,163,0
HUIZ.US,5,20250911,184000,2.8,2.8,2.8,2.8,1000,0
HUIZ.US,5,20250911,184500,2.8033,2.8033,2.8033,2.8033,177,0
HUIZ.US,5,20250911,185000,2.81,2.81,2.8,2.81,1231,0
HUIZ.US,5,20250911,185500,2.82,2.82,2.81,2.81,624,0
HUIZ.US,5,20250911,190000,2.805,2.805,2.805,2.805,100,0
HUIZ.US,5,20250911,191000,2.81,2.81,2.81,2.81,200,0
HUIZ.US,5,20250911,192000,2.82,2.82,2.82,2.82,100,0
HUIZ.US,5,20250911,193500,2.83,2.83,2.81,2.81,524,0
HUIZ.US,5,20250911,194000,2.8076,2.8076,2.8076,2.8076,100,0
HUIZ.US,5,20250911,194500,2.83,2.83,2.8227,2.8227,552,0
HUIZ.US,5,20250911,195000,2.83,2.83,2.83,2.83,400,0
HUIZ.US,5,20250911,201500,2.8,2.8,2.8,2.8,300,0
HUIZ.US,5,20250911,202500,2.83,2.83,2.83,2.83,200,0
HUIZ.US,5,20250911,204500,2.83,2.83,2.83,2.83,1500,0
HUIZ.US,5,20250911,210500,2.83,2.83,2.83,2.83,100,0
HUIZ.US,5,20250911,211000,2.83,2.83,2.77,2.78,1000,0
HUIZ.US,5,20250911,211500,2.795,2.795,2.795,2.795,100,0
HUIZ.US,5,20250911,212000,2.8053,2.8053,2.8053,2.8053,250,0
HUIZ.US,5,20250911,213000,2.795,2.795,2.795,2.795,100,0
HUIZ.US,5,20250911,213500,2.8134,2.8134,2.8134,2.8134,1000,0
HUIZ.US,5,20250911,214000,2.83,2.83,2.83,2.83,100,0
HUIZ.US,5,20250911,214500,2.795,2.795,2.795,2.795,100,0
HUIZ.US,5,20250911,215500,2.8259,2.83,2.8259,2.83,1083,0
HUIZ.US,5,20250912,153000,3.5,3.79,3.4893,3.626,135294,0
HUIZ.US,5,20250912,153500,3.61,3.63,3.3,3.3,79450,0
HUIZ.US,5,20250912,154000,3.308,3.4,3.3,3.32,57924,0
HUIZ.US,5,20250912,154500,3.3142,3.5,3.31,3.47,41060,0
HUIZ.US,5,20250912,155000,3.4201,3.59,3.4,3.43,41421,0
HUIZ.US,5,20250912,155500,3.438,3.7,3.438,3.6201,26809,0
HUIZ.US,5,20250912,160000,3.655,4.3,3.5699,3.855,626209,0
HUIZ.US,5,20250912,160500,3.86,3.89,3.63,3.6801,170194,0
HUIZ.US,5,20250912,161000,3.7,3.72,3.55,3.63,100223,0
HUIZ.US,5,20250912,161500,3.614,3.64,3.48,3.55,52170,0
HUIZ.US,5,20250912,162000,3.55,3.8399,3.5401,3.7,65701,0
HUIZ.US,5,20250912,162500,3.73,3.89,3.69,3.78,58842,0
HUIZ.US,5,20250912,163000,3.8034,3.9399,3.71,3.9145,71593,0
HUIZ.US,5,20250912,163500,3.9158,4.17,3.8,3.95,153772,0
HUIZ.US,5,20250912,164000,3.95,4.0403,3.8808,3.89,78857,0
HUIZ.US,5,20250912,164500,3.871,4.16,3.871,4.16,158053,0
HUIZ.US,5,20250912,165000,4.16,4.53,4.13,4.2,985557,0
HUIZ.US,5,20250912,165500,4.2325,4.29,3.83,3.86,318110,0
HUIZ.US,5,20250912,170000,3.8608,4.0296,3.854,3.9601,84331,0
HUIZ.US,5,20250912,170500,3.96,4.2,3.96,4.1501,86066,0
HUIZ.US,5,20250912,171000,4.16,4.16,3.96,4.05,98743,0
HUIZ.US,5,20250912,171500,4.04,4.26,4.04,4.1541,114379,0
HUIZ.US,5,20250912,172000,4.1501,4.38,4.1,4.35,240382,0
HUIZ.US,5,20250912,172500,4.35,4.3598,3.95,4.06,182929,0
HUIZ.US,5,20250912,173000,4.1014,4.13,4.05,4.08,54461,0
HUIZ.US,5,20250912,173500,4.0816,4.1294,4.05,4.05,45814,0
HUIZ.US,5,20250912,174000,4.05,4.23,4.05,4.165,77864,0
HUIZ.US,5,20250912,174500,4.19,4.19,4,4.0151,47091,0
HUIZ.US,5,20250912,175000,4.0622,4.08,3.7,3.7399,90917,0
HUIZ.US,5,20250912,175500,3.72,4.03,3.68,3.76,93384,0
HUIZ.US,5,20250912,180000,3.76,3.95,3.7187,3.81,56226,0
HUIZ.US,5,20250912,180500,3.818,3.9378,3.818,3.9299,22622,0
HUIZ.US,5,20250912,181000,3.92,3.94,3.8764,3.91,21211,0
HUIZ.US,5,20250912,181500,3.9,3.932,3.84,3.84,11594,0
HUIZ.US,5,20250912,182000,3.85,3.85,3.7001,3.81,30710,0
HUIZ.US,5,20250912,182500,3.81,3.9,3.7822,3.8824,6205,0
HUIZ.US,5,20250912,183000,3.86,4.08,3.86,3.9908,58449,0
HUIZ.US,5,20250912,183500,3.9793,4.06,3.87,4.02,34787,0
HUIZ.US,5,20250912,184000,3.99,4,3.885,3.885,7441,0
HUIZ.US,5,20250912,184500,3.885,3.99,3.8,3.9404,16181,0
HUIZ.US,5,20250912,185000,3.97,4,3.85,3.8603,14673,0
HUIZ.US,5,20250912,185500,3.8681,3.93,3.85,3.88,10940,0
HUIZ.US,5,20250912,190000,3.8961,3.8961,3.8107,3.84,16525,0
HUIZ.US,5,20250912,190500,3.845,3.8712,3.815,3.85,1879,0
HUIZ.US,5,20250912,191000,3.8401,3.935,3.82,3.89,21582,0
HUIZ.US,5,20250912,191500,3.89,3.9299,3.85,3.89,11930,0
HUIZ.US,5,20250912,192000,3.9,3.92,3.88,3.9,2808,0
HUIZ.US,5,20250912,192500,3.92,3.93,3.87,3.92,24855,0
HUIZ.US,5,20250912,193000,3.93,4.0556,3.91,4.0556,13224,0
HUIZ.US,5,20250912,193500,4.045,4.05,3.9761,3.994,6868,0
HUIZ.US,5,20250912,194000,3.985,3.994,3.9,3.93,9367,0
HUIZ.US,5,20250912,194500,3.9,3.93,3.86,3.92,18289,0
HUIZ.US,5,20250912,195000,3.8722,3.97,3.8501,3.9579,6690,0
HUIZ.US,5,20250912,195500,3.945,4.03,3.92,4.03,5215,0
HUIZ.US,5,20250912,200000,4,4.065,3.97,4.04,22143,0
HUIZ.US,5,20250912,200500,4.0555,4.1,4.0114,4.065,23266,0
HUIZ.US,5,20250912,201000,4.05,4.09,4.0301,4.09,11554,0
HUIZ.US,5,20250912,201500,4.0999,4.2,4.0999,4.15,45612,0
HUIZ.US,5,20250912,202000,4.1484,4.21,4.04,4.19,40953,0
HUIZ.US,5,20250912,202500,4.193936,4.235,4.15,4.202,29400,0
HUIZ.US,5,20250912,203000,4.2008,4.255,4.1505,4.19,35664,0
HUIZ.US,5,20250912,203500,4.184,4.1859,4.06,4.108,36161,0
HUIZ.US,5,20250912,204000,4.1008,4.17,4.1,4.145,8206,0
HUIZ.US,5,20250912,204500,4.1458,4.15,4.11,4.1101,4257,0
HUIZ.US,5,20250912,205000,4.13,4.13,4.06,4.098,6776,0
HUIZ.US,5,20250912,205500,4.09,4.134,4.068,4.12,5362,0
HUIZ.US,5,20250912,210000,4.095,4.2,3.97,4.11,45695,0
HUIZ.US,5,20250912,210500,4.13,4.15,4.0351,4.085,2310,0
HUIZ.US,5,20250912,211000,4.07,4.105,4.0001,4.055,13198,0
HUIZ.US,5,20250912,211500,4.055,4.115,4.02,4.03,4007,0
HUIZ.US,5,20250912,212000,4.02,4.03,4.02,4.03,1106,0
HUIZ.US,5,20250912,212500,4.05,4.07,3.97,4.0012,23561,0
HUIZ.US,5,20250912,213000,4.0207,4.168,3.836,4.055,49209,0
HUIZ.US,5,20250912,213500,4.06,4.13,4.011,4.117487,3732,0
HUIZ.US,5,20250912,214000,4.1002,4.1002,4.04,4.06,8587,0
HUIZ.US,5,20250912,214500,4.065,4.16,4.02,4.11,41710,0
HUIZ.US,5,20250912,215000,4.15,4.25,4.11,4.2101,40383,0
HUIZ.US,5,20250912,215500,4.23,4.35,4.21,4.21,99349,0
HUIZ.US,5,20250915,153000,4.02,4.03,3.84,3.84,12010,0
HUIZ.US,5,20250915,153500,3.99,3.99,3.9001,3.93,1434,0
HUIZ.US,5,20250915,154000,3.8055,4.08,3.8055,4.08,15602,0
HUIZ.US,5,20250915,154500,4.0799,4.09,4,4.0218,7979,0
HUIZ.US,5,20250915,155000,3.99,4,3.95,4,3769,0
HUIZ.US,5,20250915,155500,3.98,3.98,3.935,3.935,5457,0
HUIZ.US,5,20250915,160000,3.895,3.96,3.895,3.96,2848,0
HUIZ.US,5,20250915,160500,3.89,3.89,3.7,3.7,7033,0
HUIZ.US,5,20250915,161000,3.7501,3.7501,3.66,3.66,3078,0
HUIZ.US,5,20250915,161500,3.6201,3.63,3.58,3.58,8207,0
HUIZ.US,5,20250915,162000,3.6,3.61,3.6,3.61,3400,0
HUIZ.US,5,20250915,162500,3.63,3.6966,3.61,3.6966,4051,0
HUIZ.US,5,20250915,163000,3.6203,3.7764,3.6203,3.7223,3813,0
HUIZ.US,5,20250915,163500,3.72,3.72,3.72,3.72,743,0
HUIZ.US,5,20250915,164000,3.69,3.69,3.68,3.68,581,0
HUIZ.US,5,20250915,164500,3.6506,3.6506,3.6304,3.65,4800,0
HUIZ.US,5,20250915,165000,3.65,3.651,3.61,3.65,3048,0
HUIZ.US,5,20250915,165500,3.6687,3.68,3.641,3.641,629,0
HUIZ.US,5,20250915,170000,3.6547,3.7,3.6519,3.7,457,0
HUIZ.US,5,20250915,170500,3.68,3.73,3.6327,3.65,1020,0
HUIZ.US,5,20250915,171000,3.645,3.645,3.645,3.645,225,0
HUIZ.US,5,20250915,171500,3.65,3.6794,3.61,3.6794,2589,0
HUIZ.US,5,20250915,172000,3.6201,3.6201,3.61,3.611,2470,0
HUIZ.US,5,20250915,172500,3.61,3.61,3.61,3.61,415,0
HUIZ.US,5,20250915,173000,3.65,3.6503,3.65,3.6503,730,0
HUIZ.US,5,20250915,174000,3.62,3.62,3.62,3.62,110,0
HUIZ.US,5,20250915,174500,3.61,3.6305,3.61,3.6305,2426,0
HUIZ.US,5,20250915,175000,3.68,3.7493,3.67,3.67,2464,0
HUIZ.US,5,20250915,180000,3.73,3.75,3.59,3.59,5935,0
HUIZ.US,5,20250915,180500,3.613665,3.613665,3.613665,3.613665,2339,0
HUIZ.US,5,20250915,181000,3.63,3.63,3.63,3.63,271,0
HUIZ.US,5,20250915,181500,3.63,3.66,3.63,3.66,1480,0
HUIZ.US,5,20250915,182500,3.645,3.6599,3.645,3.6599,1858,0
HUIZ.US,5,20250915,183000,3.633,3.633,3.633,3.633,210,0
HUIZ.US,5,20250915,183500,3.63,3.63,3.57,3.57,3497,0
HUIZ.US,5,20250915,184000,3.56,3.56,3.51,3.5102,9354,0
HUIZ.US,5,20250915,184500,3.51,3.51,3.51,3.51,877,0
HUIZ.US,5,20250915,185000,3.51,3.55,3.5,3.54,2597,0
HUIZ.US,5,20250915,185500,3.53,3.54,3.5,3.54,7390,0
HUIZ.US,5,20250915,190000,3.55,3.55,3.51,3.52,1090,0
HUIZ.US,5,20250915,190500,3.51,3.51,3.51,3.51,500,0
HUIZ.US,5,20250915,191000,3.5102,3.55,3.51,3.51,2886,0
HUIZ.US,5,20250915,191500,3.5,3.5,3.48,3.4914,2880,0
HUIZ.US,5,20250915,192500,3.5,3.56,3.499,3.56,3360,0
HUIZ.US,5,20250915,193000,3.51,3.59,3.51,3.5273,1838,0
HUIZ.US,5,20250915,194000,3.58,3.58,3.58,3.58,200,0
HUIZ.US,5,20250915,195500,3.4801,3.535,3.4801,3.535,300,0
HUIZ.US,5,20250915,200000,3.5,3.58,3.5,3.58,215,0
HUIZ.US,5,20250915,201000,3.48,3.57,3.46,3.53,3633,0
HUIZ.US,5,20250915,201500,3.4601,3.5,3.4601,3.47,10815,0
HUIZ.US,5,20250915,202000,3.47,3.47,3.46,3.4601,894,0
HUIZ.US,5,20250915,202500,3.485,3.4968,3.485,3.49,9179,0
HUIZ.US,5,20250915,203500,3.49,3.49,3.47,3.47,700,0
HUIZ.US,5,20250915,204000,3.485,3.4871,3.47,3.47,5441,0
HUIZ.US,5,20250915,204500,3.47,3.47,3.47,3.47,500,0
HUIZ.US,5,20250915,205000,3.485,3.485,3.485,3.485,182,0
HUIZ.US,5,20250915,205500,3.47,3.47,3.47,3.47,131,0
HUIZ.US,5,20250915,210000,3.47,3.48,3.47,3.48,200,0
HUIZ.US,5,20250915,210500,3.47,3.485,3.47,3.47,500,0
HUIZ.US,5,20250915,211000,3.47,3.5,3.47,3.5,491,0
HUIZ.US,5,20250915,211500,3.51,3.51,3.51,3.51,286,0
HUIZ.US,5,20250915,212000,3.51,3.51,3.51,3.51,100,0
HUIZ.US,5,20250915,213000,3.51,3.51,3.47,3.5,1028,0
HUIZ.US,5,20250915,213500,3.56,3.58,3.56,3.56,982,0
HUIZ.US,5,20250915,214000,3.55,3.57,3.55,3.57,364,0
HUIZ.US,5,20250915,215000,3.51,3.56,3.5,3.52,2271,0
HUIZ.US,5,20250915,215500,3.56,3.58,3.5,3.53,10876,0
HUIZ.US,5,20250916,153000,3.38,3.4,3.35,3.4,4634,0
HUIZ.US,5,20250916,153500,3.41,3.425,3.41,3.425,1086,0
HUIZ.US,5,20250916,154000,3.4,3.5075,3.4,3.5075,5485,0
HUIZ.US,5,20250916,154500,3.5,3.59,3.5,3.59,9523,0
HUIZ.US,5,20250916,155000,3.65,3.7412,3.64,3.7,5969,0
HUIZ.US,5,20250916,155500,3.71,3.74,3.71,3.74,550,0
HUIZ.US,5,20250916,160000,3.735,3.75,3.727,3.75,3000,0
HUIZ.US,5,20250916,160500,3.73,3.74,3.72,3.72,4204,0
HUIZ.US,5,20250916,161000,3.74,3.85,3.74,3.8001,11034,0
HUIZ.US,5,20250916,161500,3.8007,3.86,3.8007,3.8507,1200,0
HUIZ.US,5,20250916,162000,3.85,3.85,3.8,3.8,10388,0
HUIZ.US,5,20250916,162500,3.7388,3.7388,3.72,3.72,974,0
HUIZ.US,5,20250916,163000,3.72,3.72,3.5274,3.5942,2655,0
HUIZ.US,5,20250916,163500,3.5931,3.5931,3.5931,3.5931,710,0
HUIZ.US,5,20250916,164000,3.68,3.85,3.68,3.7001,19812,0
HUIZ.US,5,20250916,164500,3.71,3.71,3.71,3.71,300,0
HUIZ.US,5,20250916,165000,3.7234,3.7234,3.7234,3.7234,106,0
HUIZ.US,5,20250916,170000,3.78,3.8,3.78,3.8,200,0
HUIZ.US,5,20250916,171000,3.823,3.823,3.77,3.77,2934,0
HUIZ.US,5,20250916,171500,3.8018,3.8018,3.8018,3.8018,455,0
HUIZ.US,5,20250916,172000,3.8,3.86,3.8,3.86,1606,0
HUIZ.US,5,20250916,172500,3.86,3.9,3.8537,3.8537,8767,0
HUIZ.US,5,20250916,173000,3.86,3.86,3.795,3.85,1588,0
HUIZ.US,5,20250916,174500,3.83,3.86,3.71,3.86,960,0
HUIZ.US,5,20250916,175000,3.738,3.76,3.738,3.76,2807,0
HUIZ.US,5,20250916,175500,3.85,3.9,3.85,3.9,3190,0
HUIZ.US,5,20250916,180500,3.82,3.82,3.82,3.82,100,0
HUIZ.US,5,20250916,181000,3.83,3.86,3.83,3.86,986,0
HUIZ.US,5,20250916,182000,3.85,3.85,3.84,3.84,200,0
HUIZ.US,5,20250916,182500,3.8402,3.8402,3.8402,3.8402,317,0
HUIZ.US,5,20250916,183000,3.82,3.8202,3.82,3.8202,1057,0
HUIZ.US,5,20250916,184000,3.71,3.73,3.71,3.73,300,0
HUIZ.US,5,20250916,184500,3.74,3.75,3.7201,3.7201,1396,0
HUIZ.US,5,20250916,185000,3.7227,3.7227,3.62,3.65,2151,0
HUIZ.US,5,20250916,185500,3.65,3.65,3.65,3.65,593,0
HUIZ.US,5,20250916,190500,3.6358,3.6358,3.6358,3.6358,441,0
HUIZ.US,5,20250916,191500,3.75,3.75,3.75,3.75,200,0
HUIZ.US,5,20250916,193500,3.82,3.82,3.79,3.82,5200,0
HUIZ.US,5,20250916,194500,3.6996,3.6996,3.6996,3.6996,160,0
HUIZ.US,5,20250916,201500,3.82,3.889937,3.82,3.889937,4288,0
HUIZ.US,5,20250916,202000,3.7897,3.7926,3.7897,3.7926,300,0
HUIZ.US,5,20250916,203500,3.83,3.83,3.83,3.83,250,0
HUIZ.US,5,20250916,204000,3.79,3.8,3.79,3.8,3962,0
HUIZ.US,5,20250916,204500,3.85,3.85,3.85,3.85,100,0
HUIZ.US,5,20250916,210000,3.88,3.88,3.88,3.88,800,0
HUIZ.US,5,20250916,210500,3.8959,3.94,3.8959,3.91,2734,0
HUIZ.US,5,20250916,211000,3.8806,3.8806,3.8806,3.8806,941,0
HUIZ.US,5,20250916,211500,3.9,3.9,3.9,3.9,100,0
HUIZ.US,5,20250916,212000,3.9,3.9,3.9,3.9,100,0
HUIZ.US,5,20250916,213000,3.93,3.93,3.93,3.93,295,0
HUIZ.US,5,20250916,213500,3.9075,3.9075,3.9075,3.9075,129,0
HUIZ.US,5,20250916,214000,3.9,3.9174,3.9,3.9174,500,0
HUIZ.US,5,20250916,214500,3.94,3.96,3.9,3.96,11607,0
HUIZ.US,5,20250916,215000,3.905,3.905,3.8513,3.9,2911,0
HUIZ.US,5,20250916,215500,3.9299,3.93,3.85,3.85,6341,0
HUIZ.US,5,20250917,153000,3.6,3.72,3.3,3.31,18605,0
HUIZ.US,5,20250917,153500,3.33,3.5119,3.06,3.35,17653,0
HUIZ.US,5,20250917,154000,3.3,3.35,3.3,3.35,200,0
HUIZ.US,5,20250917,154500,3.37,3.37,3.12,3.12,9249,0
HUIZ.US,5,20250917,155000,3.35,3.39,3.288,3.288,2557,0
HUIZ.US,5,20250917,155500,3.31,3.46,3.2,3.2001,12509,0
HUIZ.US,5,20250917,160000,3.2,3.33,3.12,3.14,6557,0
HUIZ.US,5,20250917,160500,3.13,3.13,2.95,2.95,12245,0
HUIZ.US,5,20250917,161000,3.01,3.28,3.01,3.28,1397,0
HUIZ.US,5,20250917,161500,3.28,3.2864,3.28,3.2864,298,0
HUIZ.US,5,20250917,162000,3.23,3.23,3.2126,3.2126,448,0
HUIZ.US,5,20250917,162500,3.1001,3.1001,3.08,3.1,7748,0
HUIZ.US,5,20250917,163500,3.1647,3.2,3.1647,3.2,844,0
HUIZ.US,5,20250917,164000,3.2,3.2688,3.161,3.161,3329,0
HUIZ.US,5,20250917,164500,3.2314,3.2377,3.2314,3.2377,616,0
HUIZ.US,5,20250917,165000,3.2561,3.28,3.215,3.2798,1550,0
HUIZ.US,5,20250917,165500,3.1545,3.1545,3.13,3.15,9292,0
HUIZ.US,5,20250917,170000,3.15,3.15,3.1,3.1,1831,0
HUIZ.US,5,20250917,170500,3.075,3.075,3.02,3.03,6677,0
HUIZ.US,5,20250917,171000,3.06,3.2683,3,3.1,6874,0
HUIZ.US,5,20250917,171500,3.2,3.2,3.15,3.15,1368,0
HUIZ.US,5,20250917,172000,3.11,3.11,3.11,3.11,100,0
HUIZ.US,5,20250917,172500,3.1947,3.1947,3.1947,3.1947,642,0
HUIZ.US,5,20250917,174000,3.15,3.2098,3.15,3.2098,3600,0
HUIZ.US,5,20250917,175000,3.15,3.15,3.15,3.15,514,0
HUIZ.US,5,20250917,180000,3.2,3.21,3.2,3.21,1064,0
HUIZ.US,5,20250917,180500,3.2099,3.2099,3.2099,3.2099,215,0
HUIZ.US,5,20250917,181000,3.2,3.2072,3.2,3.2072,700,0
HUIZ.US,5,20250917,182000,3.18,3.2,3.18,3.2,500,0
HUIZ.US,5,20250917,182500,3.204,3.2046,3.182,3.182,1101,0
HUIZ.US,5,20250917,184000,3.198,3.198,3.198,3.198,342,0
HUIZ.US,5,20250917,185500,3.19,3.28,3.19,3.28,10893,0
HUIZ.US,5,20250917,190000,3.279,3.3,3.279,3.28,1446,0
HUIZ.US,5,20250917,190500,3.3,3.3,3.2444,3.2444,5989,0
HUIZ.US,5,20250917,192000,3.2414,3.34,3.2414,3.32,1633,0
HUIZ.US,5,20250917,193000,3.31,3.31,3.3,3.3,395,0
HUIZ.US,5,20250917,193500,3.33,3.33,3.3,3.3127,1580,0
HUIZ.US,5,20250917,194500,3.26,3.26,3.26,3.26,100,0
HUIZ.US,5,20250917,195500,3.27,3.27,3.27,3.27,100,0
HUIZ.US,5,20250917,200000,3.305,3.305,3.305,3.305,200,0
HUIZ.US,5,20250917,200500,3.305,3.305,3.3,3.3,600,0
HUIZ.US,5,20250917,201000,3.308,3.308,3.15,3.16,7958,0
HUIZ.US,5,20250917,201500,3.18,3.18,3.18,3.18,100,0
HUIZ.US,5,20250917,202500,3.18,3.18,3.18,3.18,100,0
HUIZ.US,5,20250917,203000,3.2,3.2,3.2,3.2,200,0
HUIZ.US,5,20250917,203500,3.18,3.18,3.18,3.18,100,0
HUIZ.US,5,20250917,204500,3.18,3.18,3.18,3.18,100,0
HUIZ.US,5,20250917,205500,3.18,3.18,3.18,3.18,100,0
HUIZ.US,5,20250917,210000,3.21,3.21,3.21,3.21,238,0
HUIZ.US,5,20250917,211500,3.18,3.18,3.18,3.18,137,0
HUIZ.US,5,20250917,212500,3.2,3.2,3.2,3.2,500,0
HUIZ.US,5,20250917,213000,3.204,3.204,3.18,3.18,1960,0
HUIZ.US,5,20250917,213500,3.18,3.2,3.15,3.15,963,0
HUIZ.US,5,20250917,214000,3.15,3.15,3.15,3.15,325,0
HUIZ.US,5,20250917,214500,3.215,3.215,3.19,3.19,200,0
HUIZ.US,5,20250917,215000,3.1901,3.1901,3.19,3.19,200,0
HUIZ.US,5,20250917,215500,3.2299,3.2299,3.12,3.12,2156,0
HUIZ.US,5,20250918,153000,3.13,3.21,3.13,3.21,4212,0
HUIZ.US,5,20250918,153500,3.1812,3.21,3.1812,3.21,260,0
HUIZ.US,5,20250918,154000,3.21,3.21,3.21,3.21,906,0
HUIZ.US,5,20250918,154500,3.225,3.225,3.225,3.225,2000,0
HUIZ.US,5,20250918,155000,3.225,3.24,3.21,3.21,905,0
HUIZ.US,5,20250918,155500,3.21,3.24,3.21,3.24,746,0
HUIZ.US,5,20250918,160500,3.26,3.26,3.2104,3.2104,2181,0
HUIZ.US,5,20250918,161500,3.29,3.38,3.29,3.33,2221,0
HUIZ.US,5,20250918,162000,3.47,3.48,3.4,3.475973,2972,0
HUIZ.US,5,20250918,162500,3.4326,3.4326,3.4,3.4,755,0
HUIZ.US,5,20250918,163000,3.2313,3.3387,3.23,3.3387,1142,0
HUIZ.US,5,20250918,163500,3.2606,3.39,3.2606,3.39,1666,0
HUIZ.US,5,20250918,164000,3.3933,3.3933,3.3,3.3,580,0
HUIZ.US,5,20250918,164500,3.39,3.46,3.39,3.45,2614,0
HUIZ.US,5,20250918,165000,3.42,3.49,3.42,3.47,3837,0
HUIZ.US,5,20250918,170500,3.4376,3.6,3.42,3.6,13069,0
HUIZ.US,5,20250918,171000,3.57,3.57,3.47,3.47,900,0
HUIZ.US,5,20250918,171500,3.52,3.52,3.41,3.5,7951,0
HUIZ.US,5,20250918,172000,3.5,3.6,3.5,3.6,1482,0
HUIZ.US,5,20250918,172500,3.56,3.56,3.55,3.55,538,0
HUIZ.US,5,20250918,173500,3.56,3.59,3.56,3.59,1466,0
HUIZ.US,5,20250918,174000,3.49,3.53,3.4801,3.4801,1462,0
HUIZ.US,5,20250918,175000,3.58,3.58,3.56,3.56,700,0
HUIZ.US,5,20250918,175500,3.5088,3.5088,3.5088,3.5088,199,0
HUIZ.US,5,20250918,180500,3.49,3.49,3.48,3.49,646,0
HUIZ.US,5,20250918,181000,3.46,3.5,3.46,3.5,3708,0
HUIZ.US,5,20250918,183000,3.37,3.42,3.3409,3.3409,5500,0
HUIZ.US,5,20250918,185000,3.4,3.42,3.4,3.42,350,0
HUIZ.US,5,20250918,185500,3.539,3.539,3.42,3.42,1100,0
HUIZ.US,5,20250918,193500,3.33,3.33,3.33,3.33,100,0
HUIZ.US,5,20250918,194000,3.3777,3.3777,3.3777,3.3777,100,0
HUIZ.US,5,20250918,195500,3.48,3.485,3.48,3.485,768,0
HUIZ.US,5,20250918,201000,3.4536,3.4536,3.4536,3.4536,322,0
HUIZ.US,5,20250918,202000,3.46,3.46,3.41,3.45,2300,0
HUIZ.US,5,20250918,202500,3.4041,3.4041,3.4041,3.4041,500,0
HUIZ.US,5,20250918,203000,3.455,3.455,3.455,3.455,500,0
HUIZ.US,5,20250918,204500,3.45,3.45,3.45,3.45,200,0
HUIZ.US,5,20250918,205000,3.5,3.5,3.5,3.5,200,0
HUIZ.US,5,20250918,205500,3.4889,3.4889,3.4016,3.4016,1500,0
HUIZ.US,5,20250918,210000,3.376,3.376,3.376,3.376,3000,0
HUIZ.US,5,20250918,212500,3.33,3.33,3.33,3.33,100,0
HUIZ.US,5,20250918,213000,3.4,3.4,3.4,3.4,100,0
HUIZ.US,5,20250918,213500,3.33,3.33,3.33,3.33,100,0
HUIZ.US,5,20250918,214000,3.48,3.55,3.45,3.52,1700,0
HUIZ.US,5,20250918,214500,3.5174,3.535,3.4,3.41,5702,0
HUIZ.US,5,20250918,215000,3.3,3.3,3.27,3.27,200,0
HUIZ.US,5,20250918,215500,3.27,3.305,3.27,3.305,200,0
HUIZ.US,5,20250919,153000,3.25,3.4546,3.25,3.35,588,0
HUIZ.US,5,20250919,154000,3.36,3.36,3.3513,3.3513,1075,0
HUIZ.US,5,20250919,155500,3.37,3.37,3.361,3.361,300,0
HUIZ.US,5,20250919,160000,3.45,3.45,3.45,3.45,249,0
HUIZ.US,5,20250919,160500,3.45,3.45,3.22,3.23,3239,0
HUIZ.US,5,20250919,164000,3.2682,3.2682,3.2682,3.2682,625,0
HUIZ.US,5,20250919,165500,3.3047,3.3047,3.3047,3.3047,300,0
HUIZ.US,5,20250919,170500,3.26,3.26,3.26,3.26,431,0
HUIZ.US,5,20250919,171500,3.26,3.37,3.22,3.37,935,0
HUIZ.US,5,20250919,172500,3.4,3.4,3.4,3.4,320,0
HUIZ.US,5,20250919,174000,3.43,3.43,3.43,3.43,620,0
HUIZ.US,5,20250919,175500,3.42,3.42,3.37,3.37,200,0
HUIZ.US,5,20250919,182500,3.38,3.38,3.38,3.38,100,0
HUIZ.US,5,20250919,183500,3.4397,3.45,3.4,3.45,1984,0
HUIZ.US,5,20250919,184000,3.4474,3.4474,3.4474,3.4474,3000,0
HUIZ.US,5,20250919,184500,3.41,3.41,3.41,3.41,500,0
HUIZ.US,5,20250919,185000,3.49,3.49,3.49,3.49,500,0
HUIZ.US,5,20250919,185500,3.5,3.5,3.4921,3.4921,1200,0
HUIZ.US,5,20250919,190000,3.451,3.451,3.45,3.45,382,0
HUIZ.US,5,20250919,191000,3.46,3.46,3.46,3.46,100,0
HUIZ.US,5,20250919,192000,3.47,3.47,3.47,3.47,177,0
HUIZ.US,5,20250919,192500,3.4897,3.5,3.4897,3.5,1661,0
HUIZ.US,5,20250919,194000,3.52,3.52,3.52,3.52,100,0
HUIZ.US,5,20250919,194500,3.45,3.48,3.32,3.465,11732,0
HUIZ.US,5,20250919,195500,3.5682,3.5682,3.5682,3.5682,240,0
HUIZ.US,5,20250919,200000,3.475,3.475,3.475,3.475,100,0
HUIZ.US,5,20250919,202000,3.445,3.445,3.445,3.445,100,0
HUIZ.US,5,20250919,203000,3.55,3.555,3.445,3.445,1100,0
HUIZ.US,5,20250919,205000,3.415,3.415,3.33,3.33,2700,0
HUIZ.US,5,20250919,210500,3.45,3.45,3.45,3.45,500,0
HUIZ.US,5,20250919,212000,3.465,3.465,3.465,3.465,100,0
HUIZ.US,5,20250919,215500,3.46,3.5,3.41,3.41,6367,0
HUIZ.US,5,20250922,153000,3.34,3.34,3.33,3.33,248,0
HUIZ.US,5,20250922,153500,3.34,3.34,3.34,3.34,940,0
HUIZ.US,5,20250922,154000,3.3325,3.34,3.3325,3.34,450,0
HUIZ.US,5,20250922,154500,3.33,3.33,3.33,3.33,100,0
HUIZ.US,5,20250922,155000,3.33,3.33,3.33,3.33,100,0
HUIZ.US,5,20250922,164000,3.33,3.33,3.33,3.33,2000,0
HUIZ.US,5,20250922,164500,3.34,3.34,3.34,3.34,200,0
HUIZ.US,5,20250922,165000,3.3,3.3,3.3,3.3,300,0
HUIZ.US,5,20250922,165500,3.3,3.3,3.3,3.3,150,0
HUIZ.US,5,20250922,170000,3.3001,3.3001,3.3001,3.3001,126,0
HUIZ.US,5,20250922,171500,3.34,3.34,3.34,3.34,200,0
HUIZ.US,5,20250922,184000,3.34,3.34,3.32,3.32,300,0
HUIZ.US,5,20250922,184500,3.49,3.49,3.47,3.47,200,0
HUIZ.US,5,20250922,185000,3.4929,3.4929,3.4929,3.4929,1000,0
HUIZ.US,5,20250922,191500,3.3799,3.3799,3.3799,3.3799,178,0
HUIZ.US,5,20250922,193500,3.48,3.49,3.48,3.49,300,0
HUIZ.US,5,20250922,195500,3.46,3.46,3.44,3.46,1395,0
HUIZ.US,5,20250922,200000,3.47,3.47,3.47,3.47,911,0
HUIZ.US,5,20250922,201000,3.49,3.5,3.49,3.5,400,0
HUIZ.US,5,20250922,201500,3.4999,3.4999,3.4999,3.4999,400,0
HUIZ.US,5,20250922,203000,3.44,3.44,3.44,3.44,1500,0
HUIZ.US,5,20250922,204500,3.5,3.5,3.5,3.5,214,0
HUIZ.US,5,20250922,210500,3.65,3.65,3.53,3.53,1533,0
HUIZ.US,5,20250922,211000,3.525,3.525,3.52,3.525,300,0
HUIZ.US,5,20250922,211500,3.64,3.64,3.64,3.64,225,0
HUIZ.US,5,20250922,212000,3.4717,3.65,3.4717,3.65,1100,0
HUIZ.US,5,20250922,214000,3.5504,3.65,3.5504,3.64,644,0
HUIZ.US,5,20250922,214500,3.4435,3.4435,3.4435,3.4435,232,0
HUIZ.US,5,20250922,215500,3.485,3.51,3.44,3.44,2407,0
HUIZ.US,5,20250923,153000,3.48,3.48,3.2909,3.2909,1586,0
HUIZ.US,5,20250923,153500,3.3345,3.3345,3.3345,3.3345,223,0
HUIZ.US,5,20250923,154500,3.47,3.47,3.4395,3.4395,1139,0
HUIZ.US,5,20250923,155000,3.4613,3.4613,3.4613,3.4613,485,0
HUIZ.US,5,20250923,161500,3.47,3.47,3.47,3.47,200,0
HUIZ.US,5,20250923,163500,3.47,3.47,3.45,3.46,600,0
HUIZ.US,5,20250923,170500,3.53,3.5399,3.485,3.5399,4768,0
HUIZ.US,5,20250923,174500,3.42,3.42,3.42,3.42,240,0
HUIZ.US,5,20250923,181500,3.41,3.41,3.41,3.41,300,0
HUIZ.US,5,20250923,183500,3.44,3.45,3.44,3.45,700,0
HUIZ.US,5,20250923,195000,3.44,3.44,3.44,3.44,205,0
HUIZ.US,5,20250923,200500,3.43,3.43,3.43,3.43,129,0
HUIZ.US,5,20250923,212500,3.38,3.38,3.29,3.32,1300,0
HUIZ.US,5,20250923,213500,3.32,3.32,3.315,3.315,300,0
HUIZ.US,5,20250923,215500,3.315,3.315,3.25,3.25,1080,0
HUIZ.US,5,20250924,153000,3.26,3.26,3.26,3.26,103,0
HUIZ.US,5,20250924,160000,3.43,3.43,3.43,3.43,355,0
HUIZ.US,5,20250924,160500,3.3311,3.3311,3.3311,3.3311,158,0
HUIZ.US,5,20250924,161000,3.31,3.31,3.31,3.31,217,0
HUIZ.US,5,20250924,162000,3.3221,3.3221,3.3221,3.3221,500,0
HUIZ.US,5,20250924,165500,3.4071,3.5,3.4071,3.45,655,0
HUIZ.US,5,20250924,170000,3.5319,3.5319,3.5319,3.5319,1000,0
HUIZ.US,5,20250924,171500,3.43,3.43,3.39,3.42,500,0
HUIZ.US,5,20250924,174000,3.49,3.49,3.49,3.49,200,0
HUIZ.US,5,20250924,182000,3.38,3.38,3.38,3.38,100,0
HUIZ.US,5,20250924,183000,3.38,3.38,3.38,3.38,250,0
HUIZ.US,5,20250924,185500,3.4956,3.4956,3.48,3.48,1100,0
HUIZ.US,5,20250924,190500,3.43,3.43,3.43,3.43,100,0
HUIZ.US,5,20250924,192500,3.49,3.49,3.49,3.49,200,0
HUIZ.US,5,20250924,195000,3.4999,3.4999,3.4999,3.4999,3000,0
HUIZ.US,5,20250924,200500,3.405,3.405,3.405,3.405,100,0
HUIZ.US,5,20250924,201000,3.405,3.405,3.405,3.405,100,0
HUIZ.US,5,20250924,203500,3.405,3.405,3.405,3.405,100,0
HUIZ.US,5,20250924,211000,3.3856,3.48,3.3856,3.48,1000,0
HUIZ.US,5,20250924,213500,3.46,3.5,3.41,3.41,1850,0
HUIZ.US,5,20250924,214000,3.49,3.49,3.49,3.49,321,0
HUIZ.US,5,20250924,215500,3.44,3.44,3.43,3.44,2062,0
HUIZ.US,5,20250925,155000,3.265,3.265,3.265,3.265,100,0
HUIZ.US,5,20250925,160000,3.265,3.32,3.265,3.265,1601,0
HUIZ.US,5,20250925,160500,3.35,3.35,3.35,3.35,300,0
HUIZ.US,5,20250925,161000,3.3301,3.3301,3.3301,3.3301,300,0
HUIZ.US,5,20250925,161500,3.385,3.43,3.385,3.43,600,0
HUIZ.US,5,20250925,163000,3.44,3.47,3.44,3.46,2682,0
HUIZ.US,5,20250925,165000,3.4863,3.4863,3.4863,3.4863,400,0
HUIZ.US,5,20250925,170000,3.4613,3.4613,3.46,3.46,675,0
HUIZ.US,5,20250925,171500,3.5,3.54,3.49,3.5236,4200,0
HUIZ.US,5,20250925,172000,3.52,3.52,3.52,3.52,400,0
HUIZ.US,5,20250925,172500,3.515,3.776337,3.515,3.776337,2692,0
HUIZ.US,5,20250925,173000,3.615,3.6731,3.61,3.6731,2000,0
HUIZ.US,5,20250925,173500,3.5828,3.61,3.57,3.57,900,0
HUIZ.US,5,20250925,175000,3.57,3.57,3.57,3.57,500,0
HUIZ.US,5,20250925,181500,3.57,3.57,3.57,3.57,200,0
HUIZ.US,5,20250925,182000,3.61,3.61,3.57,3.61,1441,0
HUIZ.US,5,20250925,182500,3.61,3.61,3.61,3.61,700,0
HUIZ.US,5,20250925,184000,3.6013,3.6013,3.6013,3.6013,800,0
HUIZ.US,5,20250925,185000,3.6,3.6,3.6,3.6,100,0
HUIZ.US,5,20250925,185500,3.6,3.61,3.6,3.61,1759,0
HUIZ.US,5,20250925,192500,3.65,3.65,3.64,3.6499,1800,0
HUIZ.US,5,20250925,193000,3.6458,3.6469,3.6458,3.6469,4000,0
HUIZ.US,5,20250925,193500,3.6694,3.6694,3.645,3.645,200,0
HUIZ.US,5,20250925,194000,3.6622,3.6622,3.6622,3.6622,150,0
HUIZ.US,5,20250925,194500,3.65,3.67,3.65,3.66,3200,0
HUIZ.US,5,20250925,195500,3.6,3.66,3.6,3.66,9811,0
HUIZ.US,5,20250925,200500,3.64,3.64,3.64,3.64,313,0
HUIZ.US,5,20250925,201000,3.61414,3.665,3.56,3.57,6374,0
HUIZ.US,5,20250925,203500,3.555,3.58,3.555,3.58,474,0
HUIZ.US,5,20250925,215500,3.6899,3.6899,3.53,3.53,922,0
HUIZ.US,5,20250926,153000,3.69,3.69,3.48,3.48,5701,0
HUIZ.US,5,20250926,153500,3.4,3.4,3.4,3.4,1617,0
HUIZ.US,5,20250926,154500,3.34,3.34,3.34,3.34,100,0
HUIZ.US,5,20250926,163000,3.45,3.45,3.41,3.41,704,0
HUIZ.US,5,20250926,164500,3.38,3.38,3.38,3.38,100,0
HUIZ.US,5,20250926,165000,3.3899,3.41,3.3599,3.41,4700,0
HUIZ.US,5,20250926,171000,3.3772,3.3772,3.3772,3.3772,150,0
HUIZ.US,5,20250926,175500,3.4022,3.4022,3.4022,3.4022,200,0
HUIZ.US,5,20250926,181000,3.42,3.42,3.42,3.42,954,0
HUIZ.US,5,20250926,181500,3.41,3.41,3.41,3.41,1000,0
HUIZ.US,5,20250926,182500,3.4,3.4,3.4,3.4,1015,0
HUIZ.US,5,20250926,183500,3.442,3.4461,3.44,3.44,600,0
HUIZ.US,5,20250926,184000,3.45,3.45,3.45,3.45,140,0
HUIZ.US,5,20250926,190000,3.58,3.58,3.58,3.58,100,0
HUIZ.US,5,20250926,193000,3.4685,3.4685,3.46,3.46,689,0
HUIZ.US,5,20250926,204000,3.503,3.503,3.43,3.4965,5835,0
HUIZ.US,5,20250926,204500,3.425,3.45,3.425,3.45,300,0
HUIZ.US,5,20250926,211000,3.5,3.5,3.5,3.5,136,0
HUIZ.US,5,20250926,214000,3.45,3.45,3.39,3.39,600,0
HUIZ.US,5,20250926,214500,3.4,3.66,3.4,3.66,2828,0
HUIZ.US,5,20250926,215500,3.41,3.41,3.41,3.41,198,0
HUIZ.US,5,20250929,153000,3.4999,3.4999,3.38,3.4,4129,0
HUIZ.US,5,20250929,154000,3.4,3.4,3.4,3.4,117,0
HUIZ.US,5,20250929,161500,3.3859,3.3859,3.3859,3.3859,800,0
HUIZ.US,5,20250929,163000,3.48,3.5,3.41,3.5,1100,0
HUIZ.US,5,20250929,163500,3.52,3.6,3.52,3.6,324,0
HUIZ.US,5,20250929,164000,3.59,3.59,3.49,3.49,1400,0
HUIZ.US,5,20250929,165000,3.5,3.5,3.5,3.5,100,0
HUIZ.US,5,20250929,170000,3.5,3.5,3.5,3.5,200,0
HUIZ.US,5,20250929,170500,3.49,3.49,3.49,3.49,455,0
HUIZ.US,5,20250929,172500,3.52,3.52,3.52,3.52,550,0
HUIZ.US,5,20250929,173000,3.49,3.49,3.49,3.49,476,0
HUIZ.US,5,20250929,173500,3.5,3.5,3.5,3.5,400,0
HUIZ.US,5,20250929,185500,3.45,3.53,3.45,3.51,2100,0
HUIZ.US,5,20250929,190000,3.51,3.51,3.51,3.51,200,0
HUIZ.US,5,20250929,190500,3.52,3.5399,3.52,3.527,300,0
HUIZ.US,5,20250929,191000,3.53,3.53,3.53,3.53,200,0
HUIZ.US,5,20250929,191500,3.54,3.67,3.51,3.62,880,0
HUIZ.US,5,20250929,192000,3.64,3.64,3.38,3.38,9200,0
HUIZ.US,5,20250929,192500,3.396,3.396,3.396,3.396,350,0
HUIZ.US,5,20250929,193000,3.4,3.4,3.4,3.4,180,0
HUIZ.US,5,20250929,214500,3.51,3.51,3.51,3.51,500,0
HUIZ.US,5,20250929,215000,3.46,3.46,3.46,3.46,100,0
HUIZ.US,5,20250929,215500,3.46,3.46,3.46,3.46,193,0
HUIZ.US,5,20250930,153000,3.44,3.44,3.3869,3.39,1606,0
HUIZ.US,5,20250930,155000,3.39,3.39,3.39,3.39,350,0
HUIZ.US,5,20250930,160000,3.4136,3.4136,3.4136,3.4136,180,0
HUIZ.US,5,20250930,160500,3.39,3.39,3.39,3.39,200,0
HUIZ.US,5,20250930,161000,3.4022,3.4022,3.4022,3.4022,100,0
HUIZ.US,5,20250930,161500,3.43,3.44,3.42,3.42,590,0
HUIZ.US,5,20250930,162000,3.4211,3.4211,3.4211,3.4211,300,0
HUIZ.US,5,20250930,164000,3.4,3.4,3.38,3.38,1208,0
HUIZ.US,5,20250930,170000,3.39,3.39,3.38,3.38,827,0
HUIZ.US,5,20250930,172500,3.37,3.39,3.37,3.39,500,0
HUIZ.US,5,20250930,175000,3.495,3.495,3.495,3.495,200,0
HUIZ.US,5,20250930,181000,3.381,3.381,3.381,3.381,213,0
HUIZ.US,5,20250930,181500,3.382,3.382,3.382,3.382,229,0
HUIZ.US,5,20250930,192500,3.4,3.485,3.4,3.4,2001,0
HUIZ.US,5,20250930,194000,3.3992,3.3992,3.3992,3.3992,240,0
HUIZ.US,5,20250930,202500,3.3851,3.3851,3.3851,3.3851,116,0
HUIZ.US,5,20250930,203000,3.38,3.38,3.38,3.38,160,0
HUIZ.US,5,20250930,210000,3.39,3.485,3.39,3.485,383,0
HUIZ.US,5,20250930,213000,3.4708,3.4708,3.4708,3.4708,150,0
HUIZ.US,5,20250930,214500,3.41,3.485,3.401,3.485,507,0
HUIZ.US,5,20250930,215500,3.45,3.45,3.45,3.45,500,0
HUIZ.US,5,20251001,153000,3.49,3.54,3.34,3.34,600,0
HUIZ.US,5,20251001,153500,3.32,3.435,3.32,3.435,1125,0
HUIZ.US,5,20251001,160500,3.53,3.53,3.53,3.53,200,0
HUIZ.US,5,20251001,163500,3.53,3.53,3.53,3.53,285,0
HUIZ.US,5,20251001,172500,3.45,3.49,3.45,3.47,1236,0
HUIZ.US,5,20251001,174000,3.47,3.47,3.47,3.47,335,0
HUIZ.US,5,20251001,182500,3.45,3.51,3.41,3.41,2691,0
HUIZ.US,5,20251001,202500,3.4022,3.4022,3.4022,3.4022,100,0
HUIZ.US,5,20251001,215000,3.54,3.56,3.54,3.56,472,0
HUIZ.US,5,20251001,215500,3.43,3.43,3.43,3.43,352,0
HUIZ.US,5,20251002,153000,3.56,3.56,3.3,3.31,1996,0
HUIZ.US,5,20251002,155000,3.34,3.34,3.34,3.34,100,0
HUIZ.US,5,20251002,161000,3.36,3.36,3.34,3.34,1483,0
HUIZ.US,5,20251002,171500,3.495,3.54,3.495,3.53,1800,0
HUIZ.US,5,20251002,173000,3.3637,3.3637,3.3637,3.3637,200,0
HUIZ.US,5,20251002,181000,3.39,3.39,3.39,3.39,180,0
HUIZ.US,5,20251002,181500,3.4246,3.4246,3.4246,3.4246,110,0
HUIZ.US,5,20251002,185500,3.5086,3.5086,3.5086,3.5086,1000,0
HUIZ.US,5,20251002,190500,3.5,3.5,3.49,3.5,1120,0
HUIZ.US,5,20251002,192000,3.48,3.48,3.48,3.48,100,0
HUIZ.US,5,20251002,193500,3.48,3.48,3.48,3.48,101,0
HUIZ.US,5,20251002,201500,3.41,3.43,3.41,3.43,302,0
HUIZ.US,5,20251002,203000,3.47,3.58,3.47,3.58,5344,0
HUIZ.US,5,20251002,203500,3.58,3.58,3.58,3.58,460,0
HUIZ.US,5,20251002,211500,3.55,3.55,3.55,3.55,100,0
HUIZ.US,5,20251002,212500,3.54,3.66,3.54,3.66,2000,0
HUIZ.US,5,20251002,213000,3.55,3.55,3.55,3.55,100,0
HUIZ.US,5,20251002,213500,3.55,3.55,3.55,3.55,100,0
HUIZ.US,5,20251002,214500,3.5004,3.5004,3.5004,3.5004,180,0
HUIZ.US,5,20251002,215500,3.6,3.6,3.6,3.6,312,0
HUIZ.US,5,20251003,153000,3.49,3.6872,3.49,3.6872,556,0
HUIZ.US,5,20251003,153500,3.68,3.68,3.51,3.51,1113,0
HUIZ.US,5,20251003,160000,3.669,3.69,3.669,3.69,971,0
HUIZ.US,5,20251003,160500,3.65,3.67,3.65,3.67,3300,0
HUIZ.US,5,20251003,161000,3.55,3.6378,3.51,3.6378,4740,0
HUIZ.US,5,20251003,162000,3.6,3.69,3.6,3.69,1840,0
HUIZ.US,5,20251003,163500,3.655,3.655,3.655,3.655,100,0
HUIZ.US,5,20251003,170000,3.655,3.655,3.655,3.655,100,0
HUIZ.US,5,20251003,170500,3.69,3.69,3.6,3.6,5055,0
HUIZ.US,5,20251003,171000,3.5972,3.5972,3.5972,3.5972,1000,0
HUIZ.US,5,20251003,172500,3.6348,3.6348,3.6348,3.6348,177,0
HUIZ.US,5,20251003,173500,3.597,3.597,3.597,3.597,104,0
HUIZ.US,5,20251003,180500,3.76,3.76,3.76,3.76,300,0
HUIZ.US,5,20251003,181000,3.8,3.85,3.79,3.84,3403,0
HUIZ.US,5,20251003,182500,3.7108,3.7108,3.7108,3.7108,650,0
HUIZ.US,5,20251003,184500,3.83,3.83,3.83,3.83,100,0
HUIZ.US,5,20251003,190500,3.82,3.8299,3.82,3.8299,201,0
HUIZ.US,5,20251003,191000,3.82,3.82,3.81,3.81,200,0
HUIZ.US,5,20251003,191500,3.8,3.8,3.8,3.8,138,0
HUIZ.US,5,20251003,192000,3.795,3.83,3.75,3.75,2000,0
HUIZ.US,5,20251003,192500,3.7,3.77,3.605,3.77,7004,0
HUIZ.US,5,20251003,193000,3.75,3.75,3.75,3.75,700,0
HUIZ.US,5,20251003,193500,3.73,3.84,3.69,3.8,6820,0
HUIZ.US,5,20251003,195000,3.84,3.84,3.84,3.84,400,0
HUIZ.US,5,20251003,201500,3.695,3.83,3.695,3.83,5499,0
HUIZ.US,5,20251003,202000,3.75,3.75,3.75,3.75,100,0
HUIZ.US,5,20251003,204000,3.78,3.84,3.78,3.8185,9400,0
HUIZ.US,5,20251003,205500,3.79,3.82,3.79,3.82,5793,0
HUIZ.US,5,20251003,212500,3.88,3.9,3.84,3.8624,6603,0
HUIZ.US,5,20251003,213000,3.9,3.9,3.88,3.88,450,0
HUIZ.US,5,20251003,213500,3.865,3.865,3.745,3.745,1791,0
HUIZ.US,5,20251003,214000,3.81,3.81,3.81,3.81,800,0
HUIZ.US,5,20251003,215000,3.83,3.87,3.83,3.87,2426,0
HUIZ.US,5,20251003,215500,3.86,3.86,3.86,3.86,100,0
HUIZ.US,5,20251006,153000,3.9,3.9564,3.9,3.9564,2978,0
HUIZ.US,5,20251006,153500,3.91,3.92,3.9,3.92,2480,0
HUIZ.US,5,20251006,154000,3.87,3.87,3.693,3.693,1836,0
HUIZ.US,5,20251006,155000,3.8,3.8,3.7527,3.7527,650,0
HUIZ.US,5,20251006,155500,3.7,3.7,3.7,3.7,400,0
HUIZ.US,5,20251006,160000,3.72,3.72,3.72,3.72,333,0
HUIZ.US,5,20251006,160500,3.8147,3.8147,3.6943,3.6943,3000,0
HUIZ.US,5,20251006,161000,3.7282,3.7282,3.7282,3.7282,500,0
HUIZ.US,5,20251006,162000,3.74,3.74,3.74,3.74,217,0
HUIZ.US,5,20251006,162500,3.76,3.76,3.75,3.75,503,0
HUIZ.US,5,20251006,164000,3.96,3.96,3.96,3.96,100,0
HUIZ.US,5,20251006,164500,3.6038,3.82,3.6038,3.82,1696,0
HUIZ.US,5,20251006,165000,3.838,3.838,3.838,3.838,100,0
HUIZ.US,5,20251006,170000,3.7,3.7,3.7,3.7,1000,0
HUIZ.US,5,20251006,175000,3.75,3.83,3.75,3.78,400,0
HUIZ.US,5,20251006,175500,3.8,3.81,3.8,3.81,200,0
HUIZ.US,5,20251006,191000,3.87,3.87,3.87,3.87,787,0
HUIZ.US,5,20251006,205500,3.798,3.798,3.798,3.798,120,0
HUIZ.US,5,20251006,213500,3.6432,3.6432,3.6432,3.6432,150,0
HUIZ.US,5,20251006,215000,3.7225,3.7225,3.7225,3.7225,100,0
HUIZ.US,5,20251007,153000,3.79,3.79,3.71,3.71,3100,0
HUIZ.US,5,20251007,154500,3.7,3.7,3.7,3.7,132,0
HUIZ.US,5,20251007,155500,3.6007,3.87,3.6007,3.87,1283,0
HUIZ.US,5,20251007,160500,3.69,3.69,3.69,3.69,100,0
HUIZ.US,5,20251007,173500,3.74,3.74,3.74,3.74,100,0
HUIZ.US,5,20251007,174000,3.69,3.69,3.69,3.69,357,0
HUIZ.US,5,20251007,174500,3.6899,3.745,3.6899,3.745,3010,0
HUIZ.US,5,20251007,175000,3.71,3.71,3.71,3.71,150,0
HUIZ.US,5,20251007,200500,3.82,3.82,3.82,3.82,200,0
HUIZ.US,5,20251007,213500,3.695,3.73,3.69,3.73,671,0
HUIZ.US,5,20251007,215500,3.77,3.77,3.77,3.77,121,0
HUIZ.US,5,20251008,153000,3.83,3.83,3.77,3.77,3651,0
HUIZ.US,5,20251008,160000,3.82,3.82,3.82,3.82,162,0
HUIZ.US,5,20251008,160500,3.71,3.71,3.71,3.71,200,0
HUIZ.US,5,20251008,163500,3.71,3.71,3.71,3.71,582,0
HUIZ.US,5,20251008,170000,3.71,3.75,3.71,3.73,1230,0
HUIZ.US,5,20251008,173500,3.82,3.82,3.7578,3.7578,2100,0
HUIZ.US,5,20251008,174000,3.7,3.7,3.69,3.6901,1878,0
HUIZ.US,5,20251008,181000,3.738,3.738,3.61,3.61,2800,0
HUIZ.US,5,20251008,185500,3.69,3.69,3.69,3.69,154,0
HUIZ.US,5,20251008,190500,3.74,3.74,3.74,3.74,100,0
HUIZ.US,5,20251008,192000,3.75,3.75,3.75,3.75,100,0
HUIZ.US,5,20251008,193500,3.75,3.75,3.75,3.75,105,0
HUIZ.US,5,20251008,201000,3.72,3.72,3.69,3.6964,5292,0
HUIZ.US,5,20251008,201500,3.69,3.69,3.69,3.69,2558,0
HUIZ.US,5,20251008,204000,3.78,3.78,3.78,3.78,100,0
HUIZ.US,5,20251008,213000,3.7652,3.77,3.7652,3.77,1258,0
HUIZ.US,5,20251008,215500,3.62,3.62,3.62,3.62,161,0
HUIZ.US,5,20251009,153000,3.68,3.68,3.68,3.68,100,0
HUIZ.US,5,20251009,153500,3.64,3.64,3.62,3.62,242,0
HUIZ.US,5,20251009,154500,3.7,3.7585,3.69,3.72,477,0
HUIZ.US,5,20251009,161500,3.64,3.64,3.64,3.64,100,0
HUIZ.US,5,20251009,163500,3.7086,3.7086,3.7086,3.7086,100,0
HUIZ.US,5,20251009,164500,3.71,3.74,3.69,3.74,1296,0
HUIZ.US,5,20251009,170000,3.74,3.74,3.74,3.74,761,0
HUIZ.US,5,20251009,173500,3.7172,3.7172,3.7172,3.7172,3500,0
HUIZ.US,5,20251009,174000,3.71,3.76,3.71,3.76,569,0
HUIZ.US,5,20251009,175500,3.79,3.9,3.79,3.89,9603,0
HUIZ.US,5,20251009,180000,3.9,3.9399,3.9,3.9,300,0
HUIZ.US,5,20251009,181500,3.93,3.93,3.93,3.93,154,0
HUIZ.US,5,20251009,182500,3.9389,3.94,3.92,3.92,1803,0
HUIZ.US,5,20251009,183000,3.925,3.94,3.9124,3.94,3100,0
HUIZ.US,5,20251009,185000,3.9229,3.9229,3.8852,3.8852,1948,0
HUIZ.US,5,20251009,185500,3.89,3.89,3.87,3.87,964,0
HUIZ.US,5,20251009,190000,3.89,3.89,3.89,3.89,1289,0
HUIZ.US,5,20251009,194000,3.84,3.84,3.84,3.84,100,0
HUIZ.US,5,20251009,194500,3.83,3.8301,3.8,3.8,2600,0
HUIZ.US,5,20251009,200000,3.86,3.86,3.86,3.86,400,0
HUIZ.US,5,20251009,201000,3.925,3.93,3.92,3.93,500,0
HUIZ.US,5,20251009,201500,3.89,3.8901,3.89,3.8901,1600,0
HUIZ.US,5,20251009,203000,3.8502,3.8502,3.8502,3.8502,2500,0
HUIZ.US,5,20251009,205000,3.93,3.93,3.925,3.93,400,0
HUIZ.US,5,20251009,210500,3.9,3.96,3.9,3.96,4176,0
HUIZ.US,5,20251009,213000,4,4,3.98,3.98,1767,0
HUIZ.US,5,20251009,214500,4.1647,4.1647,4.05,4.1,9432,0
HUIZ.US,5,20251009,215000,4,4,4,4,500,0
HUIZ.US,5,20251009,215500,4,4.1,4,4.1,1189,0
HUIZ.US,5,20251010,153000,3.9,3.93,3.9,3.93,2840,0
HUIZ.US,5,20251010,153500,4.0957,4.0957,3.93,3.93,2432,0
HUIZ.US,5,20251010,160500,3.95,3.96,3.9401,3.9401,5000,0
HUIZ.US,5,20251010,161000,3.9409,3.95,3.93,3.93,828,0
HUIZ.US,5,20251010,163000,3.92,3.92,3.92,3.92,100,0
HUIZ.US,5,20251010,163500,3.94,3.94,3.93,3.93,200,0
HUIZ.US,5,20251010,164000,3.93,3.93,3.93,3.93,120,0
HUIZ.US,5,20251010,165000,3.89,3.94,3.89,3.94,4300,0
HUIZ.US,5,20251010,165500,3.91,3.92,3.85,3.85,1400,0
HUIZ.US,5,20251010,170000,3.82,3.82,3.72,3.72,1842,0
HUIZ.US,5,20251010,171500,3.72,3.72,3.72,3.72,800,0
HUIZ.US,5,20251010,172000,3.71,3.73,3.7,3.73,3472,0
HUIZ.US,5,20251010,172500,3.7103,3.7103,3.7103,3.7103,402,0
HUIZ.US,5,20251010,173000,3.7,3.7,3.67,3.67,2243,0
HUIZ.US,5,20251010,175000,3.66,3.67,3.66,3.67,300,0
HUIZ.US,5,20251010,175500,3.69,3.69,3.69,3.69,3500,0
HUIZ.US,5,20251010,180500,3.68,3.68,3.68,3.68,100,0
HUIZ.US,5,20251010,182000,3.7,3.7,3.7,3.7,311,0
HUIZ.US,5,20251010,183500,3.7,3.75,3.6601,3.75,9525,0
HUIZ.US,5,20251010,191000,3.73,3.74,3.73,3.74,500,0
HUIZ.US,5,20251010,195500,3.7,3.71,3.62,3.62,1100,0
HUIZ.US,5,20251010,200000,3.63,3.63,3.6,3.61,6500,0
HUIZ.US,5,20251010,202500,3.59,3.59,3.575,3.575,1500,0
HUIZ.US,5,20251010,203000,3.5899,3.59,3.5899,3.59,1100,0
HUIZ.US,5,20251010,205000,3.73,3.74,3.73,3.74,200,0
HUIZ.US,5,20251010,211000,3.57,3.6583,3.57,3.6583,1490,0
HUIZ.US,5,20251010,213500,3.618,3.618,3.618,3.618,250,0
HUIZ.US,5,20251010,215000,3.545,3.545,3.545,3.545,3000,0
HUIZ.US,5,20251013,153000,3.37,3.71,3.37,3.71,643,0
HUIZ.US,5,20251013,154500,3.6585,3.6585,3.6585,3.6585,1800,0
HUIZ.US,5,20251013,165000,3.53,3.53,3.53,3.53,100,0
HUIZ.US,5,20251013,171000,3.57,3.57,3.5,3.5,924,0
HUIZ.US,5,20251013,173500,3.4,3.4,3.39,3.39,1570,0
HUIZ.US,5,20251013,174500,3.545,3.545,3.545,3.545,150,0
HUIZ.US,5,20251013,175000,3.6,3.6,3.51,3.51,3900,0
HUIZ.US,5,20251013,175500,3.52,3.52,3.52,3.52,100,0
HUIZ.US,5,20251013,180000,3.6,3.6,3.6,3.6,141,0
HUIZ.US,5,20251013,185500,3.5101,3.5101,3.5101,3.5101,100,0
HUIZ.US,5,20251013,195500,3.562,3.562,3.562,3.562,135,0
HUIZ.US,5,20251013,201500,3.58,3.58,3.58,3.58,100,0
HUIZ.US,5,20251013,211500,3.58,3.58,3.58,3.58,5000,0
HUIZ.US,5,20251013,214000,3.7077,3.7077,3.6,3.6,1428,0
HUIZ.US,5,20251013,214500,3.66,3.66,3.66,3.66,100,0
HUIZ.US,5,20251013,215500,3.66,3.7,3.53,3.53,9813,0
HUIZ.US,5,20251014,154000,3.54,3.59,3.54,3.59,310,0
HUIZ.US,5,20251014,162000,3.7351,3.7351,3.7351,3.7351,525,0
HUIZ.US,5,20251014,163500,3.7318,3.7318,3.7318,3.7318,200,0
HUIZ.US,5,20251014,164500,3.55,3.55,3.55,3.55,500,0
HUIZ.US,5,20251014,171500,3.5847,3.5847,3.5847,3.5847,330,0
HUIZ.US,5,20251014,174000,3.5801,3.5801,3.5801,3.5801,835,0
HUIZ.US,5,20251014,174500,3.6415,3.6415,3.6415,3.6415,180,0
HUIZ.US,5,20251014,190000,3.705,3.705,3.705,3.705,100,0
HUIZ.US,5,20251014,191000,3.71,3.71,3.71,3.71,441,0
HUIZ.US,5,20251014,194500,3.775,3.78,3.775,3.78,200,0
HUIZ.US,5,20251014,202000,3.78,3.78,3.76,3.76,200,0
HUIZ.US,5,20251014,213000,3.63,3.645,3.61,3.645,600,0
HUIZ.US,5,20251014,214500,3.65,3.65,3.65,3.65,100,0
HUIZ.US,5,20251014,215500,3.56,3.56,3.56,3.56,114,0
HUIZ.US,5,20251015,154000,3.56,3.56,3.3937,3.5249,3148,0
HUIZ.US,5,20251015,162500,3.63,3.63,3.57,3.5801,5536,0
HUIZ.US,5,20251015,163500,3.539166,3.539166,3.539166,3.539166,1100,0
HUIZ.US,5,20251015,164000,3.6,3.6,3.6,3.6,300,0
HUIZ.US,5,20251015,171000,3.612,3.612,3.6,3.6,500,0
HUIZ.US,5,20251015,173000,3.6,3.6,3.6,3.6,798,0
HUIZ.US,5,20251015,173500,3.7,3.7,3.7,3.7,100,0
HUIZ.US,5,20251015,174500,3.6,3.61,3.55,3.6001,2024,0
HUIZ.US,5,20251015,182000,3.68,3.68,3.68,3.68,100,0
HUIZ.US,5,20251015,195000,3.63,3.63,3.63,3.63,100,0
HUIZ.US,5,20251015,202500,3.68,3.69,3.63,3.69,531,0
HUIZ.US,5,20251015,204500,3.66,3.66,3.66,3.66,100,0
HUIZ.US,5,20251015,205000,3.655,3.655,3.655,3.655,100,0
HUIZ.US,5,20251015,211000,3.62,3.62,3.62,3.62,100,0
HUIZ.US,5,20251015,211500,3.6201,3.6201,3.6201,3.6201,327,0
HUIZ.US,5,20251015,212000,3.68,3.7,3.68,3.7,300,0
HUIZ.US,5,20251016,153000,3.76,3.76,3.76,3.76,163,0
HUIZ.US,5,20251016,160500,3.69,3.69,3.69,3.69,100,0
HUIZ.US,5,20251016,162500,3.69,3.7,3.69,3.7,500,0
HUIZ.US,5,20251016,163000,3.73,3.73,3.73,3.73,1000,0
HUIZ.US,5,20251016,163500,3.7,3.715,3.7,3.715,428,0
HUIZ.US,5,20251016,164000,3.73,3.73,3.7001,3.72,1200,0
HUIZ.US,5,20251016,164500,3.6601,3.6601,3.6601,3.6601,204,0
HUIZ.US,5,20251016,165000,3.7,3.7,3.7,3.7,500,0
HUIZ.US,5,20251016,171500,3.68,3.68,3.68,3.68,300,0
HUIZ.US,5,20251016,173000,3.7,3.7,3.7,3.7,690,0
HUIZ.US,5,20251016,173500,3.73,3.78,3.73,3.78,4797,0
HUIZ.US,5,20251016,180000,3.83,3.83,3.77,3.77,465,0
HUIZ.US,5,20251016,182000,3.78,3.78,3.77,3.77,300,0
HUIZ.US,5,20251016,183000,3.77,3.77,3.76,3.76,200,0
HUIZ.US,5,20251016,184000,3.75,3.76,3.75,3.76,261,0
HUIZ.US,5,20251016,185000,3.74,3.74,3.74,3.74,1100,0
HUIZ.US,5,20251016,185500,3.69,3.71,3.69,3.71,481,0
HUIZ.US,5,20251016,190000,3.73,3.73,3.73,3.73,100,0
HUIZ.US,5,20251016,191500,3.73,3.74,3.73,3.74,1542,0
HUIZ.US,5,20251016,192500,3.75,3.75,3.75,3.75,1000,0
HUIZ.US,5,20251016,193000,3.78,3.78,3.78,3.78,1000,0
HUIZ.US,5,20251016,193500,3.81,3.81,3.81,3.81,100,0
HUIZ.US,5,20251016,195000,3.82,3.82,3.81,3.81,1235,0
HUIZ.US,5,20251016,203500,3.74,3.74,3.74,3.74,293,0
HUIZ.US,5,20251016,204000,3.76,3.76,3.76,3.76,200,0
HUIZ.US,5,20251016,204500,3.77,3.77,3.72,3.72,2694,0
HUIZ.US,5,20251016,211500,3.79,3.79,3.79,3.79,100,0
HUIZ.US,5,20251016,212000,3.7408,3.7408,3.7408,3.7408,100,0
HUIZ.US,5,20251016,214000,3.7545,3.79,3.7545,3.79,690,0
HUIZ.US,5,20251016,215500,3.74,3.79,3.74,3.79,283,0
HUIZ.US,5,20251017,153000,3.76,3.76,3.76,3.76,100,0
HUIZ.US,5,20251017,162500,3.605,3.605,3.605,3.605,300,0
HUIZ.US,5,20251017,163500,3.54,3.54,3.52,3.52,315,0
HUIZ.US,5,20251017,164500,3.54,3.54,3.53,3.54,733,0
HUIZ.US,5,20251017,170500,3.54,3.57,3.5,3.5,1842,0
HUIZ.US,5,20251017,171000,3.5,3.5,3.5,3.5,111,0
HUIZ.US,5,20251017,173000,3.35,3.35,3.35,3.35,291,0
HUIZ.US,5,20251017,174500,3.5,3.51,3.5,3.5,300,0
HUIZ.US,5,20251017,180000,3.52,3.52,3.41,3.41,602,0
HUIZ.US,5,20251017,181500,3.48,3.48,3.48,3.48,100,0
HUIZ.US,5,20251017,183000,3.49,3.49,3.49,3.49,100,0
HUIZ.US,5,20251017,183500,3.3601,3.6022,3.3601,3.6022,1635,0
HUIZ.US,5,20251017,193000,3.34,3.34,3.312,3.312,300,0
HUIZ.US,5,20251020,153500,3.535,3.535,3.535,3.535,606,0
HUIZ.US,5,20251020,155000,3.35,3.35,3.35,3.35,100,0
HUIZ.US,5,20251020,155500,3.3999,3.4,3.371,3.4,5106,0
HUIZ.US,5,20251020,163500,3.41,3.41,3.41,3.41,201,0
HUIZ.US,5,20251020,164000,3.4999,3.5,3.47,3.5,2200,0
HUIZ.US,5,20251020,165500,3.55,3.55,3.5,3.5,1029,0
HUIZ.US,5,20251020,204000,3.5,3.5,3.5,3.5,299,0
HUIZ.US,5,20251020,215500,3.5,3.5,3.5,3.5,100,0
HUIZ.US,5,20251021,153000,3.45,3.45,3.45,3.45,136,0
HUIZ.US,5,20251021,161500,3.5,3.52,3.5,3.52,400,0
HUIZ.US,5,20251021,162000,3.52,3.52,3.52,3.52,100,0
HUIZ.US,5,20251021,164000,3.52,3.52,3.52,3.52,216,0
HUIZ.US,5,20251021,191000,3.655,3.655,3.655,3.655,200,0
HUIZ.US,5,20251021,202500,3.605,3.605,3.605,3.605,100,0
HUIZ.US,5,20251021,210500,3.64,3.64,3.64,3.64,100,0
HUIZ.US,5,20251021,215500,3.64,3.64,3.64,3.64,142,0
HUIZ.US,5,20251022,153000,3.69,3.76,3.63,3.76,5902,0
HUIZ.US,5,20251022,171500,3.659,3.659,3.659,3.659,100,0
HUIZ.US,5,20251022,183500,3.64,3.64,3.62,3.62,10100,0
HUIZ.US,5,20251022,190500,3.57,3.57,3.57,3.57,300,0
HUIZ.US,5,20251022,192000,3.46,3.46,3.46,3.46,100,0
HUIZ.US,5,20251022,193000,3.6346,3.6346,3.6346,3.6346,1000,0
HUIZ.US,5,20251022,193500,3.6355,3.6355,3.6355,3.6355,1000,0
HUIZ.US,5,20251022,194500,3.5901,3.5901,3.5901,3.5901,1000,0
HUIZ.US,5,20251022,211500,3.61,3.64,3.61,3.64,500,0
HUIZ.US,5,20251022,214500,3.64,3.64,3.592,3.592,1300,0
HUIZ.US,5,20251022,215000,3.69,3.69,3.69,3.69,300,0
HUIZ.US,5,20251023,154500,3.69,3.69,3.69,3.69,1359,0
HUIZ.US,5,20251023,161500,3.65,3.65,3.65,3.65,400,0
HUIZ.US,5,20251023,170500,3.65,3.65,3.65,3.65,3000,0
HUIZ.US,5,20251023,171500,3.76,3.76,3.76,3.76,100,0
HUIZ.US,5,20251023,173500,3.76,3.76,3.76,3.76,304,0
HUIZ.US,5,20251023,175000,3.79,3.82,3.79,3.82,7279,0
HUIZ.US,5,20251023,180000,3.84,3.84,3.84,3.84,100,0
HUIZ.US,5,20251023,183500,3.83,3.83,3.82,3.82,6764,0
HUIZ.US,5,20251023,184500,3.82,3.82,3.82,3.82,338,0
HUIZ.US,5,20251023,185000,3.84,3.85,3.835,3.84,5973,0
HUIZ.US,5,20251023,185500,3.85,3.91,3.85,3.91,2277,0
HUIZ.US,5,20251023,190500,3.91,3.91,3.91,3.91,355,0
HUIZ.US,5,20251023,193500,3.8568,3.8568,3.8568,3.8568,800,0
HUIZ.US,5,20251023,200500,3.8804,3.89,3.8804,3.89,450,0
HUIZ.US,5,20251023,202500,4,4,4,4,100,0
HUIZ.US,5,20251023,204000,3.8899,3.8899,3.8899,3.8899,1400,0
HUIZ.US,5,20251023,205500,3.95,3.95,3.95,3.95,100,0
HUIZ.US,5,20251023,210500,3.96,3.99,3.96,3.99,5219,0
HUIZ.US,5,20251023,211000,4,4,3.99,3.99,340,0
HUIZ.US,5,20251023,212500,3.99,3.99,3.99,3.99,400,0
HUIZ.US,5,20251023,213000,4.045,4.045,4.0408,4.0408,1400,0
HUIZ.US,5,20251023,213500,4.01,4.05,3.95,3.96,1515,0
HUIZ.US,5,20251023,215500,3.91,3.989,3.91,3.989,950,0
HUIZ.US,5,20251024,154000,3.86,3.86,3.74,3.74,200,0
HUIZ.US,5,20251024,154500,3.74,3.74,3.74,3.74,320,0
HUIZ.US,5,20251024,155000,3.75,3.75,3.75,3.75,100,0
HUIZ.US,5,20251024,162000,3.7401,3.7401,3.74,3.74,764,0
HUIZ.US,5,20251024,180500,3.85,3.85,3.85,3.85,100,0
HUIZ.US,5,20251024,181500,3.7588,3.7588,3.7588,3.7588,100,0
HUIZ.US,5,20251024,191000,3.79,3.79,3.7412,3.75,1347,0
HUIZ.US,5,20251024,211500,3.85,3.85,3.82,3.85,2093,0
HUIZ.US,5,20251024,212000,3.86,3.86,3.86,3.86,100,0
HUIZ.US,5,20251024,213500,3.84,3.88,3.835,3.88,2441,0
HUIZ.US,5,20251024,214000,3.88,3.88,3.88,3.88,429,0
HUIZ.US,5,20251024,214500,3.89,3.95,3.89,3.95,881,0
HUIZ.US,5,20251024,215500,3.8801,3.8801,3.8801,3.8801,268,0
HUIZ.US,5,20251027,143000,3.74,3.74,3.68,3.68,572,0
HUIZ.US,5,20251027,151500,3.79,3.79,3.79,3.79,100,0
HUIZ.US,5,20251027,153000,3.8,3.8,3.8,3.8,100,0
HUIZ.US,5,20251027,162500,3.8401,3.8401,3.8401,3.8401,137,0
HUIZ.US,5,20251027,164000,3.85,3.85,3.85,3.85,168,0
HUIZ.US,5,20251027,165500,3.93,3.93,3.93,3.93,100,0
HUIZ.US,5,20251027,182000,3.87,3.87,3.87,3.87,100,0
HUIZ.US,5,20251027,182500,3.88,3.88,3.88,3.88,100,0
HUIZ.US,5,20251028,143000,3.72,3.72,3.72,3.72,100,0
HUIZ.US,5,20251028,164000,3.82,3.82,3.82,3.82,100,0
HUIZ.US,5,20251029,152000,3.74,3.74,3.7,3.7,890,0
HUIZ.US,5,20251029,171000,3.71,3.71,3.68,3.68,2768,0
HUIZ.US,5,20251029,182500,3.7,3.7,3.7,3.7,100,0
HUIZ.US,5,20251029,190500,3.582,3.69,3.58,3.67,4137,0
HUIZ.US,5,20251030,143000,3.45,3.45,3.45,3.45,100,0
HUIZ.US,5,20251030,143500,3.47,3.47,3.46,3.46,300,0
HUIZ.US,5,20251030,150500,3.68,3.69,3.67,3.69,3149,0
HUIZ.US,5,20251030,151000,3.68,3.69,3.68,3.69,273,0
HUIZ.US,5,20251030,164500,3.69,3.7,3.69,3.7,4565,0
HUIZ.US,5,20251030,175500,3.55,3.62,3.55,3.62,1070,0
HUIZ.US,5,20251030,182000,3.55,3.55,3.55,3.55,164,0
HUIZ.US,5,20251030,192500,3.5499,3.55,3.5499,3.55,2090,0
HUIZ.US,5,20251030,203500,3.48,3.48,3.48,3.48,100,0
HUIZ.US,5,20251031,143000,3.6238,3.6238,3.6238,3.6238,200,0
HUIZ.US,5,20251031,151000,3.61,3.6199,3.61,3.6199,1000,0
HUIZ.US,5,20251031,153000,3.7,3.7,3.7,3.7,100,0
HUIZ.US,5,20251031,163000,3.48,3.48,3.48,3.48,104,0
HUIZ.US,5,20251031,163500,3.48,3.48,3.48,3.48,725,0
HUIZ.US,5,20251031,164000,3.5504,3.5504,3.5504,3.5504,316,0
HUIZ.US,5,20251031,181000,3.6978,3.6978,3.6978,3.6978,2887,0
HUIZ.US,5,20251031,183500,3.59,3.59,3.59,3.59,280,0
HUIZ.US,5,20251031,185000,3.4931,3.4931,3.4931,3.4931,2720,0
HUIZ.US,5,20251103,160000,3.4936,3.4936,3.4936,3.4936,1300,0
HUIZ.US,5,20251103,162500,3.64,3.74,3.63,3.74,3000,0
HUIZ.US,5,20251103,171000,3.73,3.77,3.72,3.73,3637,0
HUIZ.US,5,20251103,171500,3.769,3.769,3.769,3.769,102,0
HUIZ.US,5,20251103,180500,3.71,3.71,3.71,3.71,100,0
HUIZ.US,5,20251103,192000,3.7,3.7,3.7,3.7,300,0
HUIZ.US,5,20251103,194500,3.7,3.7,3.7,3.7,137,0
HUIZ.US,5,20251104,164000,3.56,3.56,3.56,3.56,400,0
HUIZ.US,5,20251104,182500,3.8,3.8,3.8,3.8,5240,0
HUIZ.US,5,20251104,191000,3.82,3.82,3.82,3.82,200,0
HUIZ.US,5,20251105,153000,3.74,3.74,3.74,3.74,200,0
HUIZ.US,5,20251105,163000,3.5101,3.5101,3.5101,3.5101,164,0
HUIZ.US,5,20251105,164000,3.5388,3.5388,3.53,3.53,1400,0
HUIZ.US,5,20251105,165000,3.57,3.57,3.57,3.57,300,0
HUIZ.US,5,20251105,192500,3.57,3.57,3.57,3.57,300,0
HUIZ.US,5,20251105,193000,3.56,3.56,3.56,3.56,100,0
HUIZ.US,5,20251105,193500,3.54,3.57,3.54,3.57,200,0
HUIZ.US,5,20251105,202500,3.57,3.57,3.57,3.57,100,0
HUIZ.US,5,20251105,215500,3.6,3.6,3.6,3.6,100,0
HUIZ.US,5,20251106,155000,3.5414,3.5414,3.5414,3.5414,124,0
HUIZ.US,5,20251106,164000,3.5344,3.56,3.5263,3.56,3958,0
HUIZ.US,5,20251106,170000,3.5525,3.5525,3.5525,3.5525,2000,0
HUIZ.US,5,20251106,180000,3.52,3.52,3.52,3.52,689,0
HUIZ.US,5,20251106,180500,3.55,3.55,3.55,3.55,847,0
HUIZ.US,5,20251106,183500,3.535,3.535,3.535,3.535,225,0
HUIZ.US,5,20251106,195000,3.53,3.53,3.52,3.53,400,0
HUIZ.US,5,20251106,195500,3.51,3.51,3.51,3.51,200,0
HUIZ.US,5,20251106,201500,3.53,3.53,3.53,3.53,3094,0
HUIZ.US,5,20251106,213000,3.54,3.54,3.54,3.54,500,0
HUIZ.US,5,20251106,215000,3.51,3.51,3.51,3.51,100,0
HUIZ.US,5,20251106,215500,3.5,3.5,3.48,3.48,3663,0
HUIZ.US,5,20251107,153500,3.46,3.46,3.4,3.4,383,0
HUIZ.US,5,20251107,155000,3.4,3.44,3.4,3.44,10418,0
HUIZ.US,5,20251107,155500,3.45,3.46,3.45,3.46,8000,0
HUIZ.US,5,20251107,164000,3.4152,3.4152,3.4152,3.4152,668,0
HUIZ.US,5,20251107,164500,3.39,3.39,3.36,3.36,1100,0
HUIZ.US,5,20251107,172000,3.3,3.3,3.26,3.26,1001,0
HUIZ.US,5,20251107,191500,3.33,3.37,3.33,3.34,4121,0
HUIZ.US,5,20251107,192000,3.35,3.35,3.35,3.35,436,0
HUIZ.US,5,20251107,202500,3.33,3.33,3.33,3.33,1045,0
HUIZ.US,5,20251107,212500,3.3295,3.3295,3.3295,3.3295,250,0
HUIZ.US,5,20251107,213000,3.31,3.31,3.31,3.31,629,0
HUIZ.US,5,20251107,215500,3.28,3.29,3.28,3.29,350,0
HUIZ.US,5,20251110,153000,3.29,3.29,3.29,3.29,1126,0
HUIZ.US,5,20251110,154000,3.3,3.48,3.3,3.33,3466,0
HUIZ.US,5,20251110,173500,3.32,3.32,3.3,3.3,750,0
HUIZ.US,5,20251110,184000,3.28,3.32,3.28,3.32,263,0
HUIZ.US,5,20251110,191000,3.32,3.32,3.32,3.32,100,0
HUIZ.US,5,20251110,191500,3.28,3.28,3.28,3.28,994,0
HUIZ.US,5,20251110,194000,3.32,3.32,3.32,3.32,100,0
HUIZ.US,5,20251110,202500,3.301,3.301,3.301,3.301,100,0
HUIZ.US,5,20251111,164000,3.2801,3.32,3.28,3.31,3530,0
HUIZ.US,5,20251111,164500,3.2608,3.2608,3.2608,3.2608,1000,0
HUIZ.US,5,20251111,165000,3.26,3.26,3.26,3.26,100,0
HUIZ.US,5,20251111,172500,3.285,3.285,3.28,3.28,2047,0
HUIZ.US,5,20251111,173500,3.28,3.29,3.28,3.28,2020,0
HUIZ.US,5,20251111,174000,3.28,3.28,3.28,3.28,200,0
HUIZ.US,5,20251111,174500,3.285,3.29,3.285,3.29,2749,0
HUIZ.US,5,20251111,175000,3.29,3.41,3.285,3.41,6100,0
HUIZ.US,5,20251111,192500,3.39,3.39,3.39,3.39,100,0
HUIZ.US,5,20251111,215500,3.28,3.28,3.28,3.28,1586,0
HUIZ.US,5,20251112,153500,3.29,3.29,3.29,3.29,100,0
HUIZ.US,5,20251112,154000,3.29,3.29,3.29,3.29,2500,0
HUIZ.US,5,20251112,161000,3.28,3.28,3.28,3.28,100,0
HUIZ.US,5,20251112,161500,3.28,3.28,3.28,3.28,414,0
HUIZ.US,5,20251112,164000,3.2,3.2,3.2,3.2,100,0
HUIZ.US,5,20251112,170000,3.2001,3.33,3.2001,3.325,3186,0
HUIZ.US,5,20251112,171500,3.2,3.2,3.2,3.2,100,0
HUIZ.US,5,20251112,192000,3.2,3.2,3.2,3.2,143,0
HUIZ.US,5,20251112,194000,3.18,3.18,3.18,3.18,100,0
HUIZ.US,5,20251112,202500,3.0497,3.0497,3.0497,3.0497,276,0
HUIZ.US,5,20251112,204000,3.18,3.18,3.18,3.18,100,0
HUIZ.US,5,20251113,155500,3.16,3.18,3.09,3.18,957,0
HUIZ.US,5,20251113,160000,3.21,3.21,3.21,3.21,181,0
HUIZ.US,5,20251113,160500,3.2116,3.2116,3.2116,3.2116,1000,0
HUIZ.US,5,20251113,162500,3.22,3.29,3.22,3.24,2397,0
HUIZ.US,5,20251113,163000,3.22,3.22,3.2,3.2,800,0
HUIZ.US,5,20251113,163500,3.2,3.2,3.2,3.2,300,0
HUIZ.US,5,20251113,164000,3.2,3.2,3.2,3.2,100,0
HUIZ.US,5,20251113,173000,3.245,3.245,3.245,3.245,141,0
HUIZ.US,5,20251113,195500,3.26,3.26,3.26,3.26,100,0
HUIZ.US,5,20251113,214500,3.2,3.2,3.2,3.2,400,0
HUIZ.US,5,20251114,171000,3.075,3.15,3.075,3.15,6406,0
HUIZ.US,5,20251114,173500,3.14,3.14,3.14,3.14,1053,0
HUIZ.US,5,20251114,202000,3.14,3.14,3.14,3.14,254,0
HUIZ.US,5,20251117,153000,3.14,3.14,3.14,3.14,576,0
HUIZ.US,5,20251117,154500,3.14,3.14,3.14,3.14,306,0
HUIZ.US,5,20251117,164500,3.07,3.08,3.07,3.08,200,0
HUIZ.US,5,20251117,180500,3.07,3.07,3.07,3.07,690,0
HUIZ.US,5,20251117,201000,3.0701,3.0701,3.0701,3.0701,180,0
HUIZ.US,5,20251117,211000,3.0857,3.0857,3.0857,3.0857,353,0
HUIZ.US,5,20251118,153000,3.07,3.07,3.07,3.07,100,0
HUIZ.US,5,20251118,155000,3.07,3.07,3.07,3.07,140,0
HUIZ.US,5,20251118,160500,3.07,3.07,3.07,3.07,150,0
HUIZ.US,5,20251118,170000,3.07,3.07,3.01,3.01,455,0
HUIZ.US,5,20251119,153500,3.0999,3.1629,3.06,3.14,2697,0
HUIZ.US,5,20251119,185500,3.1,3.1,3.1,3.1,882,0
HUIZ.US,5,20251119,190000,3.1,3.1,3.1,3.1,150,0
HUIZ.US,5,20251120,153000,3.08,3.08,3.08,3.08,129,0
HUIZ.US,5,20251120,164000,3.3036,3.3036,3.3036,3.3036,525,0
HUIZ.US,5,20251120,181500,3.1766,3.1766,3.1766,3.1766,220,0
HUIZ.US,5,20251121,203500,3.3159,3.3159,3.3159,3.3159,250,0
HUIZ.US,5,20251121,204000,3.29,3.29,3.29,3.29,100,0
HUIZ.US,5,20251121,212500,3.305,3.3183,3.305,3.3183,606,0
HUIZ.US,5,20251121,213500,3.29,3.29,3.29,3.29,167,0
HUIZ.US,5,20251121,215500,3.32,3.32,3.32,3.32,100,0
HUIZ.US,5,20251124,183500,3.27,3.27,3.27,3.27,250,0
HUIZ.US,5,20251124,211500,3.26,3.26,3.26,3.26,447,0
HUIZ.US,5,20251125,185000,3.5,3.5,3.5,3.5,101,0
HUIZ.US,5,20251125,192000,3.47,3.47,3.47,3.47,100,0
HUIZ.US,5,20251126,191000,3.42,3.42,3.42,3.42,100,0
HUIZ.US,5,20251126,193500,3.37,3.37,3.37,3.37,100,0
HUIZ.US,5,20251128,162500,3.37,3.37,3.37,3.37,200,0
HUIZ.US,5,20251128,180000,3.37,3.37,3.37,3.37,256,0
HUIZ.US,5,20251201,161500,3.6,3.6,3.455,3.455,1376,0
HUIZ.US,5,20251201,162000,3.46,3.58,3.46,3.52,3831,0
HUIZ.US,5,20251201,165000,3.465,3.465,3.46,3.46,200,0
HUIZ.US,5,20251201,172000,3.4948,3.4948,3.4948,3.4948,317,0
HUIZ.US,5,20251201,172500,3.46,3.46,3.46,3.46,105,0
HUIZ.US,5,20251201,174000,3.51,3.57,3.51,3.57,2418,0
HUIZ.US,5,20251201,181500,3.55,3.55,3.55,3.55,300,0
HUIZ.US,5,20251201,195500,3.535,3.535,3.53,3.53,200,0
HUIZ.US,5,20251201,213000,3.639,3.6965,3.57,3.6965,1180,0
HUIZ.US,5,20251201,213500,3.57,3.57,3.57,3.57,100,0
HUIZ.US,5,20251202,161000,3.5401,3.5402,3.54,3.54,513,0
HUIZ.US,5,20251202,161500,3.55,3.55,3.55,3.55,100,0
HUIZ.US,5,20251202,162000,3.6,3.6,3.6,3.6,100,0
HUIZ.US,5,20251202,183000,3.57,3.57,3.57,3.57,250,0
HUIZ.US,5,20251202,185000,3.57,3.57,3.57,3.57,100,0
HUIZ.US,5,20251202,191500,3.57,3.57,3.57,3.57,124,0
HUIZ.US,5,20251202,195000,3.57,3.57,3.57,3.57,175,0
HUIZ.US,5,20251202,210000,3.5955,3.6,3.56,3.6,1399,0
HUIZ.US,5,20251203,153000,3.58,3.58,3.58,3.58,193,0
HUIZ.US,5,20251203,155500,3.6,3.6,3.56,3.56,2500,0
HUIZ.US,5,20251203,192500,3.62,3.67,3.57,3.62,880,0
HUIZ.US,5,20251203,215500,3.58,3.58,3.58,3.58,100,0
HUIZ.US,5,20251204,160000,3.6104,3.6104,3.6104,3.6104,100,0
HUIZ.US,5,20251204,161000,3.8179,3.8179,3.8179,3.8179,100,0
HUIZ.US,5,20251204,170000,3.7681,3.7681,3.7681,3.7681,288,0
HUIZ.US,5,20251204,170500,3.66,3.66,3.66,3.66,500,0
HUIZ.US,5,20251204,173500,3.73,3.73,3.73,3.73,111,0
HUIZ.US,5,20251204,211000,3.705,3.7629,3.705,3.7629,300,0
HUIZ.US,5,20251204,214500,3.7408,3.7408,3.7408,3.7408,500,0
HUIZ.US,5,20251204,215000,3.7506,3.8,3.7506,3.8,415,0
HUIZ.US,5,20251204,215500,3.62,3.62,3.62,3.62,200,0
HUIZ.US,5,20251205,153500,3.5616,3.67,3.5616,3.67,745,0
HUIZ.US,5,20251205,154500,3.56,3.58,3.56,3.56,986,0
HUIZ.US,5,20251205,215500,3.6,3.6,3.6,3.6,110,0
HUIZ.US,5,20251208,153500,3.68,3.68,3.68,3.68,500,0
HUIZ.US,5,20251208,160000,3.613,3.62,3.613,3.62,304,0
HUIZ.US,5,20251208,162500,3.68,3.79,3.67,3.79,2869,0
HUIZ.US,5,20251208,174000,3.755,3.755,3.7107,3.72,1925,0
HUIZ.US,5,20251208,175000,3.76,3.76,3.76,3.76,100,0
HUIZ.US,5,20251208,185000,3.78,3.78,3.76,3.76,700,0
HUIZ.US,5,20251208,201500,3.7432,3.7432,3.7432,3.7432,100,0
HUIZ.US,5,20251208,204000,3.7499,3.7499,3.7499,3.7499,200,0
HUIZ.US,5,20251208,204500,3.72,3.72,3.71,3.71,300,0
HUIZ.US,5,20251208,215000,3.69,3.69,3.69,3.69,500,0
HUIZ.US,5,20251208,215500,3.68,3.68,3.56,3.57,1882,0
HUIZ.US,5,20251209,153000,3.56,3.56,3.56,3.56,417,0
HUIZ.US,5,20251209,154000,3.43,3.43,3.43,3.43,100,0
HUIZ.US,5,20251209,161000,3.3196,3.53,3.3196,3.53,3965,0
HUIZ.US,5,20251209,162000,3.71,3.71,3.5103,3.5103,2000,0
HUIZ.US,5,20251209,192000,3.57,3.57,3.56,3.57,400,0
HUIZ.US,5,20251209,202500,3.5201,3.5201,3.5201,3.5201,1000,0
HUIZ.US,5,20251209,213000,3.52,3.53,3.52,3.52,544,0
HUIZ.US,5,20251210,153000,3.52,3.52,3.52,3.52,100,0
HUIZ.US,5,20251210,170500,3.8,3.8,3.8,3.8,292,0
HUIZ.US,5,20251210,174500,3.5411,3.5411,3.5411,3.5411,310,0
HUIZ.US,5,20251210,191000,3.476,3.476,3.476,3.476,100,0
HUIZ.US,5,20251211,153500,3.4601,3.4601,3.4601,3.4601,500,0
HUIZ.US,5,20251211,155500,3.8,3.8,3.8,3.8,1739,0
HUIZ.US,5,20251211,161500,3.74,3.74,3.74,3.74,100,0
HUIZ.US,5,20251211,165500,3.57,3.57,3.57,3.57,100,0
HUIZ.US,5,20251212,164000,3.79,3.79,3.77,3.77,520,0
HUIZ.US,5,20251212,173000,3.64,3.64,3.64,3.64,300,0
HUIZ.US,5,20251212,181000,3.61,3.61,3.56,3.56,2087,0
HUIZ.US,5,20251212,202000,3.56,3.56,3.56,3.56,200,0
HUIZ.US,5,20251212,204500,3.59,3.59,3.59,3.59,100,0
HUIZ.US,5,20251212,215500,3.49,3.55,3.49,3.55,252,0
HUIZ.US,5,20251215,153000,3.51,3.51,3.51,3.51,1101,0
HUIZ.US,5,20251215,171000,3.1936,3.1936,3.1936,3.1936,600,0
HUIZ.US,5,20251215,193000,3.45,3.45,3.39,3.39,603,0
HUIZ.US,5,20251215,200500,3.37,3.37,3.37,3.37,100,0
HUIZ.US,5,20251215,204500,3.37,3.37,3.37,3.37,100,0
HUIZ.US,5,20251215,214000,3.37,3.37,3.26,3.26,300,0
HUIZ.US,5,20251215,214500,3.31,3.31,3.31,3.31,358,0
HUIZ.US,5,20251215,215500,3.27,3.27,3.19,3.19,600,0
HUIZ.US,5,20251216,155000,3.18,3.19,3.18,3.19,5551,0
HUIZ.US,5,20251216,172000,3.145,3.145,3.145,3.145,100,0
HUIZ.US,5,20251216,180000,3.11,3.11,3.11,3.11,100,0
HUIZ.US,5,20251216,210000,3.135,3.135,3.129,3.129,350,0
HUIZ.US,5,20251216,210500,3.15,3.15,3.15,3.15,200,0
HUIZ.US,5,20251216,214000,3.17,3.17,3.15,3.15,894,0
HUIZ.US,5,20251216,215500,3.12,3.12,3.12,3.12,100,0
HUIZ.US,5,20251217,153000,3.13,3.13,3.13,3.13,200,0
HUIZ.US,5,20251217,163500,3.1987,3.1987,3.11,3.11,3790,0
HUIZ.US,5,20251217,173000,3.18,3.25,3.18,3.25,300,0
HUIZ.US,5,20251217,180500,3.27,3.3,3.27,3.3,200,0
HUIZ.US,5,20251217,181500,3.34,3.58,3.34,3.58,450,0
HUIZ.US,5,20251217,182000,3.57,3.62,3.57,3.57,4900,0
HUIZ.US,5,20251217,182500,3.56,3.56,3.5,3.5,2200,0
HUIZ.US,5,20251217,183000,3.1638,3.35,3.1638,3.35,1176,0
HUIZ.US,5,20251217,183500,3.4,3.4,3.21494,3.31,700,0
HUIZ.US,5,20251217,184000,3.35,3.35,3.3,3.3,4311,0
HUIZ.US,5,20251217,184500,3.21,3.2101,3.2,3.2,1579,0
HUIZ.US,5,20251217,185000,3.2999,3.2999,3.2999,3.2999,3000,0
HUIZ.US,5,20251217,211500,3.21,3.21,3.21,3.21,105,0
HUIZ.US,5,20251218,160500,3.2398,3.2398,3.2398,3.2398,200,0
HUIZ.US,5,20251218,164500,3.17,3.17,3.17,3.17,488,0
HUIZ.US,5,20251218,173000,3.16,3.16,3.16,3.16,1256,0
HUIZ.US,5,20251219,154000,3.1312,3.15,3.127,3.15,320,0
HUIZ.US,5,20251219,162000,3.0448,3.0448,3.0448,3.0448,180,0
HUIZ.US,5,20251219,185000,3.12,3.12,3.12,3.12,1000,0
HUIZ.US,5,20251222,153500,3.13,3.5,3.11,3.4,6060,0
HUIZ.US,5,20251222,154000,3.58,3.58,3.31,3.31,4809,0
HUIZ.US,5,20251222,155000,3.38,3.38,3.38,3.38,101,0
HUIZ.US,5,20251222,160500,3.41,3.41,3.32,3.32,1036,0
HUIZ.US,5,20251222,162000,3.22,3.22,3.2,3.2,1318,0
HUIZ.US,5,20251222,170500,3.25,3.26,3.25,3.25,790,0
HUIZ.US,5,20251222,172000,3.2378,3.25,3.2378,3.25,1500,0
HUIZ.US,5,20251222,174000,3.25,3.25,3.25,3.25,100,0
HUIZ.US,5,20251222,174500,3.2499,3.25,3.2499,3.25,3082,0
HUIZ.US,5,20251222,175500,3.295,3.32,3.295,3.32,1691,0
HUIZ.US,5,20251222,181000,3.317,3.317,3.317,3.317,125,0
HUIZ.US,5,20251222,184000,3.3156,3.3156,3.3156,3.3156,200,0
HUIZ.US,5,20251222,184500,3.3113,3.3113,3.3113,3.3113,600,0
HUIZ.US,5,20251222,194000,3.3,3.35,3.27,3.32,11300,0
HUIZ.US,5,20251222,194500,3.28,3.28,3.28,3.28,100,0
HUIZ.US,5,20251222,204500,3.31,3.3101,3.27,3.27,1050,0
HUIZ.US,5,20251222,215000,3.2955,3.2955,3.2955,3.2955,100,0
HUIZ.US,5,20251222,215500,3.25,3.25,3.25,3.25,100,0
HUIZ.US,5,20251223,153000,3.31,3.31,3.31,3.31,901,0
HUIZ.US,5,20251223,160000,3.2606,3.2606,3.2145,3.2145,700,0
HUIZ.US,5,20251223,162000,3.4,3.4,3.39,3.39,442,0
HUIZ.US,5,20251223,164000,3.4,3.4,3.37,3.37,200,0
HUIZ.US,5,20251223,164500,3.35,3.35,3.34,3.34,400,0
HUIZ.US,5,20251223,170000,3.38,3.38,3.38,3.38,288,0
HUIZ.US,5,20251223,170500,3.3,3.31,3.26,3.26,1910,0
HUIZ.US,5,20251223,173000,3.2,3.2,3.2,3.2,196,0
HUIZ.US,5,20251223,181500,3.31,3.31,3.31,3.31,100,0
HUIZ.US,5,20251223,182000,3.28,3.28,3.24,3.24,789,0
HUIZ.US,5,20251223,184000,3.23,3.23,3.16,3.16,300,0
HUIZ.US,5,20251224,153000,3.23,3.23,3.23,3.23,230,0
HUIZ.US,5,20251224,161500,3.27,3.3,3.27,3.3,296,0
HUIZ.US,5,20251224,162000,3.4999,3.4999,3.4999,3.4999,350,0
HUIZ.US,5,20251224,163000,3.3,3.3,3.3,3.3,100,0
HUIZ.US,5,20251224,163500,3.31,3.31,3.31,3.31,118,0
HUIZ.US,5,20251224,182500,3.174668,3.174668,3.174668,3.174668,549,0
HUIZ.US,5,20251226,153000,3.33,3.33,3.33,3.33,900,0
HUIZ.US,5,20251226,170000,3.3,3.3,3.2,3.2,2412,0
HUIZ.US,5,20251226,193500,3.3364,3.3364,3.3364,3.3364,3000,0
HUIZ.US,5,20251226,214500,3.21,3.21,3.21,3.21,300,0
HUIZ.US,5,20251229,155000,3.17,3.17,3.17,3.17,200,0
HUIZ.US,5,20251229,171000,3.1845,3.1845,3.1845,3.1845,131,0
HUIZ.US,5,20251229,173000,3.1762,3.1762,3.1762,3.1762,128,0
HUIZ.US,5,20251229,185000,3.19,3.19,3.19,3.19,100,0
HUIZ.US,5,20251229,194500,3.19,3.19,3.19,3.19,100,0
HUIZ.US,5,20251229,202000,3.2,3.2,3.2,3.2,100,0
HUIZ.US,5,20251229,202500,3.2099,3.2099,3.2099,3.2099,150,0
HUIZ.US,5,20251229,204500,3.17,3.183286,3.17,3.183286,518,0
HUIZ.US,5,20251229,215500,3.18,3.18,3.18,3.18,162,0
HUIZ.US,5,20251230,153000,3.18,3.18,3.18,3.18,437,0
HUIZ.US,5,20251230,155000,3.17,3.17,3.17,3.17,200,0
HUIZ.US,5,20251230,160000,3.17,3.17,3.17,3.17,156,0
HUIZ.US,5,20251230,171000,3.16,3.16,3.16,3.16,500,0
HUIZ.US,5,20251230,171500,3.15,3.15,3.15,3.15,999,0
HUIZ.US,5,20251230,175000,3.14,3.14,3.14,3.14,200,0
HUIZ.US,5,20251230,185000,3.13,3.13,3.13,3.13,200,0
HUIZ.US,5,20251230,192500,3.14,3.18,3.14,3.175,28431,0
HUIZ.US,5,20251230,193000,3.155,3.71,3.155,3.71,30140,0
HUIZ.US,5,20251230,193500,3.57,3.6,3.29,3.41,6603,0
HUIZ.US,5,20251230,194000,3.47,3.83,3.3502,3.7786,64027,0
HUIZ.US,5,20251230,194500,3.74,3.79,3.49,3.6,50464,0
HUIZ.US,5,20251230,195000,3.51,3.78,3.07,3.07,98115,0
HUIZ.US,5,20251230,200000,2.81,2.95,2.74,2.81,2951,0
HUIZ.US,5,20251230,200500,2.9399,2.9399,2.7101,2.85,3661,0
HUIZ.US,5,20251230,201000,2.93,3.1199,2.93,3.02,2050,0
HUIZ.US,5,20251230,201500,2.93,3,2.93,3,445,0
HUIZ.US,5,20251230,202000,3.012,3.0133,2.94,2.95,470,0
HUIZ.US,5,20251230,202500,3,3.0714,3,3.0714,3100,0
HUIZ.US,5,20251230,204500,2.95,2.95,2.93,2.93,300,0
HUIZ.US,5,20251230,205500,3,3,3,3,100,0
HUIZ.US,5,20251230,210500,2.93,2.93,2.93,2.93,100,0
HUIZ.US,5,20251230,212000,2.98,3.04,2.98,2.98,400,0
HUIZ.US,5,20251230,212500,2.97,3.04,2.97,3.04,700,0
HUIZ.US,5,20251230,213000,3.04,3.14,3,3.14,490,0
HUIZ.US,5,20251230,214500,3.13,3.13,3.13,3.13,1100,0
HUIZ.US,5,20251230,215500,3.09,3.09,3.03,3.03,910,0
HUIZ.US,5,20251231,153000,3.14,3.14,3.14,3.14,567,0
HUIZ.US,5,20251231,154500,3.05,3.05,3.03,3.03,1061,0
HUIZ.US,5,20251231,161500,3.1,3.1,3.1,3.1,100,0
HUIZ.US,5,20251231,162000,2.9,3.08,2.9,3.01,4400,0
HUIZ.US,5,20251231,162500,3.03,3.3,3.03,3.2,4896,0
HUIZ.US,5,20251231,163000,3.25,3.25,3.25,3.25,5578,0
HUIZ.US,5,20251231,163500,3.02,3.1,2.72,2.72,5544,0
HUIZ.US,5,20251231,164000,2.72,2.72,2.72,2.72,234,0
HUIZ.US,5,20251231,164500,2.65,2.66,2.65,2.66,890,0
HUIZ.US,5,20251231,172500,2.7501,2.7501,2.7501,2.7501,350,0
HUIZ.US,5,20251231,173000,2.7501,2.7501,2.7501,2.7501,250,0
HUIZ.US,5,20251231,173500,2.77,2.8,2.77,2.8,800,0
HUIZ.US,5,20251231,202000,2.81,2.81,2.75,2.75,500,0
HUIZ.US,5,20251231,211500,2.82,2.82,2.82,2.82,100,0
HUIZ.US,5,20251231,215500,2.77,2.81,2.77,2.81,518,0
HUIZ.US,5,20260102,153000,2.8,2.8,2.75,2.75,2303,0
HUIZ.US,5,20260102,155000,2.71,2.71,2.7,2.7,200,0
HUIZ.US,5,20260102,155500,2.7,2.7,2.7,2.7,100,0
HUIZ.US,5,20260102,160000,2.705,2.73,2.705,2.73,5687,0
HUIZ.US,5,20260102,165000,2.73,2.73,2.73,2.73,200,0
HUIZ.US,5,20260102,170500,2.79,2.79,2.79,2.79,200,0
HUIZ.US,5,20260102,175000,2.78,2.78,2.78,2.78,100,0
HUIZ.US,5,20260102,182000,2.77,2.77,2.77,2.77,162,0
HUIZ.US,5,20260102,200500,2.76,2.8,2.75,2.8,1926,0
HUIZ.US,5,20260102,201000,2.75,2.8,2.75,2.79,800,0
HUIZ.US,5,20260102,201500,2.8,2.8,2.8,2.8,100,0
HUIZ.US,5,20260102,202000,2.79,2.8,2.79,2.79,3000,0
HUIZ.US,5,20260102,202500,2.79,2.79,2.78,2.78,400,0
HUIZ.US,5,20260102,203000,2.795,2.81,2.77,2.8,21228,0
HUIZ.US,5,20260102,203500,2.77,2.77,2.75,2.77,596,0
HUIZ.US,5,20260102,204000,2.79,2.79,2.79,2.79,100,0
HUIZ.US,5,20260102,205000,2.79,2.79,2.79,2.79,200,0
HUIZ.US,5,20260102,210500,2.78,2.78,2.78,2.78,100,0
HUIZ.US,5,20260102,214000,2.75,2.75,2.75,2.75,200,0
HUIZ.US,5,20260102,215500,2.75,2.75,2.74,2.75,861,0
HUIZ.US,5,20260105,153000,2.78,2.85,2.71,2.71,1897,0
HUIZ.US,5,20260105,153500,2.75,2.75,2.75,2.75,247,0
HUIZ.US,5,20260105,160000,2.71,2.71,2.7,2.7,400,0
HUIZ.US,5,20260105,160500,2.69,2.69,2.68,2.68,200,0
HUIZ.US,5,20260105,161000,2.69,2.72,2.69,2.72,200,0
HUIZ.US,5,20260105,162000,2.7507,2.7507,2.7507,2.7507,200,0
HUIZ.US,5,20260105,163000,2.71,2.71,2.71,2.71,172,0
HUIZ.US,5,20260105,163500,2.7,2.7,2.64,2.64,1700,0
HUIZ.US,5,20260105,164000,2.63,2.63,2.6,2.6,500,0
HUIZ.US,5,20260105,164500,2.5864,2.5864,2.5864,2.5864,200,0
HUIZ.US,5,20260105,165000,2.59,2.65,2.58,2.65,748,0
HUIZ.US,5,20260105,165500,2.6,2.62,2.58,2.58,2500,0
HUIZ.US,5,20260105,170000,2.56,2.56,2.56,2.56,200,0
HUIZ.US,5,20260105,173500,2.56,2.5649,2.56,2.5649,500,0
HUIZ.US,5,20260105,174000,2.55,2.55,2.55,2.55,100,0
HUIZ.US,5,20260105,185000,2.55,2.55,2.55,2.55,500,0
HUIZ.US,5,20260105,185500,2.54,2.54,2.5,2.5,1759,0
HUIZ.US,5,20260105,190000,2.4272,2.57,2.4272,2.54,5674,0
HUIZ.US,5,20260105,191000,2.54,2.54,2.54,2.54,100,0
HUIZ.US,5,20260105,195500,2.53,2.53,2.53,2.53,100,0
HUIZ.US,5,20260105,202500,2.48,2.48,2.48,2.48,100,0
HUIZ.US,5,20260105,203000,2.47,2.47,2.46,2.46,1000,0
HUIZ.US,5,20260105,215500,2.44,2.44,2.375,2.375,241,0
HUIZ.US,5,20260106,153000,2.44,2.44,2.44,2.44,137,0
HUIZ.US,5,20260106,155500,2.41,2.41,2.41,2.41,206,0
HUIZ.US,5,20260106,160000,2.46,2.55,2.46,2.55,1255,0
HUIZ.US,5,20260106,160500,2.5,2.51,2.5,2.51,1200,0
HUIZ.US,5,20260106,161000,2.48,2.48,2.37,2.44,1379,0
HUIZ.US,5,20260106,161500,2.44,2.44,2.37,2.37,451,0
HUIZ.US,5,20260106,163500,2.36,2.4,2.15,2.4,4219,0
HUIZ.US,5,20260106,164500,2.38,2.42,2.38,2.38,2225,0
HUIZ.US,5,20260106,165000,2.35,2.35,2.15,2.16,3601,0
HUIZ.US,5,20260106,165500,2.225,2.26,2.225,2.25,301,0
HUIZ.US,5,20260106,170000,2.22,2.22,2.22,2.22,296,0
HUIZ.US,5,20260106,170500,2.3,2.36,2.3,2.36,10696,0
HUIZ.US,5,20260106,171000,2.32,2.36,2.32,2.36,795,0
HUIZ.US,5,20260106,172000,2.35,2.35,2.35,2.35,148,0
HUIZ.US,5,20260106,172500,2.33,2.33,2.22,2.23,1200,0
HUIZ.US,5,20260106,173500,2.225,2.225,2.22,2.22,300,0
HUIZ.US,5,20260106,174000,2.22,2.2675,2.22,2.25,414,0
HUIZ.US,5,20260106,181000,2.29,2.34,2.29,2.34,392,0
HUIZ.US,5,20260106,181500,2.2301,2.29,2.16,2.165,3696,0
HUIZ.US,5,20260106,190000,2.19,2.19,2.19,2.19,100,0
HUIZ.US,5,20260106,191500,2.21,2.21,2.21,2.21,100,0
HUIZ.US,5,20260106,195500,2.21,2.21,2.2,2.2,2300,0
HUIZ.US,5,20260106,200500,2.185,2.2,2.185,2.2,8563,0
HUIZ.US,5,20260106,201000,2.29,2.39,2.27,2.34,3475,0
HUIZ.US,5,20260106,202000,2.34,2.35,2.34,2.35,555,0
HUIZ.US,5,20260106,202500,2.4,2.522,2.39,2.39,572,0
HUIZ.US,5,20260106,203000,2.31,2.31,2.245,2.29,3600,0
HUIZ.US,5,20260106,203500,2.3,2.3,2.3,2.3,100,0
HUIZ.US,5,20260106,204500,2.3,2.3,2.3,2.3,100,0
HUIZ.US,5,20260106,205000,2.3,2.3,2.3,2.3,100,0
HUIZ.US,5,20260106,210500,2.285,2.285,2.285,2.285,100,0
HUIZ.US,5,20260106,211500,2.28,2.28,2.26,2.26,225,0
HUIZ.US,5,20260106,213500,2.2,2.2,2.2,2.2,100,0
HUIZ.US,5,20260106,215000,2.28,2.28,2.28,2.28,290,0
HUIZ.US,5,20260106,215500,2.28,2.28,2.28,2.28,100,0
HUIZ.US,5,20260107,153000,2.37,2.4,2.35,2.4,700,0
HUIZ.US,5,20260107,154500,2.35,2.42,2.34,2.34,2301,0
HUIZ.US,5,20260107,160000,2.35,2.35,2.32,2.32,1643,0
HUIZ.US,5,20260107,160500,2.29,2.29,2.21,2.21,3484,0
HUIZ.US,5,20260107,164000,2.25,2.25,2.25,2.25,1000,0
HUIZ.US,5,20260107,170500,2.21,2.22,2.205,2.22,700,0
HUIZ.US,5,20260107,172500,2.33,2.33,2.3,2.3,750,0
HUIZ.US,5,20260107,174000,2.28,2.29,2.28,2.29,2574,0
HUIZ.US,5,20260107,181000,2.28,2.28,2.28,2.28,500,0
HUIZ.US,5,20260107,201000,2.19,2.19,2.19,2.19,100,0
HUIZ.US,5,20260107,202000,2.19,2.22,2.19,2.22,840,0
HUIZ.US,5,20260107,205000,2.19,2.2,2.19,2.2,200,0
HUIZ.US,5,20260107,212000,2.2,2.2,2.2,2.2,200,0
HUIZ.US,5,20260107,212500,2.26,2.26,2.26,2.26,1951,0
HUIZ.US,5,20260108,154500,2.25,2.25,2.25,2.25,300,0
HUIZ.US,5,20260108,164000,2.25,2.25,2.25,2.25,100,0
HUIZ.US,5,20260108,174000,2.19,2.19,2.16,2.17,700,0
HUIZ.US,5,20260108,180500,2.25,2.25,2.23,2.23,300,0
HUIZ.US,5,20260108,183000,2.25,2.25,2.25,2.25,200,0
HUIZ.US,5,20260108,201000,2.26,2.26,2.26,2.26,240,0
HUIZ.US,5,20260108,212500,2.35,2.37,2.35,2.35,1171,0
HUIZ.US,5,20260108,213000,2.35,2.5,2.34,2.34,2466,0
HUIZ.US,5,20260108,213500,2.38,2.5,2.38,2.45,600,0
HUIZ.US,5,20260108,214000,2.4,2.4,2.4,2.4,100,0
HUIZ.US,5,20260108,214500,2.31,2.34,2.29,2.29,3376,0
HUIZ.US,5,20260108,215500,2.19,2.19,2.19,2.19,200,0
HUIZ.US,5,20260109,163000,2.3,2.3,2.3,2.3,100,0
HUIZ.US,5,20260109,180500,2.28,2.28,2.28,2.28,100,0
HUIZ.US,5,20260109,181500,2.36,2.36,2.36,2.36,100,0
HUIZ.US,5,20260109,192500,2.2567,2.2567,2.2567,2.2567,162,0
HUIZ.US,5,20260112,153000,2.26,2.26,2.26,2.26,147,0
HUIZ.US,5,20260112,160500,2.21,2.21,2.21,2.21,100,0
HUIZ.US,5,20260112,165000,2.2,2.26,2.2,2.26,713,0
HUIZ.US,5,20260112,173000,2.26,2.278,2.26,2.278,1400,0
HUIZ.US,5,20260112,173500,2.26,2.26,2.26,2.26,1067,0
HUIZ.US,5,20260112,180000,2.305,2.305,2.305,2.305,100,0
HUIZ.US,5,20260112,184000,2.305,2.305,2.305,2.305,100,0
HUIZ.US,5,20260112,184500,2.305,2.305,2.305,2.305,200,0
HUIZ.US,5,20260112,191000,2.33,2.33,2.33,2.33,100,0
HUIZ.US,5,20260112,192000,2.27,2.27,2.27,2.27,100,0
HUIZ.US,5,20260112,193500,2.27,2.27,2.27,2.27,100,0
HUIZ.US,5,20260112,195500,2.27,2.27,2.27,2.27,100,0
HUIZ.US,5,20260112,200000,2.27,2.27,2.27,2.27,108,0
HUIZ.US,5,20260112,200500,2.27,2.27,2.27,2.27,112,0
HUIZ.US,5,20260112,201500,2.27,2.27,2.27,2.27,100,0
HUIZ.US,5,20260112,202500,2.27,2.27,2.27,2.27,108,0
HUIZ.US,5,20260112,203000,2.27,2.27,2.27,2.27,301,0
HUIZ.US,5,20260112,203500,2.26,2.26,2.26,2.26,224,0
HUIZ.US,5,20260112,204500,2.26,2.26,2.26,2.26,288,0
HUIZ.US,5,20260112,210000,2.26,2.26,2.26,2.26,770,0
HUIZ.US,5,20260112,211000,2.2,2.2,2.2,2.2,324,0
HUIZ.US,5,20260112,212000,2.2,2.2,2.2,2.2,288,0
HUIZ.US,5,20260112,213500,2.19,2.19,2.19,2.19,288,0
HUIZ.US,5,20260112,214500,2.19,2.19,2.19,2.19,288,0
HUIZ.US,5,20260112,215500,2.18,2.18,2.175,2.18,300,0
HUIZ.US,5,20260113,163500,2.22,2.22,2.22,2.22,113,0
HUIZ.US,5,20260113,173500,2.29,2.29,2.22,2.22,1128,0
HUIZ.US,5,20260113,174000,2.21,2.21,2.21,2.21,100,0
HUIZ.US,5,20260114,154000,2.3,2.3,2.28,2.28,293,0
HUIZ.US,5,20260114,154500,2.33,2.33,2.33,2.33,400,0
HUIZ.US,5,20260114,171000,2.32,2.32,2.32,2.32,100,0
HUIZ.US,5,20260114,193500,2.3,2.3,2.3,2.3,100,0
HUIZ.US,5,20260114,202500,2.35,2.39,2.27,2.27,1276,0
HUIZ.US,5,20260114,203000,2.27,2.27,2.27,2.27,200,0
HUIZ.US,5,20260114,204000,2.27,2.27,2.26,2.2601,1614,0
HUIZ.US,5,20260114,214500,2.26,2.26,2.26,2.26,160,0
HUIZ.US,5,20260115,154500,2.3,2.3,2.3,2.3,100,0
HUIZ.US,5,20260115,161500,2.29,2.29,2.29,2.29,100,0
HUIZ.US,5,20260115,171000,2.2,2.385,2.2,2.385,2665,0
HUIZ.US,5,20260115,193000,2.2101,2.2101,2.2101,2.2101,601,0
HUIZ.US,5,20260115,210500,2.25,2.25,2.25,2.25,780,0
HUIZ.US,5,20260115,212500,2.27,2.27,2.27,2.27,500,0
HUIZ.US,5,20260116,165000,2.25,2.305,2.24,2.27,733,0
HUIZ.US,5,20260116,173000,2.3152,2.3152,2.3152,2.3152,317,0
HUIZ.US,5,20260116,195000,2.27,2.27,2.27,2.27,100,0
HUIZ.US,5,20260116,215500,2.31,2.31,2.31,2.31,111,0
HUIZ.US,5,20260120,153000,2.29,2.29,2.29,2.29,515,0
HUIZ.US,5,20260120,154000,2.27,2.27,2.27,2.27,200,0
HUIZ.US,5,20260120,154500,2.26,2.26,2.26,2.26,100,0
HUIZ.US,5,20260120,165000,2.25,2.26,2.25,2.25,600,0
HUIZ.US,5,20260120,170500,2.26,2.26,2.26,2.26,1156,0
HUIZ.US,5,20260120,172500,2.27,2.27,2.27,2.27,200,0
HUIZ.US,5,20260120,173500,2.26,2.26,2.26,2.26,100,0
HUIZ.US,5,20260120,175000,2.26,2.27,2.26,2.26,995,0
HUIZ.US,5,20260120,180500,2.24,2.24,2.24,2.24,100,0
HUIZ.US,5,20260120,195000,2.22,2.22,2.22,2.22,300,0
HUIZ.US,5,20260120,200000,2.22,2.22,2.22,2.22,100,0
HUIZ.US,5,20260120,203000,2.21,2.21,2.21,2.21,100,0
HUIZ.US,5,20260120,215500,2.25,2.29,2.25,2.28,824,0
HUIZ.US,5,20260121,155500,2.21,2.21,2.21,2.21,100,0
HUIZ.US,5,20260121,172500,2.24,2.24,2.24,2.24,150,0
HUIZ.US,5,20260121,173500,2.22,2.22,2.22,2.22,100,0
HUIZ.US,5,20260121,214000,2.22,2.22,2.22,2.22,100,0
HUIZ.US,5,20260121,214500,2.22,2.22,2.22,2.22,364,0
HUIZ.US,5,20260121,215000,2.2,2.21,2.2,2.21,200,0
HUIZ.US,5,20260122,153000,2.24,2.24,2.24,2.24,177,0
HUIZ.US,5,20260122,153500,2.245,2.245,2.245,2.245,839,0
HUIZ.US,5,20260122,161000,2.2,2.2,2.2,2.2,100,0
HUIZ.US,5,20260122,161500,2.2552,2.2599,2.25,2.25,6200,0
HUIZ.US,5,20260122,162000,2.25,2.26,2.2001,2.245,7613,0
HUIZ.US,5,20260122,163000,2.245,2.245,2.245,2.245,100,0
HUIZ.US,5,20260122,170000,2.2236,2.2236,2.2236,2.2236,500,0
HUIZ.US,5,20260122,174000,2.24,2.24,2.24,2.24,100,0
HUIZ.US,5,20260122,192000,2.245,2.28,2.245,2.28,1096,0
HUIZ.US,5,20260122,200000,2.2,2.2,2.2,2.2,100,0
HUIZ.US,5,20260123,153000,2.2,2.2,2.2,2.2,624,0
HUIZ.US,5,20260123,162500,2.28,2.28,2.28,2.28,100,0
