<TICKER>,<PER>,<DATE>,<TIME>,<OPEN>,<HIGH>,<LOW>,<CLOSE>,<VOL>,<OPENINT>
AETH.US,5,20250829,153000,53.67,53.67,53.67,53.67,100,0
AETH.US,5,20250829,160500,52.4215,52.4215,52.4215,52.4215,100,0
AETH.US,5,20250829,161500,52.29,52.2901,52.29,52.2901,400,0
AETH.US,5,20250829,162500,52.4,52.4,52.3,52.3,500,0
AETH.US,5,20250829,164000,52.849,52.849,52.849,52.849,200,0
AETH.US,5,20250829,180500,52.75,52.759,52.75,52.759,1000,0
AETH.US,5,20250829,181000,52.6,52.635,52.59,52.59,2985,0
AETH.US,5,20250829,184500,52.93,52.93,52.93,52.93,100,0
AETH.US,5,20250829,194000,53.01,53.01,53.01,53.01,100,0
AETH.US,5,20250902,153500,52.8334,52.8334,52.8334,52.8334,377,0
AETH.US,5,20250902,154500,53.4326,53.4326,53.4326,53.4326,150,0
AETH.US,5,20250902,155000,53.48,53.48,53.48,53.48,8279,0
AETH.US,5,20250902,161500,53.11,53.11,53.11,53.11,100,0
AETH.US,5,20250902,164500,53.235,53.235,53.235,53.235,100,0
AETH.US,5,20250902,165000,53.23,53.23,53.23,53.23,400,0
AETH.US,5,20250902,170500,52.95,52.95,52.95,52.95,100,0
AETH.US,5,20250902,171000,52.95,52.95,52.95,52.95,100,0
AETH.US,5,20250902,172500,52.99,52.99,52.99,52.99,500,0
AETH.US,5,20250902,180500,52.39,52.39,52.39,52.39,100,0
AETH.US,5,20250902,205000,52.6,52.6,52.6,52.6,100,0
AETH.US,5,20250902,211000,52.4,52.4,52.4,52.4,383,0
AETH.US,5,20250902,212000,52,52.17,52,52.17,210,0
AETH.US,5,20250903,184000,52.14,52.14,52.14,52.14,100,0
AETH.US,5,20250903,200000,52.0001,52.0001,52.0001,52.0001,100,0
AETH.US,5,20250903,202000,52.17,52.17,52.17,52.17,100,0
AETH.US,5,20250903,215500,52.17,52.17,52.17,52.17,191,0
AETH.US,5,20250904,170500,52.167,52.167,52.167,52.167,100,0
AETH.US,5,20250904,171500,52.16,52.16,52.16,52.16,100,0
AETH.US,5,20250904,174000,51.8701,51.8701,51.8701,51.8701,100,0
AETH.US,5,20250905,155000,52.12,52.12,52.12,52.12,940,0
AETH.US,5,20250905,184000,52.17,52.17,52.17,52.17,171,0
AETH.US,5,20250905,202500,52.0034,52.0034,52.0034,52.0034,500,0
AETH.US,5,20250905,211500,51.98,51.98,51.98,51.98,100,0
AETH.US,5,20250905,214000,52.1,52.1,51.87,51.87,800,0
AETH.US,5,20250908,160000,51.971,51.971,51.9,51.9,500,0
AETH.US,5,20250908,160500,52.19,52.19,52.19,52.19,100,0
AETH.US,5,20250908,161500,51.9036,51.9036,51.9036,51.9036,114,0
AETH.US,5,20250908,163000,52.0853,52.0853,52.0853,52.0853,481,0
AETH.US,5,20250908,164500,52.0795,52.0795,52.0795,52.0795,968,0
AETH.US,5,20250908,180000,52.15,52.15,52.15,52.15,156,0
AETH.US,5,20250908,210500,52.2,52.2,52.2,52.2,100,0
AETH.US,5,20250908,212000,52.19,52.19,52.19,52.19,100,0
AETH.US,5,20250908,213500,52.1,52.1,52.1,52.1,125,0
AETH.US,5,20250909,153000,51.88,51.88,51.88,51.88,200,0
AETH.US,5,20250909,154500,52.05,52.05,52.05,52.05,547,0
AETH.US,5,20250909,155000,52.05,52.05,52.05,52.05,300,0
AETH.US,5,20250909,184500,51.9,51.9,51.9,51.9,100,0
AETH.US,5,20250909,202500,52.0557,52.0557,52.0557,52.0557,100,0
AETH.US,5,20250910,153000,52.71,52.71,52.71,52.71,400,0
AETH.US,5,20250910,155000,52.2,52.2,52.2,52.2,100,0
AETH.US,5,20250910,173500,51.91,52.055,51.9031,52.055,900,0
AETH.US,5,20250910,175000,51.91,51.91,51.91,51.91,400,0
AETH.US,5,20250911,153500,51.91,51.91,51.91,51.91,146,0
AETH.US,5,20250911,215000,52.0667,52.0667,52.0667,52.0667,107,0
AETH.US,5,20250912,155500,52.105,52.105,52.105,52.105,150,0
AETH.US,5,20250912,170500,52.15,52.15,52.15,52.15,100,0
AETH.US,5,20250912,185500,52.2,52.2,52.0886,52.0886,609,0
AETH.US,5,20250912,202500,52.001,52.001,52.001,52.001,100,0
AETH.US,5,20250912,203000,52.0001,52.31,52.0001,52.31,379,0
AETH.US,5,20250912,210000,52.15,52.15,52.15,52.15,100,0
AETH.US,5,20250912,215500,52.2999,52.2999,52.2999,52.2999,200,0
AETH.US,5,20250915,155500,52.2299,52.2299,52.2299,52.2299,100,0
AETH.US,5,20250915,173000,52.1999,52.1999,52.1999,52.1999,280,0
AETH.US,5,20250915,203500,51.9201,51.9201,51.9201,51.9201,210,0
AETH.US,5,20250915,215000,52.045,52.045,52.045,52.045,107,0
AETH.US,5,20250916,161000,51.409,51.409,51.409,51.409,2000,0
AETH.US,5,20250916,172000,51.46,51.46,51.46,51.46,100,0
AETH.US,5,20250916,190500,51.9234,51.9234,51.9234,51.9234,3000,0
AETH.US,5,20250916,191500,51.9,52.09,49.92,52.09,7590,0
AETH.US,5,20250916,204500,51.79,51.79,51.79,51.79,100,0
AETH.US,5,20250917,163500,51.86,51.86,51.86,51.86,200,0
AETH.US,5,20250917,173500,52.045,52.045,52.045,52.045,200,0
AETH.US,5,20250917,193000,51.91,51.91,51.91,51.91,100,0
AETH.US,5,20250917,215000,52.07,52.07,52.07,52.07,200,0
AETH.US,5,20250918,153500,53.08,53.08,53.08,53.08,200,0
AETH.US,5,20250918,185500,53.58,53.73,53.58,53.73,300,0
AETH.US,5,20250918,195000,53.3731,53.41,53.3731,53.41,334,0
AETH.US,5,20250918,202000,53.4136,53.4136,53.4136,53.4136,230,0
AETH.US,5,20250918,215000,53.317,53.317,53.317,53.317,107,0
AETH.US,5,20250919,165000,52.15,52.15,52.15,52.15,100,0
AETH.US,5,20250919,194000,51.675,51.675,51.675,51.675,270,0
AETH.US,5,20250919,202000,51.4572,51.4572,51.4572,51.4572,123,0
AETH.US,5,20250919,202500,51.518,51.518,51.518,51.518,1000,0
AETH.US,5,20250919,203000,51.55,51.55,51.55,51.55,100,0
AETH.US,5,20250919,204500,51.6499,51.6499,51.6499,51.6499,100,0
AETH.US,5,20250919,212500,51.57,51.57,51.57,51.57,100,0
AETH.US,5,20250919,213500,51.47,51.73,51.47,51.73,200,0
AETH.US,5,20250919,215000,51.67,51.67,51.67,51.67,109,0
AETH.US,5,20250922,161000,48.75,48.75,48.75,48.75,100,0
AETH.US,5,20250922,164000,48.71,48.71,48.71,48.71,100,0
AETH.US,5,20250922,170000,48.5263,48.5263,48.5263,48.5263,200,0
AETH.US,5,20250922,172000,48.42,48.42,48.42,48.42,300,0
AETH.US,5,20250922,173000,48.3322,48.3322,48.3322,48.3322,100,0
AETH.US,5,20250922,174500,48.39,48.39,48.39,48.39,100,0
AETH.US,5,20250922,193000,48.22,48.22,48.22,48.22,150,0
AETH.US,5,20250922,193500,48.3031,48.3031,48.3031,48.3031,300,0
AETH.US,5,20250922,195500,48.2939,48.2939,48.2939,48.2939,100,0
AETH.US,5,20250922,201000,48.28,48.28,48.28,48.28,200,0
AETH.US,5,20250922,210000,48.13,48.13,48.0762,48.0762,200,0
AETH.US,5,20250922,215500,47.8688,47.8688,47.8688,47.8688,1000,0
AETH.US,5,20250923,153000,48.01,48.04,47.07,47.07,2280,0
AETH.US,5,20250923,160500,48.185,48.185,48.185,48.185,100,0
AETH.US,5,20250923,174500,48.18,48.18,48.1,48.1,1770,0
AETH.US,5,20250923,175000,48.14,48.1799,48.14,48.1799,2200,0
AETH.US,5,20250923,192500,47.8684,47.8684,47.8684,47.8684,1000,0
AETH.US,5,20250923,210500,47.95,47.96,47.9,47.96,300,0
AETH.US,5,20250924,155000,47.9,47.98,47.9,47.98,300,0
AETH.US,5,20250924,160500,47.98,47.98,47.98,47.98,1297,0
AETH.US,5,20250924,164500,48,48,48,48,100,0
AETH.US,5,20250924,175500,48,48.1,48,48.1,900,0
AETH.US,5,20250925,153000,47.7497,47.7497,47.7497,47.7497,308,0
AETH.US,5,20250925,155500,47.87,47.87,47.87,47.87,210,0
AETH.US,5,20250925,162000,48,48,48,48,100,0
AETH.US,5,20250925,191000,48,48,48,48,100,0
AETH.US,5,20250925,195500,47.8669,47.8669,47.8669,47.8669,300,0
AETH.US,5,20250925,215000,47.74,47.74,47.74,47.74,112,0
AETH.US,5,20250926,161000,48,48.01,48,48.01,500,0
AETH.US,5,20250926,163500,47.97,47.97,47.97,47.97,21961,0
AETH.US,5,20250926,185500,47.97,47.97,47.97,47.97,250,0
AETH.US,5,20250926,190000,47.98,47.98,47.98,47.98,400,0
AETH.US,5,20250926,201000,47.9001,47.9001,47.9001,47.9001,100,0
AETH.US,5,20250929,153000,48.01,48.03,48.01,48.03,400,0
AETH.US,5,20250929,153500,48,48,47.961,47.961,500,0
AETH.US,5,20250929,154000,47.818,47.818,47.818,47.818,101,0
AETH.US,5,20250929,160500,47.86,47.86,47.86,47.86,100,0
AETH.US,5,20250929,162000,47.86,47.86,47.86,47.86,100,0
AETH.US,5,20250929,165000,47.73,47.82,47.73,47.73,2300,0
AETH.US,5,20250929,165500,47.8,47.8,47.8,47.8,100,0
AETH.US,5,20250929,201500,47.8,47.8,47.8,47.8,600,0
AETH.US,5,20250929,212000,47.79,47.79,47.79,47.79,400,0
AETH.US,5,20250929,215000,47.865,47.865,47.865,47.865,111,0
AETH.US,5,20250930,170000,47.8564,47.8564,47.8564,47.8564,300,0
AETH.US,5,20250930,170500,47.7601,47.7601,47.76,47.76,200,0
AETH.US,5,20250930,202000,47.85,47.85,47.85,47.85,100,0
AETH.US,5,20251001,153000,48.02,48.1,47.97,47.97,600,0
AETH.US,5,20251001,162500,47.9175,47.97,47.9175,47.97,200,0
AETH.US,5,20251001,170500,47.933,47.933,47.933,47.933,200,0
AETH.US,5,20251001,180500,47.8801,47.8801,47.8801,47.8801,150,0
AETH.US,5,20251001,214500,47.88,47.88,47.88,47.88,182,0
AETH.US,5,20251001,215000,47.9053,47.9053,47.9053,47.9053,111,0
AETH.US,5,20251002,155500,47.8601,47.8601,47.83,47.8601,400,0
AETH.US,5,20251002,165500,47.935,47.935,47.935,47.935,119,0
AETH.US,5,20251002,193500,47.9891,47.9891,47.93,47.93,558,0
AETH.US,5,20251002,202000,47.86,47.86,47.86,47.86,100,0
AETH.US,5,20251002,213500,47.889,47.889,47.889,47.889,100,0
AETH.US,5,20251002,215500,47.908,47.908,47.908,47.908,100,0
AETH.US,5,20251003,154000,47.8916,47.8916,47.8916,47.8916,200,0
AETH.US,5,20251003,194500,47.9,47.9001,47.9,47.9001,200,0
AETH.US,5,20251006,153000,48.03,48.07,48.03,48.03,500,0
AETH.US,5,20251006,161000,47.88,47.88,47.88,47.88,100,0
AETH.US,5,20251006,163000,47.8895,47.8895,47.8895,47.8895,239,0
AETH.US,5,20251006,165000,47.89,47.89,47.89,47.89,380,0
AETH.US,5,20251006,175500,47.816,47.816,47.816,47.816,204,0
AETH.US,5,20251006,181500,47.8295,47.8354,47.8295,47.8295,300,0
AETH.US,5,20251006,182000,47.825,47.9,47.825,47.9,300,0
AETH.US,5,20251006,184000,47.825,47.825,47.825,47.825,100,0
AETH.US,5,20251006,212000,47.825,47.825,47.825,47.825,553,0
AETH.US,5,20251006,212500,47.8,47.825,47.8,47.825,300,0
AETH.US,5,20251007,153000,48.1,48.1,48.05,48.05,650,0
AETH.US,5,20251007,163000,47.07,47.07,46.98,46.98,300,0
AETH.US,5,20251007,171000,45.9874,46.12,45.9874,45.9901,1711,0
AETH.US,5,20251007,171500,46.24,46.24,46.24,46.24,100,0
AETH.US,5,20251007,183500,45.52,45.52,45.52,45.52,100,0
AETH.US,5,20251007,201000,45.24,45.24,45.24,45.24,100,0
AETH.US,5,20251007,211000,45.3932,45.3932,45.3932,45.3932,300,0
AETH.US,5,20251007,214000,45.27,45.27,45.27,45.27,100,0
AETH.US,5,20251007,215000,45.5132,45.5132,45.5132,45.5132,115,0
AETH.US,5,20251008,153500,45.2224,45.2224,45.2224,45.2224,100,0
AETH.US,5,20251008,170000,45.02,45.02,45.02,45.02,100,0
AETH.US,5,20251008,174500,44.93,45.0076,44.93,44.93,500,0
AETH.US,5,20251008,181500,45,45,45,45,100,0
AETH.US,5,20251009,161000,44.15,44.15,43.99,43.99,645,0
AETH.US,5,20251009,163500,43.63,43.63,43.63,43.63,100,0
AETH.US,5,20251009,181500,43.65,43.65,43.65,43.65,100,0
AETH.US,5,20251009,192500,43.5,43.5,43.5,43.5,100,0
AETH.US,5,20251009,212000,43.68,43.68,43.68,43.68,100,0
AETH.US,5,20251010,165000,43.85,43.85,43.85,43.85,120,0
AETH.US,5,20251010,172500,42.0805,42.0805,42.0805,42.0805,120,0
AETH.US,5,20251010,175500,41.4795,41.4795,41.4795,41.4795,130,0
AETH.US,5,20251010,190000,41.33,41.33,41.33,41.33,300,0
AETH.US,5,20251010,193000,41.39,41.39,41.39,41.39,400,0
AETH.US,5,20251010,202500,41.23,41.23,41.23,41.23,500,0
AETH.US,5,20251010,213000,39.8205,39.8205,39.8205,39.8205,130,0
AETH.US,5,20251010,215000,40.4523,40.4523,40.4523,40.4523,224,0
AETH.US,5,20251013,162000,41.54,41.54,41.54,41.54,100,0
AETH.US,5,20251013,205500,42.7,42.7,42.7,42.7,100,0
AETH.US,5,20251013,214000,43.08,43.089,42.86,42.86,500,0
AETH.US,5,20251014,153000,42.93,42.93,42.93,42.93,300,0
AETH.US,5,20251014,154000,42.9228,42.9228,42.9228,42.9228,100,0
AETH.US,5,20251015,165000,42.93,42.93,42.93,42.93,200,0
AETH.US,5,20251015,173000,42.931,42.931,42.93,42.93,200,0
AETH.US,5,20251015,175000,42.93,42.93,42.8737,42.8737,400,0
AETH.US,5,20251015,203000,42.9765,42.9765,42.9765,42.9765,1620,0
AETH.US,5,20251016,153000,43.09,43.09,43.09,43.09,100,0
AETH.US,5,20251016,184500,42.9932,42.9932,42.9932,42.9932,100,0
AETH.US,5,20251016,201000,43.08,43.08,43.08,43.08,4254,0
AETH.US,5,20251016,203500,42.88,42.88,42.88,42.88,700,0
AETH.US,5,20251017,154500,42.89,42.89,42.89,42.89,300,0
AETH.US,5,20251020,155500,43,43,43,43,100,0
AETH.US,5,20251020,170000,43.0002,43.0002,43.0002,43.0002,250,0
AETH.US,5,20251021,164500,43.07,43.12,43.07,43.12,727,0
AETH.US,5,20251021,165000,43.13,43.13,43.13,43.13,1133,0
AETH.US,5,20251022,154500,43.15,43.15,43.15,43.15,100,0
AETH.US,5,20251022,163000,43.15,43.15,43.15,43.15,100,0
AETH.US,5,20251024,153000,43.095,43.095,43.095,43.095,350,0
AETH.US,5,20251027,143000,43.01,43.01,43.01,43.01,200,0
AETH.US,5,20251027,150000,43.104,43.104,43.104,43.104,500,0
AETH.US,5,20251027,173000,43,43,43,43,300,0
AETH.US,5,20251027,180500,43,43,43,43,250,0
AETH.US,5,20251028,153000,43.0322,43.0322,43.0322,43.0322,231,0
AETH.US,5,20251028,182000,43.17,43.17,43.17,43.17,230,0
AETH.US,5,20251028,205000,43.1344,43.1344,43.1344,43.1344,109,0
AETH.US,5,20251029,143000,42.935,42.95,42.88,42.94,9800,0
AETH.US,5,20251029,151000,42.6,42.66,42.6,42.66,300,0
AETH.US,5,20251029,193500,41.87,41.87,41.87,41.87,100,0
AETH.US,5,20251030,143000,41.23,41.36,40.7,40.7,14270,0
AETH.US,5,20251030,154000,40.41,40.41,40.41,40.41,100,0
AETH.US,5,20251030,154500,40.45,40.45,40.45,40.45,279,0
AETH.US,5,20251030,161500,40.3696,40.3696,40.3696,40.3696,200,0
AETH.US,5,20251030,191000,40.1,40.1,40.1,40.1,456,0
AETH.US,5,20251030,205000,39.63,39.63,39.63,39.63,100,0
AETH.US,5,20251031,151000,39.345,39.345,39.345,39.345,100,0
AETH.US,5,20251031,165000,39.275,39.275,39.275,39.275,100,0
AETH.US,5,20251103,154000,39.4045,39.4045,39.4045,39.4045,100,0
AETH.US,5,20251103,154500,39.335,39.335,39.335,39.335,470,0
AETH.US,5,20251103,161500,39.24,39.24,39.21,39.21,8565,0
AETH.US,5,20251103,172000,39.305,39.305,39.305,39.305,100,0
AETH.US,5,20251103,175000,39.38,39.38,39.38,39.38,1272,0
AETH.US,5,20251103,184500,39.3,39.3,39.23,39.23,1100,0
AETH.US,5,20251103,202000,39.28,39.28,39.28,39.28,100,0
AETH.US,5,20251103,214500,39.3,39.3,39.3,39.3,100,0
AETH.US,5,20251104,164000,39.335,39.335,39.335,39.335,401,0
AETH.US,5,20251104,174000,39.43,39.44,39.335,39.335,1000,0
AETH.US,5,20251104,180000,39.335,39.335,39.335,39.335,100,0
AETH.US,5,20251104,182500,39.33,39.33,39.33,39.33,200,0
AETH.US,5,20251104,192000,39.33,39.43,39.33,39.43,600,0
AETH.US,5,20251104,193500,39.33,39.3301,39.24,39.2868,1300,0
AETH.US,5,20251104,195500,39.4399,39.4399,39.3465,39.43,5100,0
AETH.US,5,20251104,212500,39.3,39.3,39.3,39.3,100,0
AETH.US,5,20251105,170000,39.3487,39.3487,39.3487,39.3487,1901,0
AETH.US,5,20251105,193500,39.345,39.345,39.345,39.345,100,0
AETH.US,5,20251105,201000,39.345,39.345,39.345,39.345,100,0
AETH.US,5,20251105,210500,39.345,39.345,39.345,39.345,100,0
AETH.US,5,20251105,212000,39.345,39.345,39.345,39.345,693,0
AETH.US,5,20251105,212500,39.345,39.345,39.345,39.345,100,0
AETH.US,5,20251106,160000,39.345,39.3451,39.241,39.25,3500,0
AETH.US,5,20251106,193500,39.345,39.345,39.345,39.345,140,0
AETH.US,5,20251106,212000,39.35,39.35,39.35,39.35,150,0
AETH.US,5,20251107,154000,39.46,39.46,39.261,39.28,1500,0
AETH.US,5,20251107,162500,39.45,39.45,39.3956,39.44,400,0
AETH.US,5,20251107,172000,39.345,39.345,39.345,39.345,100,0
AETH.US,5,20251107,182000,39.345,39.345,39.345,39.345,100,0
AETH.US,5,20251107,190500,39.345,39.345,39.345,39.345,100,0
AETH.US,5,20251107,193000,39.3258,39.3258,39.3258,39.3258,200,0
AETH.US,5,20251107,201500,39.345,39.345,39.345,39.345,100,0
AETH.US,5,20251107,211000,39.345,39.345,39.345,39.345,100,0
AETH.US,5,20251107,215500,39.24,39.24,39.23,39.23,281,0
AETH.US,5,20251110,155000,39.355,39.355,39.355,39.355,100,0
AETH.US,5,20251110,162000,39.355,39.355,39.355,39.355,200,0
AETH.US,5,20251110,171500,39.365,39.365,39.365,39.365,100,0
AETH.US,5,20251110,173000,39.365,39.365,39.365,39.365,100,0
AETH.US,5,20251110,205000,39.2701,39.3521,39.27,39.27,350,0
AETH.US,5,20251110,214000,39.355,39.3648,39.355,39.3648,800,0
AETH.US,5,20251111,154000,39.36,39.36,39.36,39.36,1148,0
AETH.US,5,20251111,163500,39.26,39.26,39.26,39.26,100,0
AETH.US,5,20251111,212500,39.365,39.365,39.365,39.365,286,0
AETH.US,5,20251112,153000,39.2857,39.2857,39.2857,39.2857,150,0
AETH.US,5,20251113,205000,39.3977,39.3977,39.3977,39.3977,227,0
AETH.US,5,20251114,173000,39.33,39.3301,39.33,39.3301,200,0
AETH.US,5,20251117,155500,39.384,39.384,39.384,39.384,127,0
AETH.US,5,20251117,164500,39.3,39.3001,39.29,39.29,2000,0
AETH.US,5,20251117,185000,39.3001,39.3001,39.3,39.3,200,0
AETH.US,5,20251118,165500,39.4,39.4,39.4,39.4,130,0
AETH.US,5,20251118,171500,39.3,39.3,39.3,39.3,900,0
AETH.US,5,20251118,193500,39.3871,39.3871,39.3871,39.3871,1032,0
AETH.US,5,20251118,194500,39.3,39.3001,39.3,39.3001,600,0
AETH.US,5,20251119,181000,39.385,39.385,39.385,39.385,555,0
AETH.US,5,20251119,205000,39.3752,39.3752,39.3752,39.3752,100,0
AETH.US,5,20251120,172000,39.333,39.333,39.333,39.333,130,0
AETH.US,5,20251120,191500,39.29,39.29,39.29,39.29,100,0
AETH.US,5,20251121,154000,39.405,39.405,39.31,39.3714,1150,0
AETH.US,5,20251121,181000,39.43,39.43,39.43,39.43,300,0
AETH.US,5,20251121,194000,39.2901,39.2901,39.2901,39.2901,1000,0
AETH.US,5,20251121,200000,39.48,39.48,39.48,39.48,100,0
AETH.US,5,20251124,154000,39.4,39.4,39.4,39.4,200,0
AETH.US,5,20251124,154500,39.31,39.31,39.31,39.31,100,0
AETH.US,5,20251124,175000,39.3261,39.4152,39.3261,39.4152,200,0
AETH.US,5,20251124,180500,39.31,39.31,39.31,39.31,100,0
AETH.US,5,20251125,161000,39.4,39.4,39.4,39.4,530,0
AETH.US,5,20251125,195500,39.405,39.405,39.3925,39.3925,200,0
AETH.US,5,20251125,200000,39.49,39.49,39.405,39.405,652,0
AETH.US,5,20251126,165000,39.4,39.4,39.4,39.4,801,0
AETH.US,5,20251126,173000,39.3976,39.3976,39.3976,39.3976,100,0
AETH.US,5,20251201,174500,39.52,39.52,39.425,39.425,205,0
AETH.US,5,20251202,163000,39.52,39.52,39.52,39.52,200,0
AETH.US,5,20251203,195000,39.425,39.425,39.425,39.425,197,0
AETH.US,5,20251204,161000,39.93,39.94,39.93,39.93,300,0
AETH.US,5,20251204,162500,39.8493,39.8493,39.8493,39.8493,400,0
AETH.US,5,20251204,213000,39.12,39.12,39.12,39.12,400,0
AETH.US,5,20251204,215000,39.35,39.35,39.35,39.35,200,0
AETH.US,5,20251205,161000,39.5,39.5,39.5,39.5,100,0
AETH.US,5,20251205,205000,38.0799,38.0799,38.0799,38.0799,100,0
AETH.US,5,20251205,215000,37.9672,37.9672,37.9672,37.9672,356,0
AETH.US,5,20251208,161500,39.03,39.06,38.95,38.96,1051,0
AETH.US,5,20251208,170500,38.94,38.96,38.94,38.96,738,0
AETH.US,5,20251208,173500,39.13,39.13,39.13,39.13,9438,0
AETH.US,5,20251208,215000,39.22,39.22,39.22,39.22,200,0
AETH.US,5,20251209,155000,39.0101,39.0101,39.0101,39.0101,400,0
AETH.US,5,20251210,192000,42.215,42.215,42.215,42.215,100,0
AETH.US,5,20251210,201500,42.71,42.72,42.71,42.72,200,0
AETH.US,5,20251210,202000,42.7299,42.7299,42.7299,42.7299,250,0
AETH.US,5,20251211,162000,40.05,40.05,40.05,40.05,100,0
AETH.US,5,20251212,164500,38.74,38.74,38.72,38.73,1312,0
AETH.US,5,20251212,183000,38.545,38.545,38.545,38.545,103,0
AETH.US,5,20251212,200000,38.61,38.61,38.53,38.53,500,0
AETH.US,5,20251212,204000,38.5,38.5,38.5,38.5,100,0
AETH.US,5,20251212,204500,38.5,38.5,38.5,38.5,386,0
AETH.US,5,20251212,211000,38.57,38.57,38.57,38.57,100,0
AETH.US,5,20251212,215500,38.59,38.6771,38.57,38.57,347,0
AETH.US,5,20251215,164000,37.66,37.66,37.66,37.66,100,0
AETH.US,5,20251215,214000,36.85,36.85,36.8,36.8,376,0
AETH.US,5,20251216,153000,36.87,36.87,36.87,36.87,10781,0
AETH.US,5,20251217,165000,37,37,37,37,114,0
AETH.US,5,20251217,172500,36.9999,36.9999,36.9999,36.9999,100,0
AETH.US,5,20251218,164000,37,37,36.9999,36.9999,200,0
AETH.US,5,20251218,173000,37.11,37.11,37.11,37.11,100,0
AETH.US,5,20251218,174000,36.93,36.93,36.93,36.93,126,0
AETH.US,5,20251219,153500,37.055,37.055,37.055,37.055,155,0
AETH.US,5,20251222,174000,37.0088,37.0088,37.0088,37.0088,269,0
AETH.US,5,20251222,174500,36.95,36.95,36.95,36.95,200,0
AETH.US,5,20251222,205500,37.0355,37.0355,37.0355,37.0355,200,0
AETH.US,5,20251222,213000,36.99,36.99,36.99,36.99,100,0
AETH.US,5,20251222,213500,36.97,36.97,36.97,36.97,200,0
AETH.US,5,20251223,153000,37,37,37,37,369,0
AETH.US,5,20251223,160500,37.0988,37.0988,37.0988,37.0988,125,0
AETH.US,5,20251224,153000,37,37,37,37,114,0
AETH.US,5,20251224,180000,37.1,37.1,37.1,37.1,1900,0
AETH.US,5,20251226,163000,36.1828,36.1828,36.1828,36.1828,405,0
AETH.US,5,20251226,164000,36.08,36.08,36.08,36.08,138,0
AETH.US,5,20251226,214500,36.185,36.185,36.0801,36.0801,1000,0
AETH.US,5,20251229,182000,36.17,36.2,36.17,36.2,200,0
AETH.US,5,20251229,212500,36.2,36.2,36.2,36.2,209,0
AETH.US,5,20251229,213500,36.11,36.11,36.11,36.11,450,0
AETH.US,5,20251230,163000,36.1976,36.1976,36.1976,36.1976,270,0
AETH.US,5,20251230,171500,36.1163,36.16,36.1163,36.16,2184,0
AETH.US,5,20251230,173500,36.195,36.195,36.195,36.195,125,0
AETH.US,5,20251230,185500,36.15,36.15,36.15,36.15,300,0
AETH.US,5,20251230,190000,36.15,36.15,36.15,36.15,100,0
AETH.US,5,20251230,194500,36.1501,36.1501,36.15,36.15,200,0
AETH.US,5,20251230,215500,36.15,36.15,36.15,36.15,200,0
AETH.US,5,20251231,155000,36.16,36.16,36.16,36.16,174,0
AETH.US,5,20251231,213500,36.14,36.14,36.14,36.14,164,0
AETH.US,5,20251231,215500,36.15,36.15,36.15,36.15,200,0
AETH.US,5,20260102,154500,36.155,36.155,36.155,36.155,124,0
AETH.US,5,20260102,155000,36.1595,36.1595,36.15,36.15,543,0
AETH.US,5,20260102,161000,36.145,36.2,36.14,36.2,940,0
AETH.US,5,20260102,211500,36.1451,36.1451,36.145,36.145,200,0
AETH.US,5,20260102,215000,36.09,36.09,36.09,36.09,200,0
AETH.US,5,20260105,164000,37,37.05,37,37.05,250,0
AETH.US,5,20260105,180000,36.89,36.89,36.89,36.89,100,0
AETH.US,5,20260105,205000,37.2818,37.2818,37.2818,37.2818,129,0
AETH.US,5,20260105,210000,37.55,37.55,37.55,37.55,100,0
AETH.US,5,20260106,161000,38.03,38.03,38.03,38.03,100,0
AETH.US,5,20260106,183500,37.6,37.6,37.6,37.6,100,0
AETH.US,5,20260106,190500,37.12,37.12,37.12,37.12,100,0
AETH.US,5,20260106,212000,37.46,37.46,37.46,37.46,100,0
AETH.US,5,20260107,175500,36.5707,36.5707,36.53,36.53,286,0
AETH.US,5,20260107,184000,36.59,36.59,36.59,36.59,107,0
AETH.US,5,20260107,210000,36.31,36.31,36.31,36.31,360,0
AETH.US,5,20260108,200500,36.14,36.14,36.14,36.14,196,0
AETH.US,5,20260108,213500,35.8,35.8,35.8,35.8,100,0
AETH.US,5,20260109,180000,36.25,36.25,36.25,36.25,244,0
AETH.US,5,20260112,171500,36.1898,36.1898,36.1898,36.1898,117,0
AETH.US,5,20260112,192000,35.9878,35.9878,35.9878,35.9878,146,0
AETH.US,5,20260112,201500,35.94,35.94,35.94,35.94,195,0
AETH.US,5,20260112,213000,35.94,35.94,35.94,35.94,100,0
AETH.US,5,20260113,163000,36.37,36.37,36.2701,36.2701,1250,0
AETH.US,5,20260113,181500,36.69,36.69,36.69,36.69,100,0
AETH.US,5,20260115,165500,38.28,38.28,38.28,38.28,100,0
AETH.US,5,20260115,173000,38.355,38.355,38.355,38.355,100,0
AETH.US,5,20260115,185500,38.205,38.205,38.205,38.205,100,0
AETH.US,5,20260115,204500,37.9,37.9,37.9,37.9,145,0
AETH.US,5,20260115,215500,38.08,38.08,38.08,38.08,162,0
AETH.US,5,20260116,215500,37.95,37.95,37.95,37.95,100,0
AETH.US,5,20260120,170000,35.0026,35.0026,35.0026,35.0026,135,0
AETH.US,5,20260120,170500,34.9749,34.9749,34.9749,34.9749,193,0
AETH.US,5,20260120,180500,34.7416,34.7416,34.7416,34.7416,102,0
AETH.US,5,20260120,181000,34.83,34.885,34.83,34.885,825,0
AETH.US,5,20260120,181500,34.825,34.825,34.825,34.825,1000,0
AETH.US,5,20260120,183500,34.48,34.48,34.48,34.48,100,0
AETH.US,5,20260120,191000,34.71,34.71,34.71,34.71,400,0
AETH.US,5,20260120,200500,34.57,34.57,34.57,34.57,27302,0
AETH.US,5,20260121,215000,35.15,35.15,35.15,35.15,100,0
AETH.US,5,20260122,162500,34.99,34.99,34.99,34.99,100,0
AETH.US,5,20260123,192500,35.02,35.02,34.95,34.95,400,0
AETH.US,5,20260123,193000,34.95,34.95,34.95,34.95,200,0
AETH.US,5,20260123,215500,35.02,35.02,35.02,35.02,220,0
