<TICKER>,<PER>,<DATE>,<TIME>,<OPEN>,<HIGH>,<LOW>,<CLOSE>,<VOL>,<OPENINT>
BDEC.US,5,20250829,155000,46.65,46.65,46.65,46.65,100,0
BDEC.US,5,20250829,163000,46.58,46.58,46.58,46.58,100,0
BDEC.US,5,20250829,164000,46.61,46.61,46.61,46.61,429,0
BDEC.US,5,20250829,165000,46.51,46.51,46.51,46.51,100,0
BDEC.US,5,20250829,191000,46.5401,46.5401,46.5401,46.5401,107,0
BDEC.US,5,20250829,194000,46.5865,46.5865,46.5865,46.5865,120,0
BDEC.US,5,20250829,195000,46.615,46.615,46.615,46.615,152,0
BDEC.US,5,20250829,200000,46.584,46.584,46.58,46.58,1000,0
BDEC.US,5,20250829,201000,46.57,46.57,46.57,46.57,100,0
BDEC.US,5,20250829,210000,46.57,46.57,46.57,46.57,150,0
BDEC.US,5,20250829,210500,46.57,46.57,46.57,46.57,100,0
BDEC.US,5,20250829,211500,46.57,46.57,46.57,46.57,138,0
BDEC.US,5,20250829,212000,46.64,46.67,46.64,46.67,265906,0
BDEC.US,5,20250829,213000,46.58,46.5901,46.5601,46.57,2018,0
BDEC.US,5,20250902,153000,46.09,46.0901,46.09,46.0901,300,0
BDEC.US,5,20250902,155000,46.23,46.23,46.23,46.23,535,0
BDEC.US,5,20250902,155500,46.27,46.27,46.27,46.27,100,0
BDEC.US,5,20250902,163500,46.27,46.27,46.27,46.27,100,0
BDEC.US,5,20250902,165500,46.225,46.225,46.225,46.225,750,0
BDEC.US,5,20250902,171000,46.17,46.17,46.17,46.17,100,0
BDEC.US,5,20250902,172000,46.12,46.12,46.12,46.12,100,0
BDEC.US,5,20250902,173500,46.09,46.09,46.09,46.09,200,0
BDEC.US,5,20250902,175000,46.07,46.07,46.07,46.07,100,0
BDEC.US,5,20250902,175500,46.07,46.07,46.038,46.038,950,0
BDEC.US,5,20250902,180500,46.06,46.06,46.06,46.06,100,0
BDEC.US,5,20250902,183500,46.11,46.11,46.11,46.11,182,0
BDEC.US,5,20250902,184500,46.1,46.1,46.1,46.1,100,0
BDEC.US,5,20250902,185000,46.13,46.13,46.13,46.13,100,0
BDEC.US,5,20250902,193500,46.255,46.255,46.255,46.255,174,0
BDEC.US,5,20250902,195500,46.25,46.25,46.25,46.25,100,0
BDEC.US,5,20250902,215000,46.29,46.31,46.285,46.31,899,0
BDEC.US,5,20250903,155500,46.47,46.47,46.47,46.47,100,0
BDEC.US,5,20250903,162000,46.51,46.51,46.51,46.51,500,0
BDEC.US,5,20250903,163500,46.51,46.51,46.51,46.51,100,0
BDEC.US,5,20250903,172500,46.49,46.49,46.49,46.49,100,0
BDEC.US,5,20250903,175000,46.48,46.48,46.48,46.48,100,0
BDEC.US,5,20250903,175500,46.4915,46.5005,46.4915,46.5005,490,0
BDEC.US,5,20250903,181000,46.47,46.47,46.47,46.47,437,0
BDEC.US,5,20250903,181500,46.45,46.45,46.45,46.45,100,0
BDEC.US,5,20250903,183000,46.47,46.47,46.47,46.47,100,0
BDEC.US,5,20250903,184500,46.4356,46.4356,46.4356,46.4356,323,0
BDEC.US,5,20250903,185500,46.464,46.464,46.464,46.464,493,0
BDEC.US,5,20250903,190500,46.5,46.5,46.5,46.5,2150,0
BDEC.US,5,20250903,210000,46.4452,46.4452,46.4,46.4,1291,0
BDEC.US,5,20250903,210500,46.38,46.38,46.38,46.38,200,0
BDEC.US,5,20250903,212000,46.4085,46.4085,46.4085,46.4085,928,0
BDEC.US,5,20250903,212500,46.4163,46.4163,46.4163,46.4163,144,0
BDEC.US,5,20250904,155000,46.62,46.62,46.62,46.62,100,0
BDEC.US,5,20250904,162500,46.63,46.63,46.63,46.63,715,0
BDEC.US,5,20250904,165500,46.65,46.65,46.65,46.65,100,0
BDEC.US,5,20250904,170000,46.6401,46.6401,46.6401,46.6401,171,0
BDEC.US,5,20250904,171500,46.68,46.68,46.68,46.68,3933,0
BDEC.US,5,20250904,172000,46.72,46.72,46.72,46.72,2722,0
BDEC.US,5,20250904,180000,46.69,46.69,46.69,46.69,100,0
BDEC.US,5,20250904,182500,46.69,46.69,46.68,46.69,300,0
BDEC.US,5,20250904,185000,46.6801,46.6801,46.6801,46.6801,374,0
BDEC.US,5,20250904,185500,46.69,46.69,46.69,46.69,300,0
BDEC.US,5,20250904,191000,46.71,46.71,46.71,46.71,100,0
BDEC.US,5,20250904,193000,46.743,46.743,46.72,46.72,209,0
BDEC.US,5,20250904,195500,46.75,46.775,46.75,46.775,500,0
BDEC.US,5,20250904,200000,46.775,46.775,46.775,46.775,320,0
BDEC.US,5,20250904,203000,46.75,46.75,46.75,46.75,100,0
BDEC.US,5,20250904,212000,46.7701,46.7701,46.7701,46.7701,137,0
BDEC.US,5,20250904,213000,46.82,46.84,46.82,46.84,32757,0
BDEC.US,5,20250905,163500,46.74,46.74,46.74,46.74,130,0
BDEC.US,5,20250905,165000,46.66,46.66,46.66,46.66,1028,0
BDEC.US,5,20250905,181000,46.73,46.73,46.73,46.73,600,0
BDEC.US,5,20250905,203000,46.68,46.68,46.68,46.68,114,0
BDEC.US,5,20250905,204000,46.6601,46.6601,46.6601,46.6601,427,0
BDEC.US,5,20250905,210500,46.73,46.73,46.73,46.73,100,0
BDEC.US,5,20250905,212500,46.78,46.78,46.78,46.78,250,0
BDEC.US,5,20250905,215000,46.7899,46.7899,46.7899,46.7899,618,0
BDEC.US,5,20250905,215500,46.74,46.82,46.74,46.82,200,0
BDEC.US,5,20250908,161000,46.82,46.82,46.82,46.82,122,0
BDEC.US,5,20250908,162500,46.87,46.87,46.87,46.87,302,0
BDEC.US,5,20250908,165500,46.905,46.94,46.905,46.915,451,0
BDEC.US,5,20250908,192500,46.87,46.87,46.87,46.87,200,0
BDEC.US,5,20250908,193500,46.83,46.83,46.83,46.83,200,0
BDEC.US,5,20250908,202000,46.85,46.85,46.85,46.85,100,0
BDEC.US,5,20250908,213000,46.82,46.82,46.82,46.82,2111,0
BDEC.US,5,20250908,213500,46.805,46.805,46.805,46.805,100,0
BDEC.US,5,20250908,214000,46.85,46.85,46.81,46.81,335,0
BDEC.US,5,20250908,214500,46.85,46.85,46.85,46.85,200,0
BDEC.US,5,20250909,161000,46.92,46.92,46.92,46.92,874,0
BDEC.US,5,20250909,173000,46.84,46.84,46.84,46.84,155,0
BDEC.US,5,20250909,180000,46.83,46.8301,46.83,46.8301,200,0
BDEC.US,5,20250909,184500,46.89,46.89,46.89,46.89,700,0
BDEC.US,5,20250909,185500,46.89,46.89,46.89,46.89,800,0
BDEC.US,5,20250909,195500,46.9,46.9,46.9,46.9,100,0
BDEC.US,5,20250909,200000,46.93,47,46.93,46.98,7548,0
BDEC.US,5,20250909,200500,46.98,47,46.98,47,6479,0
BDEC.US,5,20250909,213000,46.8989,46.8989,46.8989,46.8989,149,0
BDEC.US,5,20250909,214500,46.96,46.98,46.93,46.935,5871,0
BDEC.US,5,20250909,215000,46.98,47.01,46.974,47.004,2772,0
BDEC.US,5,20250910,155000,47.146,47.15,47.146,47.1499,748,0
BDEC.US,5,20250910,155500,47.1599,47.169,47.13,47.169,2780,0
BDEC.US,5,20250910,160000,47.17,47.199,47.1435,47.199,2233,0
BDEC.US,5,20250910,163500,47.189,47.19,47.189,47.19,876,0
BDEC.US,5,20250910,165500,47.152,47.152,47.152,47.152,166,0
BDEC.US,5,20250910,171500,47.125,47.125,47.12,47.12,287,0
BDEC.US,5,20250910,172000,47.115,47.115,47.115,47.115,322,0
BDEC.US,5,20250910,184000,47.1,47.12,47.1,47.12,314,0
BDEC.US,5,20250910,190500,47.16,47.1699,47.16,47.16,542,0
BDEC.US,5,20250910,201500,47.07,47.07,47.07,47.07,100,0
BDEC.US,5,20250910,202500,47.079,47.09,47.07,47.07,1961,0
BDEC.US,5,20250911,174000,47.32,47.32,47.32,47.32,1140,0
BDEC.US,5,20250911,184500,47.3336,47.3336,47.3336,47.3336,277,0
BDEC.US,5,20250911,193000,47.304,47.34,47.304,47.34,552,0
BDEC.US,5,20250911,195000,47.2801,47.2801,47.2801,47.2801,178,0
BDEC.US,5,20250911,205000,47.32,47.38,47.32,47.38,62532,0
BDEC.US,5,20250911,213000,47.3347,47.42,47.31,47.37,62128,0
BDEC.US,5,20250911,213500,47.42,47.42,47.41,47.42,11957,0
BDEC.US,5,20250912,160500,47.35,47.35,47.35,47.35,100,0
BDEC.US,5,20250912,161500,47.355,47.355,47.355,47.355,662,0
BDEC.US,5,20250912,172000,47.375,47.375,47.375,47.375,408,0
BDEC.US,5,20250912,172500,47.41,47.43,47.41,47.43,2844,0
BDEC.US,5,20250912,174500,47.33,47.33,47.33,47.33,100,0
BDEC.US,5,20250912,191000,47.419,47.419,47.419,47.419,678,0
BDEC.US,5,20250912,195500,47.395,47.46,47.395,47.44,12745,0
BDEC.US,5,20250912,202500,47.38,47.455,47.38,47.455,200,0
BDEC.US,5,20250912,203000,47.3801,47.3801,47.3801,47.3801,130,0
BDEC.US,5,20250912,210000,47.4,47.4001,47.4,47.4001,740,0
BDEC.US,5,20250912,210500,47.3901,47.3901,47.3901,47.3901,102,0
BDEC.US,5,20250912,211000,47.48,47.48,47.48,47.48,210,0
BDEC.US,5,20250912,211500,47.39,47.39,47.39,47.39,100,0
BDEC.US,5,20250912,212000,47.44,47.44,47.44,47.44,1201,0
BDEC.US,5,20250912,213000,47.43,47.43,47.38,47.38,448,0
BDEC.US,5,20250912,213500,47.38,47.38,47.35,47.35,205,0
BDEC.US,5,20250912,214500,47.41,47.42,47.41,47.41,4621,0
BDEC.US,5,20250915,155500,47.569,47.57,47.54,47.55,5166,0
BDEC.US,5,20250915,160000,47.515,47.515,47.515,47.515,1100,0
BDEC.US,5,20250915,171500,47.4801,47.4801,47.4801,47.4801,105,0
BDEC.US,5,20250915,175000,47.54,47.54,47.54,47.54,100,0
BDEC.US,5,20250915,182000,47.4709,47.56,47.4709,47.56,853,0
BDEC.US,5,20250915,193000,47.5299,47.54,47.495,47.536,3360,0
BDEC.US,5,20250915,201000,47.51,47.51,47.51,47.51,173,0
BDEC.US,5,20250915,201500,47.4608,47.5,47.4608,47.5,808,0
BDEC.US,5,20250915,212000,47.536,47.54,47.5043,47.5144,1504,0
BDEC.US,5,20250915,212500,47.5399,47.54,47.5,47.54,2952,0
BDEC.US,5,20250915,215000,47.52,47.59,47.52,47.59,600,0
BDEC.US,5,20250916,170000,47.515,47.515,47.49,47.49,1231,0
BDEC.US,5,20250916,182000,47.4301,47.4301,47.4301,47.4301,100,0
BDEC.US,5,20250916,190000,47.52,47.52,47.52,47.52,204,0
BDEC.US,5,20250916,201000,47.48,47.48,47.48,47.48,2960,0
BDEC.US,5,20250916,203500,47.48,47.48,47.48,47.48,9941,0
BDEC.US,5,20250916,205000,47.55,47.55,47.55,47.55,2700,0
BDEC.US,5,20250916,215500,47.52,47.52,47.52,47.52,100,0
BDEC.US,5,20250917,173500,47.4895,47.4895,47.4895,47.4895,100,0
BDEC.US,5,20250917,183500,47.44,47.44,47.44,47.44,200,0
BDEC.US,5,20250917,184500,47.44,47.459,47.44,47.459,443,0
BDEC.US,5,20250917,190500,47.415,47.415,47.415,47.415,385,0
BDEC.US,5,20250917,191000,47.3708,47.3708,47.3708,47.3708,452,0
BDEC.US,5,20250917,191500,47.415,47.415,47.415,47.415,300,0
BDEC.US,5,20250917,194000,47.46,47.46,47.46,47.46,202,0
BDEC.US,5,20250917,202000,47.415,47.415,47.415,47.415,1000,0
BDEC.US,5,20250917,204500,47.34,47.36,47.34,47.36,1110,0
BDEC.US,5,20250917,210000,47.35,47.35,47.35,47.35,210,0
BDEC.US,5,20250917,210500,47.4037,47.43,47.4037,47.43,436,0
BDEC.US,5,20250917,214000,47.5499,47.5499,47.5499,47.5499,166,0
BDEC.US,5,20250917,215500,47.45,47.5,47.41,47.5,1655,0
BDEC.US,5,20250918,154000,47.58,47.58,47.58,47.58,109,0
BDEC.US,5,20250918,195500,47.655,47.655,47.655,47.655,100,0
BDEC.US,5,20250918,203000,47.6787,47.69,47.645,47.69,2132,0
BDEC.US,5,20250918,212500,47.635,47.635,47.635,47.635,105,0
BDEC.US,5,20250919,163500,47.683661,47.683661,47.683661,47.683661,244,0
BDEC.US,5,20250919,172000,47.65,47.65,47.65,47.65,200,0
BDEC.US,5,20250919,182500,47.734,47.734,47.734,47.734,610,0
BDEC.US,5,20250919,194500,47.6987,47.6987,47.6987,47.6987,271,0
BDEC.US,5,20250919,200000,47.77,47.77,47.77,47.77,100,0
BDEC.US,5,20250919,204500,47.77,47.77,47.77,47.77,100,0
BDEC.US,5,20250919,205000,47.73,47.73,47.69,47.69,203,0
BDEC.US,5,20250919,205500,47.775,47.775,47.775,47.775,100,0
BDEC.US,5,20250919,210000,47.795,47.795,47.795,47.795,100,0
BDEC.US,5,20250919,210500,47.795,47.795,47.795,47.795,100,0
BDEC.US,5,20250919,211000,47.795,47.795,47.795,47.795,100,0
BDEC.US,5,20250919,211500,47.83,47.83,47.83,47.83,100,0
BDEC.US,5,20250919,212000,47.82,47.82,47.82,47.82,100,0
BDEC.US,5,20250919,212500,47.7618,47.82,47.7618,47.82,224,0
BDEC.US,5,20250919,213000,47.825,47.825,47.825,47.825,200,0
BDEC.US,5,20250919,213500,47.82,47.82,47.77,47.77,8981,0
BDEC.US,5,20250919,214000,47.82,47.825,47.82,47.825,600,0
BDEC.US,5,20250919,214500,47.82,47.83,47.82,47.83,200,0
BDEC.US,5,20250919,215000,47.85,47.85,47.85,47.85,247,0
BDEC.US,5,20250919,215500,47.76,47.82,47.76,47.82,460,0
BDEC.US,5,20250922,155000,47.78,47.78,47.78,47.78,100,0
BDEC.US,5,20250922,160500,47.785,47.785,47.785,47.785,840,0
BDEC.US,5,20250922,161000,47.7455,47.7455,47.7455,47.7455,127,0
BDEC.US,5,20250922,162500,47.82,47.82,47.82,47.82,100,0
BDEC.US,5,20250922,172000,47.81,47.81,47.81,47.81,151,0
BDEC.US,5,20250922,175500,47.85,47.85,47.85,47.85,100,0
BDEC.US,5,20250922,194000,47.88,47.88,47.88,47.88,100,0
BDEC.US,5,20250922,200500,47.95,47.95,47.95,47.95,755,0
BDEC.US,5,20250922,210500,47.905,47.905,47.905,47.905,234,0
BDEC.US,5,20250922,214000,47.89,47.9042,47.89,47.9042,1404,0
BDEC.US,5,20250923,163500,47.87,47.87,47.87,47.87,600,0
BDEC.US,5,20250923,170000,47.91,47.91,47.91,47.91,100,0
BDEC.US,5,20250923,182500,47.83,47.845,47.8,47.81,8250,0
BDEC.US,5,20250923,183000,47.81,47.81,47.81,47.81,160,0
BDEC.US,5,20250923,183500,47.8,47.8,47.8,47.8,700,0
BDEC.US,5,20250923,184500,47.87,47.87,47.87,47.87,100,0
BDEC.US,5,20250923,190000,47.8,47.8,47.79,47.79,200,0
BDEC.US,5,20250923,191500,47.79,47.79,47.79,47.79,100,0
BDEC.US,5,20250923,192000,47.83,47.83,47.83,47.83,100,0
BDEC.US,5,20250923,193000,47.73,47.73,47.72,47.72,200,0
BDEC.US,5,20250923,193500,47.72,47.72,47.72,47.72,100,0
BDEC.US,5,20250923,194500,47.76,47.76,47.76,47.76,100,0
BDEC.US,5,20250923,204500,47.74,47.74,47.74,47.74,100,0
BDEC.US,5,20250923,210000,47.67,47.67,47.67,47.67,300,0
BDEC.US,5,20250923,210500,47.69,47.69,47.69,47.69,229,0
BDEC.US,5,20250923,211000,47.739,47.739,47.68,47.68,433,0
BDEC.US,5,20250923,212000,47.651,47.651,47.651,47.651,241,0
BDEC.US,5,20250923,213000,47.73,47.73,47.73,47.73,100,0
BDEC.US,5,20250924,160000,47.78,47.78,47.775,47.775,400,0
BDEC.US,5,20250924,160500,47.72,47.78,47.72,47.78,409,0
BDEC.US,5,20250924,171000,47.72,47.72,47.72,47.72,100,0
BDEC.US,5,20250924,173500,47.75,47.75,47.75,47.75,100,0
BDEC.US,5,20250924,174500,47.66,47.66,47.66,47.66,100,0
BDEC.US,5,20250924,180500,47.57,47.57,47.57,47.57,300,0
BDEC.US,5,20250924,182000,47.64,47.64,47.64,47.64,100,0
BDEC.US,5,20250924,184500,47.6204,47.6204,47.6204,47.6204,205,0
BDEC.US,5,20250924,211500,47.6683,47.6683,47.63,47.63,823,0
BDEC.US,5,20250925,160000,47.42,47.42,47.42,47.42,105,0
BDEC.US,5,20250925,161000,47.54,47.54,47.54,47.54,100,0
BDEC.US,5,20250925,161500,47.525,47.525,47.525,47.525,267,0
BDEC.US,5,20250925,183000,47.58,47.58,47.58,47.58,100,0
BDEC.US,5,20250925,195500,47.3501,47.36,47.3501,47.36,4400,0
BDEC.US,5,20250925,201500,47.44,47.44,47.44,47.44,100,0
BDEC.US,5,20250925,212000,47.45,47.47,47.45,47.47,1809,0
BDEC.US,5,20250925,213000,47.51,47.51,47.51,47.51,100,0
BDEC.US,5,20250926,160500,47.64,47.64,47.595,47.595,1076,0
BDEC.US,5,20250926,185000,47.65,47.72,47.65,47.72,14300,0
BDEC.US,5,20250926,190000,47.7399,47.7399,47.7399,47.7399,497,0
BDEC.US,5,20250926,203000,47.69,47.69,47.69,47.69,1320,0
BDEC.US,5,20250926,204500,47.7,47.7,47.7,47.7,478,0
BDEC.US,5,20250926,210500,47.77,47.77,47.77,47.77,221,0
BDEC.US,5,20250926,212500,47.76,47.76,47.76,47.76,172,0
BDEC.US,5,20250926,214000,47.67,47.67,47.67,47.67,302,0
BDEC.US,5,20250929,155500,47.9,47.9,47.9,47.9,100,0
BDEC.US,5,20250929,160500,47.85,47.85,47.84,47.84,5000,0
BDEC.US,5,20250929,161000,47.85,47.885,47.84,47.885,3400,0
BDEC.US,5,20250929,162000,47.84,47.84,47.84,47.84,100,0
BDEC.US,5,20250929,164500,47.91,47.91,47.91,47.91,100,0
BDEC.US,5,20250929,165500,47.865,47.865,47.865,47.865,324,0
BDEC.US,5,20250929,173500,47.79,47.79,47.79,47.79,200,0
BDEC.US,5,20250929,175000,47.84,47.84,47.84,47.84,100,0
BDEC.US,5,20250929,200000,47.76,47.76,47.76,47.76,300,0
BDEC.US,5,20250929,201000,47.81,47.81,47.81,47.81,100,0
BDEC.US,5,20250929,202000,47.79,47.79,47.79,47.79,274,0
BDEC.US,5,20250929,213500,47.79,47.79,47.79,47.79,100,0
BDEC.US,5,20250929,214500,47.79,47.79,47.79,47.79,100,0
BDEC.US,5,20250929,215000,47.8,47.8,47.8,47.8,2211,0
BDEC.US,5,20250929,215500,47.77,47.7701,47.765,47.7701,2600,0
BDEC.US,5,20250930,155500,47.79,47.79,47.79,47.79,100,0
BDEC.US,5,20250930,161000,47.782,47.782,47.782,47.782,123,0
BDEC.US,5,20250930,161500,47.81,47.81,47.81,47.81,100,0
BDEC.US,5,20250930,163500,47.74,47.74,47.74,47.74,100,0
BDEC.US,5,20250930,164500,47.76,47.76,47.76,47.76,100,0
BDEC.US,5,20250930,170000,47.8,47.8,47.8,47.8,100,0
BDEC.US,5,20250930,171000,47.78,47.78,47.78,47.78,1994,0
BDEC.US,5,20250930,172000,47.75,47.77,47.75,47.77,44283,0
BDEC.US,5,20250930,172500,47.7101,47.7101,47.7101,47.7101,106,0
BDEC.US,5,20250930,174000,47.75,47.75,47.75,47.75,163,0
BDEC.US,5,20250930,174500,47.78,47.78,47.78,47.78,100,0
BDEC.US,5,20250930,175500,47.775,47.775,47.775,47.775,300,0
BDEC.US,5,20250930,181500,47.775,47.78,47.775,47.78,200,0
BDEC.US,5,20250930,201000,47.81,47.81,47.8,47.8,2292,0
BDEC.US,5,20250930,201500,47.85,47.85,47.835,47.835,600,0
BDEC.US,5,20250930,202500,47.83,47.83,47.83,47.83,1467,0
BDEC.US,5,20250930,204000,47.86,47.86,47.86,47.86,100,0
BDEC.US,5,20250930,212000,47.9,47.9,47.9,47.9,100,0
BDEC.US,5,20250930,214500,47.91,47.91,47.91,47.91,100,0
BDEC.US,5,20250930,215500,47.93,47.93,47.93,47.93,300,0
BDEC.US,5,20251001,162000,47.88,47.88,47.88,47.88,200,0
BDEC.US,5,20251001,162500,47.9,47.9,47.9,47.9,11779,0
BDEC.US,5,20251001,163500,47.91,47.94,47.91,47.94,200,0
BDEC.US,5,20251001,170500,47.93,47.93,47.9235,47.9235,676,0
BDEC.US,5,20251001,172500,47.93,47.96,47.93,47.9599,800,0
BDEC.US,5,20251001,175500,47.985,47.985,47.95,47.98,4235,0
BDEC.US,5,20251001,180000,47.98,48.01,47.98,48.01,828,0
BDEC.US,5,20251001,181000,47.98,48.01,47.98,48.0099,400,0
BDEC.US,5,20251001,181500,47.9989,48.01,47.9989,48.01,1779,0
BDEC.US,5,20251001,190000,47.97,47.99,47.97,47.99,200,0
BDEC.US,5,20251001,191000,47.9865,47.9865,47.9865,47.9865,2045,0
BDEC.US,5,20251001,191500,48.01,48.01,48.01,48.01,200,0
BDEC.US,5,20251001,213000,48.13,48.13,48.13,48.13,100,0
BDEC.US,5,20251002,165000,48.01,48.01,48.005,48.01,1000,0
BDEC.US,5,20251002,172000,47.98,47.99,47.9601,47.99,46785,0
BDEC.US,5,20251002,172500,47.993,48.005,47.9701,47.98,27831,0
BDEC.US,5,20251002,173000,47.97,48.0101,47.9601,47.998,8334,0
BDEC.US,5,20251002,184000,48.005,48.005,47.99,48,1141,0
BDEC.US,5,20251002,185000,48.02,48.02,48.02,48.02,219,0
BDEC.US,5,20251002,200500,48.0501,48.0501,48.05,48.05,200,0
BDEC.US,5,20251002,205500,48.08,48.08,48.08,48.08,1712,0
BDEC.US,5,20251002,211000,48.07,48.07,48.0567,48.0567,540,0
BDEC.US,5,20251002,212000,48.116,48.12,48.11,48.1199,1623,0
BDEC.US,5,20251002,215500,48.05,48.05,48.04,48.05,1005,0
BDEC.US,5,20251003,153000,48.08,48.08,48.08,48.08,279,0
BDEC.US,5,20251003,154000,48.17,48.17,48.17,48.17,664,0
BDEC.US,5,20251003,181000,48.2001,48.2001,48.2001,48.2001,2578,0
BDEC.US,5,20251003,183500,48.21,48.28,48.21,48.28,4000,0
BDEC.US,5,20251003,184000,48.21,48.28,48.21,48.28,1624,0
BDEC.US,5,20251003,185000,48.2035,48.235,48.2035,48.235,682,0
BDEC.US,5,20251003,185500,48.2242,48.2242,48.2242,48.2242,100,0
BDEC.US,5,20251003,191000,48.18,48.18,48.18,48.18,258,0
BDEC.US,5,20251003,194500,48.11,48.11,48.11,48.11,100,0
BDEC.US,5,20251003,200000,48.0765,48.0765,48.0765,48.0765,102,0
BDEC.US,5,20251003,201500,48.09,48.09,48.09,48.09,100,0
BDEC.US,5,20251003,202000,48.1,48.1304,48.1,48.1304,799,0
BDEC.US,5,20251003,203500,48.14,48.14,48.1045,48.1045,678,0
BDEC.US,5,20251006,154500,48.15,48.15,48.09,48.09,108330,0
BDEC.US,5,20251006,155500,48.1005,48.1005,48.1005,48.1005,1272,0
BDEC.US,5,20251006,160000,48.1,48.1,48.091,48.091,1707,0
BDEC.US,5,20251006,161000,48.139503,48.139503,48.139503,48.139503,410,0
BDEC.US,5,20251006,162500,48.14,48.14,48.14,48.14,600,0
BDEC.US,5,20251006,163000,48.13,48.16,48.13,48.16,16164,0
BDEC.US,5,20251006,165000,48.145,48.145,48.13,48.145,3356,0
BDEC.US,5,20251006,170000,48.16,48.16,48.16,48.16,100,0
BDEC.US,5,20251006,173500,48.17,48.175,48.17,48.175,700,0
BDEC.US,5,20251006,174500,48.19,48.19,48.19,48.19,100,0
BDEC.US,5,20251006,175000,48.2,48.2,48.2,48.2,100,0
BDEC.US,5,20251006,182500,48.2,48.2,48.2,48.2,330,0
BDEC.US,5,20251006,185000,48.2,48.2,48.19,48.19,600,0
BDEC.US,5,20251006,192500,48.21,48.21,48.21,48.21,1000,0
BDEC.US,5,20251006,194000,48.2,48.2,48.2,48.2,200,0
BDEC.US,5,20251006,195000,48.215,48.215,48.215,48.215,100,0
BDEC.US,5,20251006,200000,48.21,48.23,48.2,48.23,400,0
BDEC.US,5,20251006,211500,48.2,48.2,48.2,48.2,603,0
BDEC.US,5,20251006,214000,48.2,48.2,48.19,48.19,437,0
BDEC.US,5,20251006,215500,48.19,48.19,48.19,48.19,100,0
BDEC.US,5,20251007,153000,48.2775,48.2775,48.2775,48.2775,802,0
BDEC.US,5,20251007,171500,48.105,48.105,48.105,48.105,100,0
BDEC.US,5,20251007,172000,48.12,48.12,48.12,48.12,764,0
BDEC.US,5,20251007,180000,48.04,48.06,48.04,48.06,700,0
BDEC.US,5,20251007,184500,48.0642,48.0642,48.0642,48.0642,440,0
BDEC.US,5,20251007,195500,48.03,48.059,48.03,48.059,268,0
BDEC.US,5,20251007,202500,48.035,48.035,48.035,48.035,100,0
BDEC.US,5,20251007,203500,48.04,48.05,48.04,48.05,300,0
BDEC.US,5,20251007,210000,48.05,48.0501,48.05,48.0501,564,0
BDEC.US,5,20251008,160000,48.17,48.17,48.17,48.17,2837,0
BDEC.US,5,20251008,212500,48.2306,48.2306,48.2306,48.2306,522,0
BDEC.US,5,20251008,214000,48.25,48.25,48.25,48.25,100,0
BDEC.US,5,20251008,214500,48.24,48.24,48.24,48.24,398,0
BDEC.US,5,20251009,164000,48.14,48.14,48.135,48.1351,621,0
BDEC.US,5,20251009,170500,48.19,48.19,48.19,48.19,115,0
BDEC.US,5,20251009,171000,48.19,48.19,48.19,48.19,100,0
BDEC.US,5,20251009,171500,48.21,48.21,48.21,48.21,492,0
BDEC.US,5,20251009,175000,48.18,48.18,48.18,48.18,100,0
BDEC.US,5,20251009,202000,48.12,48.12,48.12,48.12,916,0
BDEC.US,5,20251009,202500,48.13,48.13,48.13,48.13,100,0
BDEC.US,5,20251009,210500,48.111,48.111,48.111,48.111,300,0
BDEC.US,5,20251010,165500,48.24,48.24,48.24,48.24,2071,0
BDEC.US,5,20251010,171500,47.94,47.94,47.94,47.94,100,0
BDEC.US,5,20251010,172000,47.8456,47.8456,47.8456,47.8456,370,0
BDEC.US,5,20251010,174000,47.59,47.66,47.59,47.66,500,0
BDEC.US,5,20251010,195500,47.54,47.54,47.535,47.54,1310,0
BDEC.US,5,20251010,201500,47.54,47.5401,47.54,47.5401,200,0
BDEC.US,5,20251010,204000,47.585,47.585,47.585,47.585,233,0
BDEC.US,5,20251010,212500,47.465,47.465,47.465,47.465,170,0
BDEC.US,5,20251010,215500,47.22,47.22,47.22,47.22,208046,0
BDEC.US,5,20251013,154000,47.675,47.675,47.67,47.67,400,0
BDEC.US,5,20251013,155000,47.69,47.69,47.69,47.69,704,0
BDEC.US,5,20251013,160500,47.74,47.74,47.74,47.74,400,0
BDEC.US,5,20251013,161500,47.75,47.75,47.75,47.75,100,0
BDEC.US,5,20251013,162000,47.69,47.69,47.69,47.69,200,0
BDEC.US,5,20251013,163000,47.69,47.69,47.69,47.69,100,0
BDEC.US,5,20251013,163500,47.69,47.7,47.69,47.7,200,0
BDEC.US,5,20251013,170000,47.62,47.62,47.62,47.62,100,0
BDEC.US,5,20251013,171000,47.67,47.67,47.67,47.67,100,0
BDEC.US,5,20251013,173000,47.77,47.77,47.77,47.77,100,0
BDEC.US,5,20251013,180500,47.79,47.79,47.777,47.79,637,0
BDEC.US,5,20251013,182000,47.82,47.83,47.82,47.82,900,0
BDEC.US,5,20251013,183000,47.82,47.82,47.82,47.82,100,0
BDEC.US,5,20251013,183500,47.8168,47.8168,47.8168,47.8168,200,0
BDEC.US,5,20251013,184500,47.78,47.82,47.78,47.82,1503,0
BDEC.US,5,20251013,185000,47.82,47.82,47.82,47.82,100,0
BDEC.US,5,20251013,185500,47.83,47.84,47.83,47.84,200,0
BDEC.US,5,20251013,193500,47.8175,47.8175,47.8175,47.8175,1523,0
BDEC.US,5,20251013,200000,47.79,47.79,47.79,47.79,100,0
BDEC.US,5,20251013,203500,47.82,47.82,47.82,47.82,100,0
BDEC.US,5,20251013,211000,47.76,47.76,47.76,47.76,1884,0
BDEC.US,5,20251013,211500,47.765,47.765,47.765,47.765,100,0
BDEC.US,5,20251013,212000,47.79,47.79,47.79,47.79,100,0
BDEC.US,5,20251014,164000,47.62,47.62,47.62,47.62,100,0
BDEC.US,5,20251014,165500,47.6191,47.6191,47.6191,47.6191,1098,0
BDEC.US,5,20251014,170500,47.66,47.66,47.66,47.66,100,0
BDEC.US,5,20251014,173500,47.66,47.66,47.66,47.66,1503,0
BDEC.US,5,20251014,174000,47.67,47.67,47.67,47.67,100,0
BDEC.US,5,20251014,175000,47.76,47.775,47.76,47.775,500,0
BDEC.US,5,20251014,175500,47.74,47.74,47.735,47.74,628,0
BDEC.US,5,20251014,180500,47.74,47.74,47.725,47.725,1482,0
BDEC.US,5,20251014,190500,47.88,47.88,47.88,47.88,200,0
BDEC.US,5,20251014,192000,47.9,47.9,47.88,47.88,7115,0
BDEC.US,5,20251014,201500,47.89,47.89,47.89,47.89,11929,0
BDEC.US,5,20251015,161000,48.11,48.11,48.11,48.11,7912,0
BDEC.US,5,20251015,171500,48.075,48.075,48.075,48.075,370,0
BDEC.US,5,20251015,180000,47.935,47.935,47.93,47.93,200,0
BDEC.US,5,20251015,182500,47.95,47.95,47.95,47.95,100,0
BDEC.US,5,20251015,190000,47.78,47.81,47.78,47.78,2013,0
BDEC.US,5,20251015,191500,47.62,47.62,47.62,47.62,300,0
BDEC.US,5,20251015,192500,47.7,47.7,47.7,47.7,600,0
BDEC.US,5,20251015,215500,47.88,47.88,47.88,47.88,168,0
BDEC.US,5,20251016,161500,47.955,47.955,47.955,47.955,100,0
BDEC.US,5,20251016,180000,47.83,47.83,47.82,47.82,4386,0
BDEC.US,5,20251016,181000,47.88,47.88,47.88,47.88,100,0
BDEC.US,5,20251016,183500,47.65,47.665,47.6404,47.6404,810,0
BDEC.US,5,20251016,184000,47.68,47.68,47.68,47.68,100,0
BDEC.US,5,20251016,191000,47.77,47.77,47.77,47.77,100,0
BDEC.US,5,20251016,205500,47.64,47.64,47.62,47.6292,2120,0
BDEC.US,5,20251016,210000,47.6394,47.6394,47.6394,47.6394,127,0
BDEC.US,5,20251016,211000,47.635,47.635,47.635,47.635,200,0
BDEC.US,5,20251016,212000,47.515,47.515,47.51,47.51,436,0
BDEC.US,5,20251016,214000,47.56,47.56,47.56,47.56,100,0
BDEC.US,5,20251016,214500,47.57,47.5999,47.56,47.5999,780,0
BDEC.US,5,20251016,215000,47.63,47.63,47.63,47.63,300,0
BDEC.US,5,20251017,161000,47.71,47.77,47.71,47.77,3258,0
BDEC.US,5,20251017,162000,47.74,47.74,47.74,47.74,484,0
BDEC.US,5,20251017,163000,47.72,47.7201,47.715,47.7201,7158,0
BDEC.US,5,20251017,164000,47.68,47.68,47.67,47.67,868,0
BDEC.US,5,20251017,165500,47.59,47.625,47.5801,47.59,2417,0
BDEC.US,5,20251017,170000,47.64,47.64,47.64,47.64,600,0
BDEC.US,5,20251017,172500,47.57,47.57,47.57,47.57,300,0
BDEC.US,5,20251017,174000,47.6,47.62,47.6,47.62,200,0
BDEC.US,5,20251017,174500,47.655,47.655,47.63,47.6455,532,0
BDEC.US,5,20251017,175000,47.69,47.69,47.69,47.69,100,0
BDEC.US,5,20251017,182500,47.77,47.77,47.77,47.77,100,0
BDEC.US,5,20251017,184500,47.77,47.77,47.77,47.77,200,0
BDEC.US,5,20251017,191500,47.7443,47.7443,47.7443,47.7443,105,0
BDEC.US,5,20251017,195000,47.73,47.73,47.73,47.73,100,0
BDEC.US,5,20251017,200500,47.82,47.82,47.82,47.82,100,0
BDEC.US,5,20251017,210000,47.8894,47.8894,47.8894,47.8894,300,0
BDEC.US,5,20251017,212500,47.931,47.931,47.931,47.931,224,0
BDEC.US,5,20251017,213000,47.9,47.9,47.89,47.89,375,0
BDEC.US,5,20251020,162500,48.21,48.21,48.21,48.21,700,0
BDEC.US,5,20251020,165500,48.2692,48.2692,48.2692,48.2692,150,0
BDEC.US,5,20251020,174000,48.23,48.23,48.23,48.23,100,0
BDEC.US,5,20251020,185500,48.24,48.24,48.24,48.24,100,0
BDEC.US,5,20251020,190000,48.247,48.247,48.2401,48.2401,413,0
BDEC.US,5,20251020,194000,48.295,48.295,48.295,48.295,100,0
BDEC.US,5,20251020,195000,48.29,48.29,48.29,48.29,150,0
BDEC.US,5,20251020,214000,48.27,48.2701,48.26,48.2601,7182,0
BDEC.US,5,20251020,214500,48.2704,48.29,48.2704,48.29,2604,0
BDEC.US,5,20251020,215000,48.29,48.2909,48.281,48.29,3693,0
BDEC.US,5,20251020,215500,48.27,48.27,48.265,48.265,202,0
BDEC.US,5,20251021,161000,48.23,48.23,48.23,48.23,200,0
BDEC.US,5,20251021,162000,48.29,48.29,48.28,48.28,200,0
BDEC.US,5,20251021,162500,48.267,48.267,48.26,48.26,292,0
BDEC.US,5,20251021,163000,48.2506,48.2506,48.2506,48.2506,1428,0
BDEC.US,5,20251021,163500,48.28,48.28,48.2401,48.25,2129,0
BDEC.US,5,20251021,165500,48.33,48.33,48.33,48.33,100,0
BDEC.US,5,20251021,174000,48.3,48.3,48.3,48.3,1470,0
BDEC.US,5,20251021,174500,48.33,48.33,48.33,48.33,100,0
BDEC.US,5,20251021,183000,48.35,48.35,48.34,48.34,235,0
BDEC.US,5,20251021,183500,48.34,48.34,48.34,48.34,100,0
BDEC.US,5,20251021,185000,48.33,48.33,48.33,48.33,300,0
BDEC.US,5,20251021,190000,48.25,48.25,48.25,48.25,100,0
BDEC.US,5,20251021,190500,48.3,48.3,48.3,48.3,100,0
BDEC.US,5,20251021,191000,48.36,48.36,48.36,48.36,122,0
BDEC.US,5,20251021,192000,48.28,48.28,48.28,48.28,100,0
BDEC.US,5,20251021,195000,48.32,48.32,48.32,48.32,100,0
BDEC.US,5,20251021,200500,48.33,48.33,48.33,48.33,100,0
BDEC.US,5,20251021,212500,48.32,48.32,48.315,48.3151,719,0
BDEC.US,5,20251021,213000,48.3,48.3,48.3,48.3,1100,0
BDEC.US,5,20251021,215000,48.33,48.33,48.3268,48.3268,335,0
BDEC.US,5,20251022,165500,48.18,48.2,48.18,48.2,796,0
BDEC.US,5,20251022,170000,48.21,48.23,48.21,48.23,200,0
BDEC.US,5,20251022,171000,48.21,48.21,48.21,48.21,100,0
BDEC.US,5,20251022,174000,48.135638,48.135638,48.135638,48.135638,1454,0
BDEC.US,5,20251022,175000,48.18,48.2,48.18,48.2,200,0
BDEC.US,5,20251022,180000,48.17,48.17,48.14,48.14,474,0
BDEC.US,5,20251022,183000,48.04,48.04,47.95,47.95,700,0
BDEC.US,5,20251022,184000,48.1,48.1,48.1,48.1,100,0
BDEC.US,5,20251022,184500,48.021,48.021,48.021,48.021,100,0
BDEC.US,5,20251022,185000,48.03,48.07,48.025,48.07,1523,0
BDEC.US,5,20251022,192000,47.96,47.96,47.94,47.94,200,0
BDEC.US,5,20251022,192500,47.97,47.97,47.97,47.97,100,0
BDEC.US,5,20251022,194000,47.88,47.88,47.88,47.88,100,0
BDEC.US,5,20251022,201000,47.9389,47.9389,47.9389,47.9389,125,0
BDEC.US,5,20251022,201500,47.909,47.909,47.9,47.9,3192,0
BDEC.US,5,20251022,202000,47.94,47.94,47.94,47.94,200,0
BDEC.US,5,20251022,204500,48,48,48,48,100,0
BDEC.US,5,20251022,213500,48.09,48.09,48.09,48.09,100,0
BDEC.US,5,20251023,154500,48.23,48.23,48.2,48.2,839,0
BDEC.US,5,20251023,160500,48.2,48.2,48.2,48.2,100,0
BDEC.US,5,20251023,162000,48.2,48.2,48.2,48.2,500,0
BDEC.US,5,20251023,164500,48.2316,48.265,48.2316,48.265,2000,0
BDEC.US,5,20251023,170500,48.22,48.22,48.22,48.22,100,0
BDEC.US,5,20251023,184000,48.28,48.3,48.28,48.3,300,0
BDEC.US,5,20251023,211500,48.36,48.36,48.36,48.36,1770,0
BDEC.US,5,20251023,212000,48.37,48.37,48.37,48.37,100,0
BDEC.US,5,20251024,153000,48.54,48.54,48.54,48.54,1100,0
BDEC.US,5,20251024,155500,48.59,48.59,48.59,48.59,100,0
BDEC.US,5,20251024,164000,48.61,48.61,48.61,48.61,800,0
BDEC.US,5,20251024,171000,48.61,48.61,48.61,48.61,500,0
BDEC.US,5,20251024,172000,48.65,48.65,48.65,48.65,100,0
BDEC.US,5,20251024,173000,48.66,48.66,48.66,48.66,100,0
BDEC.US,5,20251024,190500,48.6425,48.6425,48.6425,48.6425,278,0
BDEC.US,5,20251024,203000,48.64,48.64,48.64,48.64,100,0
BDEC.US,5,20251024,204000,48.63,48.63,48.63,48.63,415,0
BDEC.US,5,20251024,210000,48.645,48.645,48.645,48.645,100,0
BDEC.US,5,20251024,210500,48.6599,48.6599,48.6599,48.6599,118,0
BDEC.US,5,20251024,211500,48.64,48.64,48.64,48.64,100,0
BDEC.US,5,20251024,213000,48.645,48.6451,48.635,48.64,1954,0
BDEC.US,5,20251024,214500,48.62,48.62,48.62,48.62,100,0
BDEC.US,5,20251024,215500,48.6,48.6,48.6,48.6,100,0
BDEC.US,5,20251027,144500,48.85,48.85,48.85,48.85,600,0
BDEC.US,5,20251027,154000,48.86,48.86,48.86,48.86,100,0
BDEC.US,5,20251027,170000,48.89,48.89,48.89,48.89,347,0
BDEC.US,5,20251027,171000,48.89,48.89,48.89,48.89,100,0
BDEC.US,5,20251027,185000,48.89,48.89,48.89,48.89,100,0
BDEC.US,5,20251028,143500,49.01,49.01,49.01,49.01,9804,0
BDEC.US,5,20251028,144500,48.93,48.93,48.93,48.93,100,0
BDEC.US,5,20251028,154500,48.94,48.94,48.94,48.94,100,0
BDEC.US,5,20251028,170000,48.94,48.94,48.94,48.94,100,0
BDEC.US,5,20251028,172500,48.96,48.96,48.96,48.96,100,0
BDEC.US,5,20251028,183500,49.011,49.011,49.011,49.011,400,0
BDEC.US,5,20251028,193000,49.022,49.022,49.022,49.022,124,0
BDEC.US,5,20251028,201500,49.01,49.01,49,49.005,10322,0
BDEC.US,5,20251028,202000,49,49.01,49,49.01,2251,0
BDEC.US,5,20251028,202500,49.03,49.03,49.03,49.03,100,0
BDEC.US,5,20251028,205500,48.95,48.95,48.95,48.95,100,0
BDEC.US,5,20251029,145500,49.03,49.03,49.03,49.03,100,0
BDEC.US,5,20251029,170500,49,49,49,49,100,0
BDEC.US,5,20251029,173000,49.02,49.0201,49.02,49.0201,578,0
BDEC.US,5,20251029,174500,49.02,49.02,49.02,49.02,100,0
BDEC.US,5,20251029,193500,48.86,48.86,48.86,48.86,100,0
BDEC.US,5,20251029,194000,48.88,48.88,48.88,48.88,117,0
BDEC.US,5,20251029,195000,48.9,48.9,48.9,48.9,100,0
BDEC.US,5,20251029,203000,48.96,48.96,48.96,48.96,656,0
BDEC.US,5,20251029,204500,48.92,48.92,48.915,48.9151,528,0
BDEC.US,5,20251029,205000,48.96,48.96,48.96,48.96,100,0
BDEC.US,5,20251029,205500,48.92,48.92,48.91,48.91,283,0
BDEC.US,5,20251030,150000,48.91,48.9101,48.8745,48.8745,555,0
BDEC.US,5,20251030,153000,48.8878,48.8878,48.8878,48.8878,129,0
BDEC.US,5,20251030,155000,48.87,48.87,48.87,48.87,100,0
BDEC.US,5,20251030,162500,48.94,48.95,48.94,48.95,955,0
BDEC.US,5,20251030,163500,48.9,48.9,48.9,48.9,993,0
BDEC.US,5,20251030,165000,48.84,48.84,48.84,48.84,100,0
BDEC.US,5,20251030,170500,48.89,48.89,48.89,48.89,100,0
BDEC.US,5,20251030,172500,48.9,48.9,48.9,48.9,100,0
BDEC.US,5,20251030,173000,48.89,48.89,48.89,48.89,578,0
BDEC.US,5,20251030,174000,48.92,48.92,48.92,48.92,300,0
BDEC.US,5,20251030,174500,48.87,48.87,48.87,48.87,191,0
BDEC.US,5,20251030,175500,48.887271,48.887271,48.88,48.88,390,0
BDEC.US,5,20251030,191000,48.92,48.92,48.87,48.87,125294,0
BDEC.US,5,20251030,193000,48.841,48.88,48.841,48.88,320,0
BDEC.US,5,20251030,194000,48.81,48.81,48.81,48.81,400,0
BDEC.US,5,20251030,195000,48.82,48.82,48.82,48.82,100,0
BDEC.US,5,20251031,145500,48.87,48.87,48.87,48.87,100,0
BDEC.US,5,20251031,171000,48.77,48.77,48.77,48.77,100,0
BDEC.US,5,20251031,175500,48.75,48.75,48.75,48.75,100,0
BDEC.US,5,20251031,182500,48.68,48.68,48.68,48.68,200,0
BDEC.US,5,20251031,203000,48.87,48.89,48.8615,48.89,880,0
BDEC.US,5,20251031,203500,48.88,48.88,48.875,48.88,615,0
BDEC.US,5,20251031,204000,48.91,48.91,48.91,48.91,360,0
BDEC.US,5,20251103,160500,48.8,48.8,48.8,48.8,100,0
BDEC.US,5,20251103,172000,48.85,48.85,48.85,48.85,125,0
BDEC.US,5,20251103,180500,48.85,48.85,48.83,48.83,3285,0
BDEC.US,5,20251103,182500,48.88,48.88,48.88,48.88,100,0
BDEC.US,5,20251103,185500,48.9,48.9,48.9,48.9,100,0
BDEC.US,5,20251103,194000,48.9173,48.9173,48.9093,48.9093,4182,0
BDEC.US,5,20251103,201500,48.9,48.9,48.9,48.9,100,0
BDEC.US,5,20251103,205500,48.895,48.9,48.895,48.9,323,0
BDEC.US,5,20251103,210500,48.89,48.89,48.88,48.88,3122,0
BDEC.US,5,20251103,213500,48.8401,48.86,48.84,48.84,2406,0
BDEC.US,5,20251103,214000,48.87,48.87,48.87,48.87,1023,0
BDEC.US,5,20251103,215000,48.86,48.86,48.86,48.86,100,0
BDEC.US,5,20251104,153000,48.448,48.52,48.448,48.52,500,0
BDEC.US,5,20251104,154500,48.57,48.57,48.57,48.57,100,0
BDEC.US,5,20251104,160500,48.6775,48.6775,48.6775,48.6775,263,0
BDEC.US,5,20251104,171000,48.685,48.685,48.685,48.685,1349,0
BDEC.US,5,20251104,180500,48.63,48.63,48.63,48.63,100,0
BDEC.US,5,20251104,183000,48.635,48.635,48.635,48.635,2031,0
BDEC.US,5,20251104,195500,48.55,48.55,48.55,48.55,100,0
BDEC.US,5,20251104,205500,48.5,48.5,48.495,48.5,1100,0
BDEC.US,5,20251104,210500,48.52,48.52,48.52,48.52,100,0
BDEC.US,5,20251104,211000,48.51,48.5101,48.51,48.5101,1000,0
BDEC.US,5,20251104,211500,48.54,48.54,48.54,48.54,100,0
BDEC.US,5,20251104,213000,48.53,48.53,48.53,48.53,100,0
BDEC.US,5,20251104,213500,48.5401,48.5401,48.54,48.54,550,0
BDEC.US,5,20251104,214500,48.565,48.565,48.565,48.565,100,0
BDEC.US,5,20251105,155500,48.63,48.63,48.63,48.63,100,0
BDEC.US,5,20251105,160500,48.65,48.65,48.65,48.65,351,0
BDEC.US,5,20251105,165000,48.65,48.65,48.65,48.65,100,0
BDEC.US,5,20251105,170500,48.6803,48.6803,48.6803,48.6803,103,0
BDEC.US,5,20251105,174000,48.73,48.73,48.73,48.73,500,0
BDEC.US,5,20251105,180000,48.76,48.76,48.76,48.76,100,0
BDEC.US,5,20251105,180500,48.784,48.784,48.784,48.784,250,0
BDEC.US,5,20251105,192500,48.82,48.82,48.82,48.82,1502,0
BDEC.US,5,20251105,200500,48.81,48.81,48.81,48.81,1114,0
BDEC.US,5,20251105,212500,48.79,48.79,48.79,48.79,100,0
BDEC.US,5,20251105,214000,48.77,48.77,48.77,48.77,100,0
BDEC.US,5,20251106,160000,48.48,48.48,48.48,48.48,360,0
BDEC.US,5,20251106,160500,48.42,48.42,48.42,48.42,100,0
BDEC.US,5,20251106,162000,48.51,48.51,48.51,48.51,436,0
BDEC.US,5,20251106,163000,48.45,48.45,48.45,48.45,100,0
BDEC.US,5,20251106,163500,48.4,48.4,48.4,48.4,100,0
BDEC.US,5,20251106,165500,48.37,48.37,48.37,48.37,135,0
BDEC.US,5,20251106,170500,48.32,48.32,48.32,48.32,100,0
BDEC.US,5,20251106,174000,48.25,48.25,48.25,48.25,100,0
BDEC.US,5,20251106,191500,48.19,48.19,48.19,48.19,209,0
BDEC.US,5,20251106,192500,48.28,48.28,48.28,48.28,100,0
BDEC.US,5,20251106,205000,48.37,48.3868,48.37,48.3868,556,0
BDEC.US,5,20251106,210500,48.41,48.41,48.41,48.41,100,0
BDEC.US,5,20251106,215500,48.32,48.32,48.21,48.21,3935,0
BDEC.US,5,20251107,155000,48.02,48.02,48.01,48.01,200,0
BDEC.US,5,20251107,160500,47.96,47.96,47.96,47.96,271,0
BDEC.US,5,20251107,162500,47.978,47.978,47.978,47.978,1725,0
BDEC.US,5,20251107,164000,47.94,47.94,47.8701,47.8701,349,0
BDEC.US,5,20251107,164500,47.9,47.9,47.9,47.9,112,0
BDEC.US,5,20251107,172500,47.806,47.806,47.806,47.806,107,0
BDEC.US,5,20251107,175500,47.78,47.78,47.78,47.78,100,0
BDEC.US,5,20251107,180500,47.74,47.74,47.74,47.74,100,0
BDEC.US,5,20251107,182000,47.825,47.835,47.825,47.835,2118,0
BDEC.US,5,20251107,182500,47.9,47.9,47.9,47.9,100,0
BDEC.US,5,20251107,183500,47.87,47.87,47.87,47.87,100,0
BDEC.US,5,20251107,185000,47.78,47.78,47.78,47.78,100,0
BDEC.US,5,20251107,190000,47.89,47.9082,47.89,47.9082,530,0
BDEC.US,5,20251107,191000,47.91,47.91,47.91,47.91,100,0
BDEC.US,5,20251107,192500,47.9501,47.9501,47.9501,47.9501,919,0
BDEC.US,5,20251107,194000,48.035,48.035,48.035,48.035,277,0
BDEC.US,5,20251107,200000,47.9818,47.9818,47.9818,47.9818,1218,0
BDEC.US,5,20251107,201000,48.0305,48.0305,48.0305,48.0305,209,0
BDEC.US,5,20251107,202000,48.014032,48.014032,48.014032,48.014032,680,0
BDEC.US,5,20251107,202500,48.022,48.032465,48.01,48.03,3800,0
BDEC.US,5,20251107,203000,48.08,48.08,48.08,48.08,100,0
BDEC.US,5,20251107,203500,48.185,48.185,48.185,48.185,145,0
BDEC.US,5,20251107,204000,48.19,48.2311,48.19,48.2311,1840,0
BDEC.US,5,20251107,204500,48.19,48.21,48.19,48.21,750,0
BDEC.US,5,20251107,205000,48.1907,48.1907,48.1907,48.1907,597,0
BDEC.US,5,20251107,205500,48.2131,48.26,48.2131,48.26,3920,0
BDEC.US,5,20251107,210000,48.24,48.24,48.2101,48.2101,1705,0
BDEC.US,5,20251107,210500,48.22,48.23,48.2,48.2001,3419,0
BDEC.US,5,20251107,211500,48.22,48.22,48.22,48.22,100,0
BDEC.US,5,20251107,213500,48.23,48.23,48.23,48.23,449,0
BDEC.US,5,20251107,214500,48.23,48.23,48.23,48.23,100,0
BDEC.US,5,20251107,215500,48.27,48.3,48.27,48.3,200,0
BDEC.US,5,20251110,165000,48.7,48.7,48.7,48.7,100,0
BDEC.US,5,20251110,174000,48.61,48.61,48.61,48.61,100,0
BDEC.US,5,20251110,180000,48.68,48.68,48.68,48.68,479,0
BDEC.US,5,20251110,181000,48.68,48.68,48.68,48.68,100,0
BDEC.US,5,20251110,183500,48.75,48.75,48.75,48.75,1431,0
BDEC.US,5,20251110,184000,48.77,48.77,48.77,48.77,202,0
BDEC.US,5,20251110,184500,48.79,48.79,48.79,48.79,107,0
BDEC.US,5,20251110,190000,48.82,48.82,48.82,48.82,100,0
BDEC.US,5,20251110,192000,48.82,48.82,48.82,48.82,204,0
BDEC.US,5,20251110,192500,48.8204,48.84,48.8204,48.84,267,0
BDEC.US,5,20251110,194000,48.86,48.86,48.86,48.86,113,0
BDEC.US,5,20251110,195000,48.87,48.87,48.865,48.865,200,0
BDEC.US,5,20251110,210000,48.9585,48.9585,48.9585,48.9585,583,0
BDEC.US,5,20251110,212500,48.9109,48.9999,48.9109,48.9999,631,0
BDEC.US,5,20251110,213500,48.93,48.93,48.93,48.93,100,0
BDEC.US,5,20251110,215500,48.99,48.99,48.99,48.99,361,0
BDEC.US,5,20251111,153500,48.88,48.89,48.88,48.89,1120,0
BDEC.US,5,20251111,155500,48.905,48.905,48.905,48.905,100,0
BDEC.US,5,20251111,160500,48.86,48.86,48.86,48.86,102,0
BDEC.US,5,20251111,161000,48.84,48.84,48.84,48.84,100,0
BDEC.US,5,20251111,164000,48.83,48.8595,48.81,48.8595,4033,0
BDEC.US,5,20251111,171000,48.84,48.84,48.84,48.84,100,0
BDEC.US,5,20251111,171500,48.875,48.875,48.875,48.875,102,0
BDEC.US,5,20251111,172000,48.89,48.89,48.89,48.89,485,0
BDEC.US,5,20251111,173500,48.87,48.87,48.87,48.87,100,0
BDEC.US,5,20251111,180000,48.895,48.895,48.895,48.895,157,0
BDEC.US,5,20251111,190000,48.98,48.98,48.98,48.98,100,0
BDEC.US,5,20251111,190500,49.0164,49.0164,49.0164,49.0164,100,0
BDEC.US,5,20251111,193500,49.0264,49.0264,49.0264,49.0264,336,0
BDEC.US,5,20251111,213500,49.02,49.02,49.02,49.02,100,0
BDEC.US,5,20251112,162500,49.045,49.045,49.03,49.03,222,0
BDEC.US,5,20251112,165500,49,49,49,49,150,0
BDEC.US,5,20251112,171000,48.97,48.97,48.95,48.95,600,0
BDEC.US,5,20251112,173000,49.01,49.01,49.01,49.01,100,0
BDEC.US,5,20251112,181500,49.01,49.01,49.01,49.01,500,0
BDEC.US,5,20251112,183500,49.01,49.01,49.01,49.01,100,0
BDEC.US,5,20251112,185000,49.01,49.0101,49.01,49.0101,904,0
BDEC.US,5,20251112,191000,49.03,49.03,49.03,49.03,100,0
BDEC.US,5,20251112,191500,49.1099,49.1099,49.1099,49.1099,279,0
BDEC.US,5,20251112,204500,49.01,49.01,49.01,49.01,100,0
BDEC.US,5,20251112,205500,49.02,49.02,49.02,49.02,108,0
BDEC.US,5,20251112,212000,49.02,49.045,49.02,49.045,1235,0
BDEC.US,5,20251112,213000,49.05,49.05,49.05,49.05,100,0
BDEC.US,5,20251112,215500,49.03,49.03,49.03,49.03,200,0
BDEC.US,5,20251113,154500,48.7608,48.7608,48.7608,48.7608,102,0
BDEC.US,5,20251113,161000,48.88,48.88,48.86,48.86,700,0
BDEC.US,5,20251113,163000,48.853142,48.869575,48.853142,48.869575,575,0
BDEC.US,5,20251113,173000,48.6214,48.6214,48.6214,48.6214,100,0
BDEC.US,5,20251113,181500,48.61,48.61,48.61,48.61,330,0
BDEC.US,5,20251113,192000,48.51,48.51,48.51,48.51,100,0
BDEC.US,5,20251113,195500,48.431,48.431,48.431,48.431,100,0
BDEC.US,5,20251113,201000,48.426807,48.426807,48.426807,48.426807,496,0
BDEC.US,5,20251113,204500,48.4538,48.4538,48.4538,48.4538,170,0
BDEC.US,5,20251113,213000,48.41,48.41,48.41,48.41,813,0
BDEC.US,5,20251114,153000,48.205,48.205,48.2,48.2,9923,0
BDEC.US,5,20251114,154500,48.1,48.1,48.1,48.1,684,0
BDEC.US,5,20251114,160000,48.1737,48.1737,48.1737,48.1737,4000,0
BDEC.US,5,20251114,160500,48.185,48.185,48.185,48.185,850,0
BDEC.US,5,20251114,163500,48.29,48.2901,48.29,48.2901,1036,0
BDEC.US,5,20251114,212000,48.49,48.5092,48.49,48.5092,625,0
BDEC.US,5,20251114,215500,48.43,48.43,48.43,48.43,100,0
BDEC.US,5,20251117,153500,48.44,48.44,48.44,48.44,485,0
BDEC.US,5,20251117,162000,48.386,48.386,48.37,48.37,214,0
BDEC.US,5,20251117,170000,48.34,48.34,48.34,48.34,100,0
BDEC.US,5,20251117,173500,48.36,48.36,48.36,48.36,270,0
BDEC.US,5,20251117,175000,48.4516,48.4516,48.4516,48.4516,248,0
BDEC.US,5,20251117,175500,48.46,48.46,48.46,48.46,100,0
BDEC.US,5,20251117,180500,48.473,48.473,48.473,48.473,1000,0
BDEC.US,5,20251117,184500,48.33,48.3301,48.33,48.3301,400,0
BDEC.US,5,20251117,194500,48.2601,48.2601,48.2601,48.2601,144,0
BDEC.US,5,20251117,205000,47.92,47.92,47.91,47.91,900,0
BDEC.US,5,20251117,205500,47.9,47.9,47.9,47.9,100,0
BDEC.US,5,20251117,211000,47.87,47.87,47.87,47.87,386,0
BDEC.US,5,20251117,212000,47.86,47.86,47.84,47.84,1739,0
BDEC.US,5,20251117,214000,47.87,47.87,47.86,47.86,31491,0
BDEC.US,5,20251117,215500,48.01,48.01,48.01,48.01,9873,0
BDEC.US,5,20251118,153000,47.74,47.775,47.73,47.775,5924,0
BDEC.US,5,20251118,154000,47.77,47.78,47.77,47.78,225,0
BDEC.US,5,20251118,160500,47.5298,47.5298,47.5298,47.5298,500,0
BDEC.US,5,20251118,161000,47.55,47.57,47.55,47.57,600,0
BDEC.US,5,20251118,162500,47.61,47.61,47.61,47.61,500,0
BDEC.US,5,20251118,170500,47.5,47.5,47.5,47.5,2323,0
BDEC.US,5,20251118,175000,47.77,47.77,47.77,47.77,8350,0
BDEC.US,5,20251118,175500,47.7331,47.7331,47.7331,47.7331,116,0
BDEC.US,5,20251118,183500,47.65,47.685,47.65,47.685,5825,0
BDEC.US,5,20251118,184000,47.78,47.78,47.78,47.78,130,0
BDEC.US,5,20251118,194500,47.891,47.891,47.891,47.891,208,0
BDEC.US,5,20251118,200500,47.8401,47.8401,47.8401,47.8401,1000,0
BDEC.US,5,20251118,202500,47.84,47.84,47.84,47.84,100,0
BDEC.US,5,20251118,205000,47.91,47.91,47.91,47.91,100,0
BDEC.US,5,20251118,211500,47.855,47.855,47.855,47.855,546,0
BDEC.US,5,20251118,213500,47.77,47.7701,47.77,47.7701,1234,0
BDEC.US,5,20251119,163000,48.1,48.11,48.1,48.1,700,0
BDEC.US,5,20251119,164500,48.01,48.02,48.01,48.02,620,0
BDEC.US,5,20251119,172500,47.809,47.809,47.809,47.809,1498,0
BDEC.US,5,20251119,173000,47.81,47.81,47.75,47.75,338,0
BDEC.US,5,20251119,173500,47.7301,47.7301,47.7301,47.7301,1132,0
BDEC.US,5,20251119,174000,47.74,47.74,47.74,47.74,1132,0
BDEC.US,5,20251119,181500,47.73,47.73,47.73,47.73,100,0
BDEC.US,5,20251119,193000,47.7586,47.7586,47.7586,47.7586,1000,0
BDEC.US,5,20251119,200000,47.753094,47.79,47.753094,47.79,3578,0
BDEC.US,5,20251119,212000,47.932,47.932,47.932,47.932,257,0
BDEC.US,5,20251120,155000,48.62,48.6201,48.62,48.6201,200,0
BDEC.US,5,20251120,161500,48.5201,48.56,48.5201,48.53,2466,0
BDEC.US,5,20251120,162000,48.6547,48.6547,48.6547,48.6547,1803,0
BDEC.US,5,20251120,172500,48.25,48.25,48.25,48.25,109,0
BDEC.US,5,20251120,174500,47.98,47.98,47.98,47.98,500,0
BDEC.US,5,20251120,180000,47.69,47.69,47.69,47.69,438,0
BDEC.US,5,20251120,180500,47.62,47.71,47.62,47.71,306,0
BDEC.US,5,20251120,181000,47.63,47.63,47.63,47.63,107,0
BDEC.US,5,20251120,182000,47.56,47.56,47.56,47.56,554,0
BDEC.US,5,20251120,182500,47.56,47.56,47.56,47.56,1207,0
BDEC.US,5,20251120,185500,47.4,47.4,47.4,47.4,1496,0
BDEC.US,5,20251120,214000,47.2699,47.2699,47.2699,47.2699,380,0
BDEC.US,5,20251120,214500,47.19,47.1999,47.19,47.1999,600,0
BDEC.US,5,20251120,215000,47.24,47.24,47.17,47.225,504,0
BDEC.US,5,20251121,160500,47.2461,47.2461,47.2461,47.2461,128,0
BDEC.US,5,20251121,162000,47.21,47.21,47.21,47.21,100,0
BDEC.US,5,20251121,180500,47.65,47.65,47.65,47.65,100,0
BDEC.US,5,20251121,194500,47.73,47.73,47.73,47.73,400,0
BDEC.US,5,20251121,201500,47.89,47.89,47.89,47.89,100,0
BDEC.US,5,20251121,205500,47.7726,47.7726,47.7726,47.7726,437,0
BDEC.US,5,20251121,211000,47.79,47.79,47.79,47.79,292,0
BDEC.US,5,20251124,155000,47.84,47.84,47.84,47.84,100,0
BDEC.US,5,20251124,160000,47.94,47.94,47.94,47.94,400,0
BDEC.US,5,20251124,161500,48,48,48,48,100,0
BDEC.US,5,20251124,164000,48.11,48.11,48.11,48.11,228,0
BDEC.US,5,20251124,182500,48.26,48.26,48.2592,48.2592,5505,0
BDEC.US,5,20251124,183000,48.2599,48.26,48.2381,48.26,6180,0
BDEC.US,5,20251124,183500,48.25,48.25,48.25,48.25,400,0
BDEC.US,5,20251124,184000,48.24,48.24,48.24,48.24,100,0
BDEC.US,5,20251124,185500,48.27,48.27,48.27,48.27,8483,0
BDEC.US,5,20251124,191000,48.32,48.32,48.32,48.32,200,0
BDEC.US,5,20251124,192500,48.3,48.3,48.3,48.3,100,0
BDEC.US,5,20251124,200500,48.29,48.29,48.29,48.29,2752,0
BDEC.US,5,20251124,201500,48.3078,48.3078,48.3078,48.3078,146,0
BDEC.US,5,20251124,202500,48.26,48.26,48.26,48.26,100,0
BDEC.US,5,20251124,205000,48.26,48.26,48.26,48.26,1442,0
BDEC.US,5,20251124,210000,48.24,48.28,48.24,48.28,200,0
BDEC.US,5,20251124,215000,48.29,48.29,48.29,48.29,100,0
BDEC.US,5,20251124,215500,48.25,48.25,48.25,48.25,724,0
BDEC.US,5,20251125,154000,48.1585,48.1585,48.1585,48.1585,176,0
BDEC.US,5,20251125,154500,48.0501,48.0501,48.03,48.03,307,0
BDEC.US,5,20251125,155000,48.06,48.06,48.06,48.06,500,0
BDEC.US,5,20251125,161000,48.22,48.22,48.21,48.21,234,0
BDEC.US,5,20251125,163000,48.25,48.25,48.25,48.25,188,0
BDEC.US,5,20251125,164000,48.35,48.35,48.35,48.35,447,0
BDEC.US,5,20251125,164500,48.43,48.43,48.3,48.3,390,0
BDEC.US,5,20251125,170000,48.27,48.27,48.27,48.27,4046,0
BDEC.US,5,20251125,171000,48.2601,48.2601,48.2601,48.2601,160,0
BDEC.US,5,20251125,172500,48.34,48.34,48.34,48.34,100,0
BDEC.US,5,20251125,173000,48.38,48.38,48.3615,48.3615,1120,0
BDEC.US,5,20251125,175000,48.43,48.43,48.43,48.43,100,0
BDEC.US,5,20251125,184500,48.65,48.65,48.65,48.65,500,0
BDEC.US,5,20251125,185500,48.59,48.63,48.56,48.56,1472,0
BDEC.US,5,20251125,193500,48.6,48.6,48.6,48.6,100,0
BDEC.US,5,20251125,210000,48.63,48.63,48.625,48.63,1500,0
BDEC.US,5,20251125,210500,48.66,48.66,48.66,48.66,120,0
BDEC.US,5,20251125,213500,48.677,48.705,48.67,48.705,1066,0
BDEC.US,5,20251125,214000,48.69,48.69,48.69,48.69,100,0
BDEC.US,5,20251126,155000,48.93,48.93,48.93,48.93,100,0
BDEC.US,5,20251126,155500,48.9155,48.9155,48.9155,48.9155,250,0
BDEC.US,5,20251126,160000,48.89,48.89,48.88,48.88,812,0
BDEC.US,5,20251126,160500,48.905,48.92527,48.905,48.92527,6306,0
BDEC.US,5,20251126,161000,48.87,48.87,48.87,48.87,300,0
BDEC.US,5,20251126,163000,48.93,48.93,48.93,48.93,100,0
BDEC.US,5,20251126,163500,48.97,48.97,48.94,48.94,645,0
BDEC.US,5,20251126,164500,48.97,48.97,48.97,48.97,227,0
BDEC.US,5,20251126,170000,49.005,49.02,49.005,49.02,2727,0
BDEC.US,5,20251126,170500,49.0572,49.0572,49.0572,49.0572,180,0
BDEC.US,5,20251126,171000,49.07,49.07,49.07,49.07,100,0
BDEC.US,5,20251126,172000,49.09,49.09,49.09,49.09,584,0
BDEC.US,5,20251126,174000,49.1201,49.1201,49.1201,49.1201,134,0
BDEC.US,5,20251126,174500,49.15,49.15,49.1235,49.1235,250,0
BDEC.US,5,20251126,181500,49.08,49.13,49.08,49.13,1400,0
BDEC.US,5,20251126,183500,49.15,49.15,49.15,49.15,100,0
BDEC.US,5,20251126,184000,49.14,49.14,49.11,49.11,5218,0
BDEC.US,5,20251126,184500,49.15,49.17,49.14,49.17,6457,0
BDEC.US,5,20251126,191500,49.11,49.11,49.08,49.08,626,0
BDEC.US,5,20251126,192000,49.1,49.11,49.1,49.1,400,0
BDEC.US,5,20251126,193000,49.08,49.08,49.08,49.08,100,0
BDEC.US,5,20251126,200000,49.1,49.1,49.1,49.1,411,0
BDEC.US,5,20251126,201500,49.09,49.09,49.09,49.09,100,0
BDEC.US,5,20251126,204500,49.135,49.135,49.135,49.135,407,0
BDEC.US,5,20251126,212000,49.14,49.14,49.13,49.14,411,0
BDEC.US,5,20251126,213000,49.13,49.13,49.13,49.13,100,0
BDEC.US,5,20251126,213500,49.1448,49.1448,49.1448,49.1448,885,0
BDEC.US,5,20251128,153000,49.1,49.1,49.1,49.1,600,0
BDEC.US,5,20251128,154500,49.12,49.12,49.12,49.12,1000,0
BDEC.US,5,20251128,161500,49.15,49.16,49.15,49.16,488,0
BDEC.US,5,20251128,162000,49.17,49.17,49.17,49.17,1000,0
BDEC.US,5,20251128,163500,49.21,49.2106,49.205,49.2073,816,0
BDEC.US,5,20251128,165000,49.28,49.28,49.19,49.2,14717,0
BDEC.US,5,20251128,165500,49.2347,49.2347,49.2347,49.2347,1000,0
BDEC.US,5,20251128,170000,49.225,49.225,49.225,49.225,1000,0
BDEC.US,5,20251128,173500,49.2699,49.2699,49.2699,49.2699,203,0
BDEC.US,5,20251128,174000,49.26,49.26,49.2,49.2152,1372,0
BDEC.US,5,20251128,175500,49.238,49.238,49.238,49.238,200,0
BDEC.US,5,20251128,180000,49.27,49.27,49.22,49.22,1398,0
BDEC.US,5,20251128,182000,49.2699,49.27,49.2371,49.2371,433,0
BDEC.US,5,20251128,182500,49.2474,49.2474,49.2,49.2,106724,0
BDEC.US,5,20251128,183000,49.24,49.24,49.24,49.24,100,0
BDEC.US,5,20251128,183500,49.218,49.218,49.218,49.218,400,0
BDEC.US,5,20251128,184000,49.21,49.23,49.205,49.205,1466,0
BDEC.US,5,20251128,185000,49.23,49.245,49.23,49.245,2181,0
BDEC.US,5,20251128,185500,49.28,49.28,49.28,49.28,4889,0
BDEC.US,5,20251201,153000,49.115,49.19,49.115,49.19,708,0
BDEC.US,5,20251201,154000,49.135,49.135,49.1195,49.1195,306,0
BDEC.US,5,20251201,154500,49.154186,49.154186,49.154186,49.154186,607,0
BDEC.US,5,20251201,155000,49.2589,49.2589,49.2589,49.2589,200,0
BDEC.US,5,20251201,160000,49.28,49.29,49.255,49.255,3802,0
BDEC.US,5,20251201,160500,49.25,49.275,49.22,49.27,3039,0
BDEC.US,5,20251201,162500,49.175,49.175,49.175,49.175,101,0
BDEC.US,5,20251201,163000,49.17,49.21,49.14,49.14,7860,0
BDEC.US,5,20251201,163500,49.18,49.2,49.18,49.2,668,0
BDEC.US,5,20251201,164000,49.2,49.21,49.17,49.17,1055,0
BDEC.US,5,20251201,164500,49.1885,49.1885,49.1885,49.1885,508,0
BDEC.US,5,20251201,165500,49.25,49.25,49.2465,49.2465,708,0
BDEC.US,5,20251201,170000,49.245,49.245,49.245,49.245,203,0
BDEC.US,5,20251201,170500,49.2429,49.298,49.2429,49.245,3627,0
BDEC.US,5,20251201,171000,49.25,49.25,49.24,49.24,1014,0
BDEC.US,5,20251201,172500,49.25,49.26,49.25,49.26,2594,0
BDEC.US,5,20251201,173000,49.26,49.26,49.2445,49.2448,2300,0
BDEC.US,5,20251201,173500,49.26,49.27,49.26,49.26,1014,0
BDEC.US,5,20251201,174500,49.3086,49.3086,49.3086,49.3086,215,0
BDEC.US,5,20251201,175000,49.32,49.3381,49.315589,49.3381,1131,0
BDEC.US,5,20251201,175500,49.2954,49.3151,49.2954,49.3151,339,0
BDEC.US,5,20251201,180000,49.31,49.31,49.3,49.3,1390,0
BDEC.US,5,20251201,180500,49.305,49.32,49.3015,49.3015,615,0
BDEC.US,5,20251201,181000,49.3233,49.33,49.32,49.32,501,0
BDEC.US,5,20251201,182000,49.29,49.29,49.29,49.29,159,0
BDEC.US,5,20251201,183500,49.3089,49.3089,49.29,49.29,1236,0
BDEC.US,5,20251201,184000,49.3,49.31,49.3,49.31,700,0
BDEC.US,5,20251201,184500,49.31,49.31,49.31,49.31,296,0
BDEC.US,5,20251201,185000,49.29,49.29,49.29,49.29,100,0
BDEC.US,5,20251201,185500,49.293801,49.293801,49.293801,49.293801,132,0
BDEC.US,5,20251201,190500,49.288,49.288,49.288,49.288,811,0
BDEC.US,5,20251201,191500,49.31,49.34,49.2964,49.32,1968,0
BDEC.US,5,20251201,192500,49.34,49.34,49.3198,49.3198,463,0
BDEC.US,5,20251201,193000,49.315,49.34,49.315,49.34,1100,0
BDEC.US,5,20251201,193500,49.315,49.355,49.3105,49.34,3157,0
BDEC.US,5,20251201,194000,49.315,49.315,49.315,49.315,304,0
BDEC.US,5,20251201,200000,49.32,49.32,49.32,49.32,100,0
BDEC.US,5,20251201,201000,49.29,49.305,49.29,49.3,2071,0
BDEC.US,5,20251201,201500,49.28,49.28,49.28,49.28,700,0
BDEC.US,5,20251201,202500,49.26,49.26,49.25,49.26,650,0
BDEC.US,5,20251201,203000,49.2512,49.2512,49.2512,49.2512,163,0
BDEC.US,5,20251201,203500,49.23,49.23,49.23,49.23,160,0
BDEC.US,5,20251201,205000,49.16,49.1802,49.16,49.1802,3788,0
BDEC.US,5,20251201,210500,49.22,49.23,49.1964,49.23,819,0
BDEC.US,5,20251201,211000,49.23,49.26,49.215,49.215,9093,0
BDEC.US,5,20251201,211500,49.2699,49.2699,49.215,49.25,3655,0
BDEC.US,5,20251201,212000,49.24,49.2599,49.21,49.21,1352,0
BDEC.US,5,20251201,212500,49.2205,49.2247,49.2205,49.2247,1344,0
BDEC.US,5,20251201,213000,49.2165,49.2165,49.2165,49.2165,264,0
BDEC.US,5,20251201,213500,49.25,49.25,49.215,49.215,2178,0
BDEC.US,5,20251201,214000,49.231219,49.26,49.22,49.26,928,0
BDEC.US,5,20251201,214500,49.2347,49.26,49.2347,49.25,4102,0
BDEC.US,5,20251201,215000,49.25,49.25,49.185,49.185,12901,0
BDEC.US,5,20251201,215500,49.21,49.25,49.1836,49.25,1206,0
BDEC.US,5,20251202,161000,49.34,49.34,49.34,49.34,786,0
BDEC.US,5,20251202,162000,49.35,49.35,49.35,49.35,1013,0
BDEC.US,5,20251202,162500,49.32,49.32,49.32,49.32,811,0
BDEC.US,5,20251202,163000,49.3,49.3,49.3,49.3,300,0
BDEC.US,5,20251202,163500,49.27,49.29,49.27,49.29,578,0
BDEC.US,5,20251202,165000,49.36,49.36,49.36,49.36,100,0
BDEC.US,5,20251202,165500,49.38,49.38,49.3728,49.3728,600,0
BDEC.US,5,20251202,171000,49.34,49.3445,49.32,49.3445,1693,0
BDEC.US,5,20251202,172000,49.23,49.23,49.23,49.23,100,0
BDEC.US,5,20251202,175000,49.25,49.25,49.25,49.25,100,0
BDEC.US,5,20251202,175500,49.224,49.224,49.224,49.224,122,0
BDEC.US,5,20251202,181500,49.27,49.27,49.26,49.26,814,0
BDEC.US,5,20251202,182000,49.32,49.34,49.32,49.33,31102,0
BDEC.US,5,20251202,182500,49.28,49.305,49.27,49.305,3830,0
BDEC.US,5,20251202,183000,49.3399,49.3399,49.3399,49.3399,182,0
BDEC.US,5,20251202,185000,49.3,49.3,49.29,49.29,1771,0
BDEC.US,5,20251202,185500,49.27,49.27,49.23,49.23,2441,0
BDEC.US,5,20251202,190500,49.2,49.2,49.2,49.2,200,0
BDEC.US,5,20251202,194000,49.2336,49.2336,49.2336,49.2336,203,0
BDEC.US,5,20251202,194500,49.25,49.27,49.25,49.27,741,0
BDEC.US,5,20251202,200000,49.244,49.244,49.244,49.244,900,0
BDEC.US,5,20251202,200500,49.28,49.28,49.26,49.26,228,0
BDEC.US,5,20251202,201000,49.3,49.31,49.299,49.3007,1371,0
BDEC.US,5,20251202,203000,49.29,49.31,49.29,49.31,479,0
BDEC.US,5,20251202,210000,49.3499,49.3499,49.3499,49.3499,1054,0
BDEC.US,5,20251202,211000,49.34,49.36,49.34,49.35,20312,0
BDEC.US,5,20251202,211500,49.3219,49.3219,49.314757,49.314757,447,0
BDEC.US,5,20251202,212500,49.35,49.35,49.35,49.35,300,0
BDEC.US,5,20251202,213000,49.3273,49.3799,49.3273,49.36,2928,0
BDEC.US,5,20251202,214500,49.305,49.36,49.305,49.355,2955,0
BDEC.US,5,20251202,215500,49.31,49.31,49.31,49.31,100,0
BDEC.US,5,20251203,160500,49.33,49.335,49.33,49.335,500,0
BDEC.US,5,20251203,161000,49.29,49.29,49.29,49.29,764,0
BDEC.US,5,20251203,161500,49.2764,49.315,49.2764,49.31,3525,0
BDEC.US,5,20251203,162000,49.303,49.303,49.29,49.29,202,0
BDEC.US,5,20251203,163000,49.3,49.3199,49.29,49.29,2145,0
BDEC.US,5,20251203,172000,49.3499,49.35,49.33,49.35,4636,0
BDEC.US,5,20251203,172500,49.33,49.33,49.314935,49.326945,1634,0
BDEC.US,5,20251203,174000,49.38,49.385,49.345,49.345,1700,0
BDEC.US,5,20251203,174500,49.34,49.38,49.34,49.349716,2260,0
BDEC.US,5,20251203,175000,49.37,49.37,49.33,49.36,1000,0
BDEC.US,5,20251203,180500,49.3215,49.3215,49.3215,49.3215,131,0
BDEC.US,5,20251203,181500,49.37,49.37,49.37,49.37,101,0
BDEC.US,5,20251203,183000,49.4,49.4,49.343,49.36,1809,0
BDEC.US,5,20251203,190000,49.4168,49.4168,49.4168,49.4168,124,0
BDEC.US,5,20251203,191000,49.3695,49.41,49.3695,49.41,868,0
BDEC.US,5,20251203,191500,49.41,49.4283,49.41,49.4283,42935,0
BDEC.US,5,20251203,194000,49.4399,49.4399,49.4399,49.4399,121,0
BDEC.US,5,20251203,200000,49.38,49.38,49.38,49.38,113,0
BDEC.US,5,20251203,200500,49.384,49.384,49.384,49.384,203,0
BDEC.US,5,20251203,201500,49.43,49.4499,49.43,49.4499,500,0
BDEC.US,5,20251203,202500,49.44,49.44,49.44,49.44,200,0
BDEC.US,5,20251203,203000,49.4054,49.445,49.4054,49.445,1168,0
BDEC.US,5,20251203,203500,49.4054,49.45,49.4054,49.45,700,0
BDEC.US,5,20251203,211500,49.4072,49.4072,49.4072,49.4072,505,0
BDEC.US,5,20251203,212000,49.4196,49.4196,49.4196,49.4196,404,0
BDEC.US,5,20251203,212500,49.3501,49.3501,49.3501,49.3501,122,0
BDEC.US,5,20251203,213000,49.41,49.455,49.41,49.455,1261,0
BDEC.US,5,20251203,214000,49.45,49.45,49.44,49.45,858,0
BDEC.US,5,20251203,215500,49.39,49.43,49.386,49.41,1019,0
BDEC.US,5,20251204,155000,49.38,49.38,49.38,49.38,17160,0
BDEC.US,5,20251204,160000,49.35,49.35,49.35,49.35,324,0
BDEC.US,5,20251204,160500,49.35,49.35,49.35,49.35,2087,0
BDEC.US,5,20251204,162000,49.405,49.405,49.386501,49.405,5638,0
BDEC.US,5,20251204,162500,49.35,49.35,49.35,49.35,1030,0
BDEC.US,5,20251204,163500,49.3804,49.3804,49.3804,49.3804,283,0
BDEC.US,5,20251204,165000,49.345,49.345,49.345,49.345,303,0
BDEC.US,5,20251204,165500,49.3667,49.3899,49.3667,49.3899,4280,0
BDEC.US,5,20251204,171000,49.347,49.347,49.347,49.347,200,0
BDEC.US,5,20251204,173500,49.3718,49.3718,49.3718,49.3718,1417,0
BDEC.US,5,20251204,174000,49.3562,49.38,49.3562,49.36,6793,0
BDEC.US,5,20251204,175000,49.41,49.41,49.4,49.41,5000,0
BDEC.US,5,20251204,180500,49.41,49.41,49.41,49.41,100,0
BDEC.US,5,20251204,185000,49.43,49.43,49.43,49.43,1620,0
BDEC.US,5,20251204,190000,49.4499,49.4499,49.43,49.43,4754,0
BDEC.US,5,20251204,190500,49.41,49.41,49.4,49.4,600,0
BDEC.US,5,20251204,191500,49.3926,49.3926,49.3926,49.3926,141,0
BDEC.US,5,20251204,194000,49.4156,49.42,49.4156,49.42,2260,0
BDEC.US,5,20251204,201500,49.4,49.4,49.4,49.4,700,0
BDEC.US,5,20251204,202000,49.36,49.36,49.33,49.33,1118,0
BDEC.US,5,20251204,202500,49.32,49.345,49.3161,49.3161,25157,0
BDEC.US,5,20251204,203000,49.3001,49.35,49.3001,49.35,924,0
BDEC.US,5,20251204,204000,49.3867,49.3995,49.3867,49.3995,374,0
BDEC.US,5,20251204,205000,49.39,49.39,49.39,49.39,393,0
BDEC.US,5,20251204,205500,49.39,49.39,49.39,49.39,100,0
BDEC.US,5,20251204,210000,49.39,49.39,49.39,49.39,100,0
BDEC.US,5,20251204,210500,49.375,49.375,49.36,49.36,300,0
BDEC.US,5,20251204,211500,49.3755,49.3999,49.3755,49.38,2727,0
BDEC.US,5,20251204,213500,49.38,49.385,49.38,49.385,1200,0
BDEC.US,5,20251204,215000,49.4005,49.4005,49.4005,49.4005,506,0
BDEC.US,5,20251204,215500,49.43,49.45,49.43,49.45,1200,0
BDEC.US,5,20251205,154500,49.52,49.52,49.456,49.505,600,0
BDEC.US,5,20251205,161000,49.61,49.6399,49.605,49.605,1821,0
BDEC.US,5,20251205,162000,49.61,49.61,49.61,49.61,500,0
BDEC.US,5,20251205,162500,49.5975,49.605,49.5975,49.605,1200,0
BDEC.US,5,20251205,163500,49.6279,49.6279,49.62,49.62,2064,0
BDEC.US,5,20251205,164000,49.58,49.58,49.58,49.58,100,0
BDEC.US,5,20251205,164500,49.58,49.58,49.58,49.58,400,0
BDEC.US,5,20251205,165000,49.5755,49.5755,49.5755,49.5755,250,0
BDEC.US,5,20251205,165500,49.53,49.53,49.53,49.53,300,0
BDEC.US,5,20251205,170000,49.5479,49.5479,49.5479,49.5479,4034,0
BDEC.US,5,20251205,171000,49.53,49.53,49.53,49.53,970,0
BDEC.US,5,20251205,172000,49.53,49.535,49.53,49.535,575,0
BDEC.US,5,20251205,173000,49.49,49.49,49.47,49.47,300,0
BDEC.US,5,20251205,173500,49.4715,49.4715,49.4715,49.4715,100,0
BDEC.US,5,20251205,174000,49.467,49.467,49.467,49.467,200,0
BDEC.US,5,20251205,174500,49.477,49.477,49.477,49.477,227,0
BDEC.US,5,20251205,175000,49.4815,49.4815,49.4815,49.4815,200,0
BDEC.US,5,20251205,180000,49.52,49.52,49.515,49.515,600,0
BDEC.US,5,20251205,181000,49.505,49.505,49.505,49.505,100,0
BDEC.US,5,20251205,181500,49.42,49.42,49.42,49.42,200,0
BDEC.US,5,20251205,182000,49.49,49.5099,49.44,49.5099,500,0
BDEC.US,5,20251205,182500,49.5082,49.5082,49.5082,49.5082,140,0
BDEC.US,5,20251205,183500,49.47,49.47,49.47,49.47,1046,0
BDEC.US,5,20251205,184000,49.47,49.47,49.47,49.47,100,0
BDEC.US,5,20251205,192000,49.52,49.539,49.5,49.536,1098,0
BDEC.US,5,20251205,192500,49.51,49.55,49.47,49.55,4882,0
BDEC.US,5,20251205,193500,49.517,49.517,49.517,49.517,500,0
BDEC.US,5,20251205,194000,49.5174,49.5174,49.5174,49.5174,1211,0
BDEC.US,5,20251205,194500,49.52,49.52,49.52,49.52,504,0
BDEC.US,5,20251205,200000,49.52,49.52,49.52,49.52,400,0
BDEC.US,5,20251205,200500,49.5,49.5,49.47,49.4701,3970,0
BDEC.US,5,20251205,201000,49.48,49.4801,49.47,49.47,2546,0
BDEC.US,5,20251205,201500,49.51,49.51,49.51,49.51,100,0
BDEC.US,5,20251205,202000,49.47,49.4701,49.43,49.43,11205,0
BDEC.US,5,20251205,202500,49.435,49.44,49.43,49.43,7191,0
BDEC.US,5,20251205,204500,49.475,49.475,49.475,49.475,232,0
BDEC.US,5,20251205,205500,49.5224,49.5224,49.5224,49.5224,185,0
BDEC.US,5,20251205,210000,49.5,49.53,49.5,49.5256,976,0
BDEC.US,5,20251205,210500,49.52,49.52,49.496,49.496,13000,0
BDEC.US,5,20251205,212000,49.52,49.536,49.519,49.519,884,0
BDEC.US,5,20251205,212500,49.51,49.51,49.4959,49.4959,1198,0
BDEC.US,5,20251205,213000,49.515,49.515,49.51,49.51,300,0
BDEC.US,5,20251205,213500,49.5399,49.5399,49.525,49.525,827,0
BDEC.US,5,20251205,214000,49.52,49.52,49.51,49.51,1042,0
BDEC.US,5,20251205,214500,49.4839,49.4839,49.4839,49.4839,100,0
BDEC.US,5,20251205,215000,49.4647,49.4647,49.46,49.46,1210,0
BDEC.US,5,20251205,215500,49.505,49.5122,49.505,49.5122,1307,0
BDEC.US,5,20251208,154000,49.51,49.51,49.51,49.51,14000,0
BDEC.US,5,20251208,160500,49.4935,49.4935,49.48,49.482,1162,0
BDEC.US,5,20251208,161500,49.475,49.475,49.475,49.475,203,0
BDEC.US,5,20251208,162000,49.46,49.46,49.46,49.46,404,0
BDEC.US,5,20251208,162500,49.47,49.47,49.46,49.46,498,0
BDEC.US,5,20251208,164000,49.4479,49.4479,49.4479,49.4479,1000,0
BDEC.US,5,20251208,164500,49.44,49.44,49.44,49.44,100,0
BDEC.US,5,20251208,165000,49.435,49.435,49.435,49.435,100,0
BDEC.US,5,20251208,165500,49.42,49.42,49.406,49.406,878,0
BDEC.US,5,20251208,170000,49.38,49.38,49.38,49.38,200,0
BDEC.US,5,20251208,171000,49.4099,49.4099,49.4099,49.4099,303,0
BDEC.US,5,20251208,171500,49.385,49.385,49.385,49.385,200,0
BDEC.US,5,20251208,172000,49.41,49.41,49.41,49.41,300,0
BDEC.US,5,20251208,173500,49.3906,49.3906,49.3906,49.3906,710,0
BDEC.US,5,20251208,174500,49.41,49.41,49.39,49.39,200,0
BDEC.US,5,20251208,175000,49.39,49.41,49.38,49.38,1800,0
BDEC.US,5,20251208,175500,49.38,49.38,49.38,49.38,100,0
BDEC.US,5,20251208,180000,49.38,49.38,49.37,49.37,200,0
BDEC.US,5,20251208,181000,49.3615,49.3615,49.3615,49.3615,305,0
BDEC.US,5,20251208,182500,49.345,49.35,49.345,49.35,8600,0
BDEC.US,5,20251208,183000,49.35,49.35,49.35,49.35,200,0
BDEC.US,5,20251208,184500,49.36,49.36,49.36,49.36,100,0
BDEC.US,5,20251208,192000,49.3954,49.3954,49.39,49.39,1098,0
BDEC.US,5,20251208,192500,49.41,49.41,49.39,49.39,6600,0
BDEC.US,5,20251208,193000,49.38,49.38,49.37,49.37,500,0
BDEC.US,5,20251208,193500,49.36,49.37,49.32,49.35,5709,0
BDEC.US,5,20251208,194500,49.38,49.39,49.3673,49.39,2125,0
BDEC.US,5,20251208,195500,49.33,49.33,49.325,49.325,300,0
BDEC.US,5,20251208,200500,49.35,49.35,49.335,49.345,4582,0
BDEC.US,5,20251208,201500,49.33,49.33,49.33,49.33,4215,0
BDEC.US,5,20251208,202000,49.36,49.37,49.36,49.37,963,0
BDEC.US,5,20251208,203000,49.33,49.33,49.33,49.33,253,0
BDEC.US,5,20251208,203500,49.37,49.37,49.37,49.37,100,0
BDEC.US,5,20251208,204500,49.37,49.37,49.3,49.36,807,0
BDEC.US,5,20251208,210000,49.3473,49.3473,49.3473,49.3473,369,0
BDEC.US,5,20251208,210500,49.35,49.35,49.35,49.35,100,0
BDEC.US,5,20251208,211000,49.3411,49.3411,49.3411,49.3411,2026,0
BDEC.US,5,20251208,212000,49.37,49.37,49.37,49.37,203,0
BDEC.US,5,20251208,213500,49.36,49.36,49.36,49.36,100,0
BDEC.US,5,20251208,214000,49.35,49.355513,49.35,49.355513,200,0
BDEC.US,5,20251208,215000,49.355,49.39,49.33,49.3616,1969,0
BDEC.US,5,20251208,215500,49.36,49.42,49.36,49.42,329,0
BDEC.US,5,20251209,153000,49.423,49.423,49.423,49.423,232,0
BDEC.US,5,20251209,153500,49.3864,49.4172,49.3864,49.41,1713,0
BDEC.US,5,20251209,154000,49.4299,49.4299,49.41,49.41,10260,0
BDEC.US,5,20251209,154500,49.4118,49.4118,49.4118,49.4118,1500,0
BDEC.US,5,20251209,155000,49.44,49.44,49.35,49.35,362,0
BDEC.US,5,20251209,160500,49.43,49.43,49.43,49.43,1100,0
BDEC.US,5,20251209,162000,49.43,49.43,49.43,49.43,241,0
BDEC.US,5,20251209,162500,49.43,49.43,49.43,49.43,200,0
BDEC.US,5,20251209,164000,49.435,49.435,49.435,49.435,405,0
BDEC.US,5,20251209,164500,49.42,49.42,49.42,49.42,400,0
BDEC.US,5,20251209,165000,49.41,49.41,49.41,49.41,100,0
BDEC.US,5,20251209,170500,49.3801,49.3801,49.3801,49.3801,201,0
BDEC.US,5,20251209,174500,49.45,49.45,49.45,49.45,100,0
BDEC.US,5,20251209,180000,49.456,49.4665,49.456,49.4665,200,0
BDEC.US,5,20251209,180500,49.48,49.49,49.48,49.49,700,0
BDEC.US,5,20251209,182500,49.45,49.45,49.45,49.45,100,0
BDEC.US,5,20251209,184000,49.42,49.42,49.42,49.42,600,0
BDEC.US,5,20251209,185500,49.41,49.41,49.41,49.41,314,0
BDEC.US,5,20251209,192000,49.43,49.43,49.4205,49.4205,1757,0
BDEC.US,5,20251209,193500,49.42,49.42,49.42,49.42,100,0
BDEC.US,5,20251209,194500,49.415,49.415,49.415,49.415,100,0
BDEC.US,5,20251209,195000,49.42,49.43,49.42,49.43,200,0
BDEC.US,5,20251209,195500,49.44,49.4405,49.44,49.4405,819,0
BDEC.US,5,20251209,200000,49.44,49.44,49.435,49.435,200,0
BDEC.US,5,20251209,200500,49.43,49.43,49.43,49.43,200,0
BDEC.US,5,20251209,202500,49.4163,49.4163,49.4163,49.4163,1619,0
BDEC.US,5,20251209,204000,49.41,49.41,49.41,49.41,1011,0
BDEC.US,5,20251209,204500,49.41,49.41,49.409,49.409,814,0
BDEC.US,5,20251209,205000,49.41,49.41,49.41,49.41,300,0
BDEC.US,5,20251209,212000,49.42,49.4324,49.42,49.4324,877,0
BDEC.US,5,20251209,212500,49.42,49.42,49.4028,49.4028,220,0
BDEC.US,5,20251209,213000,49.4,49.41,49.4,49.4,415,0
BDEC.US,5,20251209,213500,49.3838,49.42,49.3838,49.42,515,0
BDEC.US,5,20251209,214500,49.4035,49.4035,49.39,49.39,400,0
BDEC.US,5,20251209,215000,49.41,49.41,49.39,49.39,600,0
BDEC.US,5,20251209,215500,49.38,49.38,49.3533,49.38,3325,0
BDEC.US,5,20251210,154000,49.33,49.33,49.33,49.33,100,0
BDEC.US,5,20251210,155000,49.37,49.37,49.37,49.37,100,0
BDEC.US,5,20251210,160000,49.355,49.355,49.355,49.355,100,0
BDEC.US,5,20251210,162000,49.38,49.38,49.38,49.38,100,0
BDEC.US,5,20251210,164500,49.3291,49.3291,49.3291,49.3291,1013,0
BDEC.US,5,20251210,170000,49.32,49.32,49.32,49.32,998,0
BDEC.US,5,20251210,171500,49.37,49.37,49.355,49.355,635,0
BDEC.US,5,20251210,172000,49.3728,49.3728,49.3728,49.3728,595,0
BDEC.US,5,20251210,174000,49.3599,49.39,49.3599,49.39,19170,0
BDEC.US,5,20251210,175000,49.3664,49.3664,49.3664,49.3664,400,0
BDEC.US,5,20251210,180000,49.3664,49.3664,49.3664,49.3664,572,0
BDEC.US,5,20251210,182000,49.38,49.38,49.38,49.38,273,0
BDEC.US,5,20251210,184000,49.3557,49.3557,49.3557,49.3557,279,0
BDEC.US,5,20251210,185500,49.41,49.41,49.41,49.41,405,0
BDEC.US,5,20251210,191000,49.385,49.385,49.385,49.385,1616,0
BDEC.US,5,20251210,192000,49.38,49.38,49.38,49.38,200,0
BDEC.US,5,20251210,192500,49.375,49.375,49.365,49.365,800,0
BDEC.US,5,20251210,193000,49.365,49.365,49.365,49.365,500,0
BDEC.US,5,20251210,193500,49.37,49.37,49.37,49.37,200,0
BDEC.US,5,20251210,194500,49.34,49.34,49.34,49.34,500,0
BDEC.US,5,20251210,201000,49.49,49.49,49.49,49.49,250,0
BDEC.US,5,20251210,202000,49.47,49.49,49.47,49.49,6566,0
BDEC.US,5,20251210,202500,49.44,49.44,49.42,49.44,8818,0
BDEC.US,5,20251210,203000,49.52,49.52,49.52,49.52,100,0
BDEC.US,5,20251210,204000,49.45,49.45,49.45,49.45,100,0
BDEC.US,5,20251210,205000,49.55,49.57,49.55,49.57,1250,0
BDEC.US,5,20251210,205500,49.61,49.653,49.61,49.653,730,0
BDEC.US,5,20251210,210000,49.589169,49.589169,49.589169,49.589169,400,0
BDEC.US,5,20251210,210500,49.6085,49.6085,49.6085,49.6085,791,0
BDEC.US,5,20251210,211500,49.65,49.65,49.65,49.65,100,0
BDEC.US,5,20251210,212000,49.6397,49.65,49.6217,49.6217,1350,0
BDEC.US,5,20251210,213000,49.66,49.69,49.633,49.64,5045,0
BDEC.US,5,20251210,215000,49.63,49.63,49.63,49.63,100,0
BDEC.US,5,20251210,215500,49.61,49.63,49.605,49.61,1844,0
BDEC.US,5,20251211,154500,49.51,49.51,49.46,49.46,32903,0
BDEC.US,5,20251211,155500,49.38,49.385,49.38,49.38,3000,0
BDEC.US,5,20251211,163000,49.5324,49.5324,49.5324,49.5324,506,0
BDEC.US,5,20251211,165000,49.47,49.47,49.45,49.45,400,0
BDEC.US,5,20251211,171500,49.49,49.49,49.49,49.49,100,0
BDEC.US,5,20251211,173000,49.48,49.48,49.48,49.48,803,0
BDEC.US,5,20251211,174500,49.57,49.57,49.57,49.57,100,0
BDEC.US,5,20251211,175500,49.51,49.51,49.51,49.51,100,0
BDEC.US,5,20251211,181000,49.56,49.56,49.56,49.56,100,0
BDEC.US,5,20251211,182000,49.545,49.545,49.545,49.545,125,0
BDEC.US,5,20251211,182500,49.575,49.575,49.575,49.575,180,0
BDEC.US,5,20251211,191000,49.6,49.608,49.6,49.608,268,0
BDEC.US,5,20251211,191500,49.64,49.64,49.64,49.64,500,0
BDEC.US,5,20251211,192500,49.6244,49.6244,49.6244,49.6244,127,0
BDEC.US,5,20251211,201500,49.66,49.66,49.66,49.66,100,0
BDEC.US,5,20251211,202000,49.6718,49.6718,49.6718,49.6718,294,0
BDEC.US,5,20251211,205500,49.7097,49.7097,49.7097,49.7097,2000,0
BDEC.US,5,20251211,210500,49.73,49.73,49.73,49.73,402,0
BDEC.US,5,20251211,211500,49.728,49.728,49.6875,49.6875,650,0
BDEC.US,5,20251211,213000,49.6695,49.6695,49.6695,49.6695,579,0
BDEC.US,5,20251211,215000,49.71,49.71,49.684,49.684,603,0
BDEC.US,5,20251211,215500,49.7,49.72,49.7,49.72,1010,0
BDEC.US,5,20251212,160500,49.55,49.55,49.55,49.55,200,0
BDEC.US,5,20251212,162000,49.58,49.58,49.541,49.541,535,0
BDEC.US,5,20251212,162500,49.52,49.52,49.52,49.52,250,0
BDEC.US,5,20251212,163000,49.46,49.46,49.46,49.46,500,0
BDEC.US,5,20251212,164500,49.475,49.475,49.475,49.475,135,0
BDEC.US,5,20251212,172500,49.2739,49.2739,49.2739,49.2739,2936,0
BDEC.US,5,20251212,180000,49.28,49.28,49.28,49.28,502,0
BDEC.US,5,20251212,182500,49.3495,49.3495,49.3495,49.3495,331,0
BDEC.US,5,20251212,183500,49.33,49.34,49.33,49.34,900,0
BDEC.US,5,20251212,185000,49.395,49.395,49.395,49.395,100,0
BDEC.US,5,20251212,190000,49.4,49.4,49.4,49.4,100,0
BDEC.US,5,20251212,192000,49.445,49.45,49.445,49.45,200,0
BDEC.US,5,20251212,192500,49.46,49.46,49.46,49.46,300,0
BDEC.US,5,20251212,194000,49.45,49.45,49.44,49.44,300,0
BDEC.US,5,20251212,201000,49.37,49.37,49.37,49.37,405,0
BDEC.US,5,20251212,202500,49.355,49.365,49.355,49.365,2700,0
BDEC.US,5,20251212,203500,49.37,49.37,49.37,49.37,100,0
BDEC.US,5,20251212,204500,49.37,49.37,49.37,49.37,160,0
BDEC.US,5,20251212,205000,49.3781,49.3781,49.3781,49.3781,102,0
BDEC.US,5,20251212,210500,49.39,49.4,49.39,49.4,1810,0
BDEC.US,5,20251212,211000,49.395,49.395,49.39,49.39,300,0
BDEC.US,5,20251212,212500,49.39,49.39,49.39,49.39,6510,0
BDEC.US,5,20251212,213000,49.35,49.35,49.325,49.325,1000,0
BDEC.US,5,20251212,213500,49.32,49.33,49.32,49.32,555481,0
BDEC.US,5,20251212,214000,49.32,49.32,49.32,49.32,510,0
BDEC.US,5,20251212,214500,49.315,49.315,49.315,49.315,100,0
BDEC.US,5,20251212,215000,49.36,49.36,49.36,49.36,263,0
BDEC.US,5,20251212,215500,49.3305,49.38,49.3305,49.38,472,0
BDEC.US,5,20251215,162000,49.27,49.27,49.27,49.27,100,0
BDEC.US,5,20251215,165000,49.3165,49.3165,49.3165,49.3165,975,0
BDEC.US,5,20251215,170000,49.336,49.35,49.336,49.34,705,0
BDEC.US,5,20251215,171500,49.37,49.37,49.37,49.37,100,0
BDEC.US,5,20251215,175000,49.33,49.33,49.33,49.33,100,0
BDEC.US,5,20251215,180000,49.33,49.33,49.294,49.3299,1957,0
BDEC.US,5,20251215,180500,49.3299,49.33,49.3299,49.33,324,0
BDEC.US,5,20251215,181000,49.33,49.33,49.3299,49.3299,400,0
BDEC.US,5,20251215,182000,49.285,49.32,49.285,49.3199,1202,0
BDEC.US,5,20251215,184000,49.32,49.32,49.32,49.32,100,0
BDEC.US,5,20251215,185500,49.29,49.29,49.29,49.29,100,0
BDEC.US,5,20251215,190500,49.32,49.32,49.32,49.32,1000,0
BDEC.US,5,20251215,193000,49.265439,49.265439,49.265439,49.265439,203,0
BDEC.US,5,20251215,193500,49.2571,49.2571,49.2571,49.2571,1623,0
BDEC.US,5,20251215,194500,49.32,49.32,49.32,49.32,100,0
BDEC.US,5,20251215,200000,49.2896,49.2896,49.2896,49.2896,110,0
BDEC.US,5,20251215,202500,49.305,49.305,49.25,49.305,6791,0
BDEC.US,5,20251215,205000,49.31,49.3252,49.31,49.3252,938,0
BDEC.US,5,20251215,210000,49.35,49.35,49.35,49.35,100,0
BDEC.US,5,20251215,213000,49.335,49.335,49.335,49.335,109,0
BDEC.US,5,20251215,214000,49.32,49.32,49.32,49.32,1447,0
BDEC.US,5,20251215,214500,49.335,49.335,49.335,49.335,100,0
BDEC.US,5,20251215,215500,49.315,49.315,49.29,49.29,1147,0
BDEC.US,5,20251216,154000,49.18,49.18,49.18,49.18,300,0
BDEC.US,5,20251216,154500,49.18,49.18,49.18,49.18,360,0
BDEC.US,5,20251216,155500,49.31,49.31,49.31,49.31,200,0
BDEC.US,5,20251216,161000,49.245,49.2586,49.24,49.24,1491,0
BDEC.US,5,20251216,161500,49.235,49.235,49.22,49.22,300,0
BDEC.US,5,20251216,163500,49.1406,49.1499,49.1406,49.1499,265,0
BDEC.US,5,20251216,164500,49.2,49.2,49.2,49.2,100,0
BDEC.US,5,20251216,165500,49.21,49.21,49.21,49.21,621,0
BDEC.US,5,20251216,171500,49.155,49.16,49.135,49.16,1200,0
BDEC.US,5,20251216,183000,49.16,49.16,49.16,49.16,1347,0
BDEC.US,5,20251216,185000,49.106,49.109,49.106,49.109,600,0
BDEC.US,5,20251216,193500,49.12,49.15,49.095,49.15,707,0
BDEC.US,5,20251216,201500,49.0999,49.0999,49.09,49.09,4000,0
BDEC.US,5,20251216,202500,49.11,49.11,49.11,49.11,100,0
BDEC.US,5,20251216,204000,49.19,49.19,49.19,49.19,163,0
BDEC.US,5,20251216,204500,49.1548,49.1548,49.1548,49.1548,406,0
BDEC.US,5,20251216,210500,49.23,49.23,49.23,49.23,325,0
BDEC.US,5,20251216,212000,49.2025,49.2499,49.2025,49.246,5388,0
BDEC.US,5,20251216,212500,49.25,49.25,49.25,49.25,3239,0
BDEC.US,5,20251216,213000,49.27,49.28,49.27,49.28,697,0
BDEC.US,5,20251216,213500,49.2401,49.33,49.2401,49.33,1496,0
BDEC.US,5,20251216,214500,49.2716,49.275,49.26,49.275,1731,0
BDEC.US,5,20251216,215000,49.31,49.31,49.31,49.31,300,0
BDEC.US,5,20251216,215500,49.282,49.282,49.25,49.25,2691,0
BDEC.US,5,20251217,155000,49.165,49.165,49.165,49.165,100,0
BDEC.US,5,20251217,160500,49.2,49.2,49.2,49.2,3050,0
BDEC.US,5,20251217,161000,49.195,49.195,49.195,49.195,100,0
BDEC.US,5,20251217,162500,49.1889,49.1889,49.1889,49.1889,100,0
BDEC.US,5,20251217,163000,49.19,49.21,49.19,49.19,800,0
BDEC.US,5,20251217,164500,49.04,49.04,49.04,49.04,100,0
BDEC.US,5,20251217,171000,48.995,48.995,48.96,48.96,1200,0
BDEC.US,5,20251217,171500,48.99,48.999,48.93,48.93,1595,0
BDEC.US,5,20251217,173000,48.96,48.965,48.96,48.96,3535,0
BDEC.US,5,20251217,173500,48.93,48.93,48.93,48.93,1694,0
BDEC.US,5,20251217,175000,48.93,48.93,48.93,48.93,300,0
BDEC.US,5,20251217,181500,48.9484,48.9484,48.9484,48.9484,8514,0
BDEC.US,5,20251217,182500,48.9706,48.9706,48.9706,48.9706,500,0
BDEC.US,5,20251217,184000,48.94,48.94,48.94,48.94,200,0
BDEC.US,5,20251217,184500,48.94,48.94,48.94,48.94,385,0
BDEC.US,5,20251217,191000,48.9378,48.9378,48.9378,48.9378,432,0
BDEC.US,5,20251217,191500,48.94,48.94,48.9373,48.9373,1200,0
BDEC.US,5,20251217,192000,48.95,48.95,48.95,48.95,100,0
BDEC.US,5,20251217,194000,48.9,48.9,48.88,48.88,400,0
BDEC.US,5,20251217,195000,48.85,48.85,48.85,48.85,100,0
BDEC.US,5,20251217,201000,48.8861,48.8861,48.8511,48.8511,813,0
BDEC.US,5,20251217,201500,48.8705,48.8705,48.8705,48.8705,129,0
BDEC.US,5,20251217,204500,48.877,48.877,48.877,48.877,152,0
BDEC.US,5,20251217,210000,48.91,48.91,48.91,48.91,2450,0
BDEC.US,5,20251217,210500,48.89,48.89,48.89,48.89,185,0
BDEC.US,5,20251217,212500,48.8885,48.91,48.8794,48.885,6674,0
BDEC.US,5,20251217,213000,48.87,48.88,48.87,48.88,2117,0
BDEC.US,5,20251217,213500,48.88,48.88,48.88,48.88,200,0
BDEC.US,5,20251217,214000,48.88,48.93,48.88,48.8936,5595,0
BDEC.US,5,20251217,214500,48.929,48.929,48.929,48.929,647,0
BDEC.US,5,20251217,215000,48.905,48.905,48.85,48.85,3104,0
BDEC.US,5,20251217,215500,48.82,48.83,48.82,48.83,838,0
BDEC.US,5,20251218,154000,49.03,49.03,49.03,49.03,103,0
BDEC.US,5,20251218,161000,49.1252,49.1252,49.11,49.11,425,0
BDEC.US,5,20251218,164500,49.2724,49.2724,49.2724,49.2724,434,0
BDEC.US,5,20251218,170000,49.29,49.29,49.2837,49.2837,1135,0
BDEC.US,5,20251218,172000,49.265,49.29,49.23,49.29,1302,0
BDEC.US,5,20251218,173500,49.32,49.32,49.3199,49.3199,1168,0
BDEC.US,5,20251218,174000,49.28,49.28,49.28,49.28,400,0
BDEC.US,5,20251218,175000,49.29,49.3,49.23,49.29,3200,0
BDEC.US,5,20251218,180000,49.26,49.26,49.23,49.23,450,0
BDEC.US,5,20251218,180500,49.19,49.19,49.14,49.14,342,0
BDEC.US,5,20251218,181500,49.05,49.05,49.0203,49.0203,1217,0
BDEC.US,5,20251218,183500,49.129,49.13,49.129,49.13,903,0
BDEC.US,5,20251218,185000,49.18,49.18,49.18,49.18,113,0
BDEC.US,5,20251218,190000,49.175,49.175,49.175,49.175,1294,0
BDEC.US,5,20251218,194500,49.2,49.2,49.2,49.2,100,0
BDEC.US,5,20251218,195000,49.2,49.2,49.195,49.195,500,0
BDEC.US,5,20251218,195500,49.195,49.195,49.195,49.195,200,0
BDEC.US,5,20251218,200000,49.19,49.195,49.17,49.17,1200,0
BDEC.US,5,20251218,200500,49.1548,49.16,49.1548,49.16,203,0
BDEC.US,5,20251218,201500,49.14,49.14,49.14,49.14,200,0
BDEC.US,5,20251218,203000,49.16,49.16,49.135,49.135,1100,0
BDEC.US,5,20251218,203500,49.135,49.135,49.135,49.135,428,0
BDEC.US,5,20251218,205500,49.1,49.1,49.1,49.1,300,0
BDEC.US,5,20251218,210500,49.11,49.11,49.11,49.11,250,0
BDEC.US,5,20251218,212000,49.18,49.18,49.145,49.145,414,0
BDEC.US,5,20251218,213000,49.199,49.199,49.199,49.199,796,0
BDEC.US,5,20251218,213500,49.22,49.22,49.1501,49.1501,4162,0
BDEC.US,5,20251218,214000,49.1899,49.1899,49.1745,49.1745,1735,0
BDEC.US,5,20251218,215000,49.205,49.22,49.195,49.2158,4234,0
BDEC.US,5,20251218,215500,49.18,49.2,49.06,49.16,1023,0
BDEC.US,5,20251219,153000,49.24,49.2402,49.24,49.2402,441,0
BDEC.US,5,20251219,154000,49.33,49.33,49.33,49.33,100,0
BDEC.US,5,20251219,154500,49.3626,49.38,49.3626,49.38,400,0
BDEC.US,5,20251219,160000,49.3829,49.3829,49.3829,49.3829,150,0
BDEC.US,5,20251219,160500,49.42,49.425,49.3868,49.3868,910,0
BDEC.US,5,20251219,162000,49.37,49.37,49.37,49.37,100,0
BDEC.US,5,20251219,171000,49.44,49.44,49.395,49.395,2487,0
BDEC.US,5,20251219,175500,49.3887,49.3887,49.3887,49.3887,303,0
BDEC.US,5,20251219,181000,49.43,49.44,49.43,49.4325,700,0
BDEC.US,5,20251219,184000,49.428,49.428,49.428,49.428,180,0
BDEC.US,5,20251219,190500,49.46,49.465,49.46,49.465,700,0
BDEC.US,5,20251219,191000,49.424,49.424,49.424,49.424,404,0
BDEC.US,5,20251219,192500,49.48,49.485,49.48,49.48,2773,0
BDEC.US,5,20251219,193000,49.4478,49.4478,49.4478,49.4478,236,0
BDEC.US,5,20251219,202500,49.43,49.43,49.43,49.43,500,0
BDEC.US,5,20251219,210000,49.44,49.44,49.44,49.44,1000,0
BDEC.US,5,20251219,210500,49.48,49.48,49.448,49.47,862,0
BDEC.US,5,20251219,213500,49.4255,49.4624,49.4255,49.4624,472,0
BDEC.US,5,20251219,214000,49.4257,49.4257,49.4257,49.4257,250,0
BDEC.US,5,20251219,214500,49.44,49.45,49.44,49.45,600,0
BDEC.US,5,20251219,215500,49.48,49.48,49.435,49.47,940,0
BDEC.US,5,20251222,154500,49.575,49.575,49.575,49.575,100,0
BDEC.US,5,20251222,155000,49.6388,49.6388,49.6388,49.6388,647,0
BDEC.US,5,20251222,163000,49.591,49.63,49.591,49.63,792,0
BDEC.US,5,20251222,170000,49.5852,49.5852,49.5852,49.5852,302,0
BDEC.US,5,20251222,174000,49.68,49.68,49.654,49.654,309,0
BDEC.US,5,20251222,174500,49.64,49.69,49.59,49.64,12027,0
BDEC.US,5,20251222,182500,49.66,49.68,49.66,49.67,500,0
BDEC.US,5,20251222,184000,49.68,49.68,49.6387,49.6387,3578,0
BDEC.US,5,20251222,190500,49.6212,49.6212,49.6212,49.6212,228,0
BDEC.US,5,20251222,194500,49.655,49.67,49.655,49.67,201,0
BDEC.US,5,20251222,211500,49.68,49.68,49.68,49.68,800,0
BDEC.US,5,20251222,213000,49.685,49.69,49.67,49.69,2057,0
BDEC.US,5,20251222,213500,49.69,49.69,49.67,49.69,1787,0
BDEC.US,5,20251222,214000,49.68,49.69,49.68,49.69,700,0
BDEC.US,5,20251222,215500,49.68,49.68,49.68,49.68,100,0
BDEC.US,5,20251223,153500,49.71,49.71,49.71,49.71,110,0
BDEC.US,5,20251223,154000,49.7199,49.7199,49.7199,49.7199,104,0
BDEC.US,5,20251223,154500,49.72,49.72,49.72,49.72,100,0
BDEC.US,5,20251223,155500,49.7,49.7,49.7,49.7,4164,0
BDEC.US,5,20251223,161000,49.68,49.68,49.66,49.66,350,0
BDEC.US,5,20251223,161500,49.699,49.699,49.66663,49.66663,402,0
BDEC.US,5,20251223,163000,49.675,49.675,49.675,49.675,141,0
BDEC.US,5,20251223,164000,49.72,49.72,49.72,49.72,100,0
BDEC.US,5,20251223,172500,49.76,49.775,49.76,49.775,901,0
BDEC.US,5,20251223,173000,49.7777,49.7777,49.7777,49.7777,200,0
BDEC.US,5,20251223,174500,49.775,49.775,49.775,49.775,750,0
BDEC.US,5,20251223,175500,49.78,49.78,49.78,49.78,407,0
BDEC.US,5,20251223,182500,49.79,49.79,49.79,49.79,501,0
BDEC.US,5,20251223,183500,49.784,49.784,49.784,49.784,500,0
BDEC.US,5,20251223,185000,49.79,49.79,49.79,49.79,100,0
BDEC.US,5,20251223,190000,49.8,49.805,49.8,49.805,1000,0
BDEC.US,5,20251223,200000,49.82,49.82,49.82,49.82,100,0
BDEC.US,5,20251223,201000,49.82,49.82,49.82,49.82,100,0
BDEC.US,5,20251223,201500,49.8206,49.8206,49.8206,49.8206,679,0
BDEC.US,5,20251223,202000,49.83,49.83,49.83,49.83,100,0
BDEC.US,5,20251223,202500,49.8101,49.8101,49.8101,49.8101,114,0
BDEC.US,5,20251223,204000,49.8166,49.8166,49.8166,49.8166,122,0
BDEC.US,5,20251223,205500,49.83,49.83,49.83,49.83,2103,0
BDEC.US,5,20251223,211000,49.83,49.83,49.83,49.83,143,0
BDEC.US,5,20251223,212500,49.817,49.8499,49.817,49.8499,395,0
BDEC.US,5,20251223,213000,49.8273,49.8273,49.8273,49.8273,282,0
BDEC.US,5,20251223,213500,49.83,49.859,49.81,49.859,1021,0
BDEC.US,5,20251223,214500,49.84,49.84,49.84,49.84,100,0
BDEC.US,5,20251223,215000,49.845,49.845,49.845,49.845,100,0
BDEC.US,5,20251223,215500,49.845,49.85,49.845,49.85,235,0
BDEC.US,5,20251224,162500,49.864,49.864,49.864,49.864,718,0
BDEC.US,5,20251224,163500,49.865,49.865,49.865,49.865,2507,0
BDEC.US,5,20251224,175000,49.959,49.959,49.959,49.959,112,0
BDEC.US,5,20251224,180500,49.92,49.92,49.92,49.92,167,0
BDEC.US,5,20251224,183000,49.9146,49.9146,49.9146,49.9146,240,0
BDEC.US,5,20251224,183500,49.932,49.932,49.92,49.92,940,0
BDEC.US,5,20251224,184000,49.92,49.92,49.92,49.92,389,0
BDEC.US,5,20251224,185000,49.88,49.88,49.88,49.88,409,0
BDEC.US,5,20251226,160000,49.95,49.95,49.95,49.95,7346,0
BDEC.US,5,20251226,160500,49.92,49.92,49.92,49.92,1444,0
BDEC.US,5,20251226,171500,49.96,49.96,49.96,49.96,451,0
BDEC.US,5,20251226,182500,49.87,49.87,49.86,49.86,300,0
BDEC.US,5,20251226,185000,49.8603,49.8603,49.8603,49.8603,105,0
BDEC.US,5,20251226,190500,49.8899,49.8899,49.8899,49.8899,301,0
BDEC.US,5,20251226,191500,49.86,49.86,49.86,49.86,100,0
BDEC.US,5,20251226,192000,49.8434,49.8434,49.8434,49.8434,361,0
BDEC.US,5,20251226,194500,49.89,49.89,49.89,49.89,126,0
BDEC.US,5,20251226,202000,49.9,49.9,49.9,49.9,7100,0
BDEC.US,5,20251226,203500,49.87,49.87,49.87,49.87,200,0
BDEC.US,5,20251226,204500,49.884,49.884,49.884,49.884,182,0
BDEC.US,5,20251226,210000,49.86,49.86,49.86,49.86,200,0
BDEC.US,5,20251226,211500,49.86,49.94,49.86,49.94,1620,0
BDEC.US,5,20251226,215500,49.96,49.96,49.96,49.96,120,0
BDEC.US,5,20251229,154000,49.87,49.87,49.87,49.87,100,0
BDEC.US,5,20251229,160500,49.8148,49.8148,49.8148,49.8148,186,0
BDEC.US,5,20251229,170000,49.77,49.77,49.77,49.77,8350,0
BDEC.US,5,20251229,170500,49.805,49.805,49.805,49.805,6020,0
BDEC.US,5,20251229,174000,49.77,49.77,49.77,49.77,700,0
BDEC.US,5,20251229,180000,49.7601,49.7601,49.7601,49.7601,210,0
BDEC.US,5,20251229,181000,49.78,49.785,49.755,49.755,1744,0
BDEC.US,5,20251229,184500,49.76,49.765,49.76,49.76,1158,0
BDEC.US,5,20251229,185000,49.76,49.76,49.76,49.76,300,0
BDEC.US,5,20251229,192500,49.778,49.778,49.778,49.778,192,0
BDEC.US,5,20251229,194000,49.8028,49.83,49.8028,49.8028,810,0
BDEC.US,5,20251229,195500,49.8112,49.8112,49.8112,49.8112,165,0
BDEC.US,5,20251229,212500,49.85,49.85,49.791,49.845,1576,0
BDEC.US,5,20251229,213000,49.84,49.845,49.84,49.845,776,0
BDEC.US,5,20251229,215000,49.865,49.865,49.865,49.865,100,0
BDEC.US,5,20251229,215500,49.86,49.86,49.86,49.86,155,0
BDEC.US,5,20251230,154500,49.74,49.74,49.74,49.74,100,0
BDEC.US,5,20251230,155000,49.78,49.78,49.78,49.78,100,0
BDEC.US,5,20251230,160000,49.77,49.82,49.77,49.82,861,0
BDEC.US,5,20251230,160500,49.87,49.87,49.77,49.77,2622,0
BDEC.US,5,20251230,161500,49.77,49.77,49.77,49.77,100,0
BDEC.US,5,20251230,163500,49.77,49.77,49.77,49.77,229,0
BDEC.US,5,20251230,164000,49.77,49.77,49.77,49.77,219,0
BDEC.US,5,20251230,164500,49.73,49.73,49.73,49.73,100,0
BDEC.US,5,20251230,170500,49.78,49.78,49.78,49.78,100,0
BDEC.US,5,20251230,171500,49.81,49.81,49.81,49.81,100,0
BDEC.US,5,20251230,173500,49.7901,49.7901,49.7901,49.7901,127,0
BDEC.US,5,20251230,174000,49.76,49.76,49.76,49.76,100,0
BDEC.US,5,20251230,175500,49.76,49.76,49.76,49.76,100,0
BDEC.US,5,20251230,180000,49.8499,49.8499,49.8499,49.8499,225,0
BDEC.US,5,20251230,180500,49.76,49.76,49.76,49.76,100,0
BDEC.US,5,20251230,182000,49.82,49.82,49.76,49.76,400,0
BDEC.US,5,20251230,184000,49.76,49.76,49.76,49.76,100,0
BDEC.US,5,20251230,185000,49.82,49.82,49.82,49.82,320,0
BDEC.US,5,20251230,185500,49.8,49.8,49.8,49.8,1005,0
BDEC.US,5,20251230,190000,49.76,49.82,49.76,49.82,500,0
BDEC.US,5,20251230,190500,49.8,49.8,49.8,49.8,149,0
BDEC.US,5,20251230,193000,49.8,49.8,49.8,49.8,164,0
BDEC.US,5,20251230,194000,49.805,49.805,49.805,49.805,1384,0
BDEC.US,5,20251230,195500,49.83,49.83,49.83,49.83,100,0
BDEC.US,5,20251230,200000,49.78,49.78,49.78,49.78,100,0
BDEC.US,5,20251230,202000,49.76,49.76,49.76,49.76,100,0
BDEC.US,5,20251230,202500,49.805,49.805,49.805,49.805,330,0
BDEC.US,5,20251230,203500,49.796,49.805,49.796,49.805,451,0
BDEC.US,5,20251230,204000,49.76,49.76,49.76,49.76,100,0
BDEC.US,5,20251230,205500,49.77,49.77,49.77,49.77,100,0
BDEC.US,5,20251230,210500,49.796789,49.796789,49.796789,49.796789,325,0
BDEC.US,5,20251230,211000,49.805,49.8491,49.76,49.805,1780,0
BDEC.US,5,20251230,212500,49.85,49.85,49.76,49.76,290,0
BDEC.US,5,20251230,213000,49.7609,49.7945,49.7609,49.7945,389,0
BDEC.US,5,20251230,213500,49.8043,49.83,49.8043,49.83,379,0
BDEC.US,5,20251230,214000,49.805,49.84,49.805,49.84,2420,0
BDEC.US,5,20251230,215000,49.815,49.815,49.815,49.815,100,0
BDEC.US,5,20251231,153500,49.7636,49.7636,49.7636,49.7636,2007,0
BDEC.US,5,20251231,154000,49.725,49.725,49.725,49.725,228,0
BDEC.US,5,20251231,154500,49.705,49.705,49.705,49.705,123,0
BDEC.US,5,20251231,161000,49.6974,49.6974,49.6974,49.6974,114,0
BDEC.US,5,20251231,161500,49.67,49.67,49.67,49.67,200,0
BDEC.US,5,20251231,162000,49.65,49.65,49.631,49.631,318,0
BDEC.US,5,20251231,164000,49.685,49.685,49.685,49.685,136,0
BDEC.US,5,20251231,171000,49.6,49.6,49.6,49.6,100,0
BDEC.US,5,20251231,184000,49.7,49.7,49.6424,49.6424,1360,0
BDEC.US,5,20251231,184500,49.7,49.7,49.7,49.7,355,0
BDEC.US,5,20251231,195000,49.6601,49.6601,49.6601,49.6601,136,0
BDEC.US,5,20251231,202000,49.71,49.71,49.71,49.71,823,0
BDEC.US,5,20251231,211000,49.6,49.6,49.6,49.6,300,0
BDEC.US,5,20251231,212000,49.58,49.58,49.53,49.54,1135,0
BDEC.US,5,20251231,212500,49.59,49.59,49.59,49.59,1055,0
BDEC.US,5,20251231,214500,49.55,49.56,49.55,49.56,400,0
BDEC.US,5,20251231,215000,49.51,49.51,49.51,49.51,670,0
BDEC.US,5,20251231,215500,49.52,49.56,49.5,49.56,805,0
BDEC.US,5,20260102,155000,49.7551,49.7558,49.7551,49.7558,736,0
BDEC.US,5,20260102,172500,49.55,49.55,49.55,49.55,200,0
BDEC.US,5,20260102,182500,49.502,49.502,49.502,49.502,492,0
BDEC.US,5,20260102,193500,49.465,49.465,49.465,49.465,254,0
BDEC.US,5,20260102,201500,49.5494,49.5494,49.5494,49.5494,500,0
BDEC.US,5,20260102,203000,49.57,49.57,49.57,49.57,100,0
BDEC.US,5,20260102,210500,49.575,49.575,49.575,49.575,286,0
BDEC.US,5,20260102,211500,49.585,49.585,49.585,49.585,141,0
BDEC.US,5,20260102,213500,49.5544,49.6,49.5544,49.6,883,0
BDEC.US,5,20260102,215000,49.62,49.62,49.62,49.62,150,0
BDEC.US,5,20260105,154500,49.816,49.816,49.816,49.816,218,0
BDEC.US,5,20260105,161500,49.77,49.771,49.761,49.771,1456,0
BDEC.US,5,20260105,171000,49.845,49.845,49.845,49.845,945,0
BDEC.US,5,20260105,172000,49.838,49.838,49.81,49.8102,319,0
BDEC.US,5,20260105,174500,49.82,49.82,49.82,49.82,200,0
BDEC.US,5,20260105,175500,49.8714,49.8714,49.8714,49.8714,400,0
BDEC.US,5,20260105,180500,49.8708,49.8708,49.8708,49.8708,160,0
BDEC.US,5,20260105,192000,49.8,49.8,49.8,49.8,309,0
BDEC.US,5,20260105,193000,49.8,49.8001,49.7926,49.7926,1190,0
BDEC.US,5,20260105,193500,49.8,49.8001,49.8,49.8001,2130,0
BDEC.US,5,20260105,194000,49.81,49.81,49.801,49.801,445,0
BDEC.US,5,20260105,194500,49.824,49.83,49.8001,49.8001,1101,0
BDEC.US,5,20260105,195000,49.83,49.83,49.83,49.83,445,0
BDEC.US,5,20260105,195500,49.83,49.83,49.83,49.83,890,0
BDEC.US,5,20260105,204000,49.8,49.8,49.8,49.8,100,0
BDEC.US,5,20260105,211500,49.815,49.815,49.815,49.815,289,0
BDEC.US,5,20260105,213000,49.815,49.815,49.815,49.815,198,0
BDEC.US,5,20260105,213500,49.802,49.802,49.802,49.802,3673,0
BDEC.US,5,20260105,214500,49.8119,49.8119,49.8119,49.8119,515,0
BDEC.US,5,20260106,153500,49.8,49.8,49.8,49.8,8881,0
BDEC.US,5,20260106,164000,49.9,49.9,49.9,49.9,100,0
BDEC.US,5,20260106,194000,49.92,49.92,49.92,49.92,100,0
BDEC.US,5,20260106,200500,49.9771,49.9771,49.9771,49.9771,3270,0
BDEC.US,5,20260106,201000,49.9769,49.9769,49.9769,49.9769,128,0
BDEC.US,5,20260106,204000,49.95,49.99,49.95,49.974,600,0
BDEC.US,5,20260106,205500,49.9932,49.9932,49.9932,49.9932,113,0
BDEC.US,5,20260106,211000,49.96,49.96,49.96,49.96,102,0
BDEC.US,5,20260106,214000,49.995,49.995,49.97,49.978,733,0
BDEC.US,5,20260106,214500,50.0129,50.0129,50.0129,50.0129,151,0
BDEC.US,5,20260106,215000,49.97,49.9701,49.95,49.95,316,0
BDEC.US,5,20260106,215500,49.95,49.95,49.95,49.95,145,0
BDEC.US,5,20260107,173000,50.025,50.025,49.99,50.0074,1794,0
BDEC.US,5,20260107,194500,50.0386,50.0386,50.0386,50.0386,100,0
BDEC.US,5,20260107,200000,50.067,50.075,50.067,50.067,589,0
BDEC.US,5,20260107,202000,49.99,50.02,49.99,50.02,3404,0
BDEC.US,5,20260107,202500,50.0599,50.0599,50.0599,50.0599,1674,0
BDEC.US,5,20260107,203500,50.04,50.0599,50.02,50.04,14297,0
BDEC.US,5,20260107,204000,50.04,50.04,50.04,50.04,2233,0
BDEC.US,5,20260107,204500,50.02,50.02,50.02,50.02,442,0
BDEC.US,5,20260107,205000,50.04,50.0599,50.02,50.04,2690,0
BDEC.US,5,20260107,205500,50.044,50.0599,50.02,50.044,2417,0
BDEC.US,5,20260107,210000,50.04,50.046,50.04,50.04,1247,0
BDEC.US,5,20260107,210500,50.035,50.035,50.02,50.035,328,0
BDEC.US,5,20260107,211000,50.035,50.035,49.99,49.99,3251,0
BDEC.US,5,20260107,211500,49.9605,49.9605,49.9605,49.9605,300,0
BDEC.US,5,20260107,212500,49.945,49.9675,49.945,49.9675,324,0
BDEC.US,5,20260107,213000,49.98,49.98,49.91,49.91,675,0
BDEC.US,5,20260107,213500,49.9348,49.9348,49.92,49.93,1844,0
BDEC.US,5,20260107,215500,49.92,49.92,49.92,49.92,1553,0
BDEC.US,5,20260108,154500,49.844,49.844,49.844,49.844,200,0
BDEC.US,5,20260108,155000,49.84,49.84,49.84,49.84,116,0
BDEC.US,5,20260108,161000,49.895,49.895,49.895,49.895,2250,0
BDEC.US,5,20260108,165500,49.905,49.905,49.905,49.905,410,0
BDEC.US,5,20260108,171500,49.8608,49.8608,49.8608,49.8608,810,0
BDEC.US,5,20260108,172000,49.8911,49.8911,49.8911,49.8911,114,0
BDEC.US,5,20260108,175000,49.9207,49.9207,49.9207,49.9207,250,0
BDEC.US,5,20260108,185500,49.94,49.94,49.94,49.94,1260,0
BDEC.US,5,20260108,190500,49.94,49.95,49.94,49.95,725,0
BDEC.US,5,20260108,203500,49.856,49.856,49.856,49.856,477,0
BDEC.US,5,20260108,204000,49.92,49.92,49.92,49.92,165,0
BDEC.US,5,20260108,210500,49.84,49.919,49.84,49.919,1634,0
BDEC.US,5,20260108,211000,49.925,49.93,49.91,49.92,2000,0
BDEC.US,5,20260108,211500,49.885,49.885,49.885,49.885,1761,0
BDEC.US,5,20260108,212000,49.872,49.872,49.872,49.872,225,0
BDEC.US,5,20260108,213000,49.895,49.915,49.8616,49.8616,2099,0
BDEC.US,5,20260108,214000,49.925,49.925,49.925,49.925,479,0
BDEC.US,5,20260108,215500,49.98,49.98,49.94,49.94,329,0
BDEC.US,5,20260109,154500,50.04,50.04,50.04,50.04,100,0
BDEC.US,5,20260109,161000,49.925,49.925,49.925,49.925,224,0
BDEC.US,5,20260109,162000,50.05,50.05,50.05,50.05,100,0
BDEC.US,5,20260109,164000,50.06,50.06,50.06,50.06,700,0
BDEC.US,5,20260109,164500,50.06,50.06,50.06,50.06,100,0
BDEC.US,5,20260109,170500,50.0487,50.09,50.0487,50.09,2129,0
BDEC.US,5,20260109,173000,50.105,50.105,50.105,50.105,100,0
BDEC.US,5,20260109,181000,50.17,50.17,50.17,50.17,187,0
BDEC.US,5,20260109,195000,50.17,50.17,50.17,50.17,365,0
BDEC.US,5,20260109,210500,50.141,50.141,50.141,50.141,628,0
BDEC.US,5,20260109,213500,50.18,50.18,50.1695,50.1695,1265,0
BDEC.US,5,20260109,214000,50.165,50.165,50.165,50.165,156,0
BDEC.US,5,20260109,215000,50.195,50.195,50.195,50.195,200,0
BDEC.US,5,20260109,215500,50.14,50.17,50.14,50.17,800,0
BDEC.US,5,20260112,154000,50.08,50.08,50.08,50.08,4200,0
BDEC.US,5,20260112,154500,50.05,50.0501,50.0283,50.0283,1149,0
BDEC.US,5,20260112,161500,50.14,50.15,50.14,50.15,1513,0
BDEC.US,5,20260112,170000,50.16,50.16,50.16,50.16,503,0
BDEC.US,5,20260112,171500,50.18,50.18,50.18,50.18,435,0
BDEC.US,5,20260112,173000,50.18,50.18,50.18,50.18,461,0
BDEC.US,5,20260112,181500,50.1301,50.1301,50.13,50.1301,636,0
BDEC.US,5,20260112,192500,50.205,50.205,50.205,50.205,319,0
BDEC.US,5,20260112,194500,50.16,50.205,50.16,50.205,579,0
BDEC.US,5,20260112,203500,50.26,50.26,50.26,50.26,100,0
BDEC.US,5,20260112,204000,50.26,50.26,50.26,50.26,100,0
BDEC.US,5,20260112,204500,50.26,50.26,50.26,50.26,100,0
BDEC.US,5,20260112,205000,50.221,50.221,50.221,50.221,259,0
BDEC.US,5,20260112,212000,50.2469,50.2469,50.2469,50.2469,388,0
BDEC.US,5,20260112,213000,50.2472,50.2472,50.2,50.2,1048,0
BDEC.US,5,20260112,213500,50.2,50.24,50.2,50.24,899,0
BDEC.US,5,20260112,215500,50.2,50.24,50.2,50.24,369,0
BDEC.US,5,20260113,154000,50.2,50.2,50.2,50.2,200,0
BDEC.US,5,20260113,160000,50.14,50.14,50.14,50.14,300,0
BDEC.US,5,20260113,162000,50.1224,50.1224,50.1224,50.1224,274,0
BDEC.US,5,20260113,162500,50.069,50.069,50.069,50.069,2215,0
BDEC.US,5,20260113,163500,50.0401,50.098,50.0401,50.098,320,0
BDEC.US,5,20260113,173000,50.08,50.08,50.08,50.08,100,0
BDEC.US,5,20260113,181500,50.158367,50.158367,50.158367,50.158367,200,0
BDEC.US,5,20260113,182500,50.155,50.155,50.155,50.155,101,0
BDEC.US,5,20260113,211500,50.11,50.11,50.11,50.11,105,0
BDEC.US,5,20260113,212500,50.09,50.1101,50.09,50.09,767,0
BDEC.US,5,20260113,213000,50.0814,50.09,50.063,50.063,367,0
BDEC.US,5,20260113,213500,50.0401,50.06,50.0401,50.06,1545,0
BDEC.US,5,20260113,214000,50.08,50.08,50.08,50.08,1000,0
BDEC.US,5,20260114,172000,49.79,49.8249,49.7801,49.7801,1598,0
BDEC.US,5,20260114,174500,49.84,49.84,49.84,49.84,100,0
BDEC.US,5,20260114,191500,49.8014,49.8014,49.8014,49.8014,100,0
BDEC.US,5,20260114,195000,49.81,49.81,49.81,49.81,100,0
BDEC.US,5,20260114,210500,49.902,49.902,49.902,49.902,362,0
BDEC.US,5,20260114,211000,49.85,49.85,49.85,49.85,354,0
BDEC.US,5,20260114,213000,49.9163,49.95,49.9163,49.95,997,0
BDEC.US,5,20260114,213500,49.95,49.97,49.95,49.97,2069,0
BDEC.US,5,20260114,215500,50.01,50.01,50.01,50.01,135,0
BDEC.US,5,20260115,155000,50.2,50.205,50.2,50.205,900,0
BDEC.US,5,20260115,165000,50.135,50.135,50.135,50.135,336,0
BDEC.US,5,20260115,174000,50.15,50.15,50.15,50.15,789,0
BDEC.US,5,20260115,180500,50.1701,50.18,50.1701,50.18,3930,0
BDEC.US,5,20260115,202500,50.12,50.12,50.12,50.12,400,0
BDEC.US,5,20260115,212000,50.05,50.1099,50.05,50.1099,409,0
BDEC.US,5,20260115,212500,50.05,50.05,50.05,50.05,491,0
BDEC.US,5,20260115,214000,50.055,50.095,50.055,50.095,860,0
BDEC.US,5,20260115,215500,50,50,50,50,200,0
BDEC.US,5,20260116,161000,50.09,50.09,50.09,50.09,1994,0
BDEC.US,5,20260116,163500,50.01,50.018755,50.01,50.018755,1098,0
BDEC.US,5,20260116,171500,50.085,50.085,50.085,50.085,997,0
BDEC.US,5,20260116,172000,50.0902,50.0902,50.0902,50.0902,353,0
BDEC.US,5,20260116,180500,50.105,50.105,50.105,50.105,102,0
BDEC.US,5,20260116,203500,50.0921,50.0921,50.0921,50.0921,598,0
BDEC.US,5,20260116,204500,50.07,50.07,50.07,50.07,100,0
BDEC.US,5,20260116,211500,50.1399,50.1399,50.1399,50.1399,185,0
BDEC.US,5,20260116,212500,50.11,50.11,50.11,50.11,300,0
BDEC.US,5,20260116,213000,50.03,50.14,50.03,50.14,1004,0
BDEC.US,5,20260116,213500,50.0301,50.0301,50.0301,50.0301,147,0
BDEC.US,5,20260116,214000,50.085,50.085,50.085,50.085,471,0
BDEC.US,5,20260120,153500,49.5257,49.5257,49.5257,49.5257,343,0
BDEC.US,5,20260120,154500,49.575,49.575,49.575,49.575,410,0
BDEC.US,5,20260120,155500,49.575,49.575,49.575,49.575,100,0
BDEC.US,5,20260120,161000,49.55,49.55,49.55,49.55,100,0
BDEC.US,5,20260120,162500,49.67,49.679,49.57,49.57,600,0
BDEC.US,5,20260120,164000,49.657426,49.657426,49.657426,49.657426,276,0
BDEC.US,5,20260120,164500,49.61,49.61,49.61,49.61,100,0
BDEC.US,5,20260120,171000,49.71,49.72,49.71,49.72,600,0
BDEC.US,5,20260120,173000,49.6152,49.6152,49.6152,49.6152,626,0
BDEC.US,5,20260120,174000,49.6625,49.6625,49.6625,49.6625,185,0
BDEC.US,5,20260120,174500,49.61,49.61,49.61,49.61,269,0
BDEC.US,5,20260120,175000,49.6799,49.6799,49.6799,49.6799,186,0
BDEC.US,5,20260120,184500,49.53,49.53,49.49,49.49,400,0
BDEC.US,5,20260120,193000,49.465,49.465,49.465,49.465,182,0
BDEC.US,5,20260120,202500,49.39,49.39,49.34,49.34,416,0
BDEC.US,5,20260120,205500,49.28,49.28,49.28,49.28,323,0
BDEC.US,5,20260120,213000,49.3038,49.3038,49.3038,49.3038,100,0
BDEC.US,5,20260120,213500,49.305,49.305,49.305,49.305,313,0
BDEC.US,5,20260120,214000,49.295,49.295,49.26,49.26,2120,0
BDEC.US,5,20260120,214500,49.3,49.3,49.2501,49.2501,940,0
BDEC.US,5,20260120,215000,49.27,49.3,49.27,49.3,304,0
BDEC.US,5,20260120,215500,49.35,49.35,49.35,49.35,100,0
BDEC.US,5,20260121,154000,49.42,49.42,49.42,49.42,1900,0
BDEC.US,5,20260121,172000,49.66,49.66,49.66,49.66,700,0
BDEC.US,5,20260121,173500,49.68,49.68,49.68,49.68,100,0
BDEC.US,5,20260121,174000,49.555,49.555,49.555,49.555,141,0
BDEC.US,5,20260121,183000,49.43,49.43,49.43,49.43,727,0
BDEC.US,5,20260121,190000,49.44,49.4649,49.44,49.4649,300,0
BDEC.US,5,20260121,194500,49.47,49.47,49.47,49.47,408,0
BDEC.US,5,20260121,201500,49.47,49.53,49.47,49.52,2046,0
BDEC.US,5,20260121,203000,49.7,49.715,49.68,49.715,1657,0
BDEC.US,5,20260121,214500,49.728,49.77,49.728,49.77,2827,0
BDEC.US,5,20260121,215500,49.69,49.73,49.69,49.71,1000,0
BDEC.US,5,20260122,153500,50,50,50,50,300,0
BDEC.US,5,20260122,154000,50,50,50,50,309,0
BDEC.US,5,20260122,181000,49.99,49.99,49.99,49.99,1011,0
BDEC.US,5,20260122,181500,49.99,49.99,49.99,49.99,256,0
BDEC.US,5,20260122,200500,50.0326,50.0326,50.0326,50.0326,151,0
BDEC.US,5,20260122,203000,50.04,50.04,50.04,50.04,100,0
BDEC.US,5,20260122,203500,49.96,49.98,49.95,49.95,888,0
BDEC.US,5,20260122,204500,49.97,49.97,49.97,49.97,200,0
BDEC.US,5,20260122,205000,50,50,50,50,100,0
BDEC.US,5,20260122,205500,49.97,49.97,49.94,49.94,200,0
BDEC.US,5,20260122,213000,49.831,49.831,49.831,49.831,300,0
BDEC.US,5,20260122,213500,49.87,49.87,49.87,49.87,672,0
BDEC.US,5,20260122,215000,49.95,49.95,49.95,49.95,100,0
BDEC.US,5,20260122,215500,49.88,49.88,49.88,49.88,297,0
BDEC.US,5,20260123,160000,49.905,49.91,49.905,49.91,800,0
BDEC.US,5,20260123,160500,49.945,49.945,49.945,49.945,200,0
BDEC.US,5,20260123,161000,49.935,49.935,49.935,49.935,100,0
BDEC.US,5,20260123,164500,49.93,49.93,49.93,49.93,300,0
BDEC.US,5,20260123,165000,49.98,49.98,49.98,49.98,106,0
BDEC.US,5,20260123,171500,49.96,49.96,49.96,49.96,282,0
BDEC.US,5,20260123,202000,49.93,49.93,49.93,49.93,300,0
BDEC.US,5,20260123,202500,49.975,49.975,49.975,49.975,200,0
BDEC.US,5,20260123,205500,49.96,49.96,49.96,49.96,989,0
BDEC.US,5,20260123,210000,49.92,49.955,49.92,49.955,580,0
BDEC.US,5,20260123,211500,49.95,49.95,49.9,49.9101,1664,0
BDEC.US,5,20260123,213000,49.9104,49.9104,49.9104,49.9104,211,0
BDEC.US,5,20260123,213500,49.925,49.925,49.925,49.925,287,0
BDEC.US,5,20260123,214000,49.881,49.881,49.881,49.881,300,0
BDEC.US,5,20260123,215500,49.9075,49.935,49.9,49.9,604,0
