<TICKER>,<PER>,<DATE>,<TIME>,<OPEN>,<HIGH>,<LOW>,<CLOSE>,<VOL>,<OPENINT>
BKF.US,5,20250829,153000,43,43,43,43,200,0
BKF.US,5,20250829,153500,43.01,43.01,42.99,42.99,413,0
BKF.US,5,20250829,154000,43,43,43,43,100,0
BKF.US,5,20250829,155000,43,43,43,43,100,0
BKF.US,5,20250829,160500,43,43,43,43,100,0
BKF.US,5,20250829,161500,42.95,42.95,42.95,42.95,116,0
BKF.US,5,20250829,162000,42.93,42.93,42.920727,42.920727,1865,0
BKF.US,5,20250829,163000,43.079,43.0795,43.079,43.0795,467,0
BKF.US,5,20250829,172500,43.02,43.02,43.02,43.02,115,0
BKF.US,5,20250829,175000,43.08,43.08,43.08,43.08,100,0
BKF.US,5,20250829,184500,43.16,43.16,43.12,43.12,200,0
BKF.US,5,20250902,153000,43.02,43.02,43.02,43.02,152,0
BKF.US,5,20250902,162000,43.272,43.272,43.272,43.272,200,0
BKF.US,5,20250902,165500,43.299,43.299,43.299,43.299,311,0
BKF.US,5,20250902,170500,43.2999,43.2999,43.2999,43.2999,650,0
BKF.US,5,20250902,174000,43.22,43.22,43.22,43.22,100,0
BKF.US,5,20250902,174500,43.29,43.29,43.29,43.29,100,0
BKF.US,5,20250902,175500,43.15,43.1501,43.15,43.1501,1200,0
BKF.US,5,20250902,180000,43.28,43.28,43.28,43.28,100,0
BKF.US,5,20250902,213500,43.3889,43.3889,43.3889,43.3889,115,0
BKF.US,5,20250902,215500,43.44,43.44,43.44,43.44,1590,0
BKF.US,5,20250903,165000,43.318,43.36,43.318,43.36,200,0
BKF.US,5,20250903,165500,43.2627,43.2627,43.2627,43.2627,121,0
BKF.US,5,20250903,182500,43.26,43.26,43.2415,43.2415,403,0
BKF.US,5,20250904,164500,42.74,42.74,42.74,42.74,230,0
BKF.US,5,20250904,171500,42.72,42.72,42.72,42.72,240,0
BKF.US,5,20250904,174500,42.7201,42.7205,42.7201,42.7205,498,0
BKF.US,5,20250904,181500,42.7621,42.7621,42.7621,42.7621,100,0
BKF.US,5,20250904,183000,42.75,42.7502,42.75,42.7502,200,0
BKF.US,5,20250904,194500,42.81,42.81,42.81,42.81,124,0
BKF.US,5,20250904,210500,42.8,42.8,42.79,42.79,306,0
BKF.US,5,20250904,211000,42.795,42.795,42.795,42.795,300,0
BKF.US,5,20250904,215500,42.79,42.79,42.79,42.79,315,0
BKF.US,5,20250905,153000,43.37,43.42,43.37,43.42,210,0
BKF.US,5,20250905,162000,43.275,43.275,43.275,43.275,468,0
BKF.US,5,20250905,164500,43.212,43.212,43.212,43.212,231,0
BKF.US,5,20250905,194500,43.29,43.29,43.27,43.28,1890,0
BKF.US,5,20250905,195000,43.2841,43.2841,43.2841,43.2841,405,0
BKF.US,5,20250905,203000,43.29,43.29,43.29,43.29,100,0
BKF.US,5,20250905,210000,43.2975,43.2975,43.2975,43.2975,2579,0
BKF.US,5,20250905,213500,43.3345,43.3345,43.3345,43.3345,148,0
BKF.US,5,20250908,160000,43.6201,43.6201,43.6201,43.6201,100,0
BKF.US,5,20250908,160500,43.63,43.63,43.63,43.63,100,0
BKF.US,5,20250908,163500,43.6216,43.6216,43.6216,43.6216,208,0
BKF.US,5,20250908,165000,43.642,43.642,43.642,43.642,510,0
BKF.US,5,20250908,170500,43.6665,43.67,43.6665,43.67,709,0
BKF.US,5,20250908,172000,43.7,43.7341,43.7,43.7341,300,0
BKF.US,5,20250908,175500,43.7122,43.7122,43.69,43.69,200,0
BKF.US,5,20250908,181000,43.7016,43.7016,43.7016,43.7016,100,0
BKF.US,5,20250908,192500,43.69,43.69,43.69,43.69,200,0
BKF.US,5,20250908,202000,43.72,43.73,43.72,43.73,530,0
BKF.US,5,20250908,202500,43.7419,43.7419,43.74,43.74,300,0
BKF.US,5,20250908,214500,43.75,43.75,43.75,43.75,100,0
BKF.US,5,20250908,215500,43.745,43.75,43.745,43.75,298,0
BKF.US,5,20250909,153000,43.97,43.97,43.9,43.97,453,0
BKF.US,5,20250909,153500,43.99,43.9901,43.98,43.9901,1800,0
BKF.US,5,20250909,154000,43.995,43.995,43.99,43.9936,2193,0
BKF.US,5,20250909,154500,43.99,44,43.99,44,394,0
BKF.US,5,20250909,155000,44,44.09,44,44.09,322,0
BKF.US,5,20250909,162500,44.09,44.09,44.09,44.09,100,0
BKF.US,5,20250909,164500,44.09,44.09,44.09,44.09,104,0
BKF.US,5,20250909,170000,44.09,44.09,44.09,44.09,131,0
BKF.US,5,20250909,172000,44.05,44.05,44.05,44.05,100,0
BKF.US,5,20250909,184500,44.03,44.03,44.03,44.03,100,0
BKF.US,5,20250909,191000,44.025,44.025,44.01,44.025,300,0
BKF.US,5,20250909,194000,44.05,44.05,44.05,44.05,100,0
BKF.US,5,20250909,202500,44.05,44.05,44.05,44.05,100,0
BKF.US,5,20250909,211000,44.05,44.05,44.05,44.05,100,0
BKF.US,5,20250909,212500,44.07,44.07,44.07,44.07,400,0
BKF.US,5,20250910,160000,44.12,44.12,44.12,44.12,100,0
BKF.US,5,20250910,163500,44.15,44.15,44.15,44.15,100,0
BKF.US,5,20250910,170500,44.1,44.1,44.1,44.1,100,0
BKF.US,5,20250910,172500,44.09,44.09,44.09,44.09,100,0
BKF.US,5,20250910,173500,44.11,44.11,44.11,44.11,100,0
BKF.US,5,20250910,183500,44.08,44.08,44.08,44.08,100,0
BKF.US,5,20250911,154000,44.46,44.46,44.46,44.46,100,0
BKF.US,5,20250911,155000,44.6,44.6,44.6,44.6,100,0
BKF.US,5,20250911,160000,44.55,44.55,44.55,44.55,100,0
BKF.US,5,20250911,160500,44.6,44.6,44.6,44.6,100,0
BKF.US,5,20250911,161500,44.57,44.57,44.57,44.57,100,0
BKF.US,5,20250911,163000,44.55,44.55,44.55,44.55,100,0
BKF.US,5,20250911,164000,44.55,44.55,44.55,44.55,100,0
BKF.US,5,20250911,165500,44.55,44.55,44.55,44.55,100,0
BKF.US,5,20250911,170500,44.55,44.55,44.55,44.55,100,0
BKF.US,5,20250911,171500,44.6171,44.6171,44.6171,44.6171,1100,0
BKF.US,5,20250911,173000,44.65,44.65,44.65,44.65,100,0
BKF.US,5,20250911,174000,44.67,44.67,44.67,44.67,100,0
BKF.US,5,20250911,180500,44.775,44.775,44.775,44.775,100,0
BKF.US,5,20250911,182000,44.79,44.79,44.79,44.79,100,0
BKF.US,5,20250911,183000,44.79,44.79,44.79,44.79,100,0
BKF.US,5,20250911,184000,44.83,44.83,44.83,44.83,100,0
BKF.US,5,20250911,185500,44.82,44.82,44.82,44.82,100,0
BKF.US,5,20250911,190000,44.75,44.75,44.75,44.75,240,0
BKF.US,5,20250911,190500,44.83,44.83,44.83,44.83,100,0
BKF.US,5,20250911,191000,44.7701,44.7701,44.7701,44.7701,450,0
BKF.US,5,20250911,193000,44.83,44.83,44.83,44.83,100,0
BKF.US,5,20250911,194500,44.83,44.83,44.83,44.83,100,0
BKF.US,5,20250911,195500,44.83,44.83,44.83,44.83,100,0
BKF.US,5,20250911,201000,44.83,44.83,44.83,44.83,100,0
BKF.US,5,20250911,202000,44.79,44.79,44.79,44.79,100,0
BKF.US,5,20250911,203000,44.77,44.77,44.77,44.77,100,0
BKF.US,5,20250911,204500,44.79,44.79,44.79,44.79,100,0
BKF.US,5,20250911,205500,44.785,44.785,44.785,44.785,100,0
BKF.US,5,20250911,210000,44.81,44.81,44.81,44.81,100,0
BKF.US,5,20250911,210500,44.782,44.782,44.782,44.782,220,0
BKF.US,5,20250911,212000,44.76,44.83,44.76,44.83,200,0
BKF.US,5,20250911,213500,44.83,44.83,44.83,44.83,100,0
BKF.US,5,20250911,214500,44.83,44.83,44.83,44.83,100,0
BKF.US,5,20250912,154000,44.78,44.78,44.78,44.78,365,0
BKF.US,5,20250912,154500,44.8,44.8,44.8,44.8,662,0
BKF.US,5,20250912,160000,44.62,44.62,44.62,44.62,223,0
BKF.US,5,20250912,163000,44.64,44.64,44.64,44.64,100,0
BKF.US,5,20250912,170500,44.6995,44.6995,44.6995,44.6995,600,0
BKF.US,5,20250912,183000,44.72,44.72,44.72,44.72,100,0
BKF.US,5,20250912,183500,44.68,44.68,44.68,44.68,111,0
BKF.US,5,20250912,191500,44.69,44.69,44.69,44.69,905,0
BKF.US,5,20250912,192500,44.696,44.696,44.696,44.696,500,0
BKF.US,5,20250912,193500,44.7399,44.7399,44.7399,44.7399,250,0
BKF.US,5,20250912,194500,44.739,44.74,44.739,44.74,490,0
BKF.US,5,20250912,201000,44.8,44.8,44.8,44.8,100,0
BKF.US,5,20250912,202000,44.8,44.8,44.8,44.8,100,0
BKF.US,5,20250912,202500,44.78,44.79,44.78,44.79,200,0
BKF.US,5,20250912,205000,44.7438,44.7438,44.7438,44.7438,164,0
BKF.US,5,20250912,212000,44.78,44.78,44.78,44.78,200,0
BKF.US,5,20250912,213500,44.79,44.79,44.79,44.79,100,0
BKF.US,5,20250912,215500,44.78,44.78,44.7,44.7,294,0
BKF.US,5,20250915,161000,44.9,44.962,44.9,44.962,333,0
BKF.US,5,20250915,161500,45.05,45.05,45.05,45.05,250,0
BKF.US,5,20250915,162500,45.05,45.05,45.05,45.05,200,0
BKF.US,5,20250915,163000,45.04014,45.04014,45.04014,45.04014,300,0
BKF.US,5,20250915,170000,44.97,44.99,44.97,44.9835,331,0
BKF.US,5,20250915,172500,45.05,45.05,45.05,45.05,123,0
BKF.US,5,20250915,173000,44.941549,44.941549,44.941549,44.941549,570,0
BKF.US,5,20250915,173500,44.95,44.95,44.95,44.95,100,0
BKF.US,5,20250915,175500,44.95,44.95,44.95,44.95,111,0
BKF.US,5,20250915,180000,44.95,44.95,44.95,44.95,100,0
BKF.US,5,20250915,190000,44.9625,44.9625,44.9625,44.9625,150,0
BKF.US,5,20250915,191500,44.975,44.975,44.975,44.975,333,0
BKF.US,5,20250915,194500,45.06,45.06,45.06,45.06,400,0
BKF.US,5,20250915,201500,45.0084,45.0084,45.0084,45.0084,140,0
BKF.US,5,20250915,204500,44.978,44.978,44.978,44.978,1000,0
BKF.US,5,20250916,153000,44.98,44.98,44.98,44.98,100,0
BKF.US,5,20250916,161500,45.01,45.01,45.01,45.01,300,0
BKF.US,5,20250916,163500,45.11,45.11,45.11,45.11,100,0
BKF.US,5,20250916,165000,45.11,45.11,45.11,45.11,100,0
BKF.US,5,20250916,172500,45.1,45.1,45.1,45.1,100,0
BKF.US,5,20250916,174000,45.04,45.0401,45.03,45.0401,800,0
BKF.US,5,20250916,180000,45.09,45.09,45.09,45.09,100,0
BKF.US,5,20250916,182000,45.114,45.114,45.114,45.114,100,0
BKF.US,5,20250916,195000,45.32,45.32,45.32,45.32,800,0
BKF.US,5,20250916,202500,45.3196,45.3196,45.3196,45.3196,442,0
BKF.US,5,20250916,210500,45.34,45.34,45.34,45.34,200,0
BKF.US,5,20250916,215500,45.34,45.34,45.329,45.329,300,0
BKF.US,5,20250917,163000,45.8,45.8,45.8,45.8,100,0
BKF.US,5,20250917,172000,45.8,45.8,45.8,45.8,200,0
BKF.US,5,20250917,174500,45.7985,45.7985,45.7985,45.7985,218,0
BKF.US,5,20250917,190500,45.83,45.83,45.83,45.83,400,0
BKF.US,5,20250917,213500,45.69,45.69,45.69,45.69,100,0
BKF.US,5,20250918,153500,45.227,45.227,45.227,45.227,250,0
BKF.US,5,20250918,163500,45.3285,45.3285,45.3285,45.3285,155,0
BKF.US,5,20250918,171500,45.2322,45.2322,45.2322,45.2322,150,0
BKF.US,5,20250918,172000,45.255,45.255,45.255,45.255,110,0
BKF.US,5,20250918,172500,45.2102,45.2102,45.2102,45.2102,100,0
BKF.US,5,20250918,205500,45.2725,45.3884,45.2725,45.3884,552,0
BKF.US,5,20250918,210500,45.3319,45.3319,45.3319,45.3319,321,0
BKF.US,5,20250919,154000,45.26,45.26,45.26,45.26,100,0
BKF.US,5,20250919,155000,45.28,45.28,45.28,45.28,100,0
BKF.US,5,20250919,161500,45.3,45.3,45.3,45.3,100,0
BKF.US,5,20250919,164000,45.31,45.31,45.31,45.31,100,0
BKF.US,5,20250919,165000,45.36,45.36,45.36,45.36,100,0
BKF.US,5,20250919,170000,45.29,45.29,45.29,45.29,100,0
BKF.US,5,20250919,172500,45.26,45.26,45.26,45.26,100,0
BKF.US,5,20250919,173500,45.2,45.2,45.2,45.2,100,0
BKF.US,5,20250919,175000,45.23,45.23,45.23,45.23,100,0
BKF.US,5,20250919,180000,45.24,45.24,45.24,45.24,100,0
BKF.US,5,20250919,182500,45.28,45.28,45.28,45.28,100,0
BKF.US,5,20250919,185000,45.26,45.26,45.26,45.26,100,0
BKF.US,5,20250919,190000,45.27,45.27,45.27,45.27,100,0
BKF.US,5,20250919,191000,45.27,45.27,45.27,45.27,100,0
BKF.US,5,20250919,193500,45.29,45.29,45.29,45.29,100,0
BKF.US,5,20250919,194500,45.3,45.3,45.3,45.3,100,0
BKF.US,5,20250919,200000,45.3,45.3,45.3,45.3,100,0
BKF.US,5,20250919,201000,45.26,45.26,45.26,45.26,100,0
BKF.US,5,20250919,202500,45.21,45.21,45.21,45.21,100,0
BKF.US,5,20250919,203500,45.21,45.21,45.21,45.21,100,0
BKF.US,5,20250919,204500,45.2,45.2,45.2,45.2,100,0
BKF.US,5,20250919,210000,45.21,45.21,45.21,45.21,100,0
BKF.US,5,20250919,211000,45.22,45.22,45.22,45.22,100,0
BKF.US,5,20250919,212000,45.22,45.22,45.22,45.22,100,0
BKF.US,5,20250919,213500,45.2,45.2,45.2,45.2,100,0
BKF.US,5,20250919,214500,45.2,45.2,45.2,45.2,100,0
BKF.US,5,20250922,154000,45.02,45.0201,45.02,45.0201,896,0
BKF.US,5,20250922,154500,44.99,44.99,44.99,44.99,100,0
BKF.US,5,20250922,173000,45.0654,45.0654,45.0654,45.0654,215,0
BKF.US,5,20250922,174500,45.0934,45.0934,45.05,45.055,636,0
BKF.US,5,20250922,181500,45.0524,45.0524,45.0524,45.0524,435,0
BKF.US,5,20250922,202000,45.08,45.08,45.08,45.08,100,0
BKF.US,5,20250922,204000,45.0944,45.0944,45.0944,45.0944,405,0
BKF.US,5,20250922,211500,45.03,45.03,45.03,45.03,1000,0
BKF.US,5,20250922,212000,44.97,44.97,44.97,44.97,944,0
BKF.US,5,20250922,212500,45.07,45.07,45.07,45.07,110,0
BKF.US,5,20250922,214500,45.0431,45.0431,45.0431,45.0431,200,0
BKF.US,5,20250923,165500,44.89,44.91,44.89,44.91,1000,0
BKF.US,5,20250923,170000,44.88,44.88,44.85,44.87,1520,0
BKF.US,5,20250923,191500,44.775,44.775,44.775,44.775,171,0
BKF.US,5,20250923,194000,44.77,44.77,44.77,44.77,100,0
BKF.US,5,20250923,205000,44.737,44.737,44.737,44.737,100,0
BKF.US,5,20250923,211000,44.648,44.648,44.648,44.648,100,0
BKF.US,5,20250923,212000,44.6365,44.6365,44.6365,44.6365,100,0
BKF.US,5,20250923,212500,44.67,44.67,44.67,44.67,100,0
BKF.US,5,20250924,160000,44.97,44.9706,44.97,44.9701,396,0
BKF.US,5,20250924,160500,45.06,45.06,45.06,45.06,300,0
BKF.US,5,20250924,164000,45.1811,45.1811,45.1811,45.1811,110,0
BKF.US,5,20250924,170500,45.17,45.17,45.1699,45.1699,200,0
BKF.US,5,20250924,173500,45.0936,45.0936,45.0936,45.0936,110,0
BKF.US,5,20250924,184500,45,45,45,45,250,0
BKF.US,5,20250924,185000,44.9401,44.9401,44.9401,44.9401,129,0
BKF.US,5,20250924,190500,44.94,44.95,44.94,44.95,207,0
BKF.US,5,20250924,193500,45.03,45.03,45.03,45.03,200,0
BKF.US,5,20250924,195500,45.025,45.025,45.025,45.025,110,0
BKF.US,5,20250924,205500,45.008,45.008,45.008,45.008,100,0
BKF.US,5,20250924,212000,44.92,44.92,44.91,44.9101,1600,0
BKF.US,5,20250924,214500,44.89,44.89,44.89,44.89,100,0
BKF.US,5,20250924,215500,44.87,44.87,44.87,44.87,1139,0
BKF.US,5,20250925,165500,44.88,44.88,44.88,44.88,200,0
BKF.US,5,20250925,180000,45,45,45,45,110,0
BKF.US,5,20250925,191500,44.958,44.958,44.958,44.958,111,0
BKF.US,5,20250925,194000,44.85,44.85,44.85,44.85,193,0
BKF.US,5,20250925,200000,44.83,44.84,44.76,44.76,713,0
BKF.US,5,20250925,214000,44.9155,44.9155,44.9155,44.9155,111,0
BKF.US,5,20250926,153000,44.52,44.52,44.52,44.52,100,0
BKF.US,5,20250926,164500,44.55,44.55,44.55,44.55,100,0
BKF.US,5,20250926,165500,44.5,44.5,44.5,44.5,120,0
BKF.US,5,20250926,174000,44.55,44.55,44.55,44.55,300,0
BKF.US,5,20250926,204500,44.63,44.63,44.63,44.63,100,0
BKF.US,5,20250926,213000,44.6502,44.6502,44.6502,44.6502,101,0
BKF.US,5,20250926,214500,44.69,44.7,44.69,44.69,1948,0
BKF.US,5,20250926,215500,44.6712,44.6712,44.6712,44.6712,500,0
BKF.US,5,20250929,162000,45.17,45.17,45.17,45.17,200,0
BKF.US,5,20250929,172000,45.195,45.195,45.195,45.195,128,0
BKF.US,5,20250929,195000,45.19,45.19,45.19,45.19,150,0
BKF.US,5,20250929,204000,45.13,45.13,45.13,45.13,100,0
BKF.US,5,20250929,210500,45.194,45.194,45.194,45.194,552,0
BKF.US,5,20250930,170000,45.27,45.27,45.27,45.27,200,0
BKF.US,5,20250930,171000,45.17,45.2,45.17,45.17,500,0
BKF.US,5,20250930,180500,45.13,45.13,45.13,45.13,1344,0
BKF.US,5,20250930,215500,45.23,45.23,45.23,45.23,119,0
BKF.US,5,20251001,160500,45.5399,45.5399,45.5399,45.5399,1098,0
BKF.US,5,20251001,163000,45.5,45.5,45.5,45.5,100,0
BKF.US,5,20251001,184000,45.47,45.47,45.47,45.47,300,0
BKF.US,5,20251001,190500,45.465,45.49,45.465,45.49,500,0
BKF.US,5,20251001,191000,45.5,45.5,45.5,45.5,160,0
BKF.US,5,20251001,202500,45.5,45.5,45.475,45.475,707,0
BKF.US,5,20251001,204000,45.5,45.6,45.5,45.6,448,0
BKF.US,5,20251002,154500,46.031423,46.031423,46.031423,46.031423,217,0
BKF.US,5,20251002,160500,45.8976,45.8976,45.8976,45.8976,150,0
BKF.US,5,20251002,213500,45.7945,45.7945,45.7945,45.7945,133,0
BKF.US,5,20251002,214500,45.82,45.82,45.81,45.81,1000,0
BKF.US,5,20251003,161500,45.75,45.75,45.75,45.75,175,0
BKF.US,5,20251003,172000,45.6657,45.6657,45.6657,45.6657,500,0
BKF.US,5,20251003,175500,45.7,45.7,45.7,45.7,484,0
BKF.US,5,20251003,190000,45.78,45.78,45.78,45.78,100,0
BKF.US,5,20251003,200000,45.5723,45.5723,45.5723,45.5723,100,0
BKF.US,5,20251003,202000,45.59,45.59,45.59,45.59,100,0
BKF.US,5,20251003,212000,45.635,45.635,45.635,45.635,698,0
BKF.US,5,20251003,212500,45.7,45.7,45.61,45.61,322,0
BKF.US,5,20251006,153000,45.67,45.68,45.67,45.68,300,0
BKF.US,5,20251006,154500,45.72,45.72,45.72,45.72,100,0
BKF.US,5,20251006,172500,45.89,45.9,45.89,45.9,332,0
BKF.US,5,20251006,174000,45.8395,45.8395,45.8395,45.8395,200,0
BKF.US,5,20251006,174500,45.8,45.8,45.8,45.8,326,0
BKF.US,5,20251006,181500,45.8849,45.8849,45.8849,45.8849,6167,0
BKF.US,5,20251006,202000,45.88,45.9494,45.88,45.9494,780,0
BKF.US,5,20251006,204000,45.9046,45.9046,45.9046,45.9046,100,0
BKF.US,5,20251006,204500,45.93,45.93,45.93,45.93,108,0
BKF.US,5,20251006,210000,45.82,45.82,45.82,45.82,200,0
BKF.US,5,20251006,213500,45.9101,45.9101,45.9101,45.9101,218,0
BKF.US,5,20251007,153000,45.8295,45.8805,45.8295,45.8805,432,0
BKF.US,5,20251007,154000,45.77,45.77,45.77,45.77,200,0
BKF.US,5,20251007,211500,45.44,45.44,45.44,45.44,100,0
BKF.US,5,20251007,215500,45.5,45.5,45.5,45.5,150,0
BKF.US,5,20251008,160000,45.4999,45.4999,45.445,45.445,1101,0
BKF.US,5,20251008,162500,45.5,45.5,45.5,45.5,100,0
BKF.US,5,20251008,171000,45.465,45.465,45.465,45.465,225,0
BKF.US,5,20251008,175000,45.465,45.465,45.465,45.465,372,0
BKF.US,5,20251008,203000,45.47,45.4701,45.46,45.4601,400,0
BKF.US,5,20251009,180000,45.2432,45.2432,45.2432,45.2432,100,0
BKF.US,5,20251009,193000,45.123,45.123,45.123,45.123,210,0
BKF.US,5,20251009,194000,45.1756,45.1756,45.1756,45.1756,132,0
BKF.US,5,20251009,215500,45.06,45.06,45.06,45.06,156,0
BKF.US,5,20251010,153000,45.04,45.13,45.04,45.1,1600,0
BKF.US,5,20251010,154000,45.19,45.19,45.19,45.19,100,0
BKF.US,5,20251010,154500,45.23,45.23,45.23,45.23,100,0
BKF.US,5,20251010,155000,45.21,45.21,45.18,45.18,300,0
BKF.US,5,20251010,155500,45.19,45.19,45.19,45.19,100,0
BKF.US,5,20251010,160000,45.23,45.23,45.23,45.23,100,0
BKF.US,5,20251010,160500,45.155,45.23,45.155,45.23,200,0
BKF.US,5,20251010,161000,45.27,45.27,45.27,45.27,100,0
BKF.US,5,20251010,161500,45.26,45.26,45.22,45.22,200,0
BKF.US,5,20251010,162000,45.29,45.29,45.29,45.29,100,0
BKF.US,5,20251010,162500,45.31,45.31,45.215,45.215,200,0
BKF.US,5,20251010,163000,45.15,45.29,45.15,45.29,777,0
BKF.US,5,20251010,163500,45.31,45.31,45.14,45.14,800,0
BKF.US,5,20251010,164000,45.21,45.21,45.21,45.21,100,0
BKF.US,5,20251010,164500,45.29,45.29,45.29,45.29,100,0
BKF.US,5,20251010,165000,45.21,45.21,45.21,45.21,100,0
BKF.US,5,20251010,165500,45.17,45.17,45.14,45.14,200,0
BKF.US,5,20251010,170000,45.06,45.06,44.74,44.74,6715,0
BKF.US,5,20251010,171500,44.5585,44.5585,44.315,44.315,1124,0
BKF.US,5,20251010,172000,44.2027,44.2027,44.13,44.14,1800,0
BKF.US,5,20251010,172500,44.1001,44.18,44.1001,44.18,345,0
BKF.US,5,20251010,173000,43.8952,43.8952,43.8952,43.8952,200,0
BKF.US,5,20251010,173500,43.9752,44.095,43.9752,44.095,225,0
BKF.US,5,20251010,174500,44.165,44.2259,44.165,44.2259,400,0
BKF.US,5,20251010,180500,44.04,44.04,44.04,44.04,100,0
BKF.US,5,20251010,182000,44.01,44.01,44.01,44.01,100,0
BKF.US,5,20251010,183000,44.01,44.01,44.01,44.01,100,0
BKF.US,5,20251010,184000,43.94,43.94,43.94,43.94,100,0
BKF.US,5,20251010,190000,43.665,43.665,43.665,43.665,100,0
BKF.US,5,20251010,191500,43.665,43.665,43.665,43.665,100,0
BKF.US,5,20251010,192000,43.66,43.66,43.66,43.66,100,0
BKF.US,5,20251010,195500,43.74,43.74,43.74,43.74,100,0
BKF.US,5,20251010,201000,43.76,43.76,43.76,43.76,100,0
BKF.US,5,20251010,202000,43.74,43.74,43.68,43.68,200,0
BKF.US,5,20251010,202500,43.58,43.58,43.58,43.58,100,0
BKF.US,5,20251010,203000,43.74,43.74,43.74,43.74,100,0
BKF.US,5,20251010,205000,43.5,43.5,43.5,43.5,100,0
BKF.US,5,20251010,205500,43.56,43.56,43.56,43.56,100,0
BKF.US,5,20251010,210000,43.5068,43.5068,43.5068,43.5068,150,0
BKF.US,5,20251010,211000,43.56,43.56,43.47,43.47,200,0
BKF.US,5,20251010,213500,43.5,43.5,43.5,43.5,100,0
BKF.US,5,20251010,214000,43.56,43.5801,43.5315,43.5315,486,0
BKF.US,5,20251010,214500,43.73,43.73,43.73,43.73,100,0
BKF.US,5,20251013,154000,44.36,44.36,44.36,44.36,100,0
BKF.US,5,20251013,154500,44.36,44.36,44.36,44.36,100,0
BKF.US,5,20251013,155000,44.5,44.5,44.5,44.5,100,0
BKF.US,5,20251013,160500,44.6092,44.6092,44.6092,44.6092,100,0
BKF.US,5,20251013,171000,44.605,44.605,44.605,44.605,100,0
BKF.US,5,20251013,174000,44.5101,44.5101,44.5101,44.5101,1000,0
BKF.US,5,20251013,174500,44.595,44.595,44.595,44.595,100,0
BKF.US,5,20251013,182000,44.52,44.52,44.52,44.52,100,0
BKF.US,5,20251013,194000,44.5768,44.5768,44.5768,44.5768,202,0
BKF.US,5,20251013,201000,44.65,44.65,44.65,44.65,331,0
BKF.US,5,20251013,212000,44.61,44.61,44.61,44.61,500,0
BKF.US,5,20251013,212500,44.48,44.48,44.44,44.44,1100,0
BKF.US,5,20251014,153500,43.9,43.9,43.9,43.9,455,0
BKF.US,5,20251014,154000,43.77,43.77,43.77,43.77,100,0
BKF.US,5,20251014,155500,43.91,43.91,43.91,43.91,100,0
BKF.US,5,20251014,160500,43.9,43.9,43.9,43.9,100,0
BKF.US,5,20251014,162000,43.96,43.96,43.96,43.96,100,0
BKF.US,5,20251014,163000,44,44,44,44,100,0
BKF.US,5,20251014,164500,44.04,44.04,44.04,44.04,100,0
BKF.US,5,20251014,165000,44.12,44.12,44.12,44.12,112,0
BKF.US,5,20251014,165500,44.02,44.02,44.02,44.02,100,0
BKF.US,5,20251014,170500,44.17,44.17,44.17,44.17,200,0
BKF.US,5,20251014,171000,44.05,44.05,44.05,44.05,100,0
BKF.US,5,20251014,171500,44.17,44.17,44.17,44.17,100,0
BKF.US,5,20251014,172000,44.06,44.06,44.06,44.06,100,0
BKF.US,5,20251014,173500,44.08,44.08,44.08,44.08,100,0
BKF.US,5,20251014,174500,44.13,44.13,44.13,44.13,100,0
BKF.US,5,20251014,180000,44.17,44.17,44.17,44.17,100,0
BKF.US,5,20251014,181000,44.13,44.13,44.1,44.1,2389,0
BKF.US,5,20251014,183000,44.18,44.18,44.18,44.18,100,0
BKF.US,5,20251014,184000,44.22,44.22,44.22,44.22,100,0
BKF.US,5,20251014,190000,44.18,44.18,44.18,44.18,100,0
BKF.US,5,20251014,191500,44.21,44.21,44.21,44.21,100,0
BKF.US,5,20251014,192500,44.21,44.21,44.21,44.21,100,0
BKF.US,5,20251014,194000,44.18,44.18,44.18,44.18,100,0
BKF.US,5,20251014,195000,44.2,44.2,44.2,44.2,100,0
BKF.US,5,20251014,200500,44.19,44.27,44.19,44.27,300,0
BKF.US,5,20251014,201000,44.29,44.29,44.29,44.29,200,0
BKF.US,5,20251014,201500,44.17,44.17,44.17,44.17,100,0
BKF.US,5,20251014,202000,44.27,44.27,44.27,44.27,158,0
BKF.US,5,20251014,203000,44.18,44.18,44.18,44.18,100,0
BKF.US,5,20251014,205500,44.14,44.14,44.14,44.14,100,0
BKF.US,5,20251014,210500,44.12,44.12,44.12,44.12,100,0
BKF.US,5,20251014,212000,44.12,44.12,44.12,44.12,100,0
BKF.US,5,20251014,213000,44.11,44.11,44.11,44.11,100,0
BKF.US,5,20251014,214500,43.96,43.96,43.96,43.96,100,0
BKF.US,5,20251015,154500,44.42,44.42,44.42,44.42,100,0
BKF.US,5,20251015,155000,44.46,44.46,44.46,44.46,200,0
BKF.US,5,20251015,155500,44.53,44.53,44.53,44.53,112,0
BKF.US,5,20251015,162500,44.73,44.73,44.73,44.73,150,0
BKF.US,5,20251015,175500,44.571061,44.571061,44.571061,44.571061,210,0
BKF.US,5,20251015,181000,44.624,44.624,44.624,44.624,1200,0
BKF.US,5,20251015,203500,44.55,44.55,44.55,44.55,400,0
BKF.US,5,20251015,211500,44.62,44.6258,44.62,44.6258,280,0
BKF.US,5,20251015,215500,44.56,44.56,44.56,44.56,100,0
BKF.US,5,20251016,164000,44.9113,44.9113,44.9113,44.9113,118,0
BKF.US,5,20251016,170500,44.98,44.98,44.98,44.98,100,0
BKF.US,5,20251016,193500,44.74,44.75,44.73,44.73,555,0
BKF.US,5,20251016,204000,44.6001,44.6001,44.6001,44.6001,201,0
BKF.US,5,20251017,160500,44.55,44.55,44.55,44.55,157,0
BKF.US,5,20251017,204500,44.84,44.94,44.84,44.94,841,0
BKF.US,5,20251017,205000,44.84,44.84,44.84,44.84,100,0
BKF.US,5,20251020,191500,45.28,45.36,45.28,45.36,500,0
BKF.US,5,20251020,192000,45.28,45.28,45.28,45.28,160,0
BKF.US,5,20251020,192500,45.34,45.34,45.34,45.34,589,0
BKF.US,5,20251020,201000,45.3696,45.3696,45.3696,45.3696,100,0
BKF.US,5,20251020,214000,45.4387,45.4387,45.4387,45.4387,100,0
BKF.US,5,20251021,154000,44.9635,44.9635,44.9635,44.9635,169,0
BKF.US,5,20251021,155000,45,45,45,45,100,0
BKF.US,5,20251021,155500,44.925,44.925,44.925,44.925,100,0
BKF.US,5,20251021,174000,45.08,45.08,45.08,45.08,121,0
BKF.US,5,20251021,193500,44.935,44.935,44.935,44.935,127,0
BKF.US,5,20251021,201500,44.98,44.98,44.98,44.98,100,0
BKF.US,5,20251022,155500,45.14,45.14,45.14,45.14,150,0
BKF.US,5,20251022,161000,45.15,45.15,45.15,45.15,100,0
BKF.US,5,20251022,162000,45.14,45.14,45.14,45.14,173,0
BKF.US,5,20251022,165500,44.96,44.96,44.96,44.96,171,0
BKF.US,5,20251022,171500,45.02,45.02,45.02,45.02,151,0
BKF.US,5,20251022,190000,44.87,44.87,44.87,44.87,100,0
BKF.US,5,20251022,194000,44.85,44.85,44.85,44.85,150,0
BKF.US,5,20251022,201000,44.8581,44.8581,44.85,44.85,250,0
BKF.US,5,20251022,201500,44.85,44.85,44.85,44.85,100,0
BKF.US,5,20251022,204000,44.85,44.85,44.85,44.85,141,0
BKF.US,5,20251022,212500,44.89,44.89,44.89,44.89,150,0
BKF.US,5,20251022,215000,44.93,45.0503,44.93,45.0503,273,0
BKF.US,5,20251022,215500,44.93,44.93,44.92,44.92,350,0
BKF.US,5,20251023,154500,45.2046,45.2046,45.2046,45.2046,100,0
BKF.US,5,20251023,164000,45.1901,45.1901,45.1901,45.1901,189,0
BKF.US,5,20251023,171000,45.25,45.25,45.25,45.25,100,0
BKF.US,5,20251023,204500,45.4315,45.47,45.4315,45.451,1850,0
BKF.US,5,20251023,205000,45.4219,45.53,45.31,45.42,4378,0
BKF.US,5,20251023,212500,45.34,45.34,45.34,45.34,100,0
BKF.US,5,20251023,214500,45.34,45.34,45.34,45.34,100,0
BKF.US,5,20251023,215500,45.33,45.33,45.33,45.33,156,0
BKF.US,5,20251024,154500,45.39,45.4,45.39,45.4,200,0
BKF.US,5,20251024,155500,45.45,45.45,45.45,45.45,200,0
BKF.US,5,20251024,160500,45.42,45.42,45.41,45.41,700,0
BKF.US,5,20251024,161500,45.44,45.44,45.39,45.39,300,0
BKF.US,5,20251024,162000,45.39,45.39,45.39,45.39,100,0
BKF.US,5,20251024,163500,45.42,45.42,45.42,45.42,323,0
BKF.US,5,20251024,164000,45.43,45.43,45.43,45.43,100,0
BKF.US,5,20251024,165000,45.39,45.39,45.39,45.39,200,0
BKF.US,5,20251024,170500,45.39,45.41,45.39,45.41,400,0
BKF.US,5,20251024,173000,45.43,45.43,45.43,45.43,200,0
BKF.US,5,20251024,173500,45.4,45.4,45.4,45.4,100,0
BKF.US,5,20251024,174000,45.41,45.41,45.41,45.41,100,0
BKF.US,5,20251024,175500,45.37,45.37,45.37,45.37,196,0
BKF.US,5,20251024,181500,45.39,45.39,45.39,45.39,100,0
BKF.US,5,20251024,182000,45.39,45.39,45.39,45.39,100,0
BKF.US,5,20251024,183000,45.36,45.36,45.36,45.36,200,0
BKF.US,5,20251024,185000,45.36,45.36,45.36,45.36,100,0
BKF.US,5,20251024,190000,45.37,45.37,45.37,45.37,100,0
BKF.US,5,20251024,192500,45.39,45.39,45.39,45.39,200,0
BKF.US,5,20251024,194000,45.4,45.4,45.385,45.385,1766,0
BKF.US,5,20251024,195000,45.36,45.36,45.36,45.36,300,0
BKF.US,5,20251024,201500,45.36,45.36,45.36,45.36,200,0
BKF.US,5,20251024,204000,45.34,45.34,45.34,45.34,300,0
BKF.US,5,20251024,210000,45.34,45.34,45.34,45.34,100,0
BKF.US,5,20251024,211000,45.32,45.32,45.32,45.32,200,0
BKF.US,5,20251024,212500,45.32,45.32,45.32,45.32,100,0
BKF.US,5,20251024,213500,45.32,45.32,45.31,45.31,400,0
BKF.US,5,20251024,214500,45.32,45.32,45.32,45.32,100,0
BKF.US,5,20251024,215000,45.33,45.33,45.33,45.33,200,0
BKF.US,5,20251024,215500,45.32,45.32,45.31,45.31,500,0
BKF.US,5,20251027,143000,45.9,45.9,45.9,45.9,100,0
BKF.US,5,20251027,144000,45.88,45.88,45.88,45.88,100,0
BKF.US,5,20251027,145500,45.88,45.88,45.88,45.88,100,0
BKF.US,5,20251027,150500,45.89,45.89,45.89,45.89,100,0
BKF.US,5,20251027,155500,45.89,45.89,45.89,45.89,100,0
BKF.US,5,20251027,171000,45.9207,45.9207,45.9207,45.9207,126,0
BKF.US,5,20251027,173500,45.94,45.94,45.94,45.94,100,0
BKF.US,5,20251027,182500,45.91,45.91,45.91,45.91,100,0
BKF.US,5,20251027,183000,45.92,45.92,45.92,45.92,100,0
BKF.US,5,20251027,184000,45.9302,45.9302,45.9302,45.9302,108,0
BKF.US,5,20251027,184500,45.924,45.924,45.924,45.924,100,0
BKF.US,5,20251027,203500,45.88,45.8802,45.88,45.8802,200,0
BKF.US,5,20251027,204500,45.9013,45.9013,45.9013,45.9013,712,0
BKF.US,5,20251027,205500,45.91,45.91,45.91,45.91,100,0
BKF.US,5,20251028,145500,45.56,45.585,45.56,45.585,200,0
BKF.US,5,20251028,151500,45.56,45.56,45.56,45.56,100,0
BKF.US,5,20251028,152500,45.62,45.62,45.62,45.62,110,0
BKF.US,5,20251028,153000,45.71,45.71,45.71,45.71,200,0
BKF.US,5,20251028,154000,45.6,45.6,45.6,45.6,100,0
BKF.US,5,20251028,155500,45.66,45.66,45.66,45.66,100,0
BKF.US,5,20251028,161000,45.69,45.69,45.58,45.58,200,0
BKF.US,5,20251028,163000,45.57,45.57,45.57,45.57,100,0
BKF.US,5,20251028,164000,45.69,45.69,45.69,45.69,100,0
BKF.US,5,20251028,170500,45.56,45.56,45.56,45.56,100,0
BKF.US,5,20251028,171000,45.66,45.66,45.66,45.66,100,0
BKF.US,5,20251028,172500,45.6272,45.6272,45.6272,45.6272,325,0
BKF.US,5,20251028,174500,45.695,45.725,45.695,45.725,330,0
BKF.US,5,20251028,175500,45.63,45.63,45.63,45.63,100,0
BKF.US,5,20251028,180000,45.69,45.69,45.69,45.69,100,0
BKF.US,5,20251028,181000,45.66,45.66,45.66,45.66,100,0
BKF.US,5,20251028,182000,45.73,45.73,45.73,45.73,100,0
BKF.US,5,20251028,185500,45.71,45.71,45.71,45.71,100,0
BKF.US,5,20251028,195500,45.83,45.83,45.83,45.83,100,0
BKF.US,5,20251028,201000,45.735,45.78,45.735,45.78,200,0
BKF.US,5,20251028,205000,45.88,45.88,45.88,45.88,100,0
BKF.US,5,20251028,205500,45.88,45.88,45.87,45.87,300,0
BKF.US,5,20251029,144000,46.155,46.155,46.155,46.155,116,0
BKF.US,5,20251029,145000,46.13,46.13,46.13,46.13,200,0
BKF.US,5,20251029,154000,46.105,46.105,46.105,46.105,100,0
BKF.US,5,20251029,202500,45.84,45.84,45.66,45.77,2752,0
BKF.US,5,20251029,205000,45.92,45.92,45.92,45.92,100,0
BKF.US,5,20251029,205500,45.86,45.86,45.86,45.86,1273,0
BKF.US,5,20251030,152000,45.4,45.4,45.4,45.4,100,0
BKF.US,5,20251030,173500,45.49,45.49,45.49,45.49,250,0
BKF.US,5,20251031,143500,44.86,44.86,44.86,44.86,256,0
BKF.US,5,20251031,144000,44.841,44.841,44.841,44.841,200,0
BKF.US,5,20251031,182000,44.845,44.845,44.845,44.845,450,0
BKF.US,5,20251031,200500,44.8912,44.8912,44.8912,44.8912,200,0
BKF.US,5,20251031,204000,44.91,44.91,44.91,44.91,500,0
BKF.US,5,20251031,205000,44.985,44.985,44.985,44.985,100,0
BKF.US,5,20251031,205500,44.92,44.92,44.92,44.92,328,0
BKF.US,5,20251103,153000,45.05,45.05,45.01,45.01,300,0
BKF.US,5,20251103,160500,45.1086,45.1086,45.1086,45.1086,208,0
BKF.US,5,20251103,161000,45.02,45.02,45.02,45.02,100,0
BKF.US,5,20251103,204500,45.1015,45.1015,45.1015,45.1015,200,0
BKF.US,5,20251103,215500,45.14,45.14,45.14,45.14,100,0
BKF.US,5,20251104,154500,44.63,44.63,44.63,44.63,200,0
BKF.US,5,20251104,173000,44.78,44.7825,44.78,44.7825,200,0
BKF.US,5,20251104,183000,44.75,44.75,44.75,44.75,115,0
BKF.US,5,20251104,183500,44.7336,44.7336,44.7336,44.7336,109,0
BKF.US,5,20251104,213500,44.5844,44.5844,44.5844,44.5844,380,0
BKF.US,5,20251105,160500,44.9304,44.9304,44.9304,44.9304,100,0
BKF.US,5,20251105,162000,44.88,44.88,44.88,44.88,100,0
BKF.US,5,20251105,182500,45.04,45.08,45.03,45.08,1700,0
BKF.US,5,20251105,191500,45.03,45.03,45.03,45.03,1500,0
BKF.US,5,20251105,195500,45.1097,45.1097,45.1097,45.1097,171,0
BKF.US,5,20251105,201500,45.0985,45.0985,45.0985,45.0985,100,0
BKF.US,5,20251106,153500,45.415,45.415,45.415,45.415,261,0
BKF.US,5,20251106,154500,45.34,45.34,45.34,45.34,100,0
BKF.US,5,20251106,155500,45.16,45.16,45.16,45.16,177,0
BKF.US,5,20251106,160500,45.15,45.15,45.15,45.15,154,0
BKF.US,5,20251106,161500,45.16,45.16,45.16,45.16,154,0
BKF.US,5,20251106,162000,45.23,45.2301,45.23,45.2301,696,0
BKF.US,5,20251106,162500,45.23,45.23,45.22,45.22,252,0
BKF.US,5,20251106,163500,45.15,45.15,45.06,45.06,388,0
BKF.US,5,20251106,164500,45.03,45.03,45.03,45.03,154,0
BKF.US,5,20251106,165000,45.05,45.05,45.05,45.05,100,0
BKF.US,5,20251106,170000,45.01,45.02,45.01,45.02,200,0
BKF.US,5,20251106,171000,45.02,45.02,45.01,45.01,269,0
BKF.US,5,20251106,172000,44.97,44.97,44.97,44.97,153,0
BKF.US,5,20251106,173000,44.97,44.97,44.97,44.97,100,0
BKF.US,5,20251106,173500,44.95,44.96,44.95,44.96,252,0
BKF.US,5,20251106,175000,44.94,44.95,44.94,44.95,254,0
BKF.US,5,20251106,175500,44.93,44.93,44.93,44.93,200,0
BKF.US,5,20251106,180500,44.98,45.027,44.98,45.027,253,0
BKF.US,5,20251106,181000,45.01,45.01,45.01,45.01,100,0
BKF.US,5,20251106,181500,44.99,44.99,44.99,44.99,100,0
BKF.US,5,20251106,182000,44.95,44.95,44.95,44.95,253,0
BKF.US,5,20251106,183500,44.98,44.98,44.98,44.98,100,0
BKF.US,5,20251106,184000,45,45.01,45,45.01,253,0
BKF.US,5,20251106,185500,45.03,45.03,45.03,45.03,100,0
BKF.US,5,20251106,190000,45.02,45.02,45.02,45.02,152,0
BKF.US,5,20251106,190500,44.99,44.99,44.99,44.99,100,0
BKF.US,5,20251106,191500,45,45,45,45,100,0
BKF.US,5,20251106,192000,45,45,45,45,152,0
BKF.US,5,20251106,192500,45.03,45.03,45.03,45.03,100,0
BKF.US,5,20251106,193000,45.06,45.06,45.06,45.06,100,0
BKF.US,5,20251106,193500,45.09,45.09,45.09,45.09,252,0
BKF.US,5,20251106,194500,45.11,45.11,45.11,45.11,100,0
BKF.US,5,20251106,195500,45.11,45.11,45.11,45.11,100,0
BKF.US,5,20251106,200500,45.15,45.161,45.15,45.161,200,0
BKF.US,5,20251106,201000,45.16,45.16,45.16,45.16,100,0
BKF.US,5,20251106,201500,45.16,45.16,45.16,45.16,100,0
BKF.US,5,20251106,202500,45.17,45.17,45.17,45.17,100,0
BKF.US,5,20251106,203000,45.19,45.19,45.19,45.19,253,0
BKF.US,5,20251106,204500,45.17,45.17,45.17,45.17,100,0
BKF.US,5,20251106,205500,45.16,45.16,45.16,45.16,100,0
BKF.US,5,20251106,210500,45.17,45.17,45.17,45.17,100,0
BKF.US,5,20251106,211000,45.17,45.17,45.16,45.16,354,0
BKF.US,5,20251106,212500,45.16,45.16,45.16,45.16,100,0
BKF.US,5,20251106,213000,45.14,45.14,45.14,45.14,100,0
BKF.US,5,20251106,213500,45.14,45.14,45.13,45.13,254,0
BKF.US,5,20251106,215000,45.07,45.08,45.04,45.04,300,0
BKF.US,5,20251106,215500,45.02,45.02,45.01,45.01,268,0
BKF.US,5,20251107,153000,44.72,44.72,44.72,44.72,205,0
BKF.US,5,20251107,163500,44.71,44.71,44.6701,44.6701,283,0
BKF.US,5,20251107,164000,44.73,44.73,44.73,44.73,200,0
BKF.US,5,20251107,172000,44.67,44.6781,44.67,44.67,785,0
BKF.US,5,20251107,210500,44.925,44.925,44.925,44.925,394,0
BKF.US,5,20251107,215500,44.99,44.99,44.98,44.98,446,0
BKF.US,5,20251110,155500,45.4,45.4,45.4,45.4,198,0
BKF.US,5,20251110,160000,45.44,45.44,45.44,45.44,100,0
BKF.US,5,20251110,161000,45.42,45.42,45.42,45.42,100,0
BKF.US,5,20251110,161500,45.42,45.4208,45.42,45.4208,1111,0
BKF.US,5,20251110,163000,45.44,45.44,45.44,45.44,325,0
BKF.US,5,20251110,175500,45.36,45.36,45.36,45.36,600,0
BKF.US,5,20251110,184000,45.4883,45.4883,45.4883,45.4883,105,0
BKF.US,5,20251110,185000,45.528,45.528,45.528,45.528,467,0
BKF.US,5,20251110,192500,45.52,45.52,45.52,45.52,100,0
BKF.US,5,20251110,210000,45.54,45.54,45.54,45.54,100,0
BKF.US,5,20251111,163000,45.77,45.77,45.77,45.77,300,0
BKF.US,5,20251111,164000,45.75,45.75,45.75,45.75,300,0
BKF.US,5,20251111,165000,45.74,45.74,45.74,45.74,100,0
BKF.US,5,20251111,172000,45.77,45.77,45.77,45.77,100,0
BKF.US,5,20251111,173000,45.72,45.72,45.72,45.72,300,0
BKF.US,5,20251111,174000,45.75,45.75,45.75,45.75,300,0
BKF.US,5,20251111,175000,45.74,45.74,45.74,45.74,400,0
BKF.US,5,20251111,180000,45.75,45.75,45.75,45.75,300,0
BKF.US,5,20251111,180500,45.8349,45.8349,45.8349,45.8349,810,0
BKF.US,5,20251111,181500,45.78,45.78,45.78,45.78,300,0
BKF.US,5,20251111,182500,45.76,45.76,45.76,45.76,300,0
BKF.US,5,20251111,183500,45.77,45.77,45.77,45.77,300,0
BKF.US,5,20251111,184500,45.78,45.78,45.78,45.78,300,0
BKF.US,5,20251111,190000,45.79,45.79,45.79,45.79,300,0
BKF.US,5,20251111,191500,45.79,45.845,45.79,45.845,645,0
BKF.US,5,20251111,192500,45.8,45.8,45.8,45.8,300,0
BKF.US,5,20251111,194000,45.81,45.842,45.81,45.842,408,0
BKF.US,5,20251111,195500,45.82,45.82,45.82,45.82,300,0
BKF.US,5,20251111,201000,45.8,45.8,45.8,45.8,300,0
BKF.US,5,20251111,202000,45.82,45.82,45.82,45.82,408,0
BKF.US,5,20251111,203000,45.85,45.85,45.85,45.85,300,0
BKF.US,5,20251111,204000,45.85,45.85,45.85,45.85,100,0
BKF.US,5,20251111,204500,45.79,45.79,45.79,45.79,200,0
BKF.US,5,20251111,205500,45.77,45.77,45.77,45.77,300,0
BKF.US,5,20251111,210500,45.81,45.81,45.81,45.81,100,0
BKF.US,5,20251111,211000,45.78,45.78,45.78,45.78,300,0
BKF.US,5,20251111,212000,45.75,45.75,45.75,45.75,300,0
BKF.US,5,20251111,212500,45.72,45.72,45.72,45.72,300,0
BKF.US,5,20251111,213500,45.72,45.72,45.72,45.72,300,0
BKF.US,5,20251111,214000,45.73,45.73,45.73,45.73,300,0
BKF.US,5,20251111,215000,45.73,45.74,45.73,45.74,600,0
BKF.US,5,20251111,215500,45.74,45.74,45.69,45.69,900,0
BKF.US,5,20251112,153000,45.77,45.77,45.73,45.73,1400,0
BKF.US,5,20251112,153500,45.63,45.63,45.63,45.63,100,0
BKF.US,5,20251112,154000,45.61,45.62,45.61,45.62,700,0
BKF.US,5,20251112,155000,45.53,45.53,45.53,45.53,100,0
BKF.US,5,20251112,155500,45.56,45.56,45.56,45.56,100,0
BKF.US,5,20251112,160000,45.56,45.56,45.56,45.56,100,0
BKF.US,5,20251112,161000,45.56,45.56,45.56,45.56,100,0
BKF.US,5,20251112,161500,45.55,45.55,45.55,45.55,100,0
BKF.US,5,20251112,162000,45.56,45.56,45.56,45.56,100,0
BKF.US,5,20251112,163000,45.6,45.61,45.6,45.61,700,0
BKF.US,5,20251112,163500,45.56,45.57,45.56,45.57,200,0
BKF.US,5,20251112,165000,45.6,45.6,45.6,45.6,100,0
BKF.US,5,20251112,165500,45.56,45.56,45.56,45.56,100,0
BKF.US,5,20251112,170000,45.57,45.57,45.57,45.57,100,0
BKF.US,5,20251112,171000,45.56,45.56,45.56,45.56,100,0
BKF.US,5,20251112,171500,45.57,45.57,45.57,45.57,100,0
BKF.US,5,20251112,172000,45.58,45.58,45.58,45.58,100,0
BKF.US,5,20251112,173000,45.62,45.62,45.62,45.62,100,0
BKF.US,5,20251112,173500,45.6,45.6,45.6,45.6,100,0
BKF.US,5,20251112,174000,45.59,45.59,45.59,45.59,100,0
BKF.US,5,20251112,175000,45.57,45.57,45.57,45.57,200,0
BKF.US,5,20251112,175500,45.57,45.57,45.57,45.57,100,0
BKF.US,5,20251112,181000,45.55,45.55,45.55,45.55,100,0
BKF.US,5,20251112,181500,45.54,45.54,45.54,45.54,100,0
BKF.US,5,20251112,182000,45.55,45.55,45.55,45.55,100,0
BKF.US,5,20251112,183000,45.56,45.56,45.56,45.56,100,0
BKF.US,5,20251112,183500,45.57,45.57,45.57,45.57,100,0
BKF.US,5,20251112,184000,45.57,45.57,45.57,45.57,100,0
BKF.US,5,20251112,185000,45.55,45.57,45.55,45.57,200,0
BKF.US,5,20251112,185500,45.57,45.575,45.57,45.575,300,0
BKF.US,5,20251112,190500,45.575,45.575,45.575,45.575,200,0
BKF.US,5,20251112,191000,45.575,45.58,45.575,45.58,400,0
BKF.US,5,20251112,192500,45.61,45.61,45.61,45.61,100,0
BKF.US,5,20251112,193000,45.61,45.61,45.61,45.61,100,0
BKF.US,5,20251112,193500,45.61,45.61,45.61,45.61,100,0
BKF.US,5,20251112,194500,45.61,45.61,45.61,45.61,200,0
BKF.US,5,20251112,195500,45.62,45.62,45.62,45.62,200,0
BKF.US,5,20251112,201000,45.6,45.6,45.6,45.6,100,0
BKF.US,5,20251112,201500,45.58,45.58,45.58,45.58,200,0
BKF.US,5,20251112,202000,45.68,45.68,45.68,45.68,200,0
BKF.US,5,20251112,203500,45.58,45.58,45.58,45.58,100,0
BKF.US,5,20251112,204500,45.58,45.58,45.58,45.58,100,0
BKF.US,5,20251112,205000,45.57,45.57,45.57,45.57,100,0
BKF.US,5,20251112,205500,45.57,45.57,45.57,45.57,100,0
BKF.US,5,20251112,210500,45.56,45.56,45.56,45.56,100,0
BKF.US,5,20251112,211000,45.56,45.56,45.56,45.56,100,0
BKF.US,5,20251112,211500,45.6,45.6,45.6,45.6,100,0
BKF.US,5,20251112,212500,45.6,45.6,45.6,45.6,100,0
BKF.US,5,20251112,213000,45.61,45.61,45.61,45.61,100,0
BKF.US,5,20251112,213500,45.61,45.61,45.61,45.61,100,0
BKF.US,5,20251112,214500,45.61,45.61,45.61,45.61,100,0
BKF.US,5,20251112,215000,45.6,45.6,45.6,45.6,100,0
BKF.US,5,20251112,215500,45.6,45.6,45.6,45.6,1345,0
BKF.US,5,20251113,153000,45.99,45.99,45.99,45.99,400,0
BKF.US,5,20251113,161000,45.93,45.95,45.92,45.95,1100,0
BKF.US,5,20251113,163500,45.79,45.79,45.79,45.79,300,0
BKF.US,5,20251113,164500,45.74,45.74,45.74,45.74,100,0
BKF.US,5,20251113,165000,45.74,45.74,45.74,45.74,300,0
BKF.US,5,20251113,170000,45.74,45.74,45.74,45.74,300,0
BKF.US,5,20251113,171000,45.69,45.69,45.69,45.69,100,0
BKF.US,5,20251113,171500,45.64,45.64,45.64,45.64,300,0
BKF.US,5,20251113,172500,45.63,45.63,45.63,45.63,300,0
BKF.US,5,20251113,174000,45.58,45.58,45.58,45.58,300,0
BKF.US,5,20251113,174500,45.6,45.6,45.6,45.6,300,0
BKF.US,5,20251113,180000,45.59,45.59,45.59,45.59,300,0
BKF.US,5,20251113,181500,45.56,45.56,45.56,45.56,300,0
BKF.US,5,20251113,182500,45.58,45.58,45.58,45.58,300,0
BKF.US,5,20251113,184000,45.54,45.54,45.54,45.54,300,0
BKF.US,5,20251113,185000,45.52,45.52,45.52,45.52,300,0
BKF.US,5,20251113,191000,45.45,45.45,45.45,45.45,300,0
BKF.US,5,20251113,192500,45.4,45.4,45.4,45.4,300,0
BKF.US,5,20251113,193000,45.45,45.45,45.45,45.45,712,0
BKF.US,5,20251113,194000,45.32,45.32,45.31,45.31,400,0
BKF.US,5,20251113,194500,45.37,45.37,45.37,45.37,350,0
BKF.US,5,20251113,195500,45.36,45.36,45.36,45.36,300,0
BKF.US,5,20251113,201000,45.28,45.28,45.28,45.28,300,0
BKF.US,5,20251113,202500,45.38,45.38,45.38,45.38,300,0
BKF.US,5,20251113,203000,45.445,45.4999,45.445,45.47,2100,0
BKF.US,5,20251113,205500,45.38,45.38,45.38,45.38,200,0
BKF.US,5,20251113,211000,45.41,45.41,45.41,45.41,300,0
BKF.US,5,20251113,212000,45.4,45.4,45.4,45.4,200,0
BKF.US,5,20251113,213000,45.4,45.4,45.4,45.4,300,0
BKF.US,5,20251113,213500,45.42,45.42,45.42,45.42,300,0
BKF.US,5,20251113,214000,45.46,45.46,45.46,45.46,300,0
BKF.US,5,20251113,214500,45.5215,45.5215,45.5215,45.5215,101,0
BKF.US,5,20251113,215000,45.45,45.45,45.45,45.45,300,0
BKF.US,5,20251113,215500,45.41,45.41,45.4,45.4,1600,0
BKF.US,5,20251114,154000,45.2508,45.2508,45.2508,45.2508,100,0
BKF.US,5,20251114,160000,45.46,45.46,45.46,45.46,100,0
BKF.US,5,20251114,161500,45.37,45.37,45.37,45.37,200,0
BKF.US,5,20251114,163000,45.45,45.45,45.45,45.45,300,0
BKF.US,5,20251114,164000,45.47,45.52,45.47,45.52,960,0
BKF.US,5,20251114,165000,45.53,45.53,45.53,45.53,300,0
BKF.US,5,20251114,170000,45.48,45.48,45.48,45.48,300,0
BKF.US,5,20251114,171500,45.54,45.54,45.54,45.54,300,0
BKF.US,5,20251114,172500,45.59,45.59,45.59,45.59,300,0
BKF.US,5,20251114,174000,45.59,45.59,45.59,45.59,300,0
BKF.US,5,20251114,175000,45.58,45.58,45.58,45.58,400,0
BKF.US,5,20251114,180500,45.55,45.55,45.55,45.55,300,0
BKF.US,5,20251114,182000,45.57,45.57,45.57,45.57,300,0
BKF.US,5,20251114,183500,45.58,45.58,45.58,45.58,300,0
BKF.US,5,20251114,185000,45.51,45.51,45.51,45.51,300,0
BKF.US,5,20251114,190000,45.34,45.34,45.34,45.34,200,0
BKF.US,5,20251114,191500,45.17,45.17,45.17,45.17,400,0
BKF.US,5,20251114,195000,45.16,45.16,45.16,45.16,300,0
BKF.US,5,20251114,200000,45.14,45.14,45.14,45.14,300,0
BKF.US,5,20251114,201500,45.135,45.135,45.135,45.135,300,0
BKF.US,5,20251114,203000,45.14,45.14,45.14,45.14,300,0
BKF.US,5,20251114,204000,45.12,45.12,45.12,45.12,300,0
BKF.US,5,20251114,205000,45.16,45.2,45.15,45.2,500,0
BKF.US,5,20251114,205500,45.2,45.2,45.14,45.14,600,0
BKF.US,5,20251114,211000,45.13,45.13,45.13,45.13,300,0
BKF.US,5,20251114,212000,45.07,45.07,45.07,45.07,300,0
BKF.US,5,20251114,213000,45.08,45.08,45.08,45.08,300,0
BKF.US,5,20251114,214000,45.095,45.095,45.095,45.095,300,0
BKF.US,5,20251114,214500,45.12,45.12,45.12,45.12,200,0
BKF.US,5,20251114,215000,45.12,45.17,45.12,45.17,500,0
BKF.US,5,20251114,215500,45.16,45.16,45.15,45.155,1200,0
BKF.US,5,20251117,153000,45.12,45.12,45.12,45.12,131,0
BKF.US,5,20251117,154000,45.21,45.21,45.21,45.21,100,0
BKF.US,5,20251117,154500,45.19,45.19,45.19,45.19,147,0
BKF.US,5,20251117,155000,45.26,45.26,45.26,45.26,344,0
BKF.US,5,20251117,160500,45.236,45.236,45.236,45.236,696,0
BKF.US,5,20251117,162000,45.23,45.23,45.23,45.23,100,0
BKF.US,5,20251117,181000,45.24,45.24,45.24,45.24,300,0
BKF.US,5,20251117,182000,45.25,45.25,45.25,45.25,300,0
BKF.US,5,20251117,183000,45.25,45.25,45.25,45.25,300,0
BKF.US,5,20251117,184500,45.2,45.2,45.16,45.16,300,0
BKF.US,5,20251117,185500,45.15,45.15,45.15,45.15,400,0
BKF.US,5,20251117,190500,45.15,45.15,45.15,45.15,300,0
BKF.US,5,20251117,191500,45.12,45.12,45.12,45.12,200,0
BKF.US,5,20251117,192000,45.12,45.12,45.12,45.12,300,0
BKF.US,5,20251117,193500,45.1,45.1,45.09,45.09,400,0
BKF.US,5,20251117,194500,45.12,45.12,45.12,45.12,300,0
BKF.US,5,20251117,195500,45.01,45.01,45.01,45.01,200,0
BKF.US,5,20251117,200500,44.99,44.99,44.99,44.99,300,0
BKF.US,5,20251117,201000,45.02,45.02,45.02,45.02,200,0
BKF.US,5,20251117,201500,45.05,45.05,45.05,45.05,400,0
BKF.US,5,20251117,202500,45.025,45.09,45.025,45.09,441,0
BKF.US,5,20251117,203000,45.04,45.07,44.99,44.99,7977,0
BKF.US,5,20251117,204500,44.92,44.92,44.92,44.92,200,0
BKF.US,5,20251117,205500,44.9,44.9,44.85,44.85,400,0
BKF.US,5,20251117,210500,44.83,44.85,44.83,44.84,741,0
BKF.US,5,20251117,211500,44.85,44.85,44.85,44.85,300,0
BKF.US,5,20251117,212500,44.84,44.84,44.84,44.84,300,0
BKF.US,5,20251117,213000,44.86,44.86,44.86,44.86,300,0
BKF.US,5,20251117,213500,44.86,44.86,44.86,44.86,300,0
BKF.US,5,20251117,214000,44.85,44.85,44.85,44.85,300,0
BKF.US,5,20251117,214500,44.9,44.9,44.9,44.9,300,0
BKF.US,5,20251117,215000,44.91,44.91,44.88,44.88,700,0
BKF.US,5,20251117,215500,44.91,44.91,44.86,44.86,1700,0
BKF.US,5,20251118,153000,44.575,44.575,44.5701,44.575,369,0
BKF.US,5,20251118,153500,44.675,44.675,44.67,44.67,225,0
BKF.US,5,20251118,154500,44.68,44.72,44.68,44.72,400,0
BKF.US,5,20251118,155000,44.7,44.7,44.67,44.68,1937,0
BKF.US,5,20251118,155500,44.605,44.605,44.605,44.605,333,0
BKF.US,5,20251118,161000,44.56,44.56,44.56,44.56,300,0
BKF.US,5,20251118,161500,44.575,44.575,44.575,44.575,110,0
BKF.US,5,20251118,162000,44.66,44.66,44.66,44.66,300,0
BKF.US,5,20251118,163000,44.7,44.7,44.7,44.7,300,0
BKF.US,5,20251118,164500,44.64,44.64,44.64,44.64,200,0
BKF.US,5,20251118,165000,44.6,44.6,44.6,44.6,300,0
BKF.US,5,20251118,170500,44.53,44.53,44.53,44.53,300,0
BKF.US,5,20251118,171500,44.6,44.62,44.6,44.62,400,0
BKF.US,5,20251118,173000,44.69,44.69,44.69,44.69,300,0
BKF.US,5,20251118,174000,44.7,44.7,44.7,44.7,300,0
BKF.US,5,20251118,175000,44.7101,44.7101,44.7101,44.7101,206,0
BKF.US,5,20251118,175500,44.72,44.72,44.72,44.72,100,0
BKF.US,5,20251118,180000,44.71,44.71,44.71,44.71,300,0
BKF.US,5,20251118,181500,44.68,44.68,44.68,44.68,200,0
BKF.US,5,20251118,182500,44.72,44.72,44.68,44.72,475,0
BKF.US,5,20251118,183000,44.678,44.678,44.678,44.678,250,0
BKF.US,5,20251118,183500,44.71,44.71,44.71,44.71,100,0
BKF.US,5,20251118,184000,44.76,44.76,44.76,44.76,300,0
BKF.US,5,20251118,190500,44.8,44.8,44.8,44.8,200,0
BKF.US,5,20251118,191000,44.83,44.83,44.83,44.83,300,0
BKF.US,5,20251118,191500,44.84,44.84,44.83,44.83,750,0
BKF.US,5,20251118,192500,44.81,44.81,44.81,44.81,300,0
BKF.US,5,20251118,194000,44.85,44.85,44.85,44.85,300,0
BKF.US,5,20251118,195500,44.78,44.78,44.78,44.78,300,0
BKF.US,5,20251118,201000,44.81,44.81,44.81,44.81,300,0
BKF.US,5,20251118,203000,44.79,44.79,44.79,44.79,300,0
BKF.US,5,20251118,204000,44.8,44.8,44.8,44.8,300,0
BKF.US,5,20251118,205000,44.79,44.79,44.74,44.755,1400,0
BKF.US,5,20251118,212000,44.8,44.8,44.8,44.8,300,0
BKF.US,5,20251118,213000,44.77,44.77,44.77,44.77,300,0
BKF.US,5,20251118,213500,44.79,44.79,44.79,44.79,300,0
BKF.US,5,20251118,214500,44.72,44.72,44.72,44.72,300,0
BKF.US,5,20251118,215000,44.75,44.75,44.75,44.75,300,0
BKF.US,5,20251118,215500,44.72,44.72,44.69,44.69,1200,0
BKF.US,5,20251119,153000,44.66,44.66,44.64,44.64,900,0
BKF.US,5,20251119,154500,44.66,44.66,44.66,44.66,100,0
BKF.US,5,20251119,155500,44.66,44.67,44.66,44.67,568,0
BKF.US,5,20251119,161000,44.75,44.75,44.75,44.75,300,0
BKF.US,5,20251119,162000,44.75,44.75,44.75,44.75,300,0
BKF.US,5,20251119,163000,44.71,44.71,44.71,44.71,300,0
BKF.US,5,20251119,163500,44.772,44.772,44.772,44.772,111,0
BKF.US,5,20251119,164000,44.68,44.68,44.68,44.68,300,0
BKF.US,5,20251119,165000,44.67,44.67,44.66,44.67,625,0
BKF.US,5,20251119,170000,44.6,44.6,44.6,44.6,300,0
BKF.US,5,20251119,171500,44.55,44.55,44.55,44.55,300,0
BKF.US,5,20251119,172000,44.51,44.51,44.51,44.51,300,0
BKF.US,5,20251119,173000,44.49,44.49,44.49,44.49,300,0
BKF.US,5,20251119,174000,44.49,44.49,44.49,44.49,200,0
BKF.US,5,20251119,174500,44.53,44.53,44.53,44.53,300,0
BKF.US,5,20251119,175000,44.52,44.52,44.52,44.52,100,0
BKF.US,5,20251119,175500,44.52,44.52,44.52,44.52,300,0
BKF.US,5,20251119,181000,44.51,44.51,44.49,44.49,400,0
BKF.US,5,20251119,182000,44.51,44.51,44.51,44.51,300,0
BKF.US,5,20251119,183500,44.42,44.42,44.42,44.42,300,0
BKF.US,5,20251119,184000,44.51,44.51,44.51,44.51,300,0
BKF.US,5,20251119,185000,44.51,44.51,44.51,44.51,300,0
BKF.US,5,20251119,185500,44.51,44.51,44.51,44.51,100,0
BKF.US,5,20251119,190000,44.53,44.53,44.53,44.53,300,0
BKF.US,5,20251119,191000,44.55,44.55,44.55,44.55,300,0
BKF.US,5,20251119,191500,44.53,44.53,44.53,44.53,100,0
BKF.US,5,20251119,192000,44.55,44.55,44.55,44.55,300,0
BKF.US,5,20251119,193500,44.55,44.555,44.55,44.555,700,0
BKF.US,5,20251119,195500,44.64,44.64,44.64,44.64,100,0
BKF.US,5,20251119,200000,44.6301,44.6301,44.6301,44.6301,100,0
BKF.US,5,20251119,201000,44.51,44.51,44.51,44.51,200,0
BKF.US,5,20251119,201500,44.5,44.5,44.5,44.5,200,0
BKF.US,5,20251119,202500,44.43,44.43,44.43,44.43,577,0
BKF.US,5,20251119,203000,44.5,44.5,44.5,44.5,100,0
BKF.US,5,20251119,203500,44.45,44.45,44.45,44.45,100,0
BKF.US,5,20251119,205000,44.46,44.46,44.46,44.46,300,0
BKF.US,5,20251119,205500,44.49,44.49,44.49,44.49,300,0
BKF.US,5,20251119,210500,44.49,44.49,44.49,44.49,300,0
BKF.US,5,20251119,211500,44.515,44.525,44.51,44.525,600,0
BKF.US,5,20251119,212000,44.535,44.535,44.52,44.52,630,0
BKF.US,5,20251119,212500,44.53,44.53,44.53,44.53,600,0
BKF.US,5,20251119,213000,44.525,44.525,44.52,44.52,203,0
BKF.US,5,20251119,213500,44.52,44.53,44.52,44.53,411,0
BKF.US,5,20251119,214000,44.52,44.52,44.52,44.52,100,0
BKF.US,5,20251119,214500,44.52,44.52,44.515,44.515,300,0
BKF.US,5,20251119,215000,44.53,44.53,44.52,44.52,400,0
BKF.US,5,20251119,215500,44.525,44.525,44.47,44.48,1521,0
BKF.US,5,20251120,153000,44.755,44.755,44.75,44.75,222,0
BKF.US,5,20251120,153500,44.83,44.83,44.83,44.83,200,0
BKF.US,5,20251120,154000,44.81,44.81,44.81,44.81,200,0
BKF.US,5,20251120,154500,44.78,44.78,44.78,44.78,100,0
BKF.US,5,20251120,161500,44.7465,44.7465,44.7465,44.7465,242,0
BKF.US,5,20251120,165000,44.66,44.66,44.66,44.66,100,0
BKF.US,5,20251120,173000,44.4741,44.4741,44.445,44.445,269,0
BKF.US,5,20251120,200500,44.1299,44.1299,44.1299,44.1299,131,0
BKF.US,5,20251120,202500,44.12,44.12,44.12,44.12,100,0
BKF.US,5,20251120,211500,44.16,44.16,44.16,44.16,200,0
BKF.US,5,20251120,212000,44.12,44.12,44.12,44.12,100,0
BKF.US,5,20251120,213000,44.06,44.06,44.06,44.06,100,0
BKF.US,5,20251121,174000,43.7457,43.7457,43.7457,43.7457,130,0
BKF.US,5,20251121,195000,43.9944,43.9944,43.9944,43.9944,400,0
BKF.US,5,20251121,203500,43.99,43.99,43.99,43.99,200,0
BKF.US,5,20251121,214500,43.98,43.98,43.98,43.98,100,0
BKF.US,5,20251124,155500,44.235,44.235,44.235,44.235,210,0
BKF.US,5,20251124,160500,44.294,44.294,44.294,44.294,114,0
BKF.US,5,20251124,163500,44.3,44.3001,44.3,44.3001,276,0
BKF.US,5,20251124,175000,44.24,44.24,44.24,44.24,2483,0
BKF.US,5,20251124,181500,44.2344,44.2344,44.2344,44.2344,1000,0
BKF.US,5,20251124,184000,44.2601,44.2601,44.2601,44.2601,120,0
BKF.US,5,20251124,203500,44.3201,44.3201,44.3201,44.3201,111,0
BKF.US,5,20251124,215500,44.33,44.33,44.33,44.33,107,0
BKF.US,5,20251125,153500,44.45,44.45,44.45,44.45,100,0
BKF.US,5,20251125,155000,44.36,44.36,44.36,44.36,100,0
BKF.US,5,20251125,160500,44.33,44.33,44.33,44.33,100,0
BKF.US,5,20251125,161500,44.42,44.42,44.42,44.42,100,0
BKF.US,5,20251125,163000,44.41,44.41,44.41,44.41,100,0
BKF.US,5,20251125,164500,44.45,44.45,44.45,44.45,100,0
BKF.US,5,20251125,170000,44.37,44.37,44.37,44.37,100,0
BKF.US,5,20251125,171500,44.36,44.36,44.36,44.36,200,0
BKF.US,5,20251125,172500,44.4,44.4,44.4,44.4,100,0
BKF.US,5,20251125,174000,44.39,44.39,44.39,44.39,100,0
BKF.US,5,20251125,175500,44.38,44.38,44.38,44.38,100,0
BKF.US,5,20251125,180500,44.45,44.45,44.45,44.45,100,0
BKF.US,5,20251125,182000,44.49,44.49,44.49,44.49,100,0
BKF.US,5,20251125,183500,44.5,44.5,44.5,44.5,100,0
BKF.US,5,20251125,185000,44.46,44.46,44.46,44.46,100,0
BKF.US,5,20251125,190000,44.48,44.48,44.48,44.48,100,0
BKF.US,5,20251125,191500,44.46,44.46,44.46,44.46,100,0
BKF.US,5,20251125,193000,44.48,44.48,44.48,44.48,100,0
BKF.US,5,20251125,194000,44.47,44.47,44.47,44.47,100,0
BKF.US,5,20251125,195500,44.45,44.45,44.45,44.45,100,0
BKF.US,5,20251125,201000,44.47,44.47,44.47,44.47,100,0
BKF.US,5,20251125,202000,44.46,44.46,44.46,44.46,100,0
BKF.US,5,20251125,203500,44.44,44.44,44.44,44.44,200,0
BKF.US,5,20251125,205000,44.46,44.46,44.46,44.46,100,0
BKF.US,5,20251125,210000,44.5,44.5,44.5,44.5,100,0
BKF.US,5,20251125,211500,44.48,44.48,44.48,44.48,200,0
BKF.US,5,20251125,213000,44.47,44.47,44.47,44.47,100,0
BKF.US,5,20251125,215000,44.554,44.554,44.545,44.545,1323,0
BKF.US,5,20251125,215500,44.49,44.49,44.49,44.49,100,0
BKF.US,5,20251126,160500,44.58,44.58,44.58,44.58,100,0
BKF.US,5,20251126,162000,44.58,44.58,44.57,44.57,791,0
BKF.US,5,20251126,174500,44.69,44.69,44.69,44.69,600,0
BKF.US,5,20251126,190500,44.72,44.72,44.7,44.7,207,0
BKF.US,5,20251126,191000,44.49,44.49,44.49,44.49,100,0
BKF.US,5,20251126,202500,44.64,44.64,44.64,44.64,100,0
BKF.US,5,20251126,205000,44.63,44.63,44.63,44.63,130,0
BKF.US,5,20251128,173000,44.7999,44.7999,44.77,44.77,200,0
BKF.US,5,20251201,161500,44.86,44.8601,44.86,44.8601,200,0
BKF.US,5,20251201,163000,44.8646,44.8646,44.8646,44.8646,100,0
BKF.US,5,20251201,171500,44.87,44.8701,44.8501,44.8501,325,0
BKF.US,5,20251201,173500,44.88,44.88,44.88,44.88,100,0
BKF.US,5,20251201,183000,44.92,44.92,44.92,44.92,100,0
BKF.US,5,20251201,210000,44.8799,44.8799,44.8799,44.8799,222,0
BKF.US,5,20251201,211000,44.8799,44.8799,44.8799,44.8799,100,0
BKF.US,5,20251201,212500,44.87,44.8755,44.87,44.8755,484,0
BKF.US,5,20251202,161000,44.6224,44.6224,44.6224,44.6224,150,0
BKF.US,5,20251202,162000,44.6,44.6,44.6,44.6,200,0
BKF.US,5,20251202,162500,44.6,44.6,44.6,44.6,5100,0
BKF.US,5,20251202,165500,44.6058,44.6058,44.6058,44.6058,115,0
BKF.US,5,20251202,171500,44.6,44.61,44.6,44.6,500,0
BKF.US,5,20251202,172000,44.6,44.605,44.6,44.6,13800,0
BKF.US,5,20251202,190000,44.64,44.64,44.64,44.64,200,0
BKF.US,5,20251202,200000,44.62,44.62,44.62,44.62,100,0
BKF.US,5,20251202,205500,44.64,44.64,44.64,44.64,100,0
BKF.US,5,20251203,153000,44.4,44.48,44.4,44.43,800,0
BKF.US,5,20251203,153500,44.4,44.4,44.4,44.4,500,0
BKF.US,5,20251203,183500,44.42,44.42,44.42,44.42,188,0
BKF.US,5,20251203,195000,44.3906,44.3906,44.3906,44.3906,150,0
BKF.US,5,20251203,200500,44.39,44.39,44.3701,44.3701,300,0
BKF.US,5,20251203,213000,44.42,44.42,44.42,44.42,200,0
BKF.US,5,20251204,170500,44.59,44.59,44.59,44.59,222,0
BKF.US,5,20251204,194000,44.640858,44.640858,44.640858,44.640858,127,0
BKF.US,5,20251204,195500,44.68,44.91,44.68,44.91,2316,0
BKF.US,5,20251204,200000,44.76,44.76,44.76,44.76,100,0
BKF.US,5,20251204,204500,44.72,44.72,44.72,44.72,200,0
BKF.US,5,20251204,210000,44.785,44.785,44.785,44.785,100,0
BKF.US,5,20251204,211000,44.79,44.795,44.79,44.7925,400,0
BKF.US,5,20251204,212000,44.79,44.795,44.79,44.795,200,0
BKF.US,5,20251204,212500,44.795,44.795,44.795,44.795,412,0
BKF.US,5,20251204,213000,44.79,44.79,44.79,44.79,200,0
BKF.US,5,20251204,214000,44.79,44.79,44.79,44.79,100,0
BKF.US,5,20251204,215500,44.75,44.75,44.75,44.75,273,0
BKF.US,5,20251205,153000,45,45,45,45,223,0
BKF.US,5,20251205,161000,45.105,45.105,45.105,45.105,191,0
BKF.US,5,20251205,170500,44.98,44.98,44.98,44.98,100,0
BKF.US,5,20251205,172000,44.9604,44.9604,44.9604,44.9604,642,0
BKF.US,5,20251205,184000,44.9025,44.915,44.89,44.89,300,0
BKF.US,5,20251205,192500,44.8,44.8,44.8,44.8,125,0
BKF.US,5,20251205,195000,44.86,44.86,44.86,44.86,100,0
BKF.US,5,20251205,200000,44.8,44.8,44.8,44.8,100,0
BKF.US,5,20251205,204000,44.7489,44.7489,44.7489,44.7489,304,0
BKF.US,5,20251205,215500,44.729,44.729,44.69,44.69,251,0
BKF.US,5,20251208,162000,44.38,44.38,44.38,44.38,100,0
BKF.US,5,20251208,175000,44.19,44.19,44.19,44.19,100,0
BKF.US,5,20251208,185000,44.185,44.19,44.185,44.19,200,0
BKF.US,5,20251208,192500,44.3527,44.3527,44.3527,44.3527,111,0
BKF.US,5,20251208,215500,44.25,44.25,44.25,44.25,138,0
BKF.US,5,20251209,162000,43.95,43.96,43.95,43.96,400,0
BKF.US,5,20251209,180500,43.95,43.95,43.95,43.95,8521,0
BKF.US,5,20251209,211000,43.97,43.97,43.97,43.97,905,0
BKF.US,5,20251209,215500,44.01,44.06,44.01,44.06,234,0
BKF.US,5,20251210,162500,44.1,44.1,44.1,44.1,1583,0
BKF.US,5,20251210,163000,44.095,44.095,44.095,44.095,327,0
BKF.US,5,20251210,171500,44.0241,44.0241,44.0241,44.0241,154,0
BKF.US,5,20251210,183000,44.0505,44.0505,44.0505,44.0505,250,0
BKF.US,5,20251210,184500,43.9901,43.9901,43.9901,43.9901,120,0
BKF.US,5,20251210,205500,44.15,44.15,44.15,44.15,100,0
BKF.US,5,20251210,210500,44.24,44.24,44.24,44.24,100,0
BKF.US,5,20251211,160000,43.89,43.89,43.89,43.89,100,0
BKF.US,5,20251211,162000,44.08,44.08,44.08,44.08,300,0
BKF.US,5,20251211,163500,44.11,44.11,44.11,44.11,398,0
BKF.US,5,20251211,175000,44.17,44.17,44.17,44.17,100,0
BKF.US,5,20251211,181500,44.18,44.18,44.18,44.18,100,0
BKF.US,5,20251211,182500,44.21,44.21,44.21,44.21,125,0
BKF.US,5,20251211,212500,44.2249,44.2249,44.2249,44.2249,122,0
BKF.US,5,20251211,214500,44.15,44.1501,44.1415,44.1415,900,0
BKF.US,5,20251212,155000,44.354,44.354,44.354,44.354,226,0
BKF.US,5,20251212,160000,44.35,44.35,44.35,44.35,100,0
BKF.US,5,20251212,161500,44.2801,44.2801,44.2801,44.2801,173,0
BKF.US,5,20251212,162500,44.16,44.16,44.16,44.16,110,0
BKF.US,5,20251212,180000,43.94,43.94,43.94,43.94,100,0
BKF.US,5,20251212,181000,44.01,44.05,44.01,44.05,300,0
BKF.US,5,20251212,185500,44.0813,44.0813,44.0813,44.0813,465,0
BKF.US,5,20251212,191000,44.06,44.06,44.06,44.06,100,0
BKF.US,5,20251212,195500,44.08,44.08,44.06,44.07,1400,0
BKF.US,5,20251212,214000,44.015,44.015,44.015,44.015,200,0
BKF.US,5,20251215,161500,43.98,43.98,43.98,43.98,113,0
BKF.US,5,20251215,171000,43.9701,43.9701,43.9701,43.9701,100,0
BKF.US,5,20251215,180500,43.9547,43.9547,43.9547,43.9547,100,0
BKF.US,5,20251215,181000,43.984,43.984,43.984,43.984,742,0
BKF.US,5,20251215,200500,43.91,43.99,43.9099,43.99,400,0
BKF.US,5,20251215,203000,43.95,43.95,43.95,43.95,110,0
BKF.US,5,20251215,212000,43.93,43.93,43.93,43.93,300,0
BKF.US,5,20251215,213000,43.97,43.97,43.97,43.97,419,0
BKF.US,5,20251215,214500,43.99,43.99,43.99,43.99,400,0
BKF.US,5,20251215,215000,43.99,43.99,43.99,43.99,400,0
BKF.US,5,20251216,153000,43.07,43.13,43.07,43.09,1100,0
BKF.US,5,20251216,153500,43.125,43.17,43.125,43.17,1100,0
BKF.US,5,20251216,160000,43.255,43.255,43.255,43.255,200,0
BKF.US,5,20251216,161000,43.21,43.23,43.21,43.23,300,0
BKF.US,5,20251216,162000,43.1,43.1,43.1,43.1,100,0
BKF.US,5,20251216,162500,43.165,43.165,43.165,43.165,200,0
BKF.US,5,20251216,163000,43.12,43.23,43.12,43.23,1526,0
BKF.US,5,20251216,163500,43.08,43.08,43.06,43.06,300,0
BKF.US,5,20251216,164000,43.1689,43.1689,43.1689,43.1689,145,0
BKF.US,5,20251216,165000,43.18,43.18,43.18,43.18,100,0
BKF.US,5,20251216,165500,43.19,43.19,43.19,43.19,400,0
BKF.US,5,20251216,170500,43.14,43.14,43.14,43.14,100,0
BKF.US,5,20251216,172500,43.13,43.13,43.13,43.13,100,0
BKF.US,5,20251216,173000,43.092,43.095,43.092,43.095,2000,0
BKF.US,5,20251216,173500,43.07,43.11,43.07,43.11,200,0
BKF.US,5,20251216,181000,43.16,43.16,43.16,43.16,300,0
BKF.US,5,20251216,182500,43.15,43.17,43.15,43.15,700,0
BKF.US,5,20251216,184000,43.15,43.15,43.15,43.15,200,0
BKF.US,5,20251216,185000,43.15,43.15,43.15,43.15,100,0
BKF.US,5,20251216,185500,43.07,43.07,43.07,43.07,100,0
BKF.US,5,20251216,190500,43.12,43.125,43.12,43.125,600,0
BKF.US,5,20251216,191000,43.12,43.12,43.12,43.12,100,0
BKF.US,5,20251216,191500,43.14,43.14,43.14,43.14,100,0
BKF.US,5,20251216,192000,43.13,43.15,43.13,43.15,950,0
BKF.US,5,20251216,192500,43.14,43.14,43.14,43.14,100,0
BKF.US,5,20251216,194000,43.19,43.19,43.19,43.19,200,0
BKF.US,5,20251216,195000,43.215,43.215,43.21,43.21,300,0
BKF.US,5,20251216,200000,43.19,43.19,43.19,43.19,100,0
BKF.US,5,20251216,200500,43.15,43.15,43.15,43.15,100,0
BKF.US,5,20251216,201000,43.145,43.145,43.145,43.145,100,0
BKF.US,5,20251216,201500,43.18,43.18,43.18,43.18,449,0
BKF.US,5,20251216,203000,43.17,43.17,43.17,43.17,105,0
BKF.US,5,20251216,203500,43.17,43.17,43.17,43.17,304,0
BKF.US,5,20251217,153000,43.475,43.475,43.475,43.475,100,0
BKF.US,5,20251217,153500,43.52,43.52,43.52,43.52,100,0
BKF.US,5,20251217,155500,43.47,43.47,43.47,43.47,100,0
BKF.US,5,20251217,161000,43.4599,43.4599,43.4599,43.4599,156,0
BKF.US,5,20251217,174500,43.2,43.2,43.2,43.2,151,0
BKF.US,5,20251217,180000,43.2,43.2,43.2,43.2,600,0
BKF.US,5,20251217,215000,43.21,43.21,43.18,43.2,1323,0
BKF.US,5,20251217,215500,43.16,43.16,43.16,43.16,962,0
BKF.US,5,20251218,154500,43.445,43.445,43.445,43.445,119,0
BKF.US,5,20251218,160500,43.55,43.55,43.55,43.55,900,0
BKF.US,5,20251218,161000,43.56,43.56,43.56,43.56,872,0
BKF.US,5,20251218,162000,43.46,43.48,43.46,43.48,800,0
BKF.US,5,20251218,165000,43.62,43.62,43.62,43.62,100,0
BKF.US,5,20251218,173500,43.615,43.615,43.615,43.615,112,0
BKF.US,5,20251218,190000,43.46,43.46,43.46,43.46,1200,0
BKF.US,5,20251218,191000,43.4816,43.4816,43.4816,43.4816,140,0
BKF.US,5,20251218,192000,43.575,43.575,43.575,43.575,200,0
BKF.US,5,20251218,194000,43.61,43.64,43.61,43.625,1300,0
BKF.US,5,20251218,211000,43.5492,43.5492,43.5492,43.5492,100,0
BKF.US,5,20251218,215500,43.49,43.49,43.49,43.49,233,0
BKF.US,5,20251219,155000,44,44,44,44,276,0
BKF.US,5,20251219,160000,44.005,44.005,44.005,44.005,980,0
BKF.US,5,20251219,160500,44.11,44.15,44.11,44.15,400,0
BKF.US,5,20251219,161000,44.15,44.15,44.15,44.15,200,0
BKF.US,5,20251219,161500,44.19,44.22,44.18,44.18,1709,0
BKF.US,5,20251219,170500,44.06,44.06,44.06,44.06,100,0
BKF.US,5,20251219,193000,44.038,44.038,44.038,44.038,642,0
BKF.US,5,20251219,202500,44.055,44.055,44.055,44.055,250,0
BKF.US,5,20251219,204500,44.0668,44.14,44.0668,44.14,404,0
BKF.US,5,20251219,205500,44.055,44.055,44.055,44.055,100,0
BKF.US,5,20251222,161500,43.8002,43.8002,43.8002,43.8002,454,0
BKF.US,5,20251222,164000,44.04,44.04,44.04,44.04,100,0
BKF.US,5,20251222,164500,44.05,44.05,44.05,44.05,390,0
BKF.US,5,20251222,180500,44,44,44,44,500,0
BKF.US,5,20251222,184000,44.1,44.1,44.1,44.1,100,0
BKF.US,5,20251222,190000,44.14,44.14,44.14,44.14,100,0
BKF.US,5,20251222,191500,44.0588,44.0588,44.0588,44.0588,114,0
BKF.US,5,20251222,192000,43.9801,43.9801,43.9801,43.9801,200,0
BKF.US,5,20251223,153500,43.87,43.93,43.87,43.93,2100,0
BKF.US,5,20251223,155500,43.91,43.91,43.91,43.91,800,0
BKF.US,5,20251223,172500,43.8501,43.8501,43.8501,43.8501,1018,0
BKF.US,5,20251223,180000,43.884,43.884,43.884,43.884,100,0
BKF.US,5,20251223,200500,44.09,44.11,44.09,44.11,300,0
BKF.US,5,20251223,211000,44.03,44.03,43.99,44,5700,0
BKF.US,5,20251223,213000,44.12,44.12,43.99,44,2525,0
BKF.US,5,20251223,214500,43.99,44.0284,43.99,44.0284,1211,0
BKF.US,5,20251223,215500,43.98,43.98,43.98,43.98,103,0
BKF.US,5,20251224,162500,43.91,43.95,43.89,43.95,650,0
BKF.US,5,20251224,174000,43.91,43.9401,43.9,43.9,2920,0
BKF.US,5,20251226,153000,44.05,44.05,44.05,44.05,100,0
BKF.US,5,20251226,154000,44.11,44.11,44.11,44.11,200,0
BKF.US,5,20251226,155500,44.14,44.14,44.14,44.14,300,0
BKF.US,5,20251226,162000,44.21,44.21,44.21,44.21,108,0
BKF.US,5,20251226,163000,44.27,44.27,44.27,44.27,549,0
BKF.US,5,20251226,170500,44.25,44.25,44.23,44.23,386,0
BKF.US,5,20251226,173000,44.22,44.22,44.22,44.22,693,0
BKF.US,5,20251226,190500,44.25,44.25,44.25,44.25,155,0
BKF.US,5,20251226,191500,44.2001,44.2001,44.2001,44.2001,794,0
BKF.US,5,20251226,194500,44.24,44.24,44.24,44.24,159,0
BKF.US,5,20251226,195500,44.26,44.26,44.26,44.26,197,0
BKF.US,5,20251226,203500,44.24,44.24,44.24,44.24,172,0
BKF.US,5,20251226,211500,44.27,44.27,44.27,44.27,120,0
BKF.US,5,20251226,212000,44.2409,44.2409,44.2409,44.2409,168,0
BKF.US,5,20251229,160000,43.57,43.57,43.57,43.57,100,0
BKF.US,5,20251229,172000,43.54,43.54,43.54,43.54,100,0
BKF.US,5,20251229,202500,43.59,43.59,43.59,43.59,460,0
BKF.US,5,20251229,203000,43.5674,43.5674,43.5674,43.5674,147,0
BKF.US,5,20251229,212500,43.64,43.6501,43.64,43.64,1100,0
BKF.US,5,20251229,213500,43.6,43.6,43.6,43.6,100,0
BKF.US,5,20251230,155500,43.87,43.87,43.87,43.87,100,0
BKF.US,5,20251230,170000,43.9,43.9,43.9,43.9,200,0
BKF.US,5,20251230,182500,43.9001,43.9001,43.9,43.9,200,0
BKF.US,5,20251230,184000,43.9,43.9,43.9,43.9,100,0
BKF.US,5,20251231,162000,43.72,43.72,43.72,43.72,1120,0
BKF.US,5,20251231,163000,43.74,43.74,43.67,43.67,432,0
BKF.US,5,20251231,170500,43.71,43.71,43.71,43.71,170,0
BKF.US,5,20251231,172500,43.726,43.726,43.726,43.726,530,0
BKF.US,5,20251231,190500,43.74,43.74,43.74,43.74,337,0
BKF.US,5,20251231,212500,43.779608,43.779608,43.779608,43.779608,100,0
BKF.US,5,20251231,213000,43.79,43.79,43.79,43.79,100,0
BKF.US,5,20260102,153000,44.74,44.74,44.74,44.74,100,0
BKF.US,5,20260102,153500,44.675,44.675,44.675,44.675,248,0
BKF.US,5,20260102,155000,44.71,44.71,44.71,44.71,145,0
BKF.US,5,20260102,155500,44.79,44.79,44.79,44.79,100,0
BKF.US,5,20260102,160000,44.83,44.83,44.83,44.83,348,0
BKF.US,5,20260102,161000,44.82,44.82,44.72,44.7201,1148,0
BKF.US,5,20260102,162000,44.79,44.79,44.79,44.79,200,0
BKF.US,5,20260102,162500,44.78,44.78,44.78,44.78,348,0
BKF.US,5,20260102,163500,44.82,44.82,44.81,44.815,348,0
BKF.US,5,20260102,165000,44.73,44.77,44.73,44.77,448,0
BKF.US,5,20260102,170500,44.76,44.76,44.76,44.76,348,0
BKF.US,5,20260102,171500,44.8,44.8,44.8,44.8,348,0
BKF.US,5,20260102,173000,44.79,44.79,44.79,44.79,100,0
BKF.US,5,20260102,173500,44.83,44.83,44.83,44.83,348,0
BKF.US,5,20260102,174500,44.83,44.83,44.83,44.83,553,0
BKF.US,5,20260102,175000,44.83,44.83,44.83,44.83,604,0
BKF.US,5,20260102,181500,44.86,44.86,44.86,44.86,100,0
BKF.US,5,20260102,182000,44.93,44.93,44.91,44.91,348,0
BKF.US,5,20260102,183000,44.83,44.83,44.83,44.83,200,0
BKF.US,5,20260102,183500,44.92,44.92,44.92,44.92,348,0
BKF.US,5,20260102,185000,44.89,44.89,44.89,44.89,348,0
BKF.US,5,20260102,191000,44.87,44.87,44.87,44.87,348,0
BKF.US,5,20260102,193000,44.87,44.87,44.8435,44.845,724,0
BKF.US,5,20260102,194500,44.84,44.84,44.82,44.82,774,0
BKF.US,5,20260102,202500,44.84,44.84,44.84,44.84,100,0
BKF.US,5,20260102,204500,44.94,44.94,44.9,44.94,348,0
BKF.US,5,20260102,210500,44.91,44.91,44.91,44.91,348,0
BKF.US,5,20260102,212000,44.93,44.93,44.8401,44.8401,242,0
BKF.US,5,20260102,212500,44.97,44.97,44.94,44.94,348,0
BKF.US,5,20260102,213500,44.97,44.97,44.97,44.97,100,0
BKF.US,5,20260102,214000,44.94,44.94,44.94,44.94,348,0
BKF.US,5,20260102,215000,44.93,44.93,44.93,44.93,348,0
BKF.US,5,20260102,215500,44.91,44.94,44.91,44.94,729,0
BKF.US,5,20260105,155000,44.6728,44.6728,44.6728,44.6728,100,0
BKF.US,5,20260105,160500,44.6,44.6,44.6,44.6,166,0
BKF.US,5,20260105,161000,44.628,44.628,44.628,44.628,138,0
BKF.US,5,20260105,162000,44.67,44.67,44.67,44.67,224,0
BKF.US,5,20260105,173000,44.9199,44.9199,44.8469,44.865,375,0
BKF.US,5,20260105,180500,45,45,44.97,44.97,1230,0
BKF.US,5,20260105,181000,44.97,44.97,44.97,44.97,100,0
BKF.US,5,20260105,181500,44.975,44.975,44.975,44.975,100,0
BKF.US,5,20260105,190500,45.025,45.025,45.025,45.025,113,0
BKF.US,5,20260105,201000,45.082,45.082,45.082,45.082,100,0
BKF.US,5,20260105,212000,45.03,45.03,45.03,45.03,100,0
BKF.US,5,20260105,214500,45.125,45.14,45.11,45.14,1258,0
BKF.US,5,20260105,215000,45.11,45.11,45.11,45.11,100,0
BKF.US,5,20260105,215500,45.17,45.17,45.17,45.17,165,0
BKF.US,5,20260106,161500,45.355,45.38,45.355,45.38,1142,0
BKF.US,5,20260106,162000,45.28,45.28,45.28,45.28,100,0
BKF.US,5,20260106,162500,45.44,45.44,45.44,45.44,110,0
BKF.US,5,20260106,165000,45.35,45.35,45.35,45.35,243,0
BKF.US,5,20260106,170000,45.3399,45.3399,45.3399,45.3399,400,0
BKF.US,5,20260106,171500,45.242,45.242,45.242,45.242,1076,0
BKF.US,5,20260106,175500,45.218,45.218,45.218,45.218,150,0
BKF.US,5,20260106,180500,45.2,45.2,45.2,45.2,100,0
BKF.US,5,20260106,190000,45.164,45.164,45.164,45.164,200,0
BKF.US,5,20260106,192500,45.2,45.2,45.2,45.2,197,0
BKF.US,5,20260106,200000,45.147,45.147,45.147,45.147,793,0
BKF.US,5,20260106,200500,45.146,45.146,45.14,45.14,241,0
BKF.US,5,20260106,201000,45.1352,45.14,45.1352,45.14,733,0
BKF.US,5,20260106,201500,45.1352,45.1352,45.1352,45.1352,100,0
BKF.US,5,20260106,211500,45.15,45.15,45.15,45.15,715,0
BKF.US,5,20260106,213500,45.04,45.04,45.04,45.04,581,0
BKF.US,5,20260106,215000,45.1003,45.1003,45.1003,45.1003,175,0
BKF.US,5,20260107,154000,44.7513,44.7513,44.7513,44.7513,100,0
BKF.US,5,20260107,162000,44.8183,44.8183,44.8183,44.8183,200,0
BKF.US,5,20260107,164000,44.83,44.83,44.83,44.83,225,0
BKF.US,5,20260107,164500,44.846,44.846,44.846,44.846,200,0
BKF.US,5,20260107,173000,44.9,44.9,44.9,44.9,100,0
BKF.US,5,20260107,174000,44.95,44.95,44.95,44.95,100,0
BKF.US,5,20260107,175000,44.896,44.896,44.896,44.896,100,0
BKF.US,5,20260107,180500,44.885,44.885,44.885,44.885,300,0
BKF.US,5,20260107,183500,44.8287,44.8287,44.8287,44.8287,100,0
BKF.US,5,20260107,204000,44.8661,44.8661,44.8661,44.8661,120,0
BKF.US,5,20260107,214500,44.815,44.815,44.815,44.815,170,0
BKF.US,5,20260107,215000,44.82,44.82,44.82,44.82,220,0
BKF.US,5,20260107,215500,44.809,44.809,44.809,44.809,325,0
BKF.US,5,20260108,172000,44.687915,44.687915,44.687915,44.687915,100,0
BKF.US,5,20260108,173500,44.7,44.7,44.7,44.7,100,0
BKF.US,5,20260108,181000,44.7052,44.7052,44.7052,44.7052,122,0
BKF.US,5,20260108,183500,44.8,44.8,44.8,44.8,175,0
BKF.US,5,20260108,184000,44.76,44.8,44.7101,44.7101,586,0
BKF.US,5,20260108,201500,44.708,44.708,44.708,44.708,100,0
BKF.US,5,20260108,202500,44.708,44.708,44.708,44.708,100,0
BKF.US,5,20260108,203500,44.71,44.71,44.71,44.71,100,0
BKF.US,5,20260108,212000,44.8,44.8,44.8,44.8,100,0
BKF.US,5,20260109,160500,44.43,44.475,44.43,44.475,406,0
BKF.US,5,20260109,162000,44.58,44.58,44.58,44.58,105,0
BKF.US,5,20260109,163000,44.65,44.65,44.65,44.65,107,0
BKF.US,5,20260109,165500,44.63,44.63,44.63,44.63,105,0
BKF.US,5,20260109,170000,44.62,44.65,44.62,44.65,800,0
BKF.US,5,20260109,172500,44.605,44.66,44.605,44.6226,2300,0
BKF.US,5,20260109,173500,44.6462,44.68,44.6462,44.68,303,0
BKF.US,5,20260109,174000,44.7,44.7,44.7,44.7,192,0
BKF.US,5,20260109,182500,44.7072,44.7072,44.7072,44.7072,100,0
BKF.US,5,20260109,183000,44.73,44.73,44.73,44.73,105,0
BKF.US,5,20260109,184500,44.72,44.72,44.665,44.665,205,0
BKF.US,5,20260109,185000,44.6957,44.6957,44.6957,44.6957,100,0
BKF.US,5,20260109,192000,44.69,44.69,44.69,44.69,105,0
BKF.US,5,20260109,192500,44.6606,44.6606,44.6606,44.6606,250,0
BKF.US,5,20260109,193000,44.71,44.71,44.71,44.71,105,0
BKF.US,5,20260109,194000,44.76,44.76,44.76,44.76,100,0
BKF.US,5,20260109,200000,44.695,44.695,44.695,44.695,200,0
BKF.US,5,20260109,200500,44.695,44.695,44.695,44.695,1406,0
BKF.US,5,20260109,202000,44.72,44.72,44.72,44.72,108,0
BKF.US,5,20260109,203000,44.71,44.71,44.71,44.71,105,0
BKF.US,5,20260109,210000,44.72,44.72,44.72,44.72,108,0
BKF.US,5,20260109,211500,44.72,44.72,44.72,44.72,105,0
BKF.US,5,20260109,212500,44.74,44.74,44.74,44.74,105,0
BKF.US,5,20260109,214000,44.72,44.72,44.72,44.72,105,0
BKF.US,5,20260109,214500,44.72,44.72,44.72,44.72,105,0
BKF.US,5,20260109,215500,44.72,44.72,44.72,44.72,144,0
BKF.US,5,20260112,154000,45.1,45.1,45.1,45.1,254,0
BKF.US,5,20260112,160000,45.1,45.1,45.1,45.1,842,0
BKF.US,5,20260112,161500,45.26,45.26,45.26,45.26,1000,0
BKF.US,5,20260112,164000,45.3297,45.3297,45.3297,45.3297,200,0
BKF.US,5,20260112,182000,45.4401,45.5,45.44,45.5,642,0
BKF.US,5,20260112,183500,45.54,45.54,45.54,45.54,1474,0
BKF.US,5,20260112,184500,45.51,45.53,45.51,45.53,356,0
BKF.US,5,20260112,190000,45.5578,45.5578,45.5578,45.5578,100,0
BKF.US,5,20260112,192500,45.505,45.505,45.505,45.505,100,0
BKF.US,5,20260112,195000,45.5336,45.5336,45.5336,45.5336,100,0
BKF.US,5,20260112,203000,45.61,45.61,45.61,45.61,592,0
BKF.US,5,20260112,211000,45.54,45.54,45.54,45.54,100,0
BKF.US,5,20260112,213000,45.58,45.58,45.58,45.58,100,0
BKF.US,5,20260113,160000,45.015,45.015,45.015,45.015,821,0
BKF.US,5,20260113,165500,45.185,45.185,45.185,45.185,200,0
BKF.US,5,20260113,183000,45.2,45.2,45.185,45.19,320,0
BKF.US,5,20260113,185500,45.12,45.12,45.12,45.12,223,0
BKF.US,5,20260113,190500,45.15,45.15,45.105,45.11,509,0
BKF.US,5,20260113,191000,45.114,45.114,45.11,45.11,650,0
BKF.US,5,20260113,191500,45.12,45.12,45.12,45.12,700,0
BKF.US,5,20260113,192000,45.125,45.125,45.125,45.125,100,0
BKF.US,5,20260113,192500,45.12,45.12,45.12,45.12,485,0
BKF.US,5,20260113,193500,45.13,45.13,45.13,45.13,120,0
BKF.US,5,20260113,210000,45.1785,45.1785,45.115,45.115,560,0
BKF.US,5,20260113,211000,45.17,45.17,45.17,45.17,569,0
BKF.US,5,20260113,213000,45.1,45.1,45.1,45.1,374,0
BKF.US,5,20260114,153000,44.995,45,44.99,44.99,400,0
BKF.US,5,20260114,200000,45.15,45.15,45.15,45.15,495,0
BKF.US,5,20260114,211500,45.2,45.2,45.19,45.2,830,0
BKF.US,5,20260115,155500,45.1,45.1,45.1,45.1,100,0
BKF.US,5,20260115,162000,45.0494,45.0494,45.0494,45.0494,110,0
BKF.US,5,20260115,170000,45.153,45.153,45.153,45.153,102,0
BKF.US,5,20260115,181000,45.2001,45.2001,45.2001,45.2001,500,0
BKF.US,5,20260115,192000,45.32,45.32,45.32,45.32,675,0
BKF.US,5,20260115,195500,45.2949,45.2949,45.2949,45.2949,400,0
BKF.US,5,20260115,200000,45.285,45.285,45.285,45.285,175,0
BKF.US,5,20260115,214500,45.188,45.188,45.188,45.188,100,0
BKF.US,5,20260116,182500,44.57,44.57,44.515,44.515,2094,0
BKF.US,5,20260116,193500,44.5801,44.5801,44.58,44.58,200,0
BKF.US,5,20260116,200000,44.52,44.5201,44.52,44.5201,400,0
BKF.US,5,20260116,201000,44.65,44.65,44.65,44.65,225,0
BKF.US,5,20260120,170500,44.25,44.25,44.25,44.25,149,0
BKF.US,5,20260120,172500,44.216,44.216,44.216,44.216,500,0
BKF.US,5,20260120,193000,44.1895,44.1895,44.1895,44.1895,100,0
BKF.US,5,20260120,203000,44.04,44.04,44.04,44.04,175,0
BKF.US,5,20260120,203500,43.9925,43.9925,43.9925,43.9925,310,0
BKF.US,5,20260120,213500,44.05,44.05,44.05,44.05,375,0
BKF.US,5,20260120,214000,44.05,44.05,44.05,44.05,227,0
BKF.US,5,20260121,162500,44.4699,44.4699,44.4699,44.4699,100,0
BKF.US,5,20260121,170500,44.45,44.48,44.45,44.48,200,0
BKF.US,5,20260121,213500,44.457,44.457,44.457,44.457,100,0
BKF.US,5,20260122,153000,44.87,44.87,44.7665,44.7665,275,0
BKF.US,5,20260122,153500,44.92,44.92,44.92,44.92,100,0
BKF.US,5,20260122,163500,45.01,45.01,45.01,45.01,100,0
BKF.US,5,20260122,164500,45.04,45.04,45.04,45.04,100,0
BKF.US,5,20260122,165000,45.06,45.06,45.06,45.06,100,0
BKF.US,5,20260122,170500,45.06,45.06,45.06,45.06,100,0
BKF.US,5,20260122,171000,45.01,45.01,45.01,45.01,100,0
BKF.US,5,20260122,171500,45.04,45.04,45.04,45.04,113,0
BKF.US,5,20260122,172000,44.94,44.94,44.94,44.94,100,0
BKF.US,5,20260122,172500,45.06,45.06,45.06,45.06,100,0
BKF.US,5,20260122,173500,45.02,45.02,45.02,45.02,113,0
BKF.US,5,20260122,174500,45.07,45.07,44.96,44.96,213,0
BKF.US,5,20260122,175000,45.09,45.09,45.09,45.09,100,0
BKF.US,5,20260122,180000,44.95,45.05,44.95,45.05,213,0
BKF.US,5,20260122,181000,45.09,45.09,45.09,45.09,100,0
BKF.US,5,20260122,182000,45.03,45.03,45.03,45.03,112,0
BKF.US,5,20260122,182500,45.05,45.05,45.05,45.05,100,0
BKF.US,5,20260122,183000,44.95,44.95,44.95,44.95,100,0
BKF.US,5,20260122,184500,45.07,45.07,45.07,45.07,112,0
BKF.US,5,20260122,185500,45.07,45.07,45.07,45.07,100,0
BKF.US,5,20260122,190000,45.0699,45.0699,45.0699,45.0699,485,0
BKF.US,5,20260122,191000,45.05,45.05,45.05,45.05,113,0
BKF.US,5,20260122,192000,45.05,45.05,45.05,45.05,100,0
BKF.US,5,20260122,193000,44.94,44.94,44.94,44.94,100,0
BKF.US,5,20260122,193500,45.03,45.03,45.03,45.03,100,0
BKF.US,5,20260122,194500,45.03,45.03,45.03,45.03,113,0
BKF.US,5,20260122,195000,44.92,44.92,44.92,44.92,100,0
BKF.US,5,20260122,195500,45.04,45.04,44.9899,44.9899,213,0
BKF.US,5,20260122,200500,45.06,45.06,44.94,44.94,529,0
BKF.US,5,20260122,201000,45.05,45.05,45.05,45.05,100,0
BKF.US,5,20260122,202000,45.02,45.02,45.02,45.02,100,0
BKF.US,5,20260122,202500,44.94,44.94,44.94,44.94,100,0
BKF.US,5,20260122,203500,45.02,45.02,45.02,45.02,100,0
BKF.US,5,20260122,204500,44.92,44.92,44.92,44.92,100,0
BKF.US,5,20260122,210500,44.97,44.97,44.88,44.88,200,0
BKF.US,5,20260122,211500,44.85,44.85,44.85,44.85,100,0
BKF.US,5,20260122,212000,44.96,44.96,44.96,44.96,100,0
BKF.US,5,20260122,213000,44.84,44.895,44.84,44.895,550,0
BKF.US,5,20260122,213500,44.95,44.95,44.95,44.95,100,0
BKF.US,5,20260122,214000,44.82,44.82,44.82,44.82,100,0
BKF.US,5,20260122,214500,44.93,44.93,44.93,44.93,112,0
BKF.US,5,20260122,215500,44.82,44.82,44.82,44.82,100,0
BKF.US,5,20260123,155500,44.525,44.525,44.525,44.525,200,0
BKF.US,5,20260123,162000,44.5701,44.5701,44.5701,44.5701,251,0
BKF.US,5,20260123,164000,44.635,44.66,44.635,44.66,278,0
BKF.US,5,20260123,164500,44.6,44.6201,44.6,44.6201,200,0
BKF.US,5,20260123,165000,44.62,44.62,44.62,44.62,300,0
BKF.US,5,20260123,170000,44.67,44.67,44.67,44.67,200,0
BKF.US,5,20260123,172500,44.625,44.625,44.625,44.625,340,0
BKF.US,5,20260123,174000,44.71,44.71,44.71,44.71,153,0
BKF.US,5,20260123,180500,44.7,44.7,44.7,44.7,176,0
BKF.US,5,20260123,181500,44.74,44.74,44.74,44.74,100,0
BKF.US,5,20260123,182500,44.71,44.71,44.71,44.71,122,0
BKF.US,5,20260123,183000,44.76,44.76,44.76,44.76,187,0
BKF.US,5,20260123,184000,44.7,44.7,44.7,44.7,100,0
BKF.US,5,20260123,185500,44.67,44.67,44.67,44.67,200,0
BKF.US,5,20260123,191000,44.7,44.7,44.7,44.7,200,0
BKF.US,5,20260123,193500,44.75,44.75,44.75,44.75,196,0
BKF.US,5,20260123,194500,44.75,44.75,44.75,44.75,100,0
BKF.US,5,20260123,195500,44.76,44.76,44.76,44.76,100,0
BKF.US,5,20260123,201000,44.76,44.76,44.76,44.76,100,0
BKF.US,5,20260123,203000,44.79,44.79,44.79,44.79,200,0
BKF.US,5,20260123,204000,44.78,44.78,44.78,44.78,177,0
BKF.US,5,20260123,205500,44.79,44.79,44.79,44.79,100,0
BKF.US,5,20260123,210000,44.79,44.79,44.79,44.79,100,0
BKF.US,5,20260123,211000,44.79,44.79,44.79,44.79,100,0
BKF.US,5,20260123,212000,44.83,44.83,44.83,44.83,100,0
BKF.US,5,20260123,212500,44.82,44.82,44.82,44.82,100,0
BKF.US,5,20260123,213500,44.81,44.81,44.81,44.81,100,0
BKF.US,5,20260123,214500,44.84,44.84,44.7836,44.7836,300,0
BKF.US,5,20260123,215000,44.81,44.81,44.81,44.81,100,0
BKF.US,5,20260123,215500,44.807,44.807,44.807,44.807,121,0
