<TICKER>,<PER>,<DATE>,<TIME>,<OPEN>,<HIGH>,<LOW>,<CLOSE>,<VOL>,<OPENINT>
DFVE.US,5,20250829,154000,31.27,31.53,31.27,31.53,5736,0
DFVE.US,5,20250829,160500,31.17,31.17,31.17,31.17,114,0
DFVE.US,5,20250829,170000,31.08,31.08,31.08,31.08,200,0
DFVE.US,5,20250829,180500,31.12,31.12,31.12,31.12,3705,0
DFVE.US,5,20250829,181000,31.12,31.12,31.12,31.12,1791,0
DFVE.US,5,20250829,191000,31.12,31.12,31.12,31.12,100,0
DFVE.US,5,20250829,201000,31.115,31.115,31.115,31.115,100,0
DFVE.US,5,20250902,180000,30.77,30.77,30.77,30.77,200,0
DFVE.US,5,20250902,182500,30.78,30.78,30.78,30.78,100,0
DFVE.US,5,20250902,183000,30.79,30.79,30.79,30.79,408,0
DFVE.US,5,20250902,183500,30.78,30.78,30.74,30.78,1700,0
DFVE.US,5,20250902,192500,30.82,30.82,30.82,30.82,200,0
DFVE.US,5,20250902,193000,30.82,30.83,30.82,30.83,1546,0
DFVE.US,5,20250902,202500,30.86,30.86,30.82,30.83,933,0
DFVE.US,5,20250902,203500,30.9095,30.9095,30.9095,30.9095,105,0
DFVE.US,5,20250902,212000,30.88,30.9,30.88,30.88,400,0
DFVE.US,5,20250902,213000,30.91,30.91,30.91,30.91,100,0
DFVE.US,5,20250902,214000,30.93,30.93,30.93,30.93,100,0
DFVE.US,5,20250902,214500,30.92,30.92,30.92,30.92,100,0
DFVE.US,5,20250902,215500,30.96,30.96,30.93,30.96,300,0
DFVE.US,5,20250903,184000,30.88,30.88,30.88,30.88,340,0
DFVE.US,5,20250903,190500,30.8501,30.88,30.85,30.88,1264,0
DFVE.US,5,20250903,205500,30.89,30.89,30.89,30.89,537,0
DFVE.US,5,20250903,210500,30.87,30.88,30.87,30.88,340,0
DFVE.US,5,20250904,172500,31.1,31.1,31.1,31.1,828,0
DFVE.US,5,20250904,173000,31.09,31.09,31.09,31.09,127,0
DFVE.US,5,20250904,173500,31.09,31.1,31.09,31.1,254,0
DFVE.US,5,20250904,174000,31.1,31.1,31.1,31.1,382,0
DFVE.US,5,20250904,174500,31.1,31.1,31.1,31.1,255,0
DFVE.US,5,20250904,175000,31.11,31.11,31.11,31.11,510,0
DFVE.US,5,20250904,175500,31.1,31.13,31.1,31.13,2305,0
DFVE.US,5,20250904,180000,31.105,31.13,31.105,31.13,355,0
DFVE.US,5,20250904,180500,31.14,31.14,31.14,31.14,400,0
DFVE.US,5,20250904,181000,31.14,31.14,31.14,31.14,191,0
DFVE.US,5,20250904,181500,31.14,31.14,31.14,31.14,509,0
DFVE.US,5,20250904,182000,31.14,31.14,31.14,31.14,508,0
DFVE.US,5,20250904,184500,31.11,31.11,31.11,31.11,2500,0
DFVE.US,5,20250904,190500,31.07,31.07,31.07,31.07,585,0
DFVE.US,5,20250904,201500,31.0901,31.0901,31.0901,31.0901,122,0
DFVE.US,5,20250904,215500,31.24,31.24,31.24,31.24,600,0
DFVE.US,5,20250905,175500,31.13,31.13,31.13,31.13,100,0
DFVE.US,5,20250905,180500,31.14,31.14,31.14,31.14,1256,0
DFVE.US,5,20250905,182000,31.14,31.14,31.14,31.14,100,0
DFVE.US,5,20250905,194000,31.07,31.07,31.07,31.07,100,0
DFVE.US,5,20250905,211500,31.195,31.195,31.195,31.195,281,0
DFVE.US,5,20250908,163500,31.08,31.09,31.08,31.09,300,0
DFVE.US,5,20250908,173000,31.17,31.17,31.17,31.17,803,0
DFVE.US,5,20250908,181000,31.14,31.14,31.14,31.14,110,0
DFVE.US,5,20250908,181500,31.125,31.125,31.125,31.125,100,0
DFVE.US,5,20250908,182500,31.1,31.1,31.1,31.1,100,0
DFVE.US,5,20250908,195000,31.11,31.11,31.11,31.11,100,0
DFVE.US,5,20250908,215500,31.26,31.26,31.26,31.26,100,0
DFVE.US,5,20250909,155500,31.1101,31.1101,31.1101,31.1101,125,0
DFVE.US,5,20250909,160500,31.2099,31.2099,31.2099,31.2099,220,0
DFVE.US,5,20250909,162000,31.1245,31.1245,31.1245,31.1245,100,0
DFVE.US,5,20250909,164500,31.1,31.1,31.1,31.1,903,0
DFVE.US,5,20250909,184000,31.1055,31.1089,31.1055,31.1089,272,0
DFVE.US,5,20250909,184500,31.14,31.14,31.1,31.1,4406,0
DFVE.US,5,20250910,164500,31.11,31.11,31.11,31.11,115,0
DFVE.US,5,20250910,173500,31.09,31.09,31.09,31.09,213,0
DFVE.US,5,20250910,174500,31.13,31.13,31.13,31.13,213,0
DFVE.US,5,20250910,175000,31.13,31.13,31.13,31.13,284,0
DFVE.US,5,20250910,175500,31.13,31.13,31.13,31.13,284,0
DFVE.US,5,20250910,180000,31.14,31.14,31.14,31.14,175,0
DFVE.US,5,20250910,180500,31.14,31.14,31.14,31.14,355,0
DFVE.US,5,20250910,181000,31.14,31.14,31.14,31.14,180,0
DFVE.US,5,20250910,181500,31.14,31.14,31.14,31.14,175,0
DFVE.US,5,20250910,182000,31.14,31.14,31.14,31.14,380,0
DFVE.US,5,20250910,183000,31.08,31.08,31.08,31.08,672,0
DFVE.US,5,20250910,184000,31.08,31.08,31.08,31.08,175,0
DFVE.US,5,20250910,184500,31.08,31.08,31.08,31.08,355,0
DFVE.US,5,20250910,185000,31.1,31.1,31.1,31.1,355,0
DFVE.US,5,20250910,190000,31.12,31.15,31.1,31.15,460,0
DFVE.US,5,20250910,190500,31.16,31.16,31.16,31.16,285,0
DFVE.US,5,20250910,191000,31.14,31.14,31.14,31.14,210,0
DFVE.US,5,20250910,191500,31.14,31.14,31.14,31.14,144,0
DFVE.US,5,20250910,192000,31.12,31.12,31.12,31.12,115,0
DFVE.US,5,20250910,192500,31.09,31.09,31.09,31.09,100,0
DFVE.US,5,20250910,193500,31.09,31.11,31.075,31.11,345,0
DFVE.US,5,20250910,215500,31.17,31.17,31.17,31.17,100,0
DFVE.US,5,20250911,171000,31.4499,31.4499,31.4499,31.4499,100,0
DFVE.US,5,20250911,175500,31.44,31.44,31.44,31.44,2503,0
DFVE.US,5,20250911,184500,31.44,31.44,31.44,31.44,100,0
DFVE.US,5,20250911,185500,31.4999,31.4999,31.4999,31.4999,300,0
DFVE.US,5,20250911,212500,31.53,31.53,31.53,31.53,697,0
DFVE.US,5,20250911,214000,31.57,31.57,31.57,31.57,541,0
DFVE.US,5,20250912,171000,31.4499,31.4499,31.4499,31.4499,150,0
DFVE.US,5,20250912,171500,31.4399,31.4399,31.4399,31.4399,150,0
DFVE.US,5,20250912,173000,31.4299,31.4299,31.4299,31.4299,100,0
DFVE.US,5,20250912,185500,31.3601,31.43,31.3601,31.43,4552,0
DFVE.US,5,20250912,193500,31.37,31.3701,31.37,31.3701,438,0
DFVE.US,5,20250912,201000,31.41,31.41,31.41,31.41,2295,0
DFVE.US,5,20250912,214500,31.39,31.39,31.38,31.39,2100,0
DFVE.US,5,20250915,175500,31.25,31.25,31.25,31.25,787,0
DFVE.US,5,20250915,205500,31.265,31.265,31.265,31.265,100,0
DFVE.US,5,20250916,174000,31.07,31.07,31.07,31.07,835,0
DFVE.US,5,20250916,184500,31.13,31.13,31.12,31.13,2037,0
DFVE.US,5,20250917,173500,31.409,31.409,31.409,31.409,100,0
DFVE.US,5,20250917,180500,31.39,31.39,31.39,31.39,2007,0
DFVE.US,5,20250917,184500,31.38,31.38,31.38,31.38,800,0
DFVE.US,5,20250917,191500,31.31,31.37,31.31,31.37,1400,0
DFVE.US,5,20250917,192000,31.3,31.3,31.3,31.3,100,0
DFVE.US,5,20250917,202500,31.519,31.519,31.5042,31.5042,308,0
DFVE.US,5,20250917,212500,31.31,31.31,31.3099,31.3099,338,0
DFVE.US,5,20250918,173000,31.3911,31.3911,31.3911,31.3911,160,0
DFVE.US,5,20250918,174500,31.4272,31.4272,31.4272,31.4272,100,0
DFVE.US,5,20250918,181000,31.41,31.41,31.41,31.41,3336,0
DFVE.US,5,20250919,184000,31.31,31.31,31.31,31.31,1946,0
DFVE.US,5,20250919,184500,31.35,31.35,31.35,31.35,900,0
DFVE.US,5,20250919,201000,31.32,31.32,31.32,31.32,648,0
DFVE.US,5,20250919,203500,31.31,31.31,31.31,31.31,186,0
DFVE.US,5,20250919,204000,31.28,31.32,31.28,31.32,1026,0
DFVE.US,5,20250919,214500,31.35,31.35,31.35,31.35,765,0
DFVE.US,5,20250922,173500,31.273,31.273,31.273,31.273,400,0
DFVE.US,5,20250922,210500,31.32,31.32,31.32,31.32,677,0
DFVE.US,5,20250922,213500,31.35,31.35,31.35,31.35,368,0
DFVE.US,5,20250923,164000,31.57,31.57,31.57,31.57,368,0
DFVE.US,5,20250923,170500,31.52,31.52,31.52,31.52,100,0
DFVE.US,5,20250923,182500,31.47,31.47,31.47,31.47,1008,0
DFVE.US,5,20250923,190500,31.5,31.5,31.5,31.5,2100,0
DFVE.US,5,20250923,211000,31.3366,31.3366,31.3366,31.3366,254,0
DFVE.US,5,20250924,161500,31.4855,31.4855,31.45,31.4749,1140,0
DFVE.US,5,20250924,164500,31.43,31.43,31.43,31.43,100,0
DFVE.US,5,20250924,171500,31.419,31.419,31.419,31.419,500,0
DFVE.US,5,20250924,181500,31.33,31.33,31.33,31.33,745,0
DFVE.US,5,20250924,190500,31.37,31.37,31.37,31.37,343,0
DFVE.US,5,20250924,192000,31.37,31.37,31.37,31.37,100,0
DFVE.US,5,20250924,200000,31.31,31.31,31.31,31.31,100,0
DFVE.US,5,20250924,204000,31.3518,31.3518,31.3518,31.3518,168,0
DFVE.US,5,20250924,205000,31.31,31.359,31.31,31.359,595,0
DFVE.US,5,20250924,211000,31.29,31.2915,31.29,31.2915,695,0
DFVE.US,5,20250924,214000,31.33,31.33,31.33,31.33,100,0
DFVE.US,5,20250925,154000,31.06,31.06,31.06,31.06,100,0
DFVE.US,5,20250925,164000,31.18,31.18,31.18,31.18,100,0
DFVE.US,5,20250925,170000,31.16,31.16,31.16,31.16,100,0
DFVE.US,5,20250925,172000,31.11,31.11,31.11,31.11,120,0
DFVE.US,5,20250925,173500,31.1,31.1,31.1,31.1,100,0
DFVE.US,5,20250925,174000,31.07,31.07,31.07,31.07,1582,0
DFVE.US,5,20250925,180000,31.08,31.11,31.08,31.11,1132,0
DFVE.US,5,20250925,182000,31.07,31.07,31.07,31.07,100,0
DFVE.US,5,20250925,190000,31.059,31.059,31.059,31.059,950,0
DFVE.US,5,20250925,192000,31,31.0249,30.9701,30.9701,300,0
DFVE.US,5,20250925,192500,31.0365,31.0365,31.0365,31.0365,340,0
DFVE.US,5,20250925,194000,31.049,31.049,31.049,31.049,100,0
DFVE.US,5,20250925,195500,30.95,30.95,30.95,30.95,100,0
DFVE.US,5,20250925,200000,30.95,30.95,30.95,30.95,200,0
DFVE.US,5,20250925,200500,30.969,30.969,30.91,30.91,300,0
DFVE.US,5,20250925,205000,31.04,31.04,31.04,31.04,750,0
DFVE.US,5,20250925,210000,31.04,31.04,31.04,31.04,100,0
DFVE.US,5,20250925,212000,31.01,31.01,31.01,31.01,881,0
DFVE.US,5,20250926,160000,31.32,31.32,31.32,31.32,100,0
DFVE.US,5,20250926,161500,31.2471,31.2471,31.2471,31.2471,140,0
DFVE.US,5,20250926,172500,31.2618,31.2618,31.2618,31.2618,600,0
DFVE.US,5,20250926,174000,31.265,31.265,31.265,31.265,113,0
DFVE.US,5,20250926,175000,31.26,31.32,31.26,31.2955,748,0
DFVE.US,5,20250926,175500,31.2718,31.2718,31.261,31.261,1650,0
DFVE.US,5,20250926,180000,31.259,31.259,31.259,31.259,545,0
DFVE.US,5,20250926,184500,31.29,31.29,31.29,31.29,100,0
DFVE.US,5,20250926,191500,31.32,31.32,31.32,31.32,591,0
DFVE.US,5,20250926,193000,31.35,31.35,31.35,31.35,275,0
DFVE.US,5,20250926,194000,31.3,31.3,31.3,31.3,100,0
DFVE.US,5,20250926,200000,31.29,31.2901,31.27,31.2901,600,0
DFVE.US,5,20250926,200500,31.2928,31.2928,31.2928,31.2928,605,0
DFVE.US,5,20250926,212000,31.34,31.34,31.34,31.34,305,0
DFVE.US,5,20250929,155000,31.23,31.23,31.23,31.23,100,0
DFVE.US,5,20250929,161500,31.285,31.285,31.25,31.25,500,0
DFVE.US,5,20250929,173500,31.3071,31.34,31.25,31.27,1787,0
DFVE.US,5,20250929,183000,31.3,31.3,31.3,31.3,443,0
DFVE.US,5,20250929,184500,31.26,31.26,31.26,31.26,100,0
DFVE.US,5,20250929,201500,31.34,31.34,31.34,31.34,748,0
DFVE.US,5,20250930,155500,31.38,31.38,31.38,31.38,100,0
DFVE.US,5,20250930,181500,31.29,31.29,31.29,31.29,2488,0
DFVE.US,5,20250930,184500,31.3455,31.3455,31.3455,31.3455,145,0
DFVE.US,5,20250930,194500,31.269,31.269,31.269,31.269,190,0
DFVE.US,5,20250930,201000,31.31,31.31,31.31,31.31,874,0
DFVE.US,5,20250930,201500,31.32,31.32,31.32,31.32,800,0
DFVE.US,5,20250930,202000,31.3371,31.3371,31.3371,31.3371,450,0
DFVE.US,5,20250930,202500,31.3365,31.359,31.3365,31.359,606,0
DFVE.US,5,20250930,203000,31.3349,31.3349,31.29,31.3349,860,0
DFVE.US,5,20250930,212000,31.43,31.43,31.43,31.43,965,0
DFVE.US,5,20251001,155000,31.28,31.28,31.28,31.28,100,0
DFVE.US,5,20251001,185000,31.3,31.3,31.3,31.3,100,0
DFVE.US,5,20251001,185500,31.32,31.32,31.32,31.32,296,0
DFVE.US,5,20251001,205500,31.4755,31.4755,31.4755,31.4755,275,0
DFVE.US,5,20251001,210000,31.43,31.43,31.43,31.43,100,0
DFVE.US,5,20251002,160500,31.42,31.42,31.4,31.4,685,0
DFVE.US,5,20251002,162500,31.37,31.37,31.37,31.37,100,0
DFVE.US,5,20251002,183000,31.42,31.42,31.42,31.42,400,0
DFVE.US,5,20251002,184000,31.41,31.41,31.41,31.41,3028,0
DFVE.US,5,20251002,195500,31.44,31.44,31.44,31.44,100,0
DFVE.US,5,20251002,201000,31.5,31.5,31.5,31.5,171,0
DFVE.US,5,20251002,215500,31.48,31.48,31.44,31.44,389,0
DFVE.US,5,20251003,155500,31.66,31.66,31.66,31.66,100,0
DFVE.US,5,20251003,175000,31.7207,31.7207,31.7207,31.7207,191,0
DFVE.US,5,20251003,184500,31.8,31.8,31.8,31.8,210,0
DFVE.US,5,20251003,185000,31.78,31.82,31.78,31.82,3167,0
DFVE.US,5,20251003,192000,31.7625,31.7625,31.7625,31.7625,400,0
DFVE.US,5,20251003,192500,31.7313,31.7449,31.72,31.7201,400,0
DFVE.US,5,20251003,193000,31.75,31.75,31.75,31.75,640,0
DFVE.US,5,20251003,194500,31.7,31.7,31.7,31.7,100,0
DFVE.US,5,20251003,210000,31.66,31.66,31.66,31.66,150,0
DFVE.US,5,20251003,215500,31.67,31.67,31.67,31.67,583,0
DFVE.US,5,20251006,154500,31.68,31.68,31.68,31.68,100,0
DFVE.US,5,20251006,164500,31.65,31.65,31.65,31.65,100,0
DFVE.US,5,20251006,165000,31.709,31.709,31.709,31.709,355,0
DFVE.US,5,20251006,175000,31.67,31.67,31.67,31.67,100,0
DFVE.US,5,20251006,184000,31.68,31.68,31.68,31.68,317,0
DFVE.US,5,20251006,213000,31.6,31.6,31.6,31.6,550,0
DFVE.US,5,20251006,215500,31.59,31.59,31.59,31.59,100,0
DFVE.US,5,20251007,155500,31.56,31.56,31.56,31.56,100,0
DFVE.US,5,20251007,160000,31.5201,31.5585,31.52,31.5201,756,0
DFVE.US,5,20251007,161000,31.49,31.49,31.49,31.49,100,0
DFVE.US,5,20251007,182500,31.3827,31.3827,31.3827,31.3827,157,0
DFVE.US,5,20251007,183000,31.39,31.39,31.39,31.39,351,0
DFVE.US,5,20251007,193500,31.3828,31.3828,31.3828,31.3828,100,0
DFVE.US,5,20251007,195000,31.37,31.37,31.37,31.37,100,0
DFVE.US,5,20251007,202500,31.37,31.37,31.37,31.37,300,0
DFVE.US,5,20251007,214000,31.38,31.38,31.38,31.38,1713,0
DFVE.US,5,20251008,181000,31.55,31.55,31.55,31.55,100,0
DFVE.US,5,20251008,190000,31.57,31.57,31.57,31.57,221,0
DFVE.US,5,20251008,191500,31.54,31.54,31.54,31.54,298,0
DFVE.US,5,20251008,195000,31.5,31.5,31.5,31.5,100,0
DFVE.US,5,20251008,213000,31.49,31.49,31.49,31.49,607,0
DFVE.US,5,20251009,155000,31.45,31.45,31.45,31.45,100,0
DFVE.US,5,20251009,190000,31.27,31.27,31.25,31.25,2852,0
DFVE.US,5,20251009,203500,31.2,31.2,31.2,31.2,263,0
DFVE.US,5,20251010,170500,30.87,30.87,30.87,30.87,100,0
DFVE.US,5,20251010,204000,30.63,30.63,30.63,30.63,600,0
DFVE.US,5,20251010,213000,30.51,30.51,30.51,30.51,462,0
DFVE.US,5,20251013,154500,30.73,30.73,30.73,30.73,100,0
DFVE.US,5,20251013,174000,30.85,30.85,30.85,30.85,548,0
DFVE.US,5,20251013,212500,30.89,30.89,30.89,30.89,144,0
DFVE.US,5,20251014,164000,30.89,30.89,30.89,30.89,100,0
DFVE.US,5,20251014,174500,31.065,31.065,31.065,31.065,133,0
DFVE.US,5,20251014,185500,31.21,31.21,31.21,31.21,599,0
DFVE.US,5,20251014,212500,31.34,31.34,31.34,31.34,100,0
DFVE.US,5,20251014,213500,31.29,31.29,31.14,31.14,2521,0
DFVE.US,5,20251015,154500,31.37,31.37,31.37,31.37,100,0
DFVE.US,5,20251015,163000,31.42,31.42,31.42,31.42,100,0
DFVE.US,5,20251015,164500,31.4,31.4,31.34,31.34,800,0
DFVE.US,5,20251015,165000,31.4,31.4,31.4,31.4,100,0
DFVE.US,5,20251015,170000,31.38,31.38,31.38,31.38,100,0
DFVE.US,5,20251015,171500,31.38,31.38,31.38,31.38,100,0
DFVE.US,5,20251015,172500,31.4,31.4,31.4,31.4,100,0
DFVE.US,5,20251015,174000,31.29,31.29,31.29,31.29,100,0
DFVE.US,5,20251015,175500,31.26,31.26,31.26,31.26,100,0
DFVE.US,5,20251015,181000,31.27,31.27,31.27,31.27,100,0
DFVE.US,5,20251015,182000,31.28,31.28,31.28,31.28,100,0
DFVE.US,5,20251015,203000,31.2352,31.2352,31.2352,31.2352,125,0
DFVE.US,5,20251015,212500,31.28,31.29,31.28,31.29,599,0
DFVE.US,5,20251015,213000,31.2694,31.2694,31.2407,31.2407,617,0
DFVE.US,5,20251016,155500,31.2,31.2,31.2,31.2,100,0
DFVE.US,5,20251016,164000,31.24,31.24,31.24,31.24,100,0
DFVE.US,5,20251016,165000,31.25,31.25,31.24,31.25,651,0
DFVE.US,5,20251016,171500,31.2717,31.2717,31.2717,31.2717,200,0
DFVE.US,5,20251016,172000,31.23,31.23,31.23,31.23,100,0
DFVE.US,5,20251016,172500,31.179,31.179,31.179,31.179,225,0
DFVE.US,5,20251016,174000,31.2399,31.2399,31.2399,31.2399,200,0
DFVE.US,5,20251016,183500,30.99,30.99,30.99,30.99,3380,0
DFVE.US,5,20251016,184000,31.02,31.02,31.02,31.02,48762,0
DFVE.US,5,20251016,184500,30.93,30.93,30.93,30.93,100,0
DFVE.US,5,20251016,201500,30.86,30.86,30.86,30.86,716,0
DFVE.US,5,20251016,212500,30.88,30.88,30.88,30.88,771,0
DFVE.US,5,20251016,215500,30.96,30.96,30.96,30.96,660,0
DFVE.US,5,20251017,170500,30.93,30.93,30.93,30.93,100,0
DFVE.US,5,20251017,191000,30.89,30.89,30.89,30.89,3518,0
DFVE.US,5,20251017,203500,31.01,31.01,31.01,31.01,1743,0
DFVE.US,5,20251017,205000,31.0355,31.0355,31.0355,31.0355,670,0
DFVE.US,5,20251017,213500,31.07,31.08,31.07,31.08,200,0
DFVE.US,5,20251020,155500,31.24,31.24,31.24,31.24,100,0
DFVE.US,5,20251021,155500,31.31,31.31,31.31,31.31,100,0
DFVE.US,5,20251021,182000,31.5392,31.5392,31.5392,31.5392,200,0
DFVE.US,5,20251021,202000,31.5464,31.5464,31.5464,31.5464,521,0
DFVE.US,5,20251021,202500,31.55,31.55,31.55,31.55,5052,0
DFVE.US,5,20251021,203000,31.59,31.59,31.56,31.56,1452,0
DFVE.US,5,20251021,205000,31.53,31.53,31.53,31.53,358,0
DFVE.US,5,20251021,211500,31.5,31.5,31.5,31.5,100,0
DFVE.US,5,20251021,213500,31.54,31.54,31.54,31.54,300,0
DFVE.US,5,20251022,155500,31.42,31.42,31.42,31.42,100,0
DFVE.US,5,20251022,192000,31.34,31.34,31.34,31.34,100,0
DFVE.US,5,20251022,192500,31.27,31.27,31.27,31.27,585,0
DFVE.US,5,20251022,213000,31.3879,31.3879,31.36,31.36,1720,0
DFVE.US,5,20251022,215500,31.359,31.359,31.359,31.359,260,0
DFVE.US,5,20251023,155000,31.45,31.45,31.45,31.45,100,0
DFVE.US,5,20251023,182000,31.4426,31.4426,31.4426,31.4426,218,0
DFVE.US,5,20251023,195000,31.52,31.52,31.5,31.5,235,0
DFVE.US,5,20251023,201500,31.576,31.576,31.576,31.576,125,0
DFVE.US,5,20251023,202000,31.56,31.56,31.56,31.56,370,0
DFVE.US,5,20251023,203000,31.5736,31.5736,31.5736,31.5736,175,0
DFVE.US,5,20251024,154000,31.72,31.7455,31.6901,31.6901,910,0
DFVE.US,5,20251024,154500,31.74,31.74,31.74,31.74,100,0
DFVE.US,5,20251024,172500,31.7955,31.7955,31.7955,31.7955,190,0
DFVE.US,5,20251024,181000,31.75,31.75,31.75,31.75,2135,0
DFVE.US,5,20251024,202500,31.73,31.73,31.73,31.73,200,0
DFVE.US,5,20251024,203500,31.7092,31.7092,31.7092,31.7092,500,0
DFVE.US,5,20251027,161000,31.75,31.75,31.75,31.75,891,0
DFVE.US,5,20251027,174500,31.78,31.78,31.71,31.71,900,0
DFVE.US,5,20251027,175000,31.72,31.72,31.72,31.72,100,0
DFVE.US,5,20251027,180000,31.78,31.78,31.78,31.78,274,0
DFVE.US,5,20251027,190000,31.69,31.69,31.69,31.69,100,0
DFVE.US,5,20251027,192000,31.71,31.71,31.71,31.71,100,0
DFVE.US,5,20251028,163000,31.705,31.705,31.705,31.705,373,0
DFVE.US,5,20251028,171500,31.68,31.6801,31.66,31.6601,400,0
DFVE.US,5,20251028,181000,31.76,31.76,31.76,31.76,100,0
DFVE.US,5,20251028,184000,31.71,31.71,31.71,31.71,1252,0
DFVE.US,5,20251028,190000,31.69,31.76,31.67,31.76,2300,0
DFVE.US,5,20251028,190500,31.69,31.6901,31.69,31.6901,200,0
DFVE.US,5,20251028,200000,31.66,31.66,31.66,31.66,100,0
DFVE.US,5,20251028,203000,31.59,31.59,31.59,31.59,138,0
DFVE.US,5,20251028,203500,31.64,31.64,31.64,31.64,852,0
DFVE.US,5,20251029,144500,31.51,31.51,31.51,31.51,100,0
DFVE.US,5,20251029,170500,31.59,31.5901,31.59,31.5901,800,0
DFVE.US,5,20251029,174500,31.68,31.68,31.68,31.68,100,0
DFVE.US,5,20251029,175500,31.65,31.69,31.63,31.69,1394,0
DFVE.US,5,20251029,182500,31.6,31.66,31.6,31.66,742,0
DFVE.US,5,20251029,201500,31.3301,31.3301,31.33,31.33,200,0
DFVE.US,5,20251029,203500,31.3,31.3,31.3,31.3,355,0
DFVE.US,5,20251029,205000,31.33,31.3301,31.33,31.3301,200,0
DFVE.US,5,20251030,174000,31.38,31.38,31.38,31.38,1219,0
DFVE.US,5,20251030,175500,31.36,31.36,31.33,31.33,447,0
DFVE.US,5,20251030,182500,31.37,31.37,31.37,31.37,1158,0
DFVE.US,5,20251030,192500,31.3036,31.3036,31.3036,31.3036,195,0
DFVE.US,5,20251030,194500,31.2636,31.2636,31.2636,31.2636,150,0
DFVE.US,5,20251030,195500,31.24,31.2401,31.22,31.22,500,0
DFVE.US,5,20251030,202000,31.1694,31.1694,31.1694,31.1694,260,0
DFVE.US,5,20251030,204000,31.13,31.1301,31.13,31.1301,200,0
DFVE.US,5,20251031,182000,30.9545,30.96,30.9545,30.96,857,0
DFVE.US,5,20251031,190500,31.06,31.06,31.06,31.06,235,0
DFVE.US,5,20251031,191500,31.09,31.09,31.09,31.09,200,0
DFVE.US,5,20251031,192000,31.07,31.07,31.07,31.07,348,0
DFVE.US,5,20251031,194000,31.1092,31.1092,31.1092,31.1092,400,0
DFVE.US,5,20251031,194500,31.13,31.13,31.13,31.13,100,0
DFVE.US,5,20251031,203500,31.19,31.19,31.19,31.19,1576,0
DFVE.US,5,20251103,195000,31.03,31.03,31.03,31.03,100,0
DFVE.US,5,20251103,203000,31.07,31.07,31.07,31.07,131,0
DFVE.US,5,20251104,184500,30.9,30.94,30.9,30.94,747,0
DFVE.US,5,20251104,214500,30.92,30.92,30.92,30.92,1040,0
DFVE.US,5,20251105,164000,30.96,30.96,30.95,30.95,200,0
DFVE.US,5,20251105,165500,30.88,30.92,30.88,30.92,1134,0
DFVE.US,5,20251105,170500,30.95,30.95,30.95,30.95,200,0
DFVE.US,5,20251105,181000,31.14,31.14,31.14,31.14,3499,0
DFVE.US,5,20251105,190000,31.22,31.22,31.22,31.22,100,0
DFVE.US,5,20251105,212500,31.209,31.21,31.209,31.21,1280,0
DFVE.US,5,20251105,215500,31.12,31.12,31.12,31.12,709,0
DFVE.US,5,20251106,173000,30.87,30.87,30.86,30.86,994,0
DFVE.US,5,20251106,174000,30.8301,30.8301,30.8301,30.8301,143,0
DFVE.US,5,20251106,204000,30.945,30.945,30.945,30.945,100,0
DFVE.US,5,20251107,190000,30.89,30.89,30.89,30.89,175,0
DFVE.US,5,20251110,172000,31.09,31.09,31.08,31.08,1347,0
DFVE.US,5,20251110,181500,31.16,31.16,31.16,31.16,979,0
DFVE.US,5,20251110,182000,31.1806,31.1806,31.1806,31.1806,306,0
DFVE.US,5,20251111,172000,31.37,31.37,31.37,31.37,152,0
DFVE.US,5,20251111,180500,31.37,31.37,31.37,31.37,1039,0
DFVE.US,5,20251111,182500,31.405,31.405,31.405,31.405,268,0
DFVE.US,5,20251111,213500,31.41,31.41,31.41,31.41,187,0
DFVE.US,5,20251112,172500,31.573,31.573,31.573,31.573,100,0
DFVE.US,5,20251112,175500,31.61,31.61,31.61,31.61,2038,0
DFVE.US,5,20251112,184500,31.65,31.65,31.65,31.65,613,0
DFVE.US,5,20251112,185500,31.62,31.62,31.62,31.62,597,0
DFVE.US,5,20251112,203000,31.5,31.535,31.5,31.535,400,0
DFVE.US,5,20251112,213500,31.54,31.54,31.54,31.54,321,0
DFVE.US,5,20251112,214000,31.553,31.553,31.553,31.553,100,0
DFVE.US,5,20251112,215500,31.54,31.54,31.54,31.54,100,0
DFVE.US,5,20251113,162000,31.513,31.513,31.513,31.513,150,0
DFVE.US,5,20251113,175000,31.33,31.33,31.33,31.33,413,0
DFVE.US,5,20251113,175500,31.355,31.355,31.355,31.355,392,0
DFVE.US,5,20251113,184500,31.38,31.38,31.38,31.38,321,0
DFVE.US,5,20251113,190500,31.31,31.31,31.31,31.31,1020,0
DFVE.US,5,20251113,191000,31.2943,31.33,31.2943,31.33,2592,0
DFVE.US,5,20251113,202000,31.24,31.24,31.24,31.24,320,0
DFVE.US,5,20251113,202500,31.2015,31.2015,31.2015,31.2015,874,0
DFVE.US,5,20251113,205500,31.16,31.16,31.16,31.16,100,0
DFVE.US,5,20251113,213000,31.07,31.1,31.07,31.1,1965,0
DFVE.US,5,20251114,154500,30.97,30.97,30.97,30.97,100,0
DFVE.US,5,20251114,162000,30.935,30.94,30.935,30.94,600,0
DFVE.US,5,20251114,171000,31.08,31.08,31.08,31.08,100,0
DFVE.US,5,20251114,175000,31.16,31.16,31.16,31.16,488,0
DFVE.US,5,20251114,195000,31.07,31.12,31.07,31.12,2285,0
DFVE.US,5,20251114,210000,31.18,31.18,31.18,31.18,100,0
DFVE.US,5,20251114,215500,31.05,31.05,31.05,31.05,129,0
DFVE.US,5,20251117,155000,30.9401,30.9401,30.94,30.94,200,0
DFVE.US,5,20251117,162000,31.01,31.01,31.01,31.01,100,0
DFVE.US,5,20251117,165000,30.91,30.91,30.91,30.91,222,0
DFVE.US,5,20251117,172500,30.84,30.8401,30.84,30.8401,200,0
DFVE.US,5,20251117,174500,30.9425,30.9425,30.9425,30.9425,212,0
DFVE.US,5,20251117,183000,31.01,31.01,31.01,31.01,100,0
DFVE.US,5,20251117,184500,30.96,30.96,30.96,30.96,100,0
DFVE.US,5,20251117,191000,30.87,30.87,30.87,30.87,100,0
DFVE.US,5,20251117,192500,30.83,30.87,30.83,30.87,439,0
DFVE.US,5,20251117,202500,30.6552,30.6552,30.6552,30.6552,109,0
DFVE.US,5,20251117,210500,30.47,30.47,30.47,30.47,777,0
DFVE.US,5,20251117,215000,30.5512,30.5512,30.5512,30.5512,295,0
DFVE.US,5,20251118,162000,30.4408,30.4408,30.4408,30.4408,200,0
DFVE.US,5,20251118,164500,30.405,30.405,30.405,30.405,112,0
DFVE.US,5,20251118,183500,30.49,30.49,30.4899,30.4899,333,0
DFVE.US,5,20251118,184500,30.63,30.63,30.63,30.63,900,0
DFVE.US,5,20251118,185000,30.62,30.67,30.62,30.67,1398,0
DFVE.US,5,20251118,192000,30.7124,30.739,30.7,30.7,989,0
DFVE.US,5,20251118,192500,30.74,30.74,30.74,30.74,400,0
DFVE.US,5,20251118,200000,30.7304,30.759,30.7304,30.759,550,0
DFVE.US,5,20251118,213000,30.64,30.64,30.64,30.64,245,0
DFVE.US,5,20251118,215500,30.625,30.625,30.625,30.625,190,0
DFVE.US,5,20251119,164000,30.589,30.589,30.589,30.589,725,0
DFVE.US,5,20251119,182000,30.45,30.45,30.45,30.45,100,0
DFVE.US,5,20251119,184000,30.46,30.46,30.46,30.46,307,0
DFVE.US,5,20251119,184500,30.51,30.53,30.5,30.5,600,0
DFVE.US,5,20251119,185500,30.503,30.503,30.503,30.503,100,0
DFVE.US,5,20251119,191500,30.49,30.4901,30.49,30.4901,200,0
DFVE.US,5,20251119,193500,30.5501,30.5501,30.5501,30.5501,430,0
DFVE.US,5,20251119,195000,30.5019,30.5019,30.5019,30.5019,398,0
DFVE.US,5,20251119,200000,30.507,30.507,30.507,30.507,200,0
DFVE.US,5,20251119,201500,30.465,30.465,30.465,30.465,250,0
DFVE.US,5,20251119,205500,30.41,30.41,30.41,30.41,132,0
DFVE.US,5,20251119,210500,30.45,30.45,30.45,30.45,100,0
DFVE.US,5,20251119,212000,30.52,30.52,30.52,30.52,600,0
DFVE.US,5,20251119,213000,30.56,30.56,30.56,30.56,300,0
DFVE.US,5,20251119,215500,30.49,30.49,30.49,30.49,100,0
DFVE.US,5,20251120,154500,30.82,30.82,30.82,30.82,100,0
DFVE.US,5,20251120,162000,30.83,30.83,30.83,30.83,172,0
DFVE.US,5,20251120,203500,30.17,30.17,30.17,30.17,527,0
DFVE.US,5,20251120,211500,30.28,30.28,30.28,30.28,200,0
DFVE.US,5,20251120,212500,30.237,30.237,30.237,30.237,297,0
DFVE.US,5,20251121,155500,30.26,30.26,30.26,30.26,100,0
DFVE.US,5,20251121,183000,30.818,30.818,30.818,30.818,598,0
DFVE.US,5,20251121,183500,30.82,30.82,30.82,30.82,757,0
DFVE.US,5,20251121,190000,30.77,30.77,30.77,30.77,100,0
DFVE.US,5,20251121,201500,30.8301,30.8301,30.8301,30.8301,400,0
DFVE.US,5,20251121,204500,30.8,30.8,30.7916,30.7916,300,0
DFVE.US,5,20251121,213500,30.75,30.75,30.75,30.75,658,0
DFVE.US,5,20251121,215000,30.74,30.74,30.74,30.74,604,0
DFVE.US,5,20251124,155500,30.7,30.7,30.7,30.7,102,0
DFVE.US,5,20251124,184000,30.94,30.95,30.94,30.95,620,0
DFVE.US,5,20251124,184500,30.99,30.99,30.99,30.99,1100,0
DFVE.US,5,20251124,185000,30.98,30.98,30.9776,30.9776,686,0
DFVE.US,5,20251124,191000,30.97,30.97,30.97,30.97,1503,0
DFVE.US,5,20251124,200000,30.96,31.02,30.96,31.02,1100,0
DFVE.US,5,20251124,200500,30.96,30.96,30.96,30.96,100,0
DFVE.US,5,20251124,202500,30.9,30.9,30.9,30.9,100,0
DFVE.US,5,20251124,203000,30.93,30.93,30.93,30.93,158,0
DFVE.US,5,20251124,213500,30.91,30.91,30.91,30.91,927,0
DFVE.US,5,20251124,214500,30.9681,30.9681,30.9681,30.9681,150,0
DFVE.US,5,20251124,215500,30.95,30.95,30.95,30.95,400,0
DFVE.US,5,20251125,154500,31.05,31.05,31.05,31.05,100,0
DFVE.US,5,20251125,162500,31.2389,31.2389,31.2389,31.2389,561,0
DFVE.US,5,20251125,184500,31.51,31.51,31.51,31.51,503,0
DFVE.US,5,20251125,191500,31.41,31.41,31.41,31.41,100,0
DFVE.US,5,20251125,214000,31.49,31.49,31.49,31.49,400,0
DFVE.US,5,20251125,215000,31.495,31.495,31.495,31.495,425,0
DFVE.US,5,20251126,155500,31.6,31.6,31.6,31.6,100,0
DFVE.US,5,20251126,171000,31.75,31.75,31.75,31.75,123,0
DFVE.US,5,20251126,191500,31.78,31.82,31.78,31.82,1409,0
DFVE.US,5,20251126,202000,31.79,31.79,31.79,31.79,100,0
DFVE.US,5,20251126,215000,31.77,31.8,31.77,31.8,1309,0
DFVE.US,5,20251128,155000,31.75,31.75,31.75,31.75,100,0
DFVE.US,5,20251128,161000,31.8348,31.8348,31.8348,31.8348,390,0
DFVE.US,5,20251128,165000,31.87,31.87,31.87,31.87,267,0
DFVE.US,5,20251128,173000,31.92,31.92,31.92,31.92,100,0
DFVE.US,5,20251128,173500,31.92,31.92,31.92,31.92,200,0
DFVE.US,5,20251128,174000,31.93,31.93,31.93,31.93,200,0
DFVE.US,5,20251128,174500,31.93,31.93,31.93,31.93,200,0
DFVE.US,5,20251128,175000,31.94,31.94,31.94,31.94,200,0
DFVE.US,5,20251128,175500,31.94,31.94,31.94,31.94,300,0
DFVE.US,5,20251128,183500,31.8869,31.8869,31.84,31.84,244,0
DFVE.US,5,20251128,185500,31.87,31.87,31.87,31.87,100,0
DFVE.US,5,20251201,155500,31.84,31.84,31.84,31.84,100,0
DFVE.US,5,20251201,164000,31.77,31.77,31.77,31.77,100,0
DFVE.US,5,20251201,164500,31.84,31.84,31.84,31.84,160,0
DFVE.US,5,20251201,175000,31.9175,31.9175,31.9175,31.9175,164,0
DFVE.US,5,20251202,180500,31.613,31.613,31.613,31.613,155,0
DFVE.US,5,20251202,183000,31.65,31.65,31.65,31.65,100,0
DFVE.US,5,20251202,184500,31.7,31.7,31.7,31.7,800,0
DFVE.US,5,20251202,203000,31.665,31.665,31.665,31.665,390,0
DFVE.US,5,20251202,212500,31.69,31.69,31.69,31.69,100,0
DFVE.US,5,20251203,172500,31.84,31.84,31.84,31.84,555,0
DFVE.US,5,20251203,184500,31.95,31.95,31.95,31.95,500,0
DFVE.US,5,20251203,191500,31.92,31.92,31.91,31.91,931,0
DFVE.US,5,20251203,194500,31.97,31.97,31.97,31.97,200,0
DFVE.US,5,20251203,201500,31.92,31.92,31.92,31.92,266,0
DFVE.US,5,20251203,213500,31.93,31.93,31.93,31.93,200,0
DFVE.US,5,20251204,184500,32,32,32,32,321,0
DFVE.US,5,20251204,191000,31.96,31.96,31.96,31.96,2456,0
DFVE.US,5,20251204,193500,31.96,32.03,31.96,32.03,675,0
DFVE.US,5,20251204,195000,31.94,31.9401,31.94,31.9401,200,0
DFVE.US,5,20251204,201500,31.94,31.94,31.94,31.94,158,0
DFVE.US,5,20251204,203500,31.91,31.91,31.91,31.91,205,0
DFVE.US,5,20251204,204500,31.92,31.92,31.92,31.92,876,0
DFVE.US,5,20251204,215500,31.91,31.94,31.91,31.94,300,0
DFVE.US,5,20251205,155000,31.95,31.98,31.95,31.97,636,0
DFVE.US,5,20251205,155500,31.97,32,31.97,31.97,5612,0
DFVE.US,5,20251205,161500,32.04,32.04,32.04,32.04,100,0
DFVE.US,5,20251205,211000,32.03,32.03,32.03,32.03,294,0
DFVE.US,5,20251205,212000,32.071,32.071,32.071,32.071,169,0
DFVE.US,5,20251208,171500,31.85,31.85,31.85,31.85,161,0
DFVE.US,5,20251208,183500,31.82,31.82,31.82,31.82,1141,0
DFVE.US,5,20251208,193500,31.79,31.79,31.79,31.79,900,0
DFVE.US,5,20251209,164000,31.84,31.84,31.84,31.84,100,0
DFVE.US,5,20251209,193500,31.88,31.88,31.84,31.84,887,0
DFVE.US,5,20251209,215000,31.82,31.82,31.82,31.82,672,0
DFVE.US,5,20251209,215500,31.73,31.73,31.71,31.71,700,0
DFVE.US,5,20251210,173500,31.97,31.97,31.97,31.97,186,0
DFVE.US,5,20251210,183500,31.94,31.94,31.94,31.94,1019,0
DFVE.US,5,20251210,184500,31.96,31.97,31.92,31.97,600,0
DFVE.US,5,20251210,185000,31.97,31.97,31.97,31.97,100,0
DFVE.US,5,20251210,193000,31.97,31.97,31.97,31.97,755,0
DFVE.US,5,20251210,193500,31.99,31.99,31.99,31.99,120,0
DFVE.US,5,20251210,203500,32.18,32.18,32.18,32.18,400,0
DFVE.US,5,20251210,204500,32.12,32.12,32.12,32.12,226,0
DFVE.US,5,20251210,213500,32.34,32.34,32.34,32.34,862,0
DFVE.US,5,20251210,215500,32.295,32.295,32.295,32.295,200,0
DFVE.US,5,20251211,161500,32.43,32.43,32.43,32.43,100,0
DFVE.US,5,20251211,182500,32.6084,32.6084,32.58,32.58,344,0
DFVE.US,5,20251211,183000,32.58,32.58,32.58,32.58,5895,0
DFVE.US,5,20251211,184500,32.6,32.6,32.6,32.6,600,0
DFVE.US,5,20251211,203500,32.553,32.553,32.553,32.553,110,0
DFVE.US,5,20251211,215000,32.5645,32.5645,32.5645,32.5645,167,0
DFVE.US,5,20251211,215500,32.54,32.54,32.54,32.54,160,0
DFVE.US,5,20251212,170500,32.45,32.45,32.45,32.45,100,0
DFVE.US,5,20251212,174000,32.42,32.42,32.42,32.42,100,0
DFVE.US,5,20251212,175000,32.42,32.42,32.42,32.42,100,0
DFVE.US,5,20251212,180500,32.44,32.44,32.44,32.44,1324,0
DFVE.US,5,20251212,184500,32.49,32.49,32.49,32.49,900,0
DFVE.US,5,20251212,190500,32.455,32.4658,32.455,32.4658,200,0
DFVE.US,5,20251212,194500,32.4,32.4,32.4,32.4,100,0
DFVE.US,5,20251212,195000,32.44,32.44,32.44,32.44,475,0
DFVE.US,5,20251212,200000,32.44,32.44,32.44,32.44,1000,0
DFVE.US,5,20251212,202500,32.42,32.42,32.42,32.42,806,0
DFVE.US,5,20251215,174000,32.3,32.3,32.3,32.3,1063,0
DFVE.US,5,20251215,184000,32.34,32.34,32.34,32.34,328,0
DFVE.US,5,20251215,184500,32.36,32.36,32.36,32.36,100,0
DFVE.US,5,20251215,200000,32.3324,32.3324,32.3324,32.3324,100,0
DFVE.US,5,20251215,203500,32.4,32.41,32.37,32.37,1834,0
DFVE.US,5,20251215,204000,32.41,32.41,32.41,32.41,100,0
DFVE.US,5,20251215,204500,32.41,32.41,32.41,32.41,100,0
DFVE.US,5,20251215,205000,32.42,32.42,32.42,32.42,100,0
DFVE.US,5,20251215,205500,32.45,32.45,32.45,32.45,100,0
DFVE.US,5,20251215,215500,32.39,32.39,32.39,32.39,409,0
DFVE.US,5,20251216,180000,32.15,32.15,32.15,32.15,100,0
DFVE.US,5,20251216,193500,32.1,32.1,32.1,32.1,100,0
DFVE.US,5,20251217,155000,32.26,32.26,32.26,32.26,100,0
DFVE.US,5,20251217,155500,32.309,32.309,32.2954,32.2954,400,0
DFVE.US,5,20251217,160000,32.3093,32.3093,32.3093,32.3093,100,0
DFVE.US,5,20251217,172000,32.19,32.19,32.19,32.19,149,0
DFVE.US,5,20251217,182500,32.16,32.16,32.16,32.16,2763,0
DFVE.US,5,20251217,184000,32.1,32.1,32.1,32.1,500,0
DFVE.US,5,20251217,190000,32.145,32.145,32.145,32.145,500,0
DFVE.US,5,20251217,191500,32.05,32.05,32.05,32.05,100,0
DFVE.US,5,20251217,194500,32.045,32.045,32.045,32.045,100,0
DFVE.US,5,20251217,195000,32.08,32.08,32.08,32.08,179,0
DFVE.US,5,20251217,201000,32.045,32.045,32.045,32.045,100,0
DFVE.US,5,20251217,202500,32.06,32.06,32.06,32.06,275,0
DFVE.US,5,20251217,203000,32.1,32.1,32.1,32.1,100,0
DFVE.US,5,20251217,215000,32.1,32.1,32.1,32.1,931,0
DFVE.US,5,20251217,215500,32.09,32.09,32.09,32.09,200,0
DFVE.US,5,20251218,162000,32.24,32.2401,32.24,32.2401,200,0
DFVE.US,5,20251218,182000,32.06,32.06,32.06,32.06,463,0
DFVE.US,5,20251218,182500,32.07,32.07,32.07,32.07,1408,0
DFVE.US,5,20251218,184500,32.22,32.22,32.22,32.22,392,0
DFVE.US,5,20251218,215500,32.12,32.12,32.114,32.114,392,0
DFVE.US,5,20251219,154000,32.165,32.165,32.165,32.165,168,0
DFVE.US,5,20251219,181500,32.22,32.22,32.22,32.22,100,0
DFVE.US,5,20251219,182500,32.24,32.24,32.24,32.24,350,0
DFVE.US,5,20251219,191000,32.2318,32.2318,32.2318,32.2318,150,0
DFVE.US,5,20251219,191500,32.26,32.26,32.26,32.26,403,0
DFVE.US,5,20251219,203500,32.2,32.26,32.2,32.26,260,0
DFVE.US,5,20251219,204500,32.27,32.27,32.27,32.27,100,0
DFVE.US,5,20251219,205000,32.27,32.27,32.27,32.27,100,0
DFVE.US,5,20251219,205500,32.2601,32.2601,32.23,32.23,542,0
DFVE.US,5,20251222,163000,32.41,32.41,32.41,32.41,300,0
DFVE.US,5,20251222,164000,32.32,32.3438,32.32,32.3201,500,0
DFVE.US,5,20251222,174000,32.39,32.39,32.39,32.39,2988,0
DFVE.US,5,20251222,184500,32.42,32.42,32.42,32.42,300,0
DFVE.US,5,20251222,185000,32.41,32.41,32.41,32.41,288,0
DFVE.US,5,20251222,202000,32.36,32.36,32.36,32.36,1500,0
DFVE.US,5,20251222,203000,32.38,32.4,32.38,32.4,1188,0
DFVE.US,5,20251222,213000,32.38,32.38,32.38,32.38,282,0
DFVE.US,5,20251223,174500,32.129,32.129,32.129,32.129,114,0
DFVE.US,5,20251223,193000,32.2,32.2,32.1768,32.1768,5778,0
DFVE.US,5,20251223,193500,32.164,32.164,32.164,32.164,3000,0
DFVE.US,5,20251223,212000,32.1656,32.1656,32.1656,32.1656,109,0
DFVE.US,5,20251223,215500,32.18,32.18,32.18,32.18,1400,0
DFVE.US,5,20251224,154000,32.19,32.19,32.19,32.19,1233,0
DFVE.US,5,20251224,161000,32.25,32.25,32.25,32.25,100,0
DFVE.US,5,20251224,170500,32.29,32.29,32.29,32.29,185,0
DFVE.US,5,20251224,182000,32.31,32.33,32.3099,32.3099,740,0
DFVE.US,5,20251224,183000,32.315,32.315,32.315,32.315,470,0
DFVE.US,5,20251226,165500,32.29,32.29,32.29,32.29,650,0
DFVE.US,5,20251226,173500,32.23,32.23,32.23,32.23,387,0
DFVE.US,5,20251226,190000,32.25,32.25,32.25,32.25,549,0
DFVE.US,5,20251226,193500,32.22,32.22,32.22,32.22,248,0
DFVE.US,5,20251229,163000,32.23,32.23,32.23,32.23,150,0
DFVE.US,5,20251229,190500,32.16,32.2,32.16,32.2,572,0
DFVE.US,5,20251229,202000,32.18,32.18,32.18,32.18,328,0
DFVE.US,5,20251229,213500,32.26,32.26,32.26,32.26,100,0
DFVE.US,5,20251229,215500,32.23,32.23,32.23,32.23,397,0
DFVE.US,5,20251230,175500,32.18,32.18,32.16,32.16,2746,0
DFVE.US,5,20251230,213500,32.23,32.23,32.19,32.19,1527,0
DFVE.US,5,20251230,215000,32.2,32.2,32.2,32.2,500,0
DFVE.US,5,20251231,180000,32.01,32.01,32.01,32.01,1055,0
DFVE.US,5,20251231,190500,32.03,32.03,32.03,32.03,900,0
DFVE.US,5,20251231,192000,31.98,31.9802,31.98,31.9802,200,0
DFVE.US,5,20251231,193000,32.03,32.03,32.03,32.03,100,0
DFVE.US,5,20251231,200000,32.07,32.07,32.07,32.07,100,0
DFVE.US,5,20251231,214500,31.98,31.98,31.98,31.98,200,0
DFVE.US,5,20260102,160000,32.001,32.001,32.001,32.001,731,0
DFVE.US,5,20260102,163000,32.01,32.01,32.01,32.01,100,0
DFVE.US,5,20260102,163500,31.985,31.985,31.985,31.985,200,0
DFVE.US,5,20260102,192000,32.11,32.11,32.11,32.11,100,0
DFVE.US,5,20260102,195500,32.11,32.11,32.11,32.11,100,0
DFVE.US,5,20260102,203500,32.21,32.21,32.21,32.21,337,0
DFVE.US,5,20260105,153000,32.22,32.22,32.19,32.19,2674,0
DFVE.US,5,20260105,161000,32.47,32.47,32.47,32.47,100,0
DFVE.US,5,20260105,180500,32.64,32.64,32.64,32.64,100,0
DFVE.US,5,20260105,182000,32.6,32.6,32.6,32.6,443,0
DFVE.US,5,20260105,183000,32.624,32.624,32.624,32.624,144,0
DFVE.US,5,20260105,200500,32.6225,32.6225,32.6225,32.6225,117,0
DFVE.US,5,20260105,201000,32.61,32.61,32.61,32.61,100,0
DFVE.US,5,20260105,215500,32.57,32.57,32.57,32.57,101,0
DFVE.US,5,20260106,172500,32.73,32.73,32.73,32.73,2224,0
DFVE.US,5,20260106,184500,32.81,32.81,32.81,32.81,100,0
DFVE.US,5,20260106,193000,32.85,32.87,32.83,32.83,1570,0
DFVE.US,5,20260106,205500,32.91,32.91,32.91,32.91,300,0
DFVE.US,5,20260106,212000,32.97,32.97,32.97,32.97,104,0
DFVE.US,5,20260107,164500,32.62,32.62,32.62,32.62,400,0
DFVE.US,5,20260107,175000,32.68,32.68,32.68,32.68,426,0
DFVE.US,5,20260107,175500,32.72,32.72,32.72,32.72,400,0
DFVE.US,5,20260107,193500,32.5601,32.5601,32.56,32.56,200,0
DFVE.US,5,20260107,195000,32.61,32.61,32.61,32.61,100,0
DFVE.US,5,20260107,201000,32.58,32.58,32.58,32.58,1428,0
DFVE.US,5,20260107,205000,32.57,32.57,32.57,32.57,564,0
DFVE.US,5,20260107,205500,32.6,32.6,32.6,32.6,900,0
DFVE.US,5,20260107,214000,32.48,32.48,32.48,32.48,334,0
DFVE.US,5,20260107,215500,32.522,32.54,32.522,32.54,1507,0
DFVE.US,5,20260108,162500,32.81,32.81,32.81,32.81,1008,0
DFVE.US,5,20260108,165500,32.82,32.82,32.82,32.82,100,0
DFVE.US,5,20260108,180000,32.94,32.94,32.93,32.94,1007,0
DFVE.US,5,20260108,184500,32.96,32.96,32.94,32.94,1256,0
DFVE.US,5,20260108,185000,32.97,32.99,32.97,32.99,864,0
DFVE.US,5,20260108,194500,32.98,32.98,32.98,32.98,100,0
DFVE.US,5,20260108,205000,33.02,33.02,33.02,33.02,200,0
DFVE.US,5,20260108,213500,32.9424,32.9424,32.93,32.93,775,0
DFVE.US,5,20260109,163000,33.04,33.05,33.04,33.05,497,0
DFVE.US,5,20260109,170500,33.08,33.08,33.08,33.08,100,0
DFVE.US,5,20260109,175500,33.11,33.11,33.11,33.11,1210,0
DFVE.US,5,20260109,184500,33.2,33.2,33.2,33.2,200,0
DFVE.US,5,20260109,190500,33.14,33.14,33.14,33.14,200,0
DFVE.US,5,20260109,193000,33.16,33.16,33.16,33.16,500,0
DFVE.US,5,20260109,202500,33.16,33.16,33.16,33.16,100,0
DFVE.US,5,20260109,204500,33.11,33.11,33.11,33.11,100,0
DFVE.US,5,20260109,213000,33.17,33.17,33.17,33.17,864,0
DFVE.US,5,20260109,214000,33.1401,33.1401,33.1401,33.1401,179,0
DFVE.US,5,20260112,163500,33.14,33.14,33.14,33.14,100,0
DFVE.US,5,20260112,165000,33.12,33.12,33.12,33.12,987,0
DFVE.US,5,20260112,183000,33.1,33.1,33.1,33.1,200,0
DFVE.US,5,20260112,193500,33.17,33.18,33.17,33.18,800,0
DFVE.US,5,20260112,212000,33.088,33.088,33.088,33.088,175,0
DFVE.US,5,20260112,215000,33.1468,33.1468,33.1468,33.1468,407,0
DFVE.US,5,20260113,172500,33.1287,33.1287,33.1287,33.1287,120,0
DFVE.US,5,20260113,182500,33.13,33.13,33.12,33.12,2762,0
DFVE.US,5,20260113,184500,33.15,33.15,33.15,33.15,100,0
DFVE.US,5,20260113,203500,33.18,33.18,33.18,33.18,800,0
DFVE.US,5,20260113,204000,33.17,33.17,33.17,33.17,600,0
DFVE.US,5,20260114,180500,33.13,33.13,33.13,33.13,975,0
DFVE.US,5,20260114,191500,33.1,33.16,33.0901,33.16,800,0
DFVE.US,5,20260114,192000,33.137,33.137,33.137,33.137,275,0
DFVE.US,5,20260114,205000,33.24,33.24,33.24,33.24,100,0
DFVE.US,5,20260114,205500,33.229,33.229,33.229,33.229,125,0
DFVE.US,5,20260114,210500,33.22,33.22,33.22,33.22,100,0
DFVE.US,5,20260114,215500,33.27,33.27,33.27,33.27,900,0
DFVE.US,5,20260115,165500,33.49,33.49,33.49,33.49,100,0
DFVE.US,5,20260115,173500,33.53,33.53,33.53,33.53,1406,0
DFVE.US,5,20260115,184500,33.54,33.54,33.54,33.54,100,0
DFVE.US,5,20260115,185500,33.49,33.49,33.49,33.49,360,0
DFVE.US,5,20260115,201000,33.57,33.58,33.57,33.58,1980,0
DFVE.US,5,20260115,203500,33.52,33.56,33.52,33.56,682,0
DFVE.US,5,20260115,213000,33.54,33.54,33.54,33.54,199,0
DFVE.US,5,20260115,214000,33.54,33.54,33.54,33.54,100,0
DFVE.US,5,20260116,180000,33.38,33.38,33.38,33.38,448,0
DFVE.US,5,20260116,180500,33.37,33.37,33.37,33.37,1087,0
DFVE.US,5,20260116,191500,33.41,33.41,33.41,33.41,800,0
DFVE.US,5,20260116,194000,33.39,33.4,33.39,33.4,800,0
DFVE.US,5,20260116,194500,33.34,33.38,33.34,33.38,2554,0
DFVE.US,5,20260116,213000,33.28,33.2801,33.28,33.2801,400,0
DFVE.US,5,20260116,213500,33.31,33.36,33.31,33.36,4930,0
DFVE.US,5,20260120,165500,33.07,33.07,33.07,33.07,100,0
DFVE.US,5,20260120,171500,33.0684,33.079,33.0684,33.079,200,0
DFVE.US,5,20260120,173000,33.08,33.08,33.08,33.08,177,0
DFVE.US,5,20260120,193000,32.93,32.93,32.93,32.93,1687,0
DFVE.US,5,20260120,195500,32.83,32.83,32.83,32.83,100,0
DFVE.US,5,20260120,201000,32.8232,32.8232,32.8232,32.8232,175,0
DFVE.US,5,20260120,214000,32.83,32.83,32.83,32.83,119,0
DFVE.US,5,20260121,163500,33.32,33.329,33.32,33.329,500,0
DFVE.US,5,20260121,175500,33.185,33.185,33.185,33.185,129,0
DFVE.US,5,20260121,184500,33.15,33.15,33.15,33.15,900,0
DFVE.US,5,20260121,214000,33.4,33.4,33.4,33.4,1127,0
DFVE.US,5,20260122,173000,33.59,33.59,33.59,33.59,146,0
DFVE.US,5,20260122,184000,33.6019,33.6019,33.6019,33.6019,154,0
DFVE.US,5,20260122,184500,33.65,33.67,33.63,33.67,1972,0
DFVE.US,5,20260122,185500,33.65,33.65,33.59,33.59,300,0
DFVE.US,5,20260122,190000,33.65,33.65,33.65,33.65,100,0
DFVE.US,5,20260122,191000,33.57,33.57,33.57,33.57,1808,0
DFVE.US,5,20260122,192000,33.58,33.58,33.58,33.58,100,0
DFVE.US,5,20260122,194000,33.56,33.56,33.56,33.56,289,0
DFVE.US,5,20260122,200000,33.58,33.58,33.58,33.58,400,0
DFVE.US,5,20260122,203000,33.55,33.55,33.55,33.55,1000,0
DFVE.US,5,20260122,205000,33.5199,33.5199,33.5199,33.5199,100,0
DFVE.US,5,20260122,213000,33.46,33.46,33.46,33.46,100,0
DFVE.US,5,20260122,215500,33.48,33.48,33.48,33.48,1300,0
DFVE.US,5,20260123,160000,33.43,33.43,33.3819,33.385,4600,0
DFVE.US,5,20260123,173000,33.28,33.28,33.28,33.28,100,0
DFVE.US,5,20260123,180500,33.25,33.25,33.25,33.25,1383,0
DFVE.US,5,20260123,184500,33.26,33.26,33.26,33.26,900,0
DFVE.US,5,20260123,193500,33.19,33.19,33.19,33.19,190,0
DFVE.US,5,20260123,203500,33.27,33.27,33.27,33.27,190,0
DFVE.US,5,20260123,205000,33.25,33.25,33.25,33.25,100,0
