<TICKER>,<PER>,<DATE>,<TIME>,<OPEN>,<HIGH>,<LOW>,<CLOSE>,<VOL>,<OPENINT>
ECON.US,5,20250829,153000,24.8,24.8,24.8,24.8,100,0
ECON.US,5,20250829,161000,24.69,24.6901,24.69,24.6901,200,0
ECON.US,5,20250829,163000,24.75,24.75,24.75,24.75,100,0
ECON.US,5,20250829,163500,24.79,24.79,24.79,24.79,200,0
ECON.US,5,20250829,171000,24.75529,24.7643,24.75529,24.7643,1083,0
ECON.US,5,20250829,172500,24.7733,24.7733,24.7733,24.7733,153,0
ECON.US,5,20250829,180500,24.79,24.79,24.79,24.79,600,0
ECON.US,5,20250829,181000,24.79,24.79,24.79,24.79,300,0
ECON.US,5,20250829,181500,24.79,24.79,24.79,24.79,197,0
ECON.US,5,20250829,182000,24.81,24.8189,24.81,24.8189,260,0
ECON.US,5,20250829,184500,24.81,24.81,24.81,24.81,200,0
ECON.US,5,20250829,185000,24.81,24.81,24.81,24.81,300,0
ECON.US,5,20250829,185500,24.81,24.81,24.81,24.81,600,0
ECON.US,5,20250829,191000,24.8026,24.8026,24.8026,24.8026,289,0
ECON.US,5,20250829,210000,24.7989,24.7989,24.7989,24.7989,131,0
ECON.US,5,20250829,214000,24.81,24.81,24.81,24.81,749,0
ECON.US,5,20250902,153500,24.59,24.59,24.59,24.59,100,0
ECON.US,5,20250902,154000,24.6,24.6,24.6,24.6,425,0
ECON.US,5,20250902,160500,24.71,24.71,24.71,24.71,100,0
ECON.US,5,20250902,161500,24.68,24.68,24.68,24.68,100,0
ECON.US,5,20250902,162000,24.72,24.72,24.72,24.72,100,0
ECON.US,5,20250902,174500,24.67,24.67,24.67,24.67,100,0
ECON.US,5,20250902,175000,24.645,24.645,24.645,24.645,102,0
ECON.US,5,20250902,180500,24.64,24.66,24.64,24.66,296,0
ECON.US,5,20250902,183000,24.68,24.68,24.68,24.68,100,0
ECON.US,5,20250902,190500,24.685,24.685,24.685,24.685,100,0
ECON.US,5,20250902,192000,24.68,24.68,24.67,24.67,1233,0
ECON.US,5,20250902,193000,24.69,24.69,24.69,24.69,200,0
ECON.US,5,20250902,202500,24.68,24.68,24.68,24.68,100,0
ECON.US,5,20250902,211000,24.71,24.71,24.71,24.71,100,0
ECON.US,5,20250902,214000,24.74,24.74,24.7117,24.7117,432,0
ECON.US,5,20250902,215000,24.75,24.75,24.75,24.75,347,0
ECON.US,5,20250902,215500,24.745,24.745,24.745,24.745,100,0
ECON.US,5,20250903,153000,24.79,24.79,24.79,24.79,200,0
ECON.US,5,20250903,155000,24.821,24.821,24.821,24.821,147,0
ECON.US,5,20250903,170500,24.8795,24.8795,24.8795,24.8795,122,0
ECON.US,5,20250903,171000,24.8594,24.8594,24.8594,24.8594,482,0
ECON.US,5,20250903,190500,24.84,24.84,24.84,24.84,203,0
ECON.US,5,20250903,192500,24.86,24.86,24.86,24.86,100,0
ECON.US,5,20250903,204000,24.8011,24.8011,24.8011,24.8011,796,0
ECON.US,5,20250903,204500,24.84,24.84,24.84,24.84,300,0
ECON.US,5,20250903,210000,24.81,24.81,24.81,24.81,195,0
ECON.US,5,20250903,212000,24.7801,24.7801,24.78,24.7801,386,0
ECON.US,5,20250903,214000,24.8,24.8,24.8,24.8,308,0
ECON.US,5,20250903,215000,24.84,24.84,24.84,24.84,200,0
ECON.US,5,20250904,161500,24.61,24.61,24.61,24.61,100,0
ECON.US,5,20250904,164500,24.645,24.645,24.645,24.645,400,0
ECON.US,5,20250904,171000,24.6854,24.6854,24.6854,24.6854,222,0
ECON.US,5,20250904,183000,24.6839,24.6839,24.6839,24.6839,1000,0
ECON.US,5,20250904,183500,24.69,24.69,24.69,24.69,998,0
ECON.US,5,20250904,184500,24.6929,24.6929,24.6929,24.6929,180,0
ECON.US,5,20250904,214500,24.75,24.75,24.75,24.75,142,0
ECON.US,5,20250904,215500,24.75,24.755,24.75,24.755,400,0
ECON.US,5,20250905,162000,24.96,24.96,24.96,24.96,382,0
ECON.US,5,20250905,173500,24.98,25.04,24.98,25.04,200,0
ECON.US,5,20250905,174500,25.0399,25.0399,25.0399,25.0399,412,0
ECON.US,5,20250905,182500,24.97,24.97,24.97,24.97,100,0
ECON.US,5,20250905,183000,24.9922,24.9922,24.9922,24.9922,191,0
ECON.US,5,20250905,184000,24.995,24.995,24.995,24.995,103,0
ECON.US,5,20250905,213000,25.01,25.01,25.01,25.01,235,0
ECON.US,5,20250908,153000,25.18,25.18,25.18,25.18,100,0
ECON.US,5,20250908,170500,25.14,25.14,25.14,25.14,100,0
ECON.US,5,20250908,172000,25.135,25.135,25.135,25.135,201,0
ECON.US,5,20250908,181500,25.115,25.115,25.115,25.115,123,0
ECON.US,5,20250908,182500,25.13,25.13,25.13,25.13,882,0
ECON.US,5,20250908,193000,25.1179,25.1265,25.1179,25.1265,1300,0
ECON.US,5,20250908,200000,25.1088,25.1088,25.105,25.105,1035,0
ECON.US,5,20250908,201500,25.1389,25.1389,25.1389,25.1389,600,0
ECON.US,5,20250908,205500,25.16,25.16,25.16,25.16,500,0
ECON.US,5,20250908,213500,25.1773,25.1773,25.175,25.175,515,0
ECON.US,5,20250908,214000,25.1781,25.1781,25.1781,25.1781,750,0
ECON.US,5,20250908,215000,25.18,25.18,25.18,25.18,126,0
ECON.US,5,20250908,215500,25.185,25.185,25.185,25.185,100,0
ECON.US,5,20250909,153000,25.37,25.37,25.37,25.37,100,0
ECON.US,5,20250909,154500,25.386,25.3894,25.386,25.3894,810,0
ECON.US,5,20250909,155500,25.396,25.4001,25.396,25.4001,2100,0
ECON.US,5,20250909,162000,25.415,25.43,25.415,25.4194,1185,0
ECON.US,5,20250909,171000,25.41,25.41,25.3725,25.375,390,0
ECON.US,5,20250909,190000,25.39,25.39,25.39,25.39,391,0
ECON.US,5,20250909,191500,25.38,25.38,25.38,25.38,100,0
ECON.US,5,20250909,194500,25.4,25.4001,25.4,25.4001,234,0
ECON.US,5,20250909,202000,25.3818,25.3818,25.3818,25.3818,126,0
ECON.US,5,20250909,204500,25.43,25.43,25.38,25.4102,1440,0
ECON.US,5,20250909,211500,25.41,25.41,25.41,25.41,300,0
ECON.US,5,20250909,213000,25.412497,25.412497,25.412497,25.412497,665,0
ECON.US,5,20250909,215000,25.395,25.395,25.395,25.395,615,0
ECON.US,5,20250910,200500,25.61,25.61,25.6,25.6,301,0
ECON.US,5,20250910,213000,25.57,25.58,25.57,25.58,894,0
ECON.US,5,20250911,162500,25.88,25.88,25.88,25.88,157,0
ECON.US,5,20250911,164000,25.89,25.89,25.89,25.89,1100,0
ECON.US,5,20250911,165000,25.91,25.91,25.91,25.91,100,0
ECON.US,5,20250911,172000,25.9645,25.9645,25.9645,25.9645,188,0
ECON.US,5,20250911,194500,25.9406,25.9406,25.9406,25.9406,187,0
ECON.US,5,20250911,213000,25.96,25.9663,25.96,25.9663,547,0
ECON.US,5,20250911,215500,25.955,25.955,25.955,25.955,420,0
ECON.US,5,20250912,154000,26.03,26.03,26.03,26.03,344,0
ECON.US,5,20250912,162000,26.035,26.035,26.035,26.035,300,0
ECON.US,5,20250912,163000,26,26,26,26,211,0
ECON.US,5,20250912,171500,26.025,26.025,26.025,26.025,405,0
ECON.US,5,20250912,174000,26.02,26.02,26.02,26.02,900,0
ECON.US,5,20250912,185500,26.0082,26.0082,26.0082,26.0082,140,0
ECON.US,5,20250912,191000,26.0265,26.0265,26.0265,26.0265,385,0
ECON.US,5,20250912,201000,26.03,26.03,26.03,26.03,375,0
ECON.US,5,20250912,202500,26.035,26.06,26.035,26.035,876,0
ECON.US,5,20250912,203500,26.07,26.07,26.0494,26.0494,950,0
ECON.US,5,20250912,205500,26.0485,26.0485,26.0485,26.0485,168,0
ECON.US,5,20250912,212500,26.066,26.066,26.066,26.066,254,0
ECON.US,5,20250912,214500,26.06,26.06,26.06,26.06,410,0
ECON.US,5,20250915,153000,26.2,26.2,26.2,26.2,100,0
ECON.US,5,20250915,154000,26.16,26.16,26.16,26.16,100,0
ECON.US,5,20250915,160000,26.19,26.19,26.16,26.16,830,0
ECON.US,5,20250915,160500,26.16,26.16,26.1332,26.1332,213,0
ECON.US,5,20250915,171000,26.2,26.2,26.2,26.2,100,0
ECON.US,5,20250915,171500,26.16,26.16,26.14,26.14,1483,0
ECON.US,5,20250915,172000,26.17,26.17,26.1524,26.1524,1500,0
ECON.US,5,20250915,172500,26.19,26.19,26.18,26.18,748,0
ECON.US,5,20250915,180500,26.19,26.19,26.19,26.19,5000,0
ECON.US,5,20250915,185500,26.183,26.183,26.183,26.183,142,0
ECON.US,5,20250915,193500,26.185,26.185,26.185,26.185,108,0
ECON.US,5,20250915,201000,26.205,26.2091,26.205,26.2091,570,0
ECON.US,5,20250915,211000,26.18,26.18,26.16,26.17,422,0
ECON.US,5,20250915,213500,26.1811,26.1811,26.1811,26.1811,100,0
ECON.US,5,20250916,153000,26.37,26.37,26.37,26.37,100,0
ECON.US,5,20250916,170500,26.3287,26.335,26.3287,26.335,622,0
ECON.US,5,20250916,174000,26.35,26.35,26.35,26.35,373,0
ECON.US,5,20250916,181500,26.3312,26.3312,26.3312,26.3312,500,0
ECON.US,5,20250916,185500,26.4095,26.4095,26.4095,26.4095,380,0
ECON.US,5,20250916,193500,26.4246,26.4246,26.4246,26.4246,220,0
ECON.US,5,20250916,201000,26.4218,26.4218,26.4218,26.4218,111,0
ECON.US,5,20250916,205500,26.445,26.445,26.445,26.445,452,0
ECON.US,5,20250916,212000,26.45,26.45,26.45,26.45,400,0
ECON.US,5,20250917,153000,26.5,26.57,26.5,26.54,2800,0
ECON.US,5,20250917,154000,26.51,26.51,26.51,26.51,100,0
ECON.US,5,20250917,161000,26.585,26.585,26.585,26.585,255,0
ECON.US,5,20250917,163000,26.55,26.55,26.51,26.52,1983,0
ECON.US,5,20250917,164500,26.55,26.55,26.55,26.55,200,0
ECON.US,5,20250917,170500,26.56,26.56,26.56,26.56,163,0
ECON.US,5,20250917,172000,26.555,26.555,26.555,26.555,110,0
ECON.US,5,20250917,173500,26.5493,26.5493,26.5493,26.5493,300,0
ECON.US,5,20250917,181000,26.55,26.58,26.55,26.58,778,0
ECON.US,5,20250917,181500,26.58,26.58,26.58,26.58,2559,0
ECON.US,5,20250917,191000,26.5313,26.5313,26.5313,26.5313,111,0
ECON.US,5,20250917,205500,26.4989,26.4989,26.4989,26.4989,380,0
ECON.US,5,20250917,211000,26.545,26.545,26.545,26.545,120,0
ECON.US,5,20250917,211500,26.53,26.609,26.53,26.609,405,0
ECON.US,5,20250917,212000,26.61,26.61,26.61,26.61,300,0
ECON.US,5,20250917,213000,26.5499,26.5499,26.5499,26.5499,105,0
ECON.US,5,20250917,214000,26.59,26.59,26.56,26.5899,333,0
ECON.US,5,20250917,215500,26.51,26.51,26.51,26.51,1025,0
ECON.US,5,20250918,153000,26.43,26.43,26.43,26.43,100,0
ECON.US,5,20250918,161000,26.455,26.455,26.455,26.455,380,0
ECON.US,5,20250918,161500,26.51,26.51,26.51,26.51,120,0
ECON.US,5,20250918,162500,26.4683,26.4683,26.4683,26.4683,119,0
ECON.US,5,20250918,171500,26.44,26.44,26.44,26.44,100,0
ECON.US,5,20250918,180000,26.46,26.47,26.46,26.47,410,0
ECON.US,5,20250918,180500,26.44,26.44,26.44,26.44,319,0
ECON.US,5,20250918,194500,26.48,26.48,26.48,26.48,377,0
ECON.US,5,20250918,205000,26.4921,26.4921,26.4921,26.4921,256,0
ECON.US,5,20250918,210500,26.4978,26.4978,26.4978,26.4978,291,0
ECON.US,5,20250918,212500,26.523,26.523,26.523,26.523,150,0
ECON.US,5,20250918,214000,26.47,26.505,26.47,26.505,1349,0
ECON.US,5,20250918,214500,26.51,26.52,26.51,26.52,415,0
ECON.US,5,20250918,215500,26.5,26.5,26.5,26.5,100,0
ECON.US,5,20250919,153000,26.46,26.46,26.46,26.46,100,0
ECON.US,5,20250919,163000,26.42,26.4201,26.42,26.4201,200,0
ECON.US,5,20250919,170000,26.46,26.46,26.46,26.46,100,0
ECON.US,5,20250919,183500,26.44,26.44,26.44,26.44,149,0
ECON.US,5,20250919,184000,26.44,26.44,26.42,26.42,932,0
ECON.US,5,20250919,190000,26.435,26.435,26.415,26.425,463,0
ECON.US,5,20250919,191500,26.44,26.44,26.41,26.428,1100,0
ECON.US,5,20250919,201500,26.4539,26.4539,26.4539,26.4539,146,0
ECON.US,5,20250919,213500,26.44,26.44,26.44,26.44,100,0
ECON.US,5,20250919,214000,26.45,26.45,26.45,26.45,359,0
ECON.US,5,20250919,214500,26.42,26.42,26.42,26.42,218,0
ECON.US,5,20250922,153000,26.43,26.43,26.43,26.43,100,0
ECON.US,5,20250922,182000,26.47,26.47,26.4699,26.4699,300,0
ECON.US,5,20250922,185000,26.4106,26.4106,26.4106,26.4106,117,0
ECON.US,5,20250922,200000,26.46,26.46,26.46,26.46,200,0
ECON.US,5,20250922,211500,26.488,26.488,26.488,26.488,251,0
ECON.US,5,20250922,212000,26.5,26.5,26.5,26.5,526,0
ECON.US,5,20250922,212500,26.4921,26.4921,26.4828,26.4828,875,0
ECON.US,5,20250922,214500,26.475,26.475,26.475,26.475,163,0
ECON.US,5,20250923,161500,26.555,26.555,26.555,26.555,380,0
ECON.US,5,20250923,163500,26.54,26.54,26.54,26.54,100,0
ECON.US,5,20250923,170500,26.57,26.57,26.57,26.57,400,0
ECON.US,5,20250923,180500,26.5446,26.5446,26.5446,26.5446,210,0
ECON.US,5,20250923,182000,26.55,26.55,26.55,26.55,200,0
ECON.US,5,20250923,190000,26.531798,26.531798,26.531798,26.531798,103,0
ECON.US,5,20250923,192000,26.5381,26.5381,26.5381,26.5381,215,0
ECON.US,5,20250923,192500,26.5141,26.5141,26.5141,26.5141,189,0
ECON.US,5,20250923,193000,26.49,26.49,26.49,26.49,100,0
ECON.US,5,20250923,195500,26.4769,26.4769,26.4769,26.4769,895,0
ECON.US,5,20250923,201000,26.475,26.475,26.475,26.475,300,0
ECON.US,5,20250923,203000,26.48,26.48,26.48,26.48,100,0
ECON.US,5,20250923,210500,26.46,26.46,26.46,26.46,177,0
ECON.US,5,20250923,211500,26.465,26.465,26.465,26.465,165,0
ECON.US,5,20250923,214000,26.45,26.4526,26.45,26.4526,733,0
ECON.US,5,20250924,153000,26.52,26.52,26.52,26.52,100,0
ECON.US,5,20250924,162000,26.5,26.5,26.5,26.5,3800,0
ECON.US,5,20250924,165000,26.52,26.52,26.52,26.52,100,0
ECON.US,5,20250924,165500,26.53,26.53,26.53,26.53,500,0
ECON.US,5,20250924,172500,26.5114,26.5114,26.5114,26.5114,143,0
ECON.US,5,20250924,173500,26.5199,26.5199,26.505,26.505,400,0
ECON.US,5,20250924,174500,26.5016,26.5016,26.49,26.49,719,0
ECON.US,5,20250924,175000,26.495,26.5,26.49,26.5,1200,0
ECON.US,5,20250924,180500,26.47,26.47,26.47,26.47,1200,0
ECON.US,5,20250924,181000,26.46,26.46,26.46,26.46,100,0
ECON.US,5,20250924,202500,26.43,26.43,26.43,26.43,10237,0
ECON.US,5,20250924,211500,26.44,26.44,26.44,26.44,509,0
ECON.US,5,20250924,215500,26.435,26.435,26.435,26.435,100,0
ECON.US,5,20250925,162000,26.31,26.31,26.31,26.31,100,0
ECON.US,5,20250925,170000,26.335,26.335,26.335,26.335,484,0
ECON.US,5,20250925,171500,26.3201,26.37,26.3201,26.37,759,0
ECON.US,5,20250925,200500,26.235,26.235,26.22,26.22,20368,0
ECON.US,5,20250925,214500,26.3173,26.3173,26.3173,26.3173,380,0
ECON.US,5,20250925,215500,26.34,26.34,26.34,26.34,133,0
ECON.US,5,20250926,163500,26.09,26.09,26.09,26.09,100,0
ECON.US,5,20250926,171500,26.1373,26.1373,26.1327,26.1327,447,0
ECON.US,5,20250926,211500,26.2,26.2,26.2,26.2,1062,0
ECON.US,5,20250926,213000,26.215958,26.215958,26.215958,26.215958,321,0
ECON.US,5,20250929,155000,26.55,26.55,26.55,26.55,300,0
ECON.US,5,20250929,171500,26.52,26.52,26.52,26.52,500,0
ECON.US,5,20250929,172000,26.49,26.5197,26.49,26.5197,464,0
ECON.US,5,20250929,181000,26.495,26.495,26.495,26.495,100,0
ECON.US,5,20250929,182000,26.495,26.495,26.495,26.495,100,0
ECON.US,5,20250929,185000,26.51,26.52,26.51,26.51,580,0
ECON.US,5,20250929,200000,26.475,26.475,26.475,26.475,200,0
ECON.US,5,20250929,203500,26.48,26.48,26.4708,26.4776,655,0
ECON.US,5,20250929,204500,26.49,26.49,26.49,26.49,100,0
ECON.US,5,20250929,211500,26.46,26.5,26.46,26.5,212,0
ECON.US,5,20250929,213000,26.45,26.45,26.45,26.45,167,0
ECON.US,5,20250929,213500,26.465,26.465,26.4503,26.4503,338,0
ECON.US,5,20250929,214000,26.47,26.47,26.47,26.47,100,0
ECON.US,5,20250930,153000,26.55,26.55,26.55,26.55,100,0
ECON.US,5,20250930,164500,26.56,26.56,26.56,26.56,100,0
ECON.US,5,20250930,175000,26.49,26.49,26.49,26.49,100,0
ECON.US,5,20250930,181500,26.45,26.45,26.45,26.45,392,0
ECON.US,5,20250930,182000,26.5,26.5,26.5,26.5,100,0
ECON.US,5,20250930,183500,26.5,26.5,26.5,26.5,100,0
ECON.US,5,20250930,193500,26.485,26.485,26.485,26.485,143,0
ECON.US,5,20250930,201500,26.495,26.495,26.495,26.495,143,0
ECON.US,5,20250930,204000,26.51,26.51,26.51,26.51,100,0
ECON.US,5,20250930,210500,26.5,26.5,26.48,26.48,439,0
ECON.US,5,20250930,212000,26.499816,26.53,26.499816,26.53,384,0
ECON.US,5,20250930,212500,26.515,26.52,26.5,26.515,9510,0
ECON.US,5,20250930,214500,26.5299,26.53,26.515,26.515,1197,0
ECON.US,5,20250930,215500,26.53,26.57,26.52,26.52,344,0
ECON.US,5,20251001,153000,26.67,26.67,26.67,26.67,100,0
ECON.US,5,20251001,162500,26.69,26.69,26.69,26.69,100,0
ECON.US,5,20251001,170000,26.66,26.66,26.66,26.66,611,0
ECON.US,5,20251001,174500,26.72,26.72,26.7199,26.7199,700,0
ECON.US,5,20251001,182500,26.685,26.685,26.685,26.685,409,0
ECON.US,5,20251001,194500,26.6925,26.6925,26.6925,26.6925,599,0
ECON.US,5,20251001,211500,26.71,26.71,26.71,26.71,244,0
ECON.US,5,20251001,214000,26.7174,26.7174,26.7174,26.7174,107,0
ECON.US,5,20251001,215500,26.715,26.715,26.705,26.705,200,0
ECON.US,5,20251002,153000,26.98,26.98,26.98,26.98,100,0
ECON.US,5,20251002,163500,26.889,26.889,26.889,26.889,184,0
ECON.US,5,20251002,174000,26.795,26.82,26.795,26.82,1637,0
ECON.US,5,20251002,180500,26.83,26.83,26.83,26.83,390,0
ECON.US,5,20251002,182000,26.8418,26.8418,26.8418,26.8418,213,0
ECON.US,5,20251002,185500,26.855,26.855,26.855,26.855,196,0
ECON.US,5,20251002,212500,26.87,26.87,26.87,26.87,898,0
ECON.US,5,20251002,213500,26.8504,26.8504,26.8504,26.8504,174,0
ECON.US,5,20251002,215000,26.85,26.85,26.85,26.85,100,0
ECON.US,5,20251002,215500,26.86,26.86,26.86,26.86,100,0
ECON.US,5,20251003,153000,26.97,26.97,26.97,26.97,100,0
ECON.US,5,20251003,170500,26.921,26.921,26.921,26.921,129,0
ECON.US,5,20251003,175500,26.98,26.98,26.95,26.95,422,0
ECON.US,5,20251003,184000,26.9758,26.9816,26.9758,26.9816,691,0
ECON.US,5,20251003,190500,26.955,26.955,26.955,26.955,120,0
ECON.US,5,20251003,191500,26.96,26.96,26.96,26.96,300,0
ECON.US,5,20251003,214000,26.92,26.92,26.92,26.92,100,0
ECON.US,5,20251003,214500,26.935,26.935,26.92,26.92,301,0
ECON.US,5,20251003,215500,26.94,26.94,26.93,26.93,580,0
ECON.US,5,20251006,153000,26.95,26.95,26.95,26.95,100,0
ECON.US,5,20251006,163000,26.98,26.98,26.98,26.98,100,0
ECON.US,5,20251006,165000,26.99,26.99,26.99,26.99,246,0
ECON.US,5,20251006,173500,27.03,27.03,27.03,27.03,477,0
ECON.US,5,20251006,191500,27.01,27.01,27.01,27.01,100,0
ECON.US,5,20251006,193500,27.0367,27.0367,27.0367,27.0367,121,0
ECON.US,5,20251006,194500,27.01,27.01,27.01,27.01,200,0
ECON.US,5,20251006,200000,27.015,27.04,27.015,27.04,211,0
ECON.US,5,20251006,204500,27.02,27.02,27.02,27.02,100,0
ECON.US,5,20251006,205000,27.02,27.02,27.02,27.02,300,0
ECON.US,5,20251006,214000,27.02,27.02,27.02,27.02,200,0
ECON.US,5,20251006,215500,26.98,26.98,26.98,26.98,105,0
ECON.US,5,20251007,153000,27.11,27.11,27.11,27.11,100,0
ECON.US,5,20251007,165000,26.94,26.94,26.94,26.94,571,0
ECON.US,5,20251007,175000,26.85,26.949,26.85,26.949,10292,0
ECON.US,5,20251007,175500,26.86,26.86,26.835,26.835,1244,0
ECON.US,5,20251007,180000,26.88,26.88,26.88,26.88,100,0
ECON.US,5,20251007,202000,26.84,26.84,26.84,26.84,32375,0
ECON.US,5,20251007,212000,26.815,26.8222,26.815,26.8222,496,0
ECON.US,5,20251007,213500,26.8125,26.8125,26.8125,26.8125,259,0
ECON.US,5,20251007,214500,26.84,26.87,26.84,26.87,3200,0
ECON.US,5,20251007,215000,26.87,27.02,26.87,26.96,32038,0
ECON.US,5,20251007,215500,26.96,27.19,26.96,27.17,55202,0
ECON.US,5,20251008,154500,27.14,27.14,27.14,27.14,100,0
ECON.US,5,20251008,165000,27.256,27.2595,27.256,27.2595,639,0
ECON.US,5,20251008,171500,27.26,27.26,27.26,27.26,100,0
ECON.US,5,20251008,174000,27.23,27.23,27.23,27.23,600,0
ECON.US,5,20251008,174500,27.249818,27.249818,27.22,27.22,1500,0
ECON.US,5,20251008,183000,27.2,27.2,27.2,27.2,591,0
ECON.US,5,20251008,185000,27.2624,27.2624,27.2624,27.2624,123,0
ECON.US,5,20251008,191000,27.25,27.25,27.25,27.25,449,0
ECON.US,5,20251008,203500,27.245,27.245,27.245,27.245,142,0
ECON.US,5,20251008,212000,27.2579,27.2579,27.2579,27.2579,198,0
ECON.US,5,20251008,212500,27.27,27.27,27.2646,27.2646,492,0
ECON.US,5,20251008,215500,27.37,27.37,27.37,27.37,100,0
ECON.US,5,20251009,153000,27.32,27.32,27.32,27.32,100,0
ECON.US,5,20251009,161000,27.21,27.21,27.21,27.21,370,0
ECON.US,5,20251009,162000,27.18,27.18,27.18,27.18,157,0
ECON.US,5,20251009,170500,27.13,27.19,27.13,27.19,384,0
ECON.US,5,20251009,193500,27.08,27.08,27.0799,27.0799,348,0
ECON.US,5,20251009,195500,27.03,27.03,27.03,27.03,508,0
ECON.US,5,20251009,211500,27.03,27.03,27.03,27.03,1661,0
ECON.US,5,20251009,212500,27.0265,27.0265,27.0265,27.0265,119,0
ECON.US,5,20251010,164500,27.09,27.09,27.09,27.09,100,0
ECON.US,5,20251010,172500,26.58,26.58,26.58,26.58,182,0
ECON.US,5,20251010,173500,26.38,26.3992,26.38,26.3992,740,0
ECON.US,5,20251010,174500,26.5699,26.57,26.5699,26.57,800,0
ECON.US,5,20251010,180500,26.46,26.46,26.46,26.46,309,0
ECON.US,5,20251010,185500,26.234,26.234,26.234,26.234,125,0
ECON.US,5,20251010,194000,26.2434,26.2434,26.2434,26.2434,105,0
ECON.US,5,20251010,210500,26.08,26.08,26.08,26.08,140,0
ECON.US,5,20251010,211500,26.08,26.08,26.0799,26.0799,1000,0
ECON.US,5,20251010,212000,26.09,26.09,26.09,26.09,154,0
ECON.US,5,20251010,215500,26.08,26.08,26.08,26.08,144,0
ECON.US,5,20251013,154500,26.73,26.73,26.73,26.73,100,0
ECON.US,5,20251014,154000,26.4166,26.4166,26.4166,26.4166,200,0
ECON.US,5,20251014,212000,26.7,26.7,26.7,26.7,582,0
ECON.US,5,20251014,215500,26.6219,26.6219,26.6219,26.6219,150,0
ECON.US,5,20251015,184500,26.98,26.9801,26.98,26.9801,200,0
ECON.US,5,20251015,193000,26.93,26.93,26.93,26.93,129,0
ECON.US,5,20251015,211500,27.023684,27.0594,27.023684,27.0594,836,0
ECON.US,5,20251015,213000,27,27,27,27,309,0
ECON.US,5,20251016,153000,27.24,27.24,27.24,27.24,100,0
ECON.US,5,20251016,154000,27.22,27.22,27.22,27.22,100,0
ECON.US,5,20251016,155000,27.25,27.25,27.25,27.25,100,0
ECON.US,5,20251016,161000,27.25,27.25,27.25,27.25,100,0
ECON.US,5,20251016,162000,27.26,27.26,27.26,27.26,100,0
ECON.US,5,20251016,164000,27.35,27.35,27.35,27.35,100,0
ECON.US,5,20251016,165000,27.33,27.33,27.33,27.33,100,0
ECON.US,5,20251016,170000,27.36,27.375,27.36,27.375,600,0
ECON.US,5,20251016,171000,27.38,27.38,27.38,27.38,100,0
ECON.US,5,20251016,172000,27.36,27.36,27.36,27.36,100,0
ECON.US,5,20251016,173500,27.32,27.32,27.32,27.32,100,0
ECON.US,5,20251016,183500,27.17,27.17,27.17,27.17,240,0
ECON.US,5,20251016,192500,27.27,27.2703,27.27,27.2703,248,0
ECON.US,5,20251016,193500,27.3232,27.3232,27.3232,27.3232,151,0
ECON.US,5,20251016,203500,27.19,27.19,27.19,27.19,100,0
ECON.US,5,20251016,211500,27.2,27.2,27.2,27.2,565,0
ECON.US,5,20251016,212000,27.18,27.18,27.18,27.18,100,0
ECON.US,5,20251016,215500,27.195,27.195,27.195,27.195,100,0
ECON.US,5,20251017,165500,27.13,27.13,27.13,27.13,2182,0
ECON.US,5,20251017,174500,27.15,27.15,27.15,27.15,655,0
ECON.US,5,20251017,183500,27.205,27.205,27.205,27.205,156,0
ECON.US,5,20251017,185000,27.1815,27.1815,27.18,27.18,306,0
ECON.US,5,20251017,203500,27.304,27.304,27.304,27.304,112,0
ECON.US,5,20251017,204000,27.2532,27.2532,27.2532,27.2532,106,0
ECON.US,5,20251017,212500,27.26,27.26,27.26,27.26,137,0
ECON.US,5,20251017,214000,27.26,27.26,27.26,27.26,159,0
ECON.US,5,20251017,215500,27.25,27.265,27.25,27.265,300,0
ECON.US,5,20251020,161500,27.47,27.47,27.47,27.47,100,0
ECON.US,5,20251020,163500,27.55,27.55,27.55,27.55,309,0
ECON.US,5,20251020,170000,27.5706,27.5706,27.5706,27.5706,161,0
ECON.US,5,20251020,174000,27.6506,27.6506,27.6506,27.6506,293,0
ECON.US,5,20251020,181000,27.64,27.64,27.64,27.64,197,0
ECON.US,5,20251020,184500,27.635,27.635,27.635,27.635,262,0
ECON.US,5,20251020,190500,27.65,27.65,27.65,27.65,246,0
ECON.US,5,20251020,192500,27.656753,27.656753,27.656753,27.656753,157,0
ECON.US,5,20251020,194000,27.63,27.63,27.63,27.63,100,0
ECON.US,5,20251020,203500,27.67,27.67,27.67,27.67,100,0
ECON.US,5,20251020,205000,27.67,27.67,27.67,27.67,268,0
ECON.US,5,20251020,211500,27.665,27.665,27.65,27.65,787,0
ECON.US,5,20251020,215500,27.655,27.655,27.655,27.655,100,0
ECON.US,5,20251021,172500,27.4153,27.4153,27.4153,27.4153,155,0
ECON.US,5,20251021,181500,27.46,27.46,27.41,27.41,2143,0
ECON.US,5,20251021,183500,27.4468,27.4468,27.4468,27.4468,104,0
ECON.US,5,20251021,193000,27.356,27.383,27.35,27.3829,1292,0
ECON.US,5,20251021,201000,27.41,27.419,27.41,27.419,291,0
ECON.US,5,20251021,210500,27.39,27.41,27.39,27.3952,2195,0
ECON.US,5,20251021,211000,27.41,27.41,27.3615,27.3615,892,0
ECON.US,5,20251022,154000,27.51,27.51,27.51,27.51,2455,0
ECON.US,5,20251022,163000,27.52,27.52,27.52,27.52,100,0
ECON.US,5,20251022,164500,27.45,27.45,27.45,27.45,100,0
ECON.US,5,20251022,173000,27.39,27.39,27.39,27.39,100,0
ECON.US,5,20251022,175500,27.4466,27.4466,27.4466,27.4466,465,0
ECON.US,5,20251022,194000,27.34,27.34,27.34,27.34,100,0
ECON.US,5,20251022,200000,27.28,27.28,27.28,27.28,117,0
ECON.US,5,20251022,211500,27.32,27.335,27.32,27.335,1524,0
ECON.US,5,20251022,212000,27.335,27.335,27.335,27.335,344,0
ECON.US,5,20251022,212500,27.3204,27.34,27.3204,27.34,366,0
ECON.US,5,20251022,214000,27.375,27.375,27.375,27.375,100,0
ECON.US,5,20251022,214500,27.3758,27.3758,27.3758,27.3758,535,0
ECON.US,5,20251023,170000,27.6132,27.6132,27.6132,27.6132,360,0
ECON.US,5,20251023,171500,27.6096,27.6096,27.6096,27.6096,942,0
ECON.US,5,20251023,172500,27.6,27.6,27.6,27.6,100,0
ECON.US,5,20251023,173500,27.62,27.62,27.62,27.62,200,0
ECON.US,5,20251023,184500,27.6199,27.6199,27.6197,27.6197,256,0
ECON.US,5,20251023,190500,27.57,27.57,27.57,27.57,100,0
ECON.US,5,20251023,193000,27.59,27.65,27.58,27.65,1739,0
ECON.US,5,20251023,193500,27.59,27.6107,27.59,27.6107,787,0
ECON.US,5,20251023,194500,27.62,27.62,27.62,27.62,100,0
ECON.US,5,20251023,195000,27.63,27.64,27.63,27.64,400,0
ECON.US,5,20251023,201000,27.6,27.6,27.59,27.59,459,0
ECON.US,5,20251023,202500,27.61,27.61,27.61,27.61,277,0
ECON.US,5,20251023,205500,27.605,27.605,27.605,27.605,111,0
ECON.US,5,20251023,210000,27.615,27.615,27.615,27.615,150,0
ECON.US,5,20251023,211000,27.61,27.62543,27.61,27.62543,216,0
ECON.US,5,20251023,212000,27.615,27.6183,27.61,27.61,653,0
ECON.US,5,20251023,215000,27.59,27.59,27.57,27.57,333,0
ECON.US,5,20251024,172000,27.8018,27.8018,27.8018,27.8018,231,0
ECON.US,5,20251024,172500,27.839,27.839,27.839,27.839,575,0
ECON.US,5,20251024,183000,27.8001,27.8001,27.8001,27.8001,198,0
ECON.US,5,20251024,185000,27.8219,27.8219,27.8,27.8,1176,0
ECON.US,5,20251024,203000,27.815,27.815,27.815,27.815,452,0
ECON.US,5,20251024,203500,27.8116,27.8116,27.8116,27.8116,647,0
ECON.US,5,20251024,204000,27.81,27.81,27.78,27.78,1067,0
ECON.US,5,20251024,210000,27.76,27.76,27.76,27.76,100,0
ECON.US,5,20251024,211500,27.785,27.785,27.785,27.785,268,0
ECON.US,5,20251027,172500,28.0714,28.0714,28.0714,28.0714,204,0
ECON.US,5,20251027,173000,28.065,28.1,28.065,28.1,1682,0
ECON.US,5,20251027,174000,28.06,28.06,28.06,28.06,100,0
ECON.US,5,20251027,174500,28.05,28.055,28.04,28.055,1900,0
ECON.US,5,20251027,175000,28.04,28.055,28.04,28.04,1012,0
ECON.US,5,20251027,175500,28.04,28.04,28.04,28.04,700,0
ECON.US,5,20251027,180000,28.0799,28.0799,28.0799,28.0799,100,0
ECON.US,5,20251027,180500,28.0701,28.0701,28.0701,28.0701,100,0
ECON.US,5,20251027,181000,28.08,28.08,28.07,28.07,200,0
ECON.US,5,20251027,181500,28.07,28.0705,28.07,28.0705,800,0
ECON.US,5,20251027,184000,28.0539,28.0539,28.04,28.04,354,0
ECON.US,5,20251027,184500,28.0407,28.0407,28.0407,28.0407,193,0
ECON.US,5,20251027,193000,28.045,28.045,28.045,28.045,243,0
ECON.US,5,20251027,194000,28.03,28.03,28,28,700,0
ECON.US,5,20251027,194500,28.025,28.025,28.025,28.025,441,0
ECON.US,5,20251027,195000,28.025,28.025,28.025,28.025,172,0
ECON.US,5,20251027,195500,28.0113,28.0113,28.0113,28.0113,225,0
ECON.US,5,20251027,202000,28.01,28.0101,28.01,28.0101,1000,0
ECON.US,5,20251027,205500,28.025,28.1,28.025,28.1,600,0
ECON.US,5,20251028,144000,27.86,27.86,27.86,27.86,133,0
ECON.US,5,20251028,160000,27.91,27.91,27.9085,27.9085,649,0
ECON.US,5,20251028,160500,27.897,27.911,27.89,27.89,2150,0
ECON.US,5,20251028,180000,27.9873,27.9873,27.9873,27.9873,236,0
ECON.US,5,20251028,181000,27.98326,27.98326,27.98326,27.98326,115,0
ECON.US,5,20251028,194000,28.03,28.03,28.03,28.03,501,0
ECON.US,5,20251028,201000,28.06,28.08,28.06,28.08,368,0
ECON.US,5,20251028,202500,28.05,28.05,28.05,28.05,319,0
ECON.US,5,20251028,203500,28.05,28.05,28.05,28.05,345,0
ECON.US,5,20251029,170000,28.305,28.305,28.3016,28.3016,404,0
ECON.US,5,20251029,175000,28.3003,28.3003,28.3003,28.3003,345,0
ECON.US,5,20251029,182000,28.28,28.28,28.28,28.28,100,0
ECON.US,5,20251029,193000,28.2605,28.2605,28.2605,28.2605,276,0
ECON.US,5,20251029,194500,28.11,28.12,28.11,28.11,745,0
ECON.US,5,20251029,195500,28.19,28.19,28.19,28.19,116,0
ECON.US,5,20251029,200000,28.17,28.17,28.17,28.17,100,0
ECON.US,5,20251029,201000,28.16,28.17,28.16,28.17,254,0
ECON.US,5,20251029,201500,28.17,28.17,28.14,28.14,1406,0
ECON.US,5,20251029,202000,28.15,28.1852,28.15,28.18,2206,0
ECON.US,5,20251029,203500,28.12,28.133714,28.12,28.133714,270,0
ECON.US,5,20251029,204000,28.141,28.141,28.141,28.141,108,0
ECON.US,5,20251029,205000,28.17,28.17,28.17,28.17,100,0
ECON.US,5,20251029,205500,28.22,28.22,28.22,28.22,400,0
ECON.US,5,20251030,143000,27.845,27.89,27.845,27.89,2390,0
ECON.US,5,20251030,154500,27.8879,27.8879,27.8879,27.8879,100,0
ECON.US,5,20251030,172000,27.9006,27.9006,27.9006,27.9006,179,0
ECON.US,5,20251030,181000,27.922804,27.922804,27.922804,27.922804,811,0
ECON.US,5,20251030,183000,27.936097,27.936097,27.93,27.93,319,0
ECON.US,5,20251030,202500,27.8899,27.8899,27.8856,27.8856,1540,0
ECON.US,5,20251030,203000,27.88,27.88,27.88,27.88,178,0
ECON.US,5,20251031,150500,27.78,27.78,27.78,27.78,100,0
ECON.US,5,20251031,162000,27.8432,27.8432,27.8432,27.8432,266,0
ECON.US,5,20251031,170000,27.84,27.84,27.84,27.84,900,0
ECON.US,5,20251031,171000,27.7818,27.7818,27.7818,27.7818,117,0
ECON.US,5,20251031,185500,27.82,27.82,27.777059,27.777059,1113,0
ECON.US,5,20251031,193000,27.825,27.825,27.79,27.79,324,0
ECON.US,5,20251031,202000,27.82,27.82,27.76,27.76,4798,0
ECON.US,5,20251031,203000,27.8387,27.8387,27.8387,27.8387,161,0
ECON.US,5,20251103,163500,27.9,27.9,27.9,27.9,100,0
ECON.US,5,20251103,165500,27.93,27.93,27.93,27.93,271,0
ECON.US,5,20251103,172500,27.9812,28.02,27.9812,28.02,1312,0
ECON.US,5,20251103,174500,27.991,27.9911,27.991,27.9911,200,0
ECON.US,5,20251103,184000,28.0223,28.0223,28.0223,28.0223,407,0
ECON.US,5,20251103,185000,28.04,28.04,28.0324,28.0324,639,0
ECON.US,5,20251103,185500,28.04,28.0401,28.04,28.0401,1200,0
ECON.US,5,20251103,202500,28.04,28.04,28.04,28.04,1078,0
ECON.US,5,20251103,205500,28.02,28.02,28.02,28.02,151,0
ECON.US,5,20251103,211500,28.025,28.025,28.025,28.025,105,0
ECON.US,5,20251103,212000,28.025,28.025,28.01,28.01,765,0
ECON.US,5,20251103,215500,27.9951,27.9951,27.99,27.99,288,0
ECON.US,5,20251104,153000,27.5,27.5,27.5,27.5,100,0
ECON.US,5,20251104,161500,27.64,27.64,27.64,27.64,100,0
ECON.US,5,20251104,173000,27.65,27.65,27.65,27.65,100,0
ECON.US,5,20251104,175000,27.64,27.64,27.64,27.64,100,0
ECON.US,5,20251104,180000,27.64,27.64,27.64,27.64,100,0
ECON.US,5,20251104,182500,27.5993,27.6,27.59,27.6,695,0
ECON.US,5,20251104,183500,27.579,27.586,27.579,27.586,928,0
ECON.US,5,20251104,185000,27.59,27.59,27.59,27.59,100,0
ECON.US,5,20251104,191000,27.55,27.55,27.55,27.55,100,0
ECON.US,5,20251104,201000,27.54,27.54,27.54,27.54,100,0
ECON.US,5,20251104,203000,27.5208,27.54,27.5208,27.54,638,0
ECON.US,5,20251104,211000,27.49,27.49,27.49,27.49,273,0
ECON.US,5,20251104,214000,27.49,27.49,27.49,27.49,100,0
ECON.US,5,20251105,155000,27.62,27.62,27.62,27.62,200,0
ECON.US,5,20251105,160000,27.6794,27.6794,27.6794,27.6794,160,0
ECON.US,5,20251105,162000,27.64,27.64,27.56,27.56,1847,0
ECON.US,5,20251105,174000,27.715,27.715,27.715,27.715,110,0
ECON.US,5,20251105,182000,27.8,27.8,27.75,27.75,260,0
ECON.US,5,20251105,191500,27.775,27.775,27.775,27.775,300,0
ECON.US,5,20251105,194500,27.773929,27.773929,27.773929,27.773929,225,0
ECON.US,5,20251105,202000,27.775,27.775,27.775,27.775,110,0
ECON.US,5,20251105,203500,27.78,27.78,27.78,27.78,273,0
ECON.US,5,20251105,210500,27.825,27.825,27.825,27.825,167,0
ECON.US,5,20251105,211000,27.79,27.79,27.79,27.79,2060,0
ECON.US,5,20251105,213500,27.8141,27.8141,27.8141,27.8141,299,0
ECON.US,5,20251105,215500,27.86,27.86,27.86,27.86,400,0
ECON.US,5,20251106,160000,27.585,27.585,27.585,27.585,156,0
ECON.US,5,20251106,172500,27.455,27.465,27.455,27.465,394,0
ECON.US,5,20251106,181500,27.47,27.47,27.47,27.47,259,0
ECON.US,5,20251106,204500,27.5502,27.5502,27.5502,27.5502,141,0
ECON.US,5,20251106,205000,27.5406,27.5406,27.5406,27.5406,152,0
ECON.US,5,20251106,211000,27.555,27.555,27.555,27.555,116,0
ECON.US,5,20251106,212500,27.57,27.57,27.57,27.57,163,0
ECON.US,5,20251106,213500,27.53,27.53,27.53,27.53,281,0
ECON.US,5,20251107,153500,27.14,27.14,27.14,27.14,148,0
ECON.US,5,20251107,154500,27.12,27.12,27.12,27.12,100,0
ECON.US,5,20251107,155000,27.14,27.14,27.14,27.14,100,0
ECON.US,5,20251107,160500,27.1549,27.1549,27.1549,27.1549,116,0
ECON.US,5,20251107,180500,27.09,27.09,27.065,27.065,500,0
ECON.US,5,20251107,182500,27.1,27.1,27.1,27.1,137,0
ECON.US,5,20251107,184000,27.14,27.14,27.14,27.14,100,0
ECON.US,5,20251107,184500,27.1345,27.1345,27.1178,27.1178,317,0
ECON.US,5,20251107,185000,27.1381,27.1381,27.1381,27.1381,103,0
ECON.US,5,20251107,203000,27.2,27.2,27.2,27.2,334,0
ECON.US,5,20251107,211000,27.32,27.32,27.32,27.32,570,0
ECON.US,5,20251107,212500,27.275,27.275,27.275,27.275,228,0
ECON.US,5,20251110,153000,27.7445,27.7445,27.7445,27.7445,150,0
ECON.US,5,20251110,154500,27.76,27.76,27.76,27.76,429,0
ECON.US,5,20251110,171000,27.69,27.69,27.69,27.69,100,0
ECON.US,5,20251110,185000,27.8,27.8,27.8,27.8,1107,0
ECON.US,5,20251110,193500,27.83,27.83,27.79,27.79,357,0
ECON.US,5,20251110,194500,27.84,27.84,27.84,27.84,100,0
ECON.US,5,20251110,200000,27.83,27.83,27.83,27.83,100,0
ECON.US,5,20251110,202500,27.84,27.84,27.84,27.84,300,0
ECON.US,5,20251110,212000,27.86,27.86,27.85,27.85,400,0
ECON.US,5,20251110,213500,27.9,27.9,27.9,27.9,100,0
ECON.US,5,20251111,171000,27.87,27.87,27.87,27.87,500,0
ECON.US,5,20251111,185500,27.9067,27.9081,27.9067,27.9081,925,0
ECON.US,5,20251111,201000,27.948,27.948,27.948,27.948,123,0
ECON.US,5,20251111,205000,27.94,27.94,27.94,27.94,100,0
ECON.US,5,20251111,211500,27.94,27.94,27.91,27.935,2989,0
ECON.US,5,20251111,215500,27.93,27.93,27.92,27.92,300,0
ECON.US,5,20251112,161500,27.8514,27.8514,27.8514,27.8514,107,0
ECON.US,5,20251112,180500,27.88,27.88,27.88,27.88,100,0
ECON.US,5,20251112,182500,27.83,27.86,27.81,27.86,1500,0
ECON.US,5,20251112,183000,27.85,27.85,27.8499,27.8499,200,0
ECON.US,5,20251112,183500,27.87,27.87,27.87,27.87,500,0
ECON.US,5,20251112,200000,27.9,27.9,27.9,27.9,192,0
ECON.US,5,20251112,202500,27.91,27.91,27.91,27.91,100,0
ECON.US,5,20251112,211500,27.84,27.84,27.84,27.84,583,0
ECON.US,5,20251112,212500,27.91,27.91,27.91,27.91,100,0
ECON.US,5,20251112,213000,27.8809,27.8809,27.8809,27.8809,223,0
ECON.US,5,20251112,213500,27.9195,27.9195,27.9195,27.9195,291,0
ECON.US,5,20251112,214000,27.925,27.925,27.925,27.925,184,0
ECON.US,5,20251113,172000,27.73,27.73,27.73,27.73,100,0
ECON.US,5,20251113,183000,27.69,27.73,27.6899,27.7,600,0
ECON.US,5,20251113,190500,27.6225,27.6225,27.6225,27.6225,313,0
ECON.US,5,20251113,194000,27.5,27.5,27.5,27.5,100,0
ECON.US,5,20251113,203000,27.52,27.52,27.52,27.52,197,0
ECON.US,5,20251113,211000,27.51,27.511797,27.51,27.511797,357,0
ECON.US,5,20251113,213500,27.57,27.57,27.5699,27.5699,364,0
ECON.US,5,20251114,160500,27.441,27.4634,27.441,27.4634,800,0
ECON.US,5,20251114,162000,27.519,27.519,27.519,27.519,100,0
ECON.US,5,20251114,173500,27.65,27.65,27.65,27.65,100,0
ECON.US,5,20251114,180500,27.63,27.6505,27.63,27.6505,807,0
ECON.US,5,20251114,183000,27.6301,27.6301,27.6301,27.6301,114,0
ECON.US,5,20251114,202000,27.5577,27.5577,27.5577,27.5577,171,0
ECON.US,5,20251114,205000,27.562,27.57,27.562,27.57,223,0
ECON.US,5,20251114,212000,27.501,27.501,27.501,27.501,275,0
ECON.US,5,20251114,212500,27.5,27.51,27.48,27.48,1010,0
ECON.US,5,20251117,153500,27.39,27.39,27.39,27.39,100,0
ECON.US,5,20251117,163500,27.37,27.37,27.37,27.37,100,0
ECON.US,5,20251117,164000,27.4,27.4,27.4,27.4,108,0
ECON.US,5,20251117,172000,27.3,27.3,27.295,27.3,600,0
ECON.US,5,20251117,172500,27.34,27.34,27.34,27.34,800,0
ECON.US,5,20251117,173500,27.38,27.38,27.38,27.38,500,0
ECON.US,5,20251117,175000,27.435,27.435,27.435,27.435,365,0
ECON.US,5,20251117,183000,27.41,27.41,27.4,27.4,272,0
ECON.US,5,20251117,184500,27.38,27.38,27.38,27.38,200,0
ECON.US,5,20251117,185500,27.35,27.35,27.35,27.35,100,0
ECON.US,5,20251117,192500,27.325,27.325,27.325,27.325,900,0
ECON.US,5,20251117,195000,27.29,27.29,27.29,27.29,320,0
ECON.US,5,20251117,201000,27.24,27.24,27.24,27.24,100,0
ECON.US,5,20251117,202500,27.2093,27.2093,27.2093,27.2093,785,0
ECON.US,5,20251117,210500,27.09,27.13,27.09,27.13,210,0
ECON.US,5,20251117,211000,27.1,27.1,27.1,27.1,100,0
ECON.US,5,20251117,211500,27.1101,27.115,27.1101,27.115,391,0
ECON.US,5,20251117,214000,27.1,27.11,27.1,27.11,700,0
ECON.US,5,20251117,215500,27.17,27.17,27.17,27.17,100,0
ECON.US,5,20251118,153500,27,27,27,27,100,0
ECON.US,5,20251118,155500,26.93,26.93,26.93,26.93,100,0
ECON.US,5,20251118,160000,26.85,26.85,26.85,26.85,100,0
ECON.US,5,20251118,161000,26.88,26.88,26.88,26.88,100,0
ECON.US,5,20251118,161500,26.88,26.88,26.88,26.88,200,0
ECON.US,5,20251118,164000,26.93,26.93,26.91,26.91,200,0
ECON.US,5,20251118,171500,26.9,26.9001,26.9,26.9,385,0
ECON.US,5,20251118,180500,27.0183,27.0183,27.0183,27.0183,833,0
ECON.US,5,20251118,195500,27.065,27.065,27.065,27.065,246,0
ECON.US,5,20251118,202000,27.0875,27.0875,27.0875,27.0875,100,0
ECON.US,5,20251118,214000,27.045,27.045,27.045,27.045,130,0
ECON.US,5,20251118,214500,27.035,27.035,27.035,27.035,117,0
ECON.US,5,20251119,173000,26.9,26.91,26.9,26.91,920,0
ECON.US,5,20251119,181000,26.882,26.882,26.8784,26.8784,526,0
ECON.US,5,20251119,200000,26.9,26.9,26.9,26.9,100,0
ECON.US,5,20251119,205000,26.86,26.86,26.86,26.86,100,0
ECON.US,5,20251119,211000,26.92,26.93,26.92,26.93,879,0
ECON.US,5,20251120,153000,27.16,27.16,27.16,27.16,100,0
ECON.US,5,20251120,154500,27.1,27.1,27.1,27.1,100,0
ECON.US,5,20251120,155000,27.09,27.09,27.09,27.09,730,0
ECON.US,5,20251120,160500,27.1,27.1,27.1,27.1,100,0
ECON.US,5,20251120,161500,27.0515,27.0515,27.0515,27.0515,100,0
ECON.US,5,20251120,162500,27.09,27.11,27.09,27.11,337,0
ECON.US,5,20251120,163000,27.11,27.11,27.11,27.11,100,0
ECON.US,5,20251120,171000,27.01,27.01,27.01,27.01,100,0
ECON.US,5,20251120,172500,26.92,26.92,26.92,26.92,100,0
ECON.US,5,20251120,173000,26.9,26.9,26.8999,26.8999,373,0
ECON.US,5,20251120,173500,26.88,26.88,26.8499,26.8499,200,0
ECON.US,5,20251120,174000,26.81,26.85,26.81,26.85,900,0
ECON.US,5,20251120,174500,26.81,26.83,26.81,26.82,900,0
ECON.US,5,20251120,180000,26.75,26.75,26.75,26.75,100,0
ECON.US,5,20251120,181000,26.7008,26.705,26.7008,26.705,480,0
ECON.US,5,20251120,182000,26.68,26.68,26.68,26.68,100,0
ECON.US,5,20251120,185500,26.61,26.61,26.61,26.61,100,0
ECON.US,5,20251120,195000,26.605,26.605,26.605,26.605,265,0
ECON.US,5,20251120,201500,26.57,26.6,26.57,26.6,536,0
ECON.US,5,20251120,211000,26.6177,26.6177,26.6177,26.6177,316,0
ECON.US,5,20251120,211500,26.59,26.59,26.59,26.59,523,0
ECON.US,5,20251121,153000,26.34,26.34,26.34,26.34,100,0
ECON.US,5,20251121,154000,26.3208,26.3208,26.3208,26.3208,100,0
ECON.US,5,20251121,155000,26.39,26.39,26.39,26.39,100,0
ECON.US,5,20251121,163000,26.27,26.27,26.27,26.27,713,0
ECON.US,5,20251121,164500,26.28,26.28,26.28,26.28,100,0
ECON.US,5,20251121,174500,26.402,26.44,26.402,26.44,800,0
ECON.US,5,20251121,182000,26.505,26.505,26.505,26.505,176,0
ECON.US,5,20251121,182500,26.54,26.55,26.54,26.55,500,0
ECON.US,5,20251121,183500,26.5101,26.5116,26.51,26.51,436,0
ECON.US,5,20251121,194000,26.55,26.55,26.55,26.55,100,0
ECON.US,5,20251121,194500,26.58,26.58,26.57,26.57,909,0
ECON.US,5,20251121,201000,26.6168,26.6168,26.6168,26.6168,203,0
ECON.US,5,20251121,211500,26.6059,26.6059,26.6059,26.6059,170,0
ECON.US,5,20251121,213000,26.5464,26.5464,26.5464,26.5464,100,0
ECON.US,5,20251121,213500,26.56,26.56,26.55,26.56,604,0
ECON.US,5,20251121,214000,26.5301,26.5301,26.5301,26.5301,100,0
ECON.US,5,20251121,215500,26.53,26.53,26.53,26.53,200,0
ECON.US,5,20251124,154500,26.6,26.6,26.59,26.59,200,0
ECON.US,5,20251124,163500,26.675,26.675,26.675,26.675,100,0
ECON.US,5,20251124,182500,26.69,26.705,26.69,26.705,1604,0
ECON.US,5,20251124,191000,26.7597,26.7597,26.7597,26.7597,298,0
ECON.US,5,20251124,195000,26.7539,26.7539,26.7539,26.7539,175,0
ECON.US,5,20251124,202500,26.7762,26.78,26.7762,26.78,630,0
ECON.US,5,20251124,211000,26.745,26.745,26.745,26.745,123,0
ECON.US,5,20251124,211500,26.765,26.765,26.765,26.765,110,0
ECON.US,5,20251125,160500,26.675,26.675,26.675,26.675,100,0
ECON.US,5,20251125,205000,26.83,26.83,26.83,26.83,355,0
ECON.US,5,20251125,213500,26.86,26.869,26.86,26.869,200,0
ECON.US,5,20251125,214500,26.86,26.86,26.86,26.86,100,0
ECON.US,5,20251125,215500,26.87,26.87,26.84,26.84,1092,0
ECON.US,5,20251126,173500,27.07,27.07,27.07,27.07,100,0
ECON.US,5,20251126,183000,27.1,27.11,27.1,27.11,460,0
ECON.US,5,20251126,203000,27.09,27.1199,27.0801,27.0801,1200,0
ECON.US,5,20251126,204500,27.07,27.07,27.07,27.07,126,0
ECON.US,5,20251126,211000,27.0701,27.0701,27.0701,27.0701,157,0
ECON.US,5,20251126,211500,27.07,27.0701,27.07,27.0701,572,0
ECON.US,5,20251126,213500,27.0703,27.0703,27.0703,27.0703,838,0
ECON.US,5,20251126,214500,27.0704,27.0704,27.0704,27.0704,228,0
ECON.US,5,20251126,215000,27.09,27.11,27.09,27.11,2728,0
ECON.US,5,20251128,153500,27.12,27.12,27.1199,27.1199,2000,0
ECON.US,5,20251128,155500,27.15,27.15,27.15,27.15,100,0
ECON.US,5,20251128,162000,27.1357,27.1357,27.1357,27.1357,534,0
ECON.US,5,20251128,163000,27.16,27.16,27.16,27.16,100,0
ECON.US,5,20251128,173500,27.19,27.22,27.15,27.17,2214,0
ECON.US,5,20251128,181000,27.1701,27.1701,27.1701,27.1701,184,0
ECON.US,5,20251128,184500,27.175,27.175,27.175,27.175,284,0
ECON.US,5,20251128,185500,27.18,27.18,27.18,27.18,200,0
ECON.US,5,20251201,153000,27.12,27.12,27.12,27.12,100,0
ECON.US,5,20251201,171500,27.12,27.12,27.12,27.12,114,0
ECON.US,5,20251201,195000,27.23,27.23,27.21,27.23,2000,0
ECON.US,5,20251201,200000,27.19,27.19,27.19,27.19,100,0
ECON.US,5,20251201,201500,27.21,27.21,27.21,27.21,1050,0
ECON.US,5,20251201,211000,27.13,27.1302,27.12,27.1302,716,0
ECON.US,5,20251202,190000,27.14,27.14,27.12,27.12,597,0
ECON.US,5,20251202,190500,27.17,27.17,27.17,27.17,100,0
ECON.US,5,20251202,191000,27.144667,27.144667,27.144667,27.144667,500,0
ECON.US,5,20251202,191500,27.17,27.18,27.16,27.18,1300,0
ECON.US,5,20251202,193000,27.1524,27.1524,27.1524,27.1524,194,0
ECON.US,5,20251202,211000,27.205,27.205,27.1817,27.1817,290,0
ECON.US,5,20251202,215500,27.21,27.21,27.21,27.21,200,0
ECON.US,5,20251203,181000,27.1,27.1,27.1,27.1,200,0
ECON.US,5,20251203,190500,27.19,27.19,27.19,27.19,381,0
ECON.US,5,20251203,192000,27.13,27.13,27.13,27.13,286,0
ECON.US,5,20251203,211500,27.22,27.25,27.22,27.25,422,0
ECON.US,5,20251203,212000,27.191,27.191,27.191,27.191,166,0
ECON.US,5,20251203,213000,27.21,27.21,27.21,27.21,351,0
ECON.US,5,20251203,214000,27.23,27.23,27.23,27.23,435,0
ECON.US,5,20251203,215500,27.26,27.26,27.18,27.18,476,0
ECON.US,5,20251204,173500,27.25,27.26,27.2344,27.2344,1601,0
ECON.US,5,20251204,183000,27.241,27.241,27.241,27.241,138,0
ECON.US,5,20251204,191000,27.23,27.23,27.23,27.23,166,0
ECON.US,5,20251204,212000,27.23,27.23,27.22,27.2278,425,0
ECON.US,5,20251205,154000,27.52,27.52,27.52,27.52,100,0
ECON.US,5,20251205,154500,27.54,27.54,27.54,27.54,200,0
ECON.US,5,20251205,160000,27.6,27.6,27.6,27.6,100,0
ECON.US,5,20251205,161000,27.5801,27.5801,27.5801,27.5801,801,0
ECON.US,5,20251205,162000,27.6,27.6,27.6,27.6,200,0
ECON.US,5,20251205,172000,27.5085,27.5085,27.5085,27.5085,103,0
ECON.US,5,20251205,183000,27.4948,27.4948,27.4948,27.4948,108,0
ECON.US,5,20251205,192000,27.45,27.45,27.4438,27.4438,256,0
ECON.US,5,20251205,211000,27.455,27.455,27.43,27.43,3182,0
ECON.US,5,20251205,212500,27.4467,27.4467,27.4467,27.4467,234,0
ECON.US,5,20251205,215500,27.435,27.5,27.435,27.5,1135,0
ECON.US,5,20251208,153000,27.44,27.45,27.37,27.45,1000,0
ECON.US,5,20251208,160500,27.34,27.34,27.34,27.34,200,0
ECON.US,5,20251208,170000,27.26,27.26,27.26,27.26,100,0
ECON.US,5,20251208,185000,27.31,27.315,27.28,27.28,757,0
ECON.US,5,20251208,193000,27.31,27.31,27.31,27.31,100,0
ECON.US,5,20251208,194500,27.3,27.3,27.3,27.3,421,0
ECON.US,5,20251208,212000,27.31,27.31,27.31,27.31,219,0
ECON.US,5,20251208,214000,27.29,27.29,27.29,27.29,227,0
ECON.US,5,20251208,215500,27.32,27.32,27.27,27.27,677,0
ECON.US,5,20251209,153000,27.22,27.23,27.22,27.23,300,0
ECON.US,5,20251209,164000,27.27,27.27,27.265,27.265,200,0
ECON.US,5,20251209,170000,27.26,27.26,27.26,27.26,200,0
ECON.US,5,20251209,171000,27.27,27.27,27.27,27.27,600,0
ECON.US,5,20251209,173500,27.28,27.28,27.28,27.28,100,0
ECON.US,5,20251209,174500,27.27,27.27,27.27,27.27,100,0
ECON.US,5,20251209,175500,27.27,27.303,27.27,27.303,312,0
ECON.US,5,20251209,180500,27.27,27.27,27.27,27.27,100,0
ECON.US,5,20251209,181500,27.26,27.26,27.26,27.26,100,0
ECON.US,5,20251209,182500,27.29,27.29,27.29,27.29,171,0
ECON.US,5,20251209,183000,27.26,27.27,27.26,27.27,1000,0
ECON.US,5,20251209,191500,27.24,27.24,27.23,27.24,1400,0
ECON.US,5,20251209,202500,27.26,27.26,27.26,27.26,299,0
ECON.US,5,20251209,210500,27.3,27.3,27.3,27.3,221,0
ECON.US,5,20251209,213500,27.29,27.29,27.27,27.27,375,0
ECON.US,5,20251209,215000,27.2873,27.2873,27.2873,27.2873,108,0
ECON.US,5,20251209,215500,27.2885,27.2885,27.26,27.26,315,0
ECON.US,5,20251210,153500,27.275,27.275,27.275,27.275,150,0
ECON.US,5,20251210,162500,27.31,27.31,27.31,27.31,100,0
ECON.US,5,20251210,172500,27.3303,27.3303,27.3303,27.3303,150,0
ECON.US,5,20251210,180000,27.3599,27.3599,27.3599,27.3599,182,0
ECON.US,5,20251210,181500,27.32,27.32,27.31,27.31,439,0
ECON.US,5,20251210,182000,27.34,27.36,27.34,27.36,700,0
ECON.US,5,20251210,193500,27.3898,27.39,27.365,27.365,1825,0
ECON.US,5,20251210,194000,27.39,27.39,27.37,27.37,1096,0
ECON.US,5,20251210,195000,27.37,27.37,27.37,27.37,139,0
ECON.US,5,20251210,200000,27.39,27.39,27.39,27.39,100,0
ECON.US,5,20251210,202500,27.42,27.42,27.42,27.42,100,0
ECON.US,5,20251210,211000,27.57,27.57,27.555,27.56,1189,0
ECON.US,5,20251210,211500,27.572457,27.58,27.572457,27.58,423,0
ECON.US,5,20251210,213000,27.5724,27.5724,27.5724,27.5724,117,0
ECON.US,5,20251211,162000,27.4,27.4,27.4,27.4,100,0
ECON.US,5,20251211,165000,27.415,27.415,27.415,27.415,295,0
ECON.US,5,20251211,172500,27.4384,27.4384,27.4384,27.4384,365,0
ECON.US,5,20251211,181000,27.48,27.48,27.48,27.48,100,0
ECON.US,5,20251211,181500,27.49,27.49,27.49,27.49,102,0
ECON.US,5,20251211,184500,27.4872,27.4872,27.4872,27.4872,128,0
ECON.US,5,20251211,185500,27.48,27.48,27.48,27.48,188,0
ECON.US,5,20251211,190500,27.495173,27.495173,27.495173,27.495173,183,0
ECON.US,5,20251211,191000,27.49,27.49,27.49,27.49,129,0
ECON.US,5,20251211,211000,27.45,27.5,27.44,27.49,1071,0
ECON.US,5,20251211,212000,27.475,27.475,27.475,27.475,120,0
ECON.US,5,20251211,215500,27.43,27.43,27.43,27.43,400,0
ECON.US,5,20251212,153000,27.45,27.45,27.45,27.45,100,0
ECON.US,5,20251212,174000,27.1138,27.1138,27.1138,27.1138,600,0
ECON.US,5,20251212,181500,27.18,27.18,27.18,27.18,100,0
ECON.US,5,20251212,182000,27.2391,27.2391,27.2391,27.2391,600,0
ECON.US,5,20251212,185000,27.2324,27.2324,27.2324,27.2324,123,0
ECON.US,5,20251212,202500,27.194952,27.194952,27.194952,27.194952,114,0
ECON.US,5,20251212,211000,27.21,27.21,27.21,27.21,173,0
ECON.US,5,20251212,212500,27.19,27.19,27.19,27.19,264,0
ECON.US,5,20251212,213000,27.21,27.21,27.2,27.2,1711,0
ECON.US,5,20251212,215500,27.14,27.19,27.1,27.1,877,0
ECON.US,5,20251215,153500,27.33,27.33,27.33,27.33,100,0
ECON.US,5,20251215,162000,27.25,27.25,27.25,27.25,100,0
ECON.US,5,20251215,165500,27.2201,27.25,27.2201,27.25,365,0
ECON.US,5,20251215,170500,27.27,27.27,27.27,27.27,100,0
ECON.US,5,20251215,175500,27.2498,27.2498,27.2498,27.2498,240,0
ECON.US,5,20251215,181500,27.23,27.23,27.23,27.23,100,0
ECON.US,5,20251215,183000,27.23,27.23,27.23,27.23,300,0
ECON.US,5,20251215,190500,27.21,27.21,27.21,27.21,100,0
ECON.US,5,20251215,191000,27.25,27.25,27.25,27.25,111,0
ECON.US,5,20251215,212000,27.2,27.2,27.16,27.17,1203,0
ECON.US,5,20251215,213500,27.1638,27.1638,27.1638,27.1638,113,0
ECON.US,5,20251215,214000,27.165,27.165,27.165,27.165,289,0
ECON.US,5,20251216,153500,26.96,26.96,26.96,26.96,100,0
ECON.US,5,20251216,154500,26.96,26.96,26.96,26.96,100,0
ECON.US,5,20251216,161500,26.93,26.93,26.93,26.93,100,0
ECON.US,5,20251216,165500,26.937,26.937,26.937,26.937,200,0
ECON.US,5,20251216,173500,26.88,26.88,26.88,26.88,172,0
ECON.US,5,20251216,181000,26.9393,26.9393,26.9393,26.9393,148,0
ECON.US,5,20251216,191000,26.87,26.87,26.87,26.87,277,0
ECON.US,5,20251216,195500,26.925,26.925,26.925,26.925,133,0
ECON.US,5,20251216,202000,26.845,26.87,26.845,26.87,900,0
ECON.US,5,20251216,202500,26.86,26.88,26.86,26.88,400,0
ECON.US,5,20251216,204000,26.92,26.93,26.92,26.93,2050,0
ECON.US,5,20251216,204500,26.925,26.925,26.925,26.925,172,0
ECON.US,5,20251216,211000,26.94,26.94,26.94,26.94,411,0
ECON.US,5,20251216,213500,26.94,26.94,26.94,26.94,100,0
ECON.US,5,20251217,175000,26.94,26.94,26.94,26.94,383,0
ECON.US,5,20251217,180000,26.9377,26.9377,26.9377,26.9377,487,0
ECON.US,5,20251217,190500,26.97,26.97,26.97,26.97,398,0
ECON.US,5,20251217,194500,26.8301,26.8301,26.8301,26.8301,163,0
ECON.US,5,20251217,211000,26.855,26.855,26.855,26.855,239,0
ECON.US,5,20251217,212000,26.8534,26.8534,26.8534,26.8534,185,0
ECON.US,5,20251217,215500,26.79,26.79,26.79,26.79,473,0
ECON.US,5,20251218,153000,26.77,26.77,26.77,26.77,200,0
ECON.US,5,20251218,174000,26.83,26.84,26.8,26.8,1288,0
ECON.US,5,20251218,191000,26.75,26.75,26.75,26.75,100,0
ECON.US,5,20251218,191500,26.72,26.72,26.72,26.72,300,0
ECON.US,5,20251218,201000,26.705,26.705,26.705,26.705,318,0
ECON.US,5,20251218,205500,26.675,26.675,26.675,26.675,100,0
ECON.US,5,20251218,211000,26.685,26.685,26.6803,26.6803,347,0
ECON.US,5,20251218,213500,26.68,26.68,26.66,26.66,330,0
ECON.US,5,20251219,161000,26.93,26.94,26.93,26.94,600,0
ECON.US,5,20251219,162000,26.92,26.92,26.92,26.92,700,0
ECON.US,5,20251219,162500,26.91,26.91,26.91,26.91,100,0
ECON.US,5,20251219,165500,26.895,26.9,26.86,26.8701,5800,0
ECON.US,5,20251219,170500,26.9005,26.9005,26.9005,26.9005,224,0
ECON.US,5,20251219,181000,26.93,26.93,26.93,26.93,100,0
ECON.US,5,20251219,182500,26.9117,26.9117,26.9117,26.9117,270,0
ECON.US,5,20251219,190500,26.8815,26.8815,26.8815,26.8815,135,0
ECON.US,5,20251219,191000,26.94,26.95,26.94,26.95,386,0
ECON.US,5,20251219,210500,26.94,26.94,26.94,26.94,305,0
ECON.US,5,20251219,215500,26.92,26.92,26.92,26.92,100,0
ECON.US,5,20251222,160000,26.98,27,26.976,26.99,584,0
ECON.US,5,20251222,171000,27,27,26.97,26.97,1500,0
ECON.US,5,20251222,180500,26.97,26.995,26.97,26.995,1900,0
ECON.US,5,20251222,183000,27,27,27,27,600,0
ECON.US,5,20251222,191500,26.9614,26.98,26.9614,26.98,542,0
ECON.US,5,20251222,210500,27.004,27.004,27.004,27.004,126,0
ECON.US,5,20251222,211000,26.9964,26.9964,26.9964,26.9964,2364,0
ECON.US,5,20251222,212500,27.02,27.02,27.005,27.005,1132,0
ECON.US,5,20251222,213500,27.03,27.03,27.015,27.015,323,0
ECON.US,5,20251222,215500,27.04,27.04,27.01,27.01,201,0
ECON.US,5,20251223,155000,27.03,27.03,27.03,27.03,100,0
ECON.US,5,20251223,173000,27.06,27.09,27.06,27.09,514,0
ECON.US,5,20251223,190000,27.0722,27.0722,27.0722,27.0722,189,0
ECON.US,5,20251223,193000,27.125,27.125,27.125,27.125,202,0
ECON.US,5,20251223,202000,27.15,27.15,27.15,27.15,350,0
ECON.US,5,20251223,203000,27.1662,27.1662,27.1662,27.1662,107,0
ECON.US,5,20251223,210000,27.18,27.23,27.18,27.23,2555,0
ECON.US,5,20251223,210500,27.2214,27.2214,27.2214,27.2214,150,0
ECON.US,5,20251223,211500,27.17,27.17,27.1602,27.1602,761,0
ECON.US,5,20251223,215500,27.22,27.234,27.22,27.234,300,0
ECON.US,5,20251224,155000,27.26,27.26,27.26,27.26,200,0
ECON.US,5,20251224,162500,27.23,27.23,27.23,27.23,115,0
ECON.US,5,20251224,163000,27.26,27.26,27.26,27.26,100,0
ECON.US,5,20251224,164500,27.23,27.23,27.23,27.23,300,0
ECON.US,5,20251224,170500,27.25,27.25,27.25,27.25,100,0
ECON.US,5,20251224,175500,27.28,27.28,27.28,27.28,100,0
ECON.US,5,20251224,182000,27.235,27.235,27.235,27.235,167,0
ECON.US,5,20251224,183000,27.2001,27.2001,27.2001,27.2001,157,0
ECON.US,5,20251226,160000,27.4,27.4,27.4,27.4,254,0
ECON.US,5,20251226,163500,27.44,27.44,27.41,27.41,428,0
ECON.US,5,20251226,182500,27.42,27.42,27.42,27.42,697,0
ECON.US,5,20251226,215500,27.5,27.5,27.5,27.5,111,0
ECON.US,5,20251229,153000,27.34,27.34,27.34,27.34,100,0
ECON.US,5,20251229,174500,27.38,27.38,27.38,27.38,100,0
ECON.US,5,20251229,180500,27.365,27.38,27.365,27.38,730,0
ECON.US,5,20251229,193000,27.3531,27.3531,27.3531,27.3531,120,0
ECON.US,5,20251229,211000,27.42,27.44,27.42,27.44,624,0
ECON.US,5,20251229,215500,27.47,27.47,27.47,27.47,100,0
ECON.US,5,20251230,153000,27.54,27.54,27.54,27.54,100,0
ECON.US,5,20251230,153500,27.54,27.54,27.53,27.53,400,0
ECON.US,5,20251230,155000,27.54,27.54,27.54,27.54,1000,0
ECON.US,5,20251230,160000,27.51,27.51,27.51,27.51,200,0
ECON.US,5,20251230,161000,27.48,27.49,27.47,27.49,1800,0
ECON.US,5,20251230,162000,27.49,27.49,27.49,27.49,100,0
ECON.US,5,20251230,163000,27.46,27.47,27.45,27.45,900,0
ECON.US,5,20251230,164000,27.46,27.46,27.45,27.45,400,0
ECON.US,5,20251230,170000,27.54,27.54,27.48,27.48,400,0
ECON.US,5,20251230,171000,27.48,27.48,27.48,27.48,500,0
ECON.US,5,20251230,172500,27.5,27.5,27.5,27.5,200,0
ECON.US,5,20251230,173500,27.49,27.49,27.49,27.49,500,0
ECON.US,5,20251230,175500,27.49,27.49,27.49,27.49,100,0
ECON.US,5,20251230,180500,27.49,27.49,27.49,27.49,600,0
ECON.US,5,20251230,182000,27.515,27.515,27.4956,27.4956,411,0
ECON.US,5,20251230,183000,27.49,27.49,27.49,27.49,400,0
ECON.US,5,20251230,184500,27.48,27.48,27.48,27.48,200,0
ECON.US,5,20251230,190000,27.48,27.48,27.48,27.48,100,0
ECON.US,5,20251230,192500,27.49,27.49,27.49,27.49,900,0
ECON.US,5,20251230,193500,27.48,27.48,27.48,27.48,200,0
ECON.US,5,20251230,194500,27.49,27.49,27.49,27.49,400,0
ECON.US,5,20251230,213500,27.46,27.46,27.46,27.46,274,0
ECON.US,5,20251230,215000,27.45,27.45,27.45,27.45,100,0
ECON.US,5,20251230,215500,27.43,27.43,27.43,27.43,200,0
ECON.US,5,20251231,160000,27.33,27.33,27.33,27.33,200,0
ECON.US,5,20251231,160500,27.33,27.33,27.33,27.33,301,0
ECON.US,5,20251231,180500,27.305,27.305,27.305,27.305,317,0
ECON.US,5,20251231,200000,27.3491,27.3491,27.3491,27.3491,185,0
ECON.US,5,20251231,210500,27.33,27.33,27.33,27.33,200,0
ECON.US,5,20251231,211500,27.34,27.34,27.34,27.34,395,0
ECON.US,5,20251231,213000,27.3131,27.3131,27.3131,27.3131,160,0
ECON.US,5,20260102,161500,27.9,27.9,27.9,27.9,200,0
ECON.US,5,20260102,165000,27.9,27.9,27.9,27.9,100,0
ECON.US,5,20260102,170000,27.88,27.88,27.88,27.88,100,0
ECON.US,5,20260102,172500,27.92,27.94,27.91,27.91,1300,0
ECON.US,5,20260102,173500,27.9,27.9,27.9,27.9,100,0
ECON.US,5,20260102,174500,27.89,27.89,27.89,27.89,300,0
ECON.US,5,20260102,175500,27.89,27.89,27.89,27.89,844,0
ECON.US,5,20260102,180500,27.91,27.91,27.902,27.91,400,0
ECON.US,5,20260102,182000,27.92,27.92,27.92,27.92,100,0
ECON.US,5,20260102,182500,27.92,27.92,27.92,27.92,100,0
ECON.US,5,20260102,184000,27.92,27.92,27.92,27.92,200,0
ECON.US,5,20260102,185000,27.91,27.91,27.91,27.91,300,0
ECON.US,5,20260102,190000,27.91,27.91,27.91,27.91,300,0
ECON.US,5,20260102,191000,27.9,27.9,27.9,27.9,100,0
ECON.US,5,20260102,192000,27.89,27.89,27.89,27.89,300,0
ECON.US,5,20260102,193000,27.89,27.89,27.89,27.89,300,0
ECON.US,5,20260102,194000,27.89,27.89,27.89,27.89,300,0
ECON.US,5,20260102,200500,27.88,27.89,27.88,27.89,400,0
ECON.US,5,20260102,202500,27.905,27.905,27.905,27.905,384,0
ECON.US,5,20260102,213000,27.95,27.95,27.95,27.95,427,0
ECON.US,5,20260102,215500,27.97,27.97,27.97,27.97,100,0
ECON.US,5,20260105,153000,28.12,28.12,28.12,28.12,100,0
ECON.US,5,20260105,161500,28.07,28.07,28.07,28.07,100,0
ECON.US,5,20260105,172500,28.185,28.185,28.185,28.185,245,0
ECON.US,5,20260105,180000,28.25,28.25,28.25,28.25,100,0
ECON.US,5,20260105,183000,28.21,28.21,28.21,28.21,300,0
ECON.US,5,20260105,193500,28.205,28.205,28.205,28.205,117,0
ECON.US,5,20260105,211500,28.232,28.232,28.232,28.232,133,0
ECON.US,5,20260105,212000,28.225,28.26,28.225,28.2599,795,0
ECON.US,5,20260105,214000,28.24,28.24,28.24,28.24,300,0
ECON.US,5,20260105,214500,28.24,28.24,28.24,28.24,116,0
ECON.US,5,20260106,153000,28.56,28.56,28.5,28.5,200,0
ECON.US,5,20260106,153500,28.44,28.44,28.44,28.44,100,0
ECON.US,5,20260106,160500,28.61,28.61,28.61,28.61,320,0
ECON.US,5,20260106,161000,28.58,28.58,28.58,28.58,100,0
ECON.US,5,20260106,183000,28.5399,28.5399,28.5399,28.5399,300,0
ECON.US,5,20260106,183500,28.51,28.51,28.51,28.51,13910,0
ECON.US,5,20260106,193500,28.555,28.555,28.555,28.555,400,0
ECON.US,5,20260106,195000,28.53,28.53,28.51,28.51,635,0
ECON.US,5,20260106,202500,28.5,28.51,28.5,28.5,1700,0
ECON.US,5,20260106,203000,28.5,28.5,28.5,28.5,700,0
ECON.US,5,20260106,203500,28.49,28.49,28.49,28.49,1600,0
ECON.US,5,20260106,204000,28.48,28.48,28.48,28.48,1700,0
ECON.US,5,20260106,205000,28.48,28.49,28.48,28.49,600,0
ECON.US,5,20260106,205500,28.46,28.49,28.46,28.49,2300,0
ECON.US,5,20260106,210500,28.46,28.48,28.46,28.48,2900,0
ECON.US,5,20260106,211000,28.47,28.485,28.47,28.485,2205,0
ECON.US,5,20260106,211500,28.485,28.51,28.485,28.485,1498,0
ECON.US,5,20260106,212000,28.485,28.485,28.485,28.485,1600,0
ECON.US,5,20260106,212500,28.485,28.485,28.485,28.485,1500,0
ECON.US,5,20260106,213000,28.485,28.485,28.485,28.485,1600,0
ECON.US,5,20260106,213500,28.485,28.51,28.485,28.51,2100,0
ECON.US,5,20260106,214000,28.495,28.51,28.495,28.505,1900,0
ECON.US,5,20260106,214500,28.505,28.53,28.505,28.505,900,0
ECON.US,5,20260106,215000,28.48,28.5,28.48,28.5,4091,0
ECON.US,5,20260106,215500,28.5,28.52,28.43,28.43,6909,0
ECON.US,5,20260107,162000,28.33,28.33,28.33,28.33,100,0
ECON.US,5,20260107,163000,28.33,28.33,28.33,28.33,139,0
ECON.US,5,20260107,172500,28.38,28.38,28.38,28.38,1115,0
ECON.US,5,20260107,173500,28.38,28.38,28.38,28.38,170,0
ECON.US,5,20260107,182000,28.3802,28.3809,28.3802,28.3809,348,0
ECON.US,5,20260107,183500,28.39,28.39,28.39,28.39,100,0
ECON.US,5,20260107,185500,28.3459,28.3459,28.3459,28.3459,471,0
ECON.US,5,20260107,195500,28.33,28.35,28.33,28.33,510,0
ECON.US,5,20260107,203000,28.38,28.38,28.38,28.38,100,0
ECON.US,5,20260107,211000,28.348,28.3525,28.348,28.3525,338,0
ECON.US,5,20260107,211500,28.3117,28.3117,28.3117,28.3117,599,0
ECON.US,5,20260107,212500,28.315,28.33,28.315,28.3299,538,0
ECON.US,5,20260107,215500,28.31,28.37,28.31,28.37,210,0
ECON.US,5,20260108,155000,28.18,28.18,28.18,28.18,100,0
ECON.US,5,20260108,161500,28.23,28.23,28.2,28.2,324,0
ECON.US,5,20260108,163500,28.2,28.2,28.2,28.2,1540,0
ECON.US,5,20260108,173500,28.14,28.1595,28.12,28.1357,930,0
ECON.US,5,20260108,175000,28.19,28.19,28.19,28.19,1857,0
ECON.US,5,20260108,181500,28.13,28.13,28.13,28.13,118,0
ECON.US,5,20260108,182500,28.2,28.2,28.2,28.2,200,0
ECON.US,5,20260108,185000,28.2,28.2074,28.2,28.2074,274,0
ECON.US,5,20260108,192000,28.21,28.21,28.21,28.21,100,0
ECON.US,5,20260108,200500,28.21,28.2125,28.21,28.2125,300,0
ECON.US,5,20260108,211500,28.176,28.176,28.176,28.176,151,0
ECON.US,5,20260108,212500,28.24,28.2425,28.24,28.2425,300,0
ECON.US,5,20260108,215000,28.245,28.245,28.245,28.245,124,0
ECON.US,5,20260108,215500,28.27,28.28,28.245,28.28,1400,0
ECON.US,5,20260109,154500,28.25,28.25,28.25,28.25,200,0
ECON.US,5,20260109,172000,28.32,28.32,28.32,28.32,777,0
ECON.US,5,20260109,174500,28.33,28.33,28.33,28.33,300,0
ECON.US,5,20260109,175000,28.33,28.35,28.33,28.35,4304,0
ECON.US,5,20260109,181500,28.36,28.36,28.35,28.35,300,0
ECON.US,5,20260109,185000,28.38,28.38,28.38,28.38,613,0
ECON.US,5,20260109,194500,28.397,28.397,28.397,28.397,150,0
ECON.US,5,20260109,211500,28.4099,28.4099,28.4099,28.4099,392,0
ECON.US,5,20260112,153000,28.3621,28.3621,28.35,28.35,9719,0
ECON.US,5,20260112,155500,28.46,28.59,28.46,28.575,920442,0
ECON.US,5,20260112,160000,28.57,28.63,28.57,28.58,901,0
ECON.US,5,20260112,160500,28.605,28.605,28.595,28.595,500,0
ECON.US,5,20260112,161500,28.585,28.61,28.585,28.595,900,0
ECON.US,5,20260112,162000,28.605,28.63,28.605,28.6075,800,0
ECON.US,5,20260112,163500,28.63,28.63,28.63,28.63,100,0
ECON.US,5,20260112,164000,28.63,28.63,28.62,28.63,400,0
ECON.US,5,20260112,165500,28.64,28.64,28.63,28.6301,700,0
ECON.US,5,20260112,170500,28.63,28.63,28.63,28.63,100,0
ECON.US,5,20260112,172000,28.64,28.64,28.61,28.61,2900,0
ECON.US,5,20260112,185000,28.68,28.68,28.62,28.62,609,0
ECON.US,5,20260112,185500,28.621,28.621,28.621,28.621,149,0
ECON.US,5,20260112,192000,28.6765,28.6765,28.6765,28.6765,244,0
ECON.US,5,20260112,195000,28.68,28.68,28.68,28.68,974,0
ECON.US,5,20260112,203000,28.7399,28.7399,28.7399,28.7399,345,0
ECON.US,5,20260112,205000,28.7399,28.7399,28.7399,28.7399,365,0
ECON.US,5,20260112,210000,28.74,28.74,28.74,28.74,326,0
ECON.US,5,20260112,212500,28.7111,28.7111,28.7111,28.7111,315,0
ECON.US,5,20260112,215500,28.75,28.75,28.74,28.74,714,0
ECON.US,5,20260113,155500,28.55,28.55,28.55,28.55,208,0
ECON.US,5,20260113,160000,28.54,28.56,28.51,28.53,854,0
ECON.US,5,20260113,161500,28.4301,28.4301,28.4301,28.4301,133,0
ECON.US,5,20260113,162500,28.435,28.435,28.43,28.43,217,0
ECON.US,5,20260113,163000,28.38,28.38,28.38,28.38,100,0
ECON.US,5,20260113,165500,28.46,28.46,28.46,28.46,500,0
ECON.US,5,20260113,172500,28.505,28.505,28.505,28.505,100,0
ECON.US,5,20260113,173500,28.51,28.51,28.51,28.51,100,0
ECON.US,5,20260113,175000,28.525,28.525,28.525,28.525,100,0
ECON.US,5,20260113,175500,28.53,28.53,28.53,28.53,200,0
ECON.US,5,20260113,180000,28.5419,28.5419,28.524956,28.524956,394,0
ECON.US,5,20260113,181500,28.525,28.525,28.525,28.525,100,0
ECON.US,5,20260113,182500,28.515,28.52,28.515,28.5165,471,0
ECON.US,5,20260113,183000,28.5,28.5,28.5,28.5,200,0
ECON.US,5,20260113,183500,28.52,28.52,28.52,28.52,231,0
ECON.US,5,20260113,185500,28.495,28.495,28.495,28.495,100,0
ECON.US,5,20260113,190000,28.47,28.49,28.47,28.49,803,0
ECON.US,5,20260113,190500,28.49,28.49,28.4709,28.4709,303,0
ECON.US,5,20260113,191500,28.49,28.49,28.49,28.49,100,0
ECON.US,5,20260113,192000,28.49,28.49,28.49,28.49,200,0
ECON.US,5,20260113,194000,28.5,28.5,28.5,28.5,100,0
ECON.US,5,20260113,195000,28.5,28.5,28.5,28.5,100,0
ECON.US,5,20260113,200000,28.47,28.48,28.47,28.48,300,0
ECON.US,5,20260113,201000,28.48,28.48,28.48,28.48,100,0
ECON.US,5,20260113,202000,28.48,28.48,28.48,28.48,200,0
ECON.US,5,20260113,205000,28.495,28.495,28.495,28.495,200,0
ECON.US,5,20260113,210000,28.505,28.505,28.505,28.505,100,0
ECON.US,5,20260113,211000,28.495,28.495,28.495,28.495,100,0
ECON.US,5,20260113,211500,28.4859,28.495,28.4859,28.495,872,0
ECON.US,5,20260113,212000,28.47,28.47,28.47,28.47,300,0
ECON.US,5,20260113,213000,28.46,28.46,28.46,28.46,295,0
ECON.US,5,20260113,214000,28.465,28.465,28.465,28.465,100,0
ECON.US,5,20260113,215000,28.47,28.47,28.47,28.47,100,0
ECON.US,5,20260113,215500,28.51,28.51,28.51,28.51,100,0
ECON.US,5,20260114,162000,28.51,28.51,28.51,28.51,100,0
ECON.US,5,20260114,162500,28.5,28.5,28.5,28.5,2045,0
ECON.US,5,20260114,165000,28.4678,28.4678,28.4678,28.4678,303,0
ECON.US,5,20260114,173000,28.5462,28.5462,28.5462,28.5462,979,0
ECON.US,5,20260114,175000,28.51,28.51,28.51,28.51,100,0
ECON.US,5,20260114,184000,28.4567,28.4567,28.4567,28.4567,330,0
ECON.US,5,20260114,185500,28.4653,28.4653,28.4653,28.4653,1330,0
ECON.US,5,20260114,210500,28.545,28.545,28.545,28.545,170,0
ECON.US,5,20260114,211000,28.55,28.55,28.55,28.55,1301,0
ECON.US,5,20260114,215500,28.63,28.63,28.63,28.63,100,0
ECON.US,5,20260115,153000,28.75,28.75,28.72,28.72,300,0
ECON.US,5,20260115,154000,28.68,28.68,28.66,28.66,4062,0
ECON.US,5,20260115,154500,28.7,28.7,28.7,28.7,200,0
ECON.US,5,20260115,155000,28.69,28.69,28.69,28.69,100,0
ECON.US,5,20260115,163500,28.74,28.74,28.74,28.74,200,0
ECON.US,5,20260115,173000,28.82,28.82,28.82,28.82,800,0
ECON.US,5,20260115,175500,28.81,28.83,28.81,28.83,220,0
ECON.US,5,20260115,180500,28.8304,28.8304,28.8304,28.8304,590,0
ECON.US,5,20260115,181500,28.81,28.81,28.81,28.81,100,0
ECON.US,5,20260115,184500,28.83,28.83,28.8261,28.8261,2680,0
ECON.US,5,20260115,185000,28.85,28.859,28.85,28.859,1291,0
ECON.US,5,20260115,185500,28.824518,28.824518,28.824518,28.824518,508,0
ECON.US,5,20260115,190500,28.83,28.85,28.83,28.85,200,0
ECON.US,5,20260115,194500,28.8799,28.8799,28.8799,28.8799,400,0
ECON.US,5,20260115,195000,28.85,28.85,28.85,28.85,400,0
ECON.US,5,20260115,195500,28.845,28.845,28.845,28.845,114,0
ECON.US,5,20260115,200000,28.81,28.81,28.81,28.81,200,0
ECON.US,5,20260115,202000,28.8,28.8,28.8,28.8,100,0
ECON.US,5,20260115,203000,28.77,28.77,28.77,28.77,100,0
ECON.US,5,20260115,212000,28.755,28.755,28.755,28.755,565,0
ECON.US,5,20260115,213000,28.72,28.735,28.72,28.735,337,0
ECON.US,5,20260115,213500,28.72,28.72,28.72,28.72,350,0
ECON.US,5,20260115,215500,28.7,28.7,28.7,28.7,100,0
ECON.US,5,20260116,153000,28.7,28.7,28.7,28.7,215,0
ECON.US,5,20260116,162500,28.61,28.61,28.61,28.61,100,0
ECON.US,5,20260116,164000,28.57,28.57,28.57,28.57,4522,0
ECON.US,5,20260116,173500,28.61,28.61,28.61,28.61,202,0
ECON.US,5,20260116,181500,28.61,28.61,28.61,28.61,1551,0
ECON.US,5,20260116,183000,28.63,28.63,28.63,28.63,770,0
ECON.US,5,20260116,184000,28.61,28.61,28.61,28.61,1373,0
ECON.US,5,20260116,185000,28.5901,28.6,28.59,28.59,671,0
ECON.US,5,20260116,194000,28.608,28.608,28.608,28.608,626,0
ECON.US,5,20260116,200500,28.65,28.65,28.65,28.65,100,0
ECON.US,5,20260116,201000,28.625,28.625,28.625,28.625,200,0
ECON.US,5,20260116,204500,28.625,28.625,28.625,28.625,100,0
ECON.US,5,20260116,211000,28.63,28.67,28.63,28.67,727,0
ECON.US,5,20260116,211500,28.67,28.67,28.67,28.67,153,0
ECON.US,5,20260116,214500,28.655,28.655,28.655,28.655,536,0
ECON.US,5,20260116,215000,28.665,28.665,28.665,28.665,144,0
ECON.US,5,20260116,215500,28.63,28.63,28.63,28.63,121,0
ECON.US,5,20260120,153000,28.48,28.48,28.48,28.48,100,0
ECON.US,5,20260120,153500,28.49,28.49,28.49,28.49,100,0
ECON.US,5,20260120,154500,28.49,28.49,28.49,28.49,400,0
ECON.US,5,20260120,161000,28.47,28.47,28.47,28.47,1900,0
ECON.US,5,20260120,164000,28.58,28.58,28.58,28.58,500,0
ECON.US,5,20260120,171000,28.59,28.59,28.59,28.59,700,0
ECON.US,5,20260120,180500,28.57,28.57,28.57,28.57,100,0
ECON.US,5,20260120,183500,28.5486,28.5486,28.5486,28.5486,2584,0
ECON.US,5,20260120,184500,28.53,28.53,28.5101,28.53,761,0
ECON.US,5,20260120,192500,28.51,28.51,28.51,28.51,160,0
ECON.US,5,20260120,202000,28.425,28.46,28.425,28.44,1600,0
ECON.US,5,20260120,203000,28.3906,28.3906,28.3906,28.3906,347,0
ECON.US,5,20260120,211000,28.405,28.405,28.405,28.405,172,0
ECON.US,5,20260120,212000,28.405,28.405,28.405,28.405,100,0
ECON.US,5,20260120,213000,28.405,28.405,28.405,28.405,546,0
ECON.US,5,20260120,214000,28.396,28.396,28.396,28.396,299,0
ECON.US,5,20260121,153000,28.74,28.76,28.74,28.75,400,0
ECON.US,5,20260121,153500,28.73,28.79,28.73,28.79,460,0
ECON.US,5,20260121,154000,28.79,28.79,28.78,28.78,200,0
ECON.US,5,20260121,165500,28.93,28.93,28.93,28.93,100,0
ECON.US,5,20260121,173000,28.95,28.95,28.95,28.95,200,0
ECON.US,5,20260121,175000,28.8928,28.8928,28.87,28.87,1384,0
ECON.US,5,20260121,175500,28.86,28.86,28.86,28.86,100,0
ECON.US,5,20260121,185500,28.78,28.78,28.78,28.78,100,0
ECON.US,5,20260121,195000,28.832,28.832,28.832,28.832,283,0
ECON.US,5,20260121,195500,28.825,28.825,28.825,28.825,303,0
ECON.US,5,20260121,200000,28.775,28.775,28.775,28.775,100,0
ECON.US,5,20260121,200500,28.835,28.835,28.835,28.835,347,0
ECON.US,5,20260121,202500,28.83,28.83,28.83,28.83,100,0
ECON.US,5,20260121,211000,28.9633,28.97,28.9633,28.97,3064,0
ECON.US,5,20260121,212500,28.9417,28.9417,28.91,28.91,255,0
ECON.US,5,20260121,215500,28.84,28.84,28.82,28.82,200,0
ECON.US,5,20260122,153500,29.13,29.13,29.13,29.13,2971,0
ECON.US,5,20260122,160500,29.11,29.11,29.11,29.11,100,0
ECON.US,5,20260122,161000,29.05,29.05,29.05,29.05,100,0
ECON.US,5,20260122,171500,29.21,29.21,29.21,29.21,1700,0
ECON.US,5,20260122,175000,29.23,29.2399,29.1817,29.1817,3176,0
ECON.US,5,20260122,182500,29.2,29.2,29.2,29.2,125,0
ECON.US,5,20260122,191500,29.21,29.21,29.18,29.1801,586,0
ECON.US,5,20260122,194000,29.17,29.1701,29.17,29.1701,400,0
ECON.US,5,20260122,204500,29.198,29.198,29.198,29.198,1904,0
ECON.US,5,20260122,211500,29.1912,29.1912,29.15,29.185,3641,0
ECON.US,5,20260122,213000,29.15,29.15,29.11,29.11,9756,0
ECON.US,5,20260122,213500,29.145,29.145,29.145,29.145,364,0
ECON.US,5,20260122,215500,29.1,29.17,29.1,29.17,1207,0
ECON.US,5,20260123,153000,29.09,29.09,29.07,29.07,200,0
ECON.US,5,20260123,154500,29.06,29.06,29.06,29.06,122,0
ECON.US,5,20260123,160000,29.12,29.12,29.12,29.12,100,0
ECON.US,5,20260123,174000,29.23,29.23,29.210241,29.210241,3618,0
ECON.US,5,20260123,182000,29.245,29.245,29.245,29.245,495,0
ECON.US,5,20260123,184500,29.24,29.24,29.24,29.24,141,0
ECON.US,5,20260123,192500,29.285,29.285,29.285,29.285,849,0
ECON.US,5,20260123,205000,29.335,29.335,29.335,29.335,232,0
ECON.US,5,20260123,211000,29.335,29.34,29.3322,29.34,605,0
ECON.US,5,20260123,214500,29.37,29.372,29.367074,29.367074,476,0
ECON.US,5,20260123,215000,29.38,29.38,29.38,29.38,700,0
ECON.US,5,20260123,215500,29.38,29.38,29.38,29.38,2995,0
