<TICKER>,<PER>,<DATE>,<TIME>,<OPEN>,<HIGH>,<LOW>,<CLOSE>,<VOL>,<OPENINT>
FLSW.US,5,20250829,153500,38.43,38.43,38.43,38.43,200,0
FLSW.US,5,20250829,154500,38.479,38.479,38.479,38.479,130,0
FLSW.US,5,20250829,155500,38.49,38.49,38.49,38.49,100,0
FLSW.US,5,20250829,161500,38.43,38.43,38.43,38.43,200,0
FLSW.US,5,20250829,163000,38.46,38.46,38.46,38.46,100,0
FLSW.US,5,20250829,164000,38.5212,38.5219,38.5212,38.5219,200,0
FLSW.US,5,20250829,170000,38.49,38.49,38.49,38.49,100,0
FLSW.US,5,20250829,172500,38.39,38.39,38.39,38.39,200,0
FLSW.US,5,20250829,174500,38.43,38.4328,38.43,38.4302,1100,0
FLSW.US,5,20250829,185000,38.46,38.46,38.46,38.46,100,0
FLSW.US,5,20250829,185500,38.46,38.4687,38.46,38.46,703,0
FLSW.US,5,20250829,191500,38.43,38.43,38.43,38.43,100,0
FLSW.US,5,20250829,212500,38.42,38.42,38.42,38.42,300,0
FLSW.US,5,20250829,215000,38.44,38.44,38.44,38.44,135,0
FLSW.US,5,20250902,155500,37.9,37.9,37.9,37.9,100,0
FLSW.US,5,20250902,160000,37.95,37.95,37.95,37.95,200,0
FLSW.US,5,20250902,161500,37.99,38.02,37.99,38.02,200,0
FLSW.US,5,20250902,162000,38.01,38.01,38.01,38.01,100,0
FLSW.US,5,20250902,163000,37.97,37.97,37.97,37.97,100,0
FLSW.US,5,20250902,171500,37.89,37.89,37.89,37.89,100,0
FLSW.US,5,20250902,172000,37.8816,37.8816,37.8816,37.8816,100,0
FLSW.US,5,20250902,181500,37.835,37.835,37.835,37.835,200,0
FLSW.US,5,20250902,185500,37.82,37.82,37.82,37.82,100,0
FLSW.US,5,20250902,191500,37.85,37.85,37.85,37.85,600,0
FLSW.US,5,20250902,192500,37.85,37.85,37.85,37.85,100,0
FLSW.US,5,20250902,193000,37.88,37.88,37.88,37.88,200,0
FLSW.US,5,20250902,202500,37.84,37.85,37.84,37.85,800,0
FLSW.US,5,20250902,204500,37.81,37.81,37.81,37.81,135,0
FLSW.US,5,20250902,211000,37.84,37.84,37.84,37.84,100,0
FLSW.US,5,20250902,215000,37.91,37.91,37.91,37.91,300,0
FLSW.US,5,20250902,215500,37.929,37.929,37.85,37.85,200,0
FLSW.US,5,20250903,153500,38.01,38.01,38.01,38.01,100,0
FLSW.US,5,20250903,154000,37.99,37.99,37.99,37.99,200,0
FLSW.US,5,20250903,162000,38.07,38.07,38.07,38.07,100,0
FLSW.US,5,20250903,173000,38.1,38.1,38.09,38.1,462,0
FLSW.US,5,20250903,182000,38.0972,38.0972,38.095,38.095,286,0
FLSW.US,5,20250903,183000,38.09,38.1,38.09,38.1,500,0
FLSW.US,5,20250903,190000,38.0912,38.0912,38.0912,38.0912,200,0
FLSW.US,5,20250903,190500,38.0972,38.0972,38.0972,38.0972,601,0
FLSW.US,5,20250903,191000,38.09,38.09,38.09,38.09,105,0
FLSW.US,5,20250903,191500,38.1,38.1,38.1,38.1,100,0
FLSW.US,5,20250903,211000,38.07,38.07,38.07,38.07,136,0
FLSW.US,5,20250903,215500,38.1,38.16,38.1,38.16,2901,0
FLSW.US,5,20250904,175500,38.585,38.585,38.58,38.58,600,0
FLSW.US,5,20250904,180000,38.5999,38.5999,38.5999,38.5999,205,0
FLSW.US,5,20250904,181000,38.57,38.57,38.57,38.57,2350,0
FLSW.US,5,20250904,190000,38.57,38.5799,38.57,38.57,1000,0
FLSW.US,5,20250905,153500,39.079,39.079,39.079,39.079,100,0
FLSW.US,5,20250905,154000,39.1,39.1,39.1,39.1,100,0
FLSW.US,5,20250905,161500,39.0886,39.0886,39.0886,39.0886,100,0
FLSW.US,5,20250905,173000,39,39,38.99,38.99,1100,0
FLSW.US,5,20250905,202500,38.92,38.92,38.92,38.92,500,0
FLSW.US,5,20250905,215000,38.91,38.95,38.91,38.95,400,0
FLSW.US,5,20250908,172500,39.0799,39.0799,39.0799,39.0799,103,0
FLSW.US,5,20250908,182500,38.986,39,38.9854,39,673,0
FLSW.US,5,20250908,184500,38.9582,38.9582,38.9582,38.9582,2000,0
FLSW.US,5,20250908,190000,38.97,38.97,38.97,38.97,100,0
FLSW.US,5,20250908,200500,38.9492,38.9492,38.9492,38.9492,144,0
FLSW.US,5,20250908,201000,38.96,38.96,38.9501,38.9505,700,0
FLSW.US,5,20250909,154000,38.92,38.92,38.92,38.92,512,0
FLSW.US,5,20250909,155500,38.89,38.89,38.89,38.89,140,0
FLSW.US,5,20250909,171500,38.85,38.85,38.85,38.85,100,0
FLSW.US,5,20250909,191000,38.83,38.83,38.81,38.81,1122,0
FLSW.US,5,20250909,202500,38.86,38.86,38.86,38.86,100,0
FLSW.US,5,20250910,153000,38.7299,38.76,38.7299,38.7599,616,0
FLSW.US,5,20250910,171500,38.6801,38.6801,38.58,38.6801,578,0
FLSW.US,5,20250910,174500,38.6399,38.6399,38.6399,38.6399,200,0
FLSW.US,5,20250910,175000,38.64,38.64,38.64,38.64,100,0
FLSW.US,5,20250910,183000,38.62,38.62,38.62,38.62,100,0
FLSW.US,5,20250910,185500,38.609,38.61,38.6027,38.6027,700,0
FLSW.US,5,20250910,190000,38.63,38.63,38.63,38.63,175,0
FLSW.US,5,20250910,192500,38.61,38.6101,38.57,38.57,400,0
FLSW.US,5,20250910,211000,38.615,38.615,38.615,38.615,500,0
FLSW.US,5,20250910,213000,38.56,38.56,38.56,38.56,100,0
FLSW.US,5,20250910,213500,38.55,38.5501,38.55,38.5501,400,0
FLSW.US,5,20250911,153000,38.8,38.8,38.8,38.8,200,0
FLSW.US,5,20250911,153500,39.9162,39.9162,39.9162,39.9162,200,0
FLSW.US,5,20250911,155500,39.355,39.355,38.945,38.945,1600,0
FLSW.US,5,20250911,160000,38.9,38.9,38.9,38.9,300,0
FLSW.US,5,20250911,165000,38.889,38.889,38.889,38.889,100,0
FLSW.US,5,20250911,173500,38.9336,38.9336,38.9336,38.9336,200,0
FLSW.US,5,20250911,174000,38.93,38.94,38.93,38.94,200,0
FLSW.US,5,20250911,175000,38.92,38.92,38.92,38.92,107,0
FLSW.US,5,20250911,180000,38.8919,38.8919,38.8919,38.8919,1037,0
FLSW.US,5,20250911,184000,38.939,38.939,38.929,38.929,1042,0
FLSW.US,5,20250911,185500,38.92,38.92,38.92,38.92,100,0
FLSW.US,5,20250911,190500,38.93,38.93,38.93,38.93,100,0
FLSW.US,5,20250911,194500,38.93,38.93,38.93,38.93,100,0
FLSW.US,5,20250911,204000,38.959,38.959,38.949,38.949,630,0
FLSW.US,5,20250911,211500,38.97,38.97,38.97,38.97,136,0
FLSW.US,5,20250912,153000,38.68,38.68,38.68,38.68,222,0
FLSW.US,5,20250912,153500,38.735,38.735,38.735,38.735,200,0
FLSW.US,5,20250912,154000,38.75,38.75,38.72,38.72,655,0
FLSW.US,5,20250912,154500,38.6916,38.705,38.6916,38.705,457,0
FLSW.US,5,20250912,165500,38.678,38.678,38.678,38.678,167,0
FLSW.US,5,20250912,170000,38.68,38.68,38.675,38.675,300,0
FLSW.US,5,20250912,171000,38.67,38.67,38.66,38.66,229,0
FLSW.US,5,20250912,183000,38.66,38.66,38.66,38.66,240,0
FLSW.US,5,20250912,191500,38.65,38.66,38.65,38.66,373,0
FLSW.US,5,20250912,202000,38.66,38.66,38.65,38.65,1100,0
FLSW.US,5,20250912,202500,38.65,38.65,38.65,38.65,300,0
FLSW.US,5,20250915,154000,38.61,38.61,38.61,38.61,184,0
FLSW.US,5,20250915,160000,38.545,38.545,38.545,38.545,150,0
FLSW.US,5,20250915,161500,38.545,38.545,38.545,38.545,100,0
FLSW.US,5,20250915,162000,38.58,38.58,38.58,38.58,100,0
FLSW.US,5,20250915,162500,38.5824,38.5824,38.5824,38.5824,178,0
FLSW.US,5,20250915,164500,38.5606,38.58,38.5606,38.58,400,0
FLSW.US,5,20250915,171500,38.562,38.562,38.56,38.56,600,0
FLSW.US,5,20250915,180500,38.63,38.63,38.63,38.63,100,0
FLSW.US,5,20250915,194000,38.6257,38.6257,38.6257,38.6257,587,0
FLSW.US,5,20250915,200000,38.64,38.64,38.64,38.64,100,0
FLSW.US,5,20250915,204500,38.62,38.62,38.62,38.62,100,0
FLSW.US,5,20250915,214500,38.63,38.63,38.625,38.625,700,0
FLSW.US,5,20250915,215500,38.64,38.64,38.64,38.64,100,0
FLSW.US,5,20250916,154000,38.59,38.59,38.59,38.59,100,0
FLSW.US,5,20250916,154500,38.58,38.58,38.58,38.58,100,0
FLSW.US,5,20250916,155500,38.5704,38.5704,38.5704,38.5704,100,0
FLSW.US,5,20250916,161500,38.555,38.555,38.555,38.555,100,0
FLSW.US,5,20250916,164500,38.56,38.56,38.56,38.56,100,0
FLSW.US,5,20250916,170000,38.51,38.51,38.51,38.51,150,0
FLSW.US,5,20250916,171500,38.475,38.475,38.475,38.475,400,0
FLSW.US,5,20250916,174000,38.48,38.49,38.48,38.49,200,0
FLSW.US,5,20250916,184500,38.581,38.581,38.581,38.581,205,0
FLSW.US,5,20250916,194000,38.615,38.615,38.615,38.615,150,0
FLSW.US,5,20250916,194500,38.615,38.615,38.615,38.615,207,0
FLSW.US,5,20250916,195000,38.615,38.615,38.615,38.615,100,0
FLSW.US,5,20250916,210500,38.61,38.61,38.61,38.61,100,0
FLSW.US,5,20250916,212500,38.585,38.585,38.585,38.585,100,0
FLSW.US,5,20250916,214000,38.59,38.59,38.59,38.59,258,0
FLSW.US,5,20250916,215000,38.58,38.585,38.58,38.585,1164,0
FLSW.US,5,20250917,153000,38.565,38.565,38.565,38.565,831,0
FLSW.US,5,20250917,161500,38.56,38.56,38.56,38.56,100,0
FLSW.US,5,20250917,162500,38.5621,38.5621,38.5621,38.5621,244,0
FLSW.US,5,20250917,182000,38.5,38.5,38.5,38.5,500,0
FLSW.US,5,20250917,193000,38.47,38.47,38.47,38.47,100,0
FLSW.US,5,20250917,201000,38.69,38.69,38.69,38.69,100,0
FLSW.US,5,20250917,203000,38.6252,38.6252,38.6252,38.6252,127,0
FLSW.US,5,20250917,204000,38.44,38.44,38.44,38.44,150,0
FLSW.US,5,20250917,204500,38.43,38.43,38.43,38.43,200,0
FLSW.US,5,20250917,214500,38.43,38.43,38.43,38.43,300,0
FLSW.US,5,20250918,160500,38.305,38.31,38.305,38.31,358,0
FLSW.US,5,20250918,180000,38.31,38.31,38.31,38.31,100,0
FLSW.US,5,20250918,204000,38.3035,38.3035,38.3035,38.3035,166,0
FLSW.US,5,20250918,215500,38.3624,38.3624,38.3624,38.3624,218,0
FLSW.US,5,20250919,153500,38.455,38.455,38.455,38.455,100,0
FLSW.US,5,20250919,154500,38.43,38.43,38.43,38.43,200,0
FLSW.US,5,20250919,160500,38.42,38.42,38.42,38.42,100,0
FLSW.US,5,20250919,165000,38.4,38.4,38.4,38.4,179,0
FLSW.US,5,20250919,170500,38.37,38.37,38.35,38.35,200,0
FLSW.US,5,20250919,173000,38.35,38.35,38.35,38.35,500,0
FLSW.US,5,20250919,173500,38.34,38.34,38.34,38.34,500,0
FLSW.US,5,20250919,175000,38.33,38.34,38.31,38.34,950,0
FLSW.US,5,20250919,190000,38.34,38.34,38.34,38.34,100,0
FLSW.US,5,20250919,201000,38.3412,38.3412,38.3412,38.3412,160,0
FLSW.US,5,20250919,205500,38.32,38.32,38.32,38.32,100,0
FLSW.US,5,20250919,212500,38.3224,38.3224,38.3224,38.3224,204,0
FLSW.US,5,20250919,214000,38.32652,38.32652,38.32652,38.32652,149,0
FLSW.US,5,20250919,214500,38.345,38.345,38.345,38.345,200,0
FLSW.US,5,20250922,153500,38.389,38.389,38.375,38.375,1600,0
FLSW.US,5,20250922,155000,38.36,38.36,38.36,38.36,100,0
FLSW.US,5,20250922,171500,38.3906,38.3906,38.3906,38.3906,156,0
FLSW.US,5,20250922,183000,38.4765,38.4765,38.4765,38.4765,100,0
FLSW.US,5,20250922,184500,38.479,38.4799,38.46,38.479,2000,0
FLSW.US,5,20250922,190500,38.4924,38.4924,38.4924,38.4924,200,0
FLSW.US,5,20250922,202500,38.5,38.5,38.4963,38.4963,218,0
FLSW.US,5,20250922,212500,38.57,38.57,38.57,38.57,100,0
FLSW.US,5,20250923,164500,38.5241,38.5241,38.5241,38.5241,100,0
FLSW.US,5,20250923,183000,38.43,38.43,38.43,38.43,100,0
FLSW.US,5,20250923,183500,38.4,38.4,38.4,38.4,100,0
FLSW.US,5,20250923,184500,38.409,38.409,38.409,38.409,200,0
FLSW.US,5,20250923,193000,38.3876,38.3876,38.3876,38.3876,111,0
FLSW.US,5,20250923,194000,38.39,38.39,38.3852,38.3852,400,0
FLSW.US,5,20250923,200500,38.38,38.38,38.38,38.38,114,0
FLSW.US,5,20250924,155000,38.035,38.035,38.035,38.035,175,0
FLSW.US,5,20250924,183000,37.8544,37.8544,37.84,37.84,999,0
FLSW.US,5,20250924,210000,37.8553,37.8553,37.8553,37.8553,151,0
FLSW.US,5,20250924,212500,37.855,37.8597,37.855,37.855,2072,0
FLSW.US,5,20250924,215500,37.85,37.85,37.85,37.85,765,0
FLSW.US,5,20250925,153500,37.58,37.58,37.45,37.56,558,0
FLSW.US,5,20250925,164500,37.4602,37.4602,37.4602,37.4602,324,0
FLSW.US,5,20250925,173000,37.35,37.35,37.35,37.35,200,0
FLSW.US,5,20250925,175500,37.407,37.407,37.407,37.407,133,0
FLSW.US,5,20250925,201500,37.31,37.31,37.31,37.31,100,0
FLSW.US,5,20250926,211000,37.6848,37.6848,37.6848,37.6848,500,0
FLSW.US,5,20250929,164000,37.8,37.8,37.8,37.8,2083,0
FLSW.US,5,20250929,190000,37.76,37.76,37.76,37.76,500,0
FLSW.US,5,20250929,202000,37.81,37.81,37.8099,37.8099,772,0
FLSW.US,5,20250929,210500,37.815,37.815,37.815,37.815,140,0
FLSW.US,5,20250930,154500,37.98,37.98,37.98,37.98,100,0
FLSW.US,5,20250930,163500,38.1,38.1,38.1,38.1,100,0
FLSW.US,5,20250930,183000,38.1795,38.1795,38.1795,38.1795,1000,0
FLSW.US,5,20250930,183500,38.195,38.195,38.195,38.195,100,0
FLSW.US,5,20250930,184000,38.22,38.22,38.22,38.22,100,0
FLSW.US,5,20250930,205500,38.27,38.2724,38.27,38.2724,362,0
FLSW.US,5,20251001,153500,38.62,38.62,38.62,38.62,100,0
FLSW.US,5,20251001,154000,38.69,38.69,38.69,38.69,100,0
FLSW.US,5,20251001,160000,38.66,38.66,38.66,38.66,200,0
FLSW.US,5,20251001,164500,38.6,38.6,38.6,38.6,100,0
FLSW.US,5,20251001,165000,38.57,38.57,38.57,38.57,100,0
FLSW.US,5,20251001,171000,38.57,38.57,38.57,38.57,100,0
FLSW.US,5,20251001,171500,38.59,38.59,38.59,38.59,100,0
FLSW.US,5,20251001,172500,38.615,38.615,38.615,38.615,400,0
FLSW.US,5,20251001,185500,38.58,38.58,38.58,38.58,100,0
FLSW.US,5,20251001,191000,38.655,38.655,38.655,38.655,200,0
FLSW.US,5,20251001,192500,38.66,38.66,38.66,38.66,100,0
FLSW.US,5,20251001,193000,38.689,38.69,38.675,38.675,2671,0
FLSW.US,5,20251001,200000,38.67,38.67,38.67,38.67,100,0
FLSW.US,5,20251001,202000,38.73,38.73,38.73,38.73,300,0
FLSW.US,5,20251001,210000,38.7562,38.7562,38.7562,38.7562,130,0
FLSW.US,5,20251001,210500,38.755,38.76,38.755,38.759,900,0
FLSW.US,5,20251001,215000,38.75,38.75,38.75,38.75,100,0
FLSW.US,5,20251002,160500,38.85,38.85,38.85,38.85,100,0
FLSW.US,5,20251002,195500,38.87,38.87,38.87,38.87,100,0
FLSW.US,5,20251002,205000,38.91,38.9101,38.91,38.9101,323,0
FLSW.US,5,20251002,210000,38.92,38.92,38.92,38.92,100,0
FLSW.US,5,20251002,215500,38.93,38.93,38.93,38.93,100,0
FLSW.US,5,20251003,153000,39.17,39.17,39.17,39.17,100,0
FLSW.US,5,20251003,154000,39.19,39.19,39.19,39.19,100,0
FLSW.US,5,20251003,160000,39.19,39.19,39.19,39.19,100,0
FLSW.US,5,20251003,161500,39.25,39.25,39.25,39.25,100,0
FLSW.US,5,20251003,164500,39.31,39.31,39.31,39.31,100,0
FLSW.US,5,20251003,172500,39.27,39.27,39.27,39.27,100,0
FLSW.US,5,20251003,175000,39.255,39.255,39.255,39.255,100,0
FLSW.US,5,20251003,190000,39.23,39.23,39.23,39.23,100,0
FLSW.US,5,20251003,193000,39.23,39.23,39.15,39.15,200,0
FLSW.US,5,20251003,204500,39.22,39.22,39.22,39.22,100,0
FLSW.US,5,20251003,205500,39.21,39.21,39.21,39.21,200,0
FLSW.US,5,20251003,211000,39.22,39.2496,39.22,39.2496,349,0
FLSW.US,5,20251003,214000,39.2348,39.2348,39.22,39.22,225,0
FLSW.US,5,20251003,214500,39.22,39.22,39.22,39.22,100,0
FLSW.US,5,20251003,215000,39.2181,39.229,39.2181,39.2285,722,0
FLSW.US,5,20251003,215500,39.27,39.27,39.27,39.27,108,0
FLSW.US,5,20251006,160000,39.31,39.31,39.31,39.31,100,0
FLSW.US,5,20251006,165000,39.36,39.3864,39.36,39.3864,200,0
FLSW.US,5,20251006,173500,39.407,39.407,39.407,39.407,254,0
FLSW.US,5,20251006,175500,39.39,39.3902,39.39,39.3902,200,0
FLSW.US,5,20251006,180000,39.43,39.43,39.43,39.43,700,0
FLSW.US,5,20251007,172500,39.3,39.3,39.3,39.3,234,0
FLSW.US,5,20251007,182500,39.27,39.27,39.27,39.27,100,0
FLSW.US,5,20251007,214500,39.22,39.23,39.22,39.23,750,0
FLSW.US,5,20251008,180500,39.4455,39.4455,39.4455,39.4455,500,0
FLSW.US,5,20251008,182500,39.4438,39.445,39.4438,39.445,671,0
FLSW.US,5,20251008,213500,39.44,39.4401,39.3383,39.3383,1080,0
FLSW.US,5,20251009,153000,39.4,39.4,39.4,39.4,400,0
FLSW.US,5,20251009,154500,39.36,39.36,39.36,39.36,100,0
FLSW.US,5,20251009,163000,39.25,39.25,39.25,39.25,100,0
FLSW.US,5,20251009,175000,39.17,39.17,39.17,39.17,100,0
FLSW.US,5,20251009,204500,39.05,39.05,39.05,39.05,200,0
FLSW.US,5,20251009,211500,39.07,39.07,39.07,39.07,1000,0
FLSW.US,5,20251010,161500,39.2,39.2,39.2,39.2,1116,0
FLSW.US,5,20251010,165500,39.21,39.21,39.2,39.2,500,0
FLSW.US,5,20251010,175000,39.2065,39.2065,39.2065,39.2065,100,0
FLSW.US,5,20251010,180500,39.2044,39.2044,39.2044,39.2044,100,0
FLSW.US,5,20251010,201000,38.98,38.98,38.98,38.98,500,0
FLSW.US,5,20251010,213500,38.9147,38.9147,38.9147,38.9147,167,0
FLSW.US,5,20251010,214500,38.96,38.96,38.84,38.84,233,0
FLSW.US,5,20251010,215500,38.92,38.92,38.92,38.92,100,0
FLSW.US,5,20251013,161000,38.76,38.76,38.76,38.76,100,0
FLSW.US,5,20251013,170000,38.83,38.83,38.83,38.83,156,0
FLSW.US,5,20251013,172000,38.85,38.85,38.85,38.85,800,0
FLSW.US,5,20251014,153000,38.82,38.82,38.82,38.82,100,0
FLSW.US,5,20251014,154000,38.82,38.82,38.82,38.82,200,0
FLSW.US,5,20251014,160500,38.76,38.76,38.76,38.76,100,0
FLSW.US,5,20251014,164500,38.83,38.83,38.807,38.807,2000,0
FLSW.US,5,20251014,173000,38.85,38.85,38.85,38.85,100,0
FLSW.US,5,20251014,192500,39.1004,39.1004,39.1004,39.1004,120,0
FLSW.US,5,20251014,210000,39.135,39.135,39.135,39.135,300,0
FLSW.US,5,20251015,153500,39.04,39.04,39.04,39.04,100,0
FLSW.US,5,20251015,161500,39.14,39.14,39.14,39.14,100,0
FLSW.US,5,20251015,162000,39.14,39.14,39.14,39.14,100,0
FLSW.US,5,20251015,181000,39.25,39.25,39.25,39.25,100,0
FLSW.US,5,20251015,191000,39.1899,39.1899,39.1899,39.1899,100,0
FLSW.US,5,20251015,192500,39.17,39.17,39.17,39.17,100,0
FLSW.US,5,20251015,211500,39.28,39.28,39.28,39.28,746,0
FLSW.US,5,20251015,215000,39.27,39.27,39.27,39.27,100,0
FLSW.US,5,20251015,215500,39.25,39.25,39.24,39.24,6313,0
FLSW.US,5,20251016,153500,39.575,39.575,39.575,39.575,100,0
FLSW.US,5,20251016,163000,39.68,39.68,39.68,39.68,1828,0
FLSW.US,5,20251016,174500,39.805,39.805,39.805,39.805,500,0
FLSW.US,5,20251016,181500,39.8,39.8,39.8,39.8,150,0
FLSW.US,5,20251016,182000,39.78,39.78,39.78,39.78,117,0
FLSW.US,5,20251016,190000,39.81,39.81,39.81,39.81,845,0
FLSW.US,5,20251016,191000,39.85,39.85,39.85,39.85,125,0
FLSW.US,5,20251016,195500,39.81,39.81,39.81,39.81,193,0
FLSW.US,5,20251017,172500,39.76,39.76,39.76,39.76,217,0
FLSW.US,5,20251017,200500,39.87,39.87,39.87,39.87,238,0
FLSW.US,5,20251017,201000,39.88,39.88,39.88,39.88,100,0
FLSW.US,5,20251017,204500,39.94,39.94,39.94,39.94,500,0
FLSW.US,5,20251017,205000,39.9599,39.9599,39.9599,39.9599,182,0
FLSW.US,5,20251017,214000,39.97,39.97,39.97,39.97,100,0
FLSW.US,5,20251017,215000,39.97,39.97,39.97,39.97,256,0
FLSW.US,5,20251020,153500,39.72,39.72,39.72,39.72,100,0
FLSW.US,5,20251020,155500,39.68,39.68,39.68,39.68,2500,0
FLSW.US,5,20251020,161000,39.7,39.7,39.7,39.7,100,0
FLSW.US,5,20251020,175500,39.85,39.85,39.85,39.85,100,0
FLSW.US,5,20251020,195000,39.87,39.87,39.87,39.87,125,0
FLSW.US,5,20251020,214000,39.89,39.89,39.89,39.89,266,0
FLSW.US,5,20251021,155000,39.58,39.58,39.58,39.58,100,0
FLSW.US,5,20251021,160500,39.5498,39.5498,39.5498,39.5498,202,0
FLSW.US,5,20251021,161500,39.56,39.56,39.56,39.56,500,0
FLSW.US,5,20251021,163500,39.58,39.58,39.58,39.58,100,0
FLSW.US,5,20251021,170000,39.66,39.66,39.66,39.66,200,0
FLSW.US,5,20251021,172500,39.7,39.7,39.7,39.7,100,0
FLSW.US,5,20251021,173500,39.6504,39.6504,39.6504,39.6504,137,0
FLSW.US,5,20251021,174000,39.685,39.685,39.685,39.685,100,0
FLSW.US,5,20251021,184000,39.6304,39.6304,39.6304,39.6304,182,0
FLSW.US,5,20251021,190000,39.61,39.63,39.61,39.6101,336,0
FLSW.US,5,20251021,200000,39.62,39.62,39.62,39.62,100,0
FLSW.US,5,20251021,211000,39.6,39.6,39.6,39.6,100,0
FLSW.US,5,20251021,213500,39.58,39.58,39.58,39.58,307,0
FLSW.US,5,20251021,214500,39.59,39.59,39.59,39.59,100,0
FLSW.US,5,20251021,215500,39.585,39.59,39.57,39.57,600,0
FLSW.US,5,20251022,154500,39.55,39.55,39.55,39.55,100,0
FLSW.US,5,20251022,161000,39.57,39.57,39.57,39.57,150,0
FLSW.US,5,20251022,170000,39.6,39.6,39.6,39.6,100,0
FLSW.US,5,20251022,181500,39.63,39.63,39.63,39.63,100,0
FLSW.US,5,20251022,183000,39.6,39.6,39.6,39.6,153,0
FLSW.US,5,20251022,193500,39.4874,39.4874,39.4874,39.4874,100,0
FLSW.US,5,20251022,212000,39.53,39.53,39.53,39.53,200,0
FLSW.US,5,20251022,215000,39.53,39.53,39.52,39.52,431,0
FLSW.US,5,20251022,215500,39.53,39.53,39.5,39.5,434,0
FLSW.US,5,20251023,205500,39.58,39.58,39.58,39.58,900,0
FLSW.US,5,20251023,215500,39.54,39.54,39.54,39.54,308,0
FLSW.US,5,20251024,160500,39.55,39.55,39.55,39.55,100,0
FLSW.US,5,20251024,171000,39.58,39.58,39.58,39.58,100,0
FLSW.US,5,20251024,182000,39.595,39.595,39.595,39.595,296,0
FLSW.US,5,20251024,192000,39.585,39.585,39.585,39.585,200,0
FLSW.US,5,20251024,201500,39.5927,39.5927,39.5927,39.5927,800,0
FLSW.US,5,20251024,215000,39.58,39.58,39.58,39.58,100,0
FLSW.US,5,20251024,215500,39.57,39.57,39.51,39.51,387,0
FLSW.US,5,20251027,143000,39.25,39.25,39.25,39.25,300,0
FLSW.US,5,20251027,152000,39.32,39.32,39.32,39.32,300,0
FLSW.US,5,20251027,152500,39.35,39.35,39.35,39.35,100,0
FLSW.US,5,20251027,160500,39.32,39.32,39.32,39.32,300,0
FLSW.US,5,20251027,174000,39.355,39.355,39.355,39.355,193,0
FLSW.US,5,20251027,175500,39.37,39.37,39.37,39.37,100,0
FLSW.US,5,20251027,181000,39.43,39.43,39.43,39.43,300,0
FLSW.US,5,20251027,183000,39.42,39.4202,39.42,39.4202,352,0
FLSW.US,5,20251027,205500,39.44,39.44,39.41,39.41,662,0
FLSW.US,5,20251028,143000,39.03,39.03,39.03,39.03,200,0
FLSW.US,5,20251028,154500,39.15,39.15,39.15,39.15,200,0
FLSW.US,5,20251028,175500,39.0795,39.0795,39.0795,39.0795,200,0
FLSW.US,5,20251028,181000,39.08,39.08,39.04,39.04,610,0
FLSW.US,5,20251028,184500,39.06,39.06,39.06,39.06,100,0
FLSW.US,5,20251028,201500,39.045,39.045,39.045,39.045,200,0
FLSW.US,5,20251028,205500,39.005,39.005,39.005,39.005,712,0
FLSW.US,5,20251029,143500,38.92,38.9201,38.92,38.9201,200,0
FLSW.US,5,20251029,144500,38.87,38.87,38.87,38.87,200,0
FLSW.US,5,20251029,154500,38.73,38.73,38.73,38.73,150,0
FLSW.US,5,20251029,171000,38.8322,38.8322,38.8322,38.8322,102,0
FLSW.US,5,20251029,182500,38.86,38.86,38.86,38.86,226,0
FLSW.US,5,20251029,193500,38.78,38.78,38.72,38.72,700,0
FLSW.US,5,20251029,200000,38.6,38.6,38.6,38.6,200,0
FLSW.US,5,20251029,201500,38.5683,38.5683,38.5683,38.5683,100,0
FLSW.US,5,20251029,203500,38.56,38.56,38.51,38.51,336,0
FLSW.US,5,20251030,143000,38.47,38.47,38.36,38.36,1960,0
FLSW.US,5,20251030,150000,38.466,38.466,38.466,38.466,138,0
FLSW.US,5,20251030,152500,38.53,38.53,38.5299,38.5299,600,0
FLSW.US,5,20251030,164500,38.571,38.5777,38.571,38.5777,261,0
FLSW.US,5,20251030,173000,38.59,38.59,38.5754,38.5754,316,0
FLSW.US,5,20251031,152500,38.175,38.175,38.175,38.175,100,0
FLSW.US,5,20251031,160500,38.27,38.27,38.27,38.27,200,0
FLSW.US,5,20251031,172000,38.27,38.27,38.27,38.27,100,0
FLSW.US,5,20251031,183000,38.275,38.275,38.25,38.25,656,0
FLSW.US,5,20251031,185000,38.27,38.27,38.27,38.27,261,0
FLSW.US,5,20251031,195000,38.305,38.305,38.305,38.305,153,0
FLSW.US,5,20251103,153500,38.19,38.19,38.19,38.19,299,0
FLSW.US,5,20251103,154000,38.14,38.14,38.14,38.14,200,0
FLSW.US,5,20251103,162500,38.1579,38.1579,38.1579,38.1579,2000,0
FLSW.US,5,20251103,163500,38.15,38.15,38.15,38.15,200,0
FLSW.US,5,20251103,172000,38.16,38.16,38.16,38.16,200,0
FLSW.US,5,20251103,174000,38.158,38.158,38.158,38.158,100,0
FLSW.US,5,20251103,190000,38.2043,38.2043,38.2043,38.2043,497,0
FLSW.US,5,20251103,211000,38.1701,38.1701,38.1701,38.1701,111,0
FLSW.US,5,20251103,211500,38.19,38.19,38.19,38.19,100,0
FLSW.US,5,20251103,213000,38.17,38.17,38.17,38.17,100,0
FLSW.US,5,20251104,162500,38.13,38.13,38.1299,38.1299,500,0
FLSW.US,5,20251104,185000,38.1499,38.1499,38.1499,38.1499,127,0
FLSW.US,5,20251104,200500,38.133,38.133,38.133,38.133,261,0
FLSW.US,5,20251105,153000,38.17,38.21,38.17,38.21,557,0
FLSW.US,5,20251105,162500,38.29,38.29,38.29,38.29,300,0
FLSW.US,5,20251105,170000,38.2,38.2,38.2,38.2,100,0
FLSW.US,5,20251105,173500,38.211,38.211,38.211,38.211,200,0
FLSW.US,5,20251105,180500,38.28,38.28,38.28,38.28,156,0
FLSW.US,5,20251105,205000,38.2745,38.2745,38.2745,38.2745,100,0
FLSW.US,5,20251106,153000,38.22,38.22,38.22,38.22,213,0
FLSW.US,5,20251106,160500,38.1805,38.1805,38.1805,38.1805,800,0
FLSW.US,5,20251106,163000,38.2,38.2,38.2,38.2,250,0
FLSW.US,5,20251106,163500,38.18,38.18,38.18,38.18,100,0
FLSW.US,5,20251106,165000,38.16,38.16,38.16,38.16,100,0
FLSW.US,5,20251106,173000,38.14,38.14,38.14,38.14,200,0
FLSW.US,5,20251106,181500,38.16,38.16,38.16,38.16,104,0
FLSW.US,5,20251106,201000,38.23,38.23,38.23,38.23,100,0
FLSW.US,5,20251106,204500,38.22,38.22,38.22,38.22,100,0
FLSW.US,5,20251107,155500,38.21,38.21,38.21,38.21,200,0
FLSW.US,5,20251107,171500,38.28,38.28,38.28,38.28,500,0
FLSW.US,5,20251107,175500,38.28,38.28,38.27,38.27,962,0
FLSW.US,5,20251107,181000,38.28,38.28,38.28,38.28,100,0
FLSW.US,5,20251107,191500,38.2799,38.2799,38.2799,38.2799,374,0
FLSW.US,5,20251107,203000,38.43,38.43,38.43,38.43,100,0
FLSW.US,5,20251110,154500,38.76,38.76,38.7503,38.7503,205,0
FLSW.US,5,20251110,164000,38.68,38.68,38.68,38.68,100,0
FLSW.US,5,20251110,173000,38.7,38.7,38.7,38.7,100,0
FLSW.US,5,20251110,180000,38.77,38.77,38.77,38.77,500,0
FLSW.US,5,20251110,181000,38.79,38.79,38.79,38.79,100,0
FLSW.US,5,20251110,181500,38.77,38.77,38.77,38.77,100,0
FLSW.US,5,20251110,183000,38.835,38.835,38.835,38.835,100,0
FLSW.US,5,20251110,185000,38.87,38.875,38.8699,38.8699,1200,0
FLSW.US,5,20251110,200500,38.92,38.92,38.92,38.92,117,0
FLSW.US,5,20251110,203500,38.935,38.95,38.935,38.9399,1300,0
FLSW.US,5,20251110,215500,38.955,38.955,38.955,38.955,100,0
FLSW.US,5,20251111,161000,39.65,39.65,39.65,39.65,100,0
FLSW.US,5,20251111,201000,39.8,39.8,39.8,39.8,149,0
FLSW.US,5,20251111,214500,39.84,39.84,39.84,39.84,189,0
FLSW.US,5,20251112,153000,40.04,40.0401,40.04,40.0401,200,0
FLSW.US,5,20251112,154000,40.093,40.093,40.093,40.093,250,0
FLSW.US,5,20251112,161500,40.23,40.23,40.23,40.23,100,0
FLSW.US,5,20251112,163500,40.23,40.23,40.2299,40.2299,200,0
FLSW.US,5,20251112,173500,40.21,40.21,40.21,40.21,100,0
FLSW.US,5,20251112,184000,40.21,40.21,40.21,40.21,100,0
FLSW.US,5,20251112,200000,40.12,40.12,40.12,40.12,336,0
FLSW.US,5,20251112,214500,40.13,40.13,40.11,40.11,400,0
FLSW.US,5,20251113,153000,40.18,40.18,40.18,40.18,100,0
FLSW.US,5,20251113,161500,40.21,40.21,40.21,40.21,150,0
FLSW.US,5,20251113,162500,40.18,40.18,40.09,40.09,2800,0
FLSW.US,5,20251113,174000,40.21,40.21,40.21,40.21,110,0
FLSW.US,5,20251113,183500,40.227,40.227,40.227,40.227,100,0
FLSW.US,5,20251113,185000,40.21,40.2102,40.21,40.2102,536,0
FLSW.US,5,20251113,192500,40.21,40.21,40.21,40.21,527,0
FLSW.US,5,20251113,211500,39.96,39.96,39.96,39.96,100,0
FLSW.US,5,20251113,215000,39.98,39.98,39.98,39.98,115,0
FLSW.US,5,20251113,215500,39.941,39.941,39.94,39.94,343,0
FLSW.US,5,20251114,155000,39.86,39.86,39.86,39.86,100,0
FLSW.US,5,20251114,160000,39.8,39.8,39.7944,39.7944,242,0
FLSW.US,5,20251114,162000,39.8845,39.8845,39.8845,39.8845,125,0
FLSW.US,5,20251114,171000,39.64,39.64,39.64,39.64,154,0
FLSW.US,5,20251114,174000,39.85,39.85,39.85,39.85,100,0
FLSW.US,5,20251114,183500,39.82,39.82,39.82,39.82,100,0
FLSW.US,5,20251114,195500,39.789,39.79,39.789,39.7899,710,0
FLSW.US,5,20251114,204500,39.81,39.81,39.81,39.81,500,0
FLSW.US,5,20251117,155500,39.58,39.58,39.58,39.58,250,0
FLSW.US,5,20251117,163500,39.5632,39.5632,39.5632,39.5632,100,0
FLSW.US,5,20251117,174500,39.58,39.62,39.5525,39.5525,1992,0
FLSW.US,5,20251117,183000,39.64,39.64,39.64,39.64,145,0
FLSW.US,5,20251117,193500,39.48,39.48,39.48,39.48,601,0
FLSW.US,5,20251117,201000,39.4399,39.4399,39.3301,39.3301,1696,0
FLSW.US,5,20251117,201500,39.395,39.395,39.38,39.38,1000,0
FLSW.US,5,20251117,202500,39.3899,39.3899,39.3899,39.3899,100,0
FLSW.US,5,20251117,211500,39.21,39.21,39.21,39.21,100,0
FLSW.US,5,20251118,155500,39.09,39.14,39.09,39.1399,498,0
FLSW.US,5,20251118,164000,38.98,38.98,38.98,38.98,129,0
FLSW.US,5,20251118,184000,39.06,39.06,39.06,39.06,198,0
FLSW.US,5,20251118,185000,39.12,39.12,39.12,39.12,900,0
FLSW.US,5,20251118,190000,39.13,39.13,39.13,39.13,100,0
FLSW.US,5,20251118,193000,39.2299,39.2299,39.2299,39.2299,1000,0
FLSW.US,5,20251118,194000,39.232,39.232,39.232,39.232,205,0
FLSW.US,5,20251118,210000,39.2228,39.2228,39.2228,39.2228,110,0
FLSW.US,5,20251118,213000,39.12,39.12,39.12,39.12,1000,0
FLSW.US,5,20251119,155500,39.08,39.08,39.08,39.08,1000,0
FLSW.US,5,20251119,161000,39.05,39.05,39.05,39.05,100,0
FLSW.US,5,20251119,161500,39.06,39.06,39.06,39.06,100,0
FLSW.US,5,20251119,164000,38.992,38.992,38.85,38.85,1798,0
FLSW.US,5,20251119,173500,38.715,38.715,38.715,38.715,104,0
FLSW.US,5,20251119,184500,38.76,38.76,38.76,38.76,100,0
FLSW.US,5,20251120,170000,38.9,38.9001,38.9,38.9001,319,0
FLSW.US,5,20251120,174500,38.78,38.7801,38.78,38.78,596,0
FLSW.US,5,20251120,181000,38.7,38.7,38.66,38.66,1097,0
FLSW.US,5,20251120,184000,38.59,38.59,38.5899,38.5899,400,0
FLSW.US,5,20251120,190000,38.58,38.58,38.58,38.58,600,0
FLSW.US,5,20251120,203000,38.52,38.52,38.52,38.52,100,0
FLSW.US,5,20251120,214000,38.5,38.5,38.5,38.5,900,0
FLSW.US,5,20251120,214500,38.44,38.44,38.44,38.44,163,0
FLSW.US,5,20251121,153000,38.85,38.8501,38.85,38.8501,400,0
FLSW.US,5,20251121,171500,38.86,38.86,38.86,38.86,100,0
FLSW.US,5,20251121,173500,38.92,38.92,38.92,38.92,100,0
FLSW.US,5,20251121,175500,39.061,39.061,39.061,39.061,500,0
FLSW.US,5,20251121,182000,39.041,39.0411,39.04,39.0411,1196,0
FLSW.US,5,20251121,185500,39.04,39.07,39.04,39.07,591,0
FLSW.US,5,20251121,200000,39.17,39.17,39.17,39.17,100,0
FLSW.US,5,20251124,161000,39.15,39.16,39.15,39.16,1000,0
FLSW.US,5,20251124,163000,39.1799,39.1799,39.14,39.148,1920,0
FLSW.US,5,20251124,181000,38.9301,38.9301,38.9301,38.9301,371,0
FLSW.US,5,20251124,190000,39.08,39.08,39.08,39.08,100,0
FLSW.US,5,20251124,195500,39.08,39.08,39.08,39.08,2285,0
FLSW.US,5,20251124,202000,39.02,39.0399,39.02,39.0399,350,0
FLSW.US,5,20251124,203000,39.0025,39.0025,39.0025,39.0025,1000,0
FLSW.US,5,20251124,213500,38.77,38.77,38.77,38.77,200,0
FLSW.US,5,20251124,214500,38.98,38.98,38.98,38.98,250,0
FLSW.US,5,20251125,153000,39.24,39.24,39.24,39.24,100,0
FLSW.US,5,20251125,155500,39.255,39.33,39.255,39.33,300,0
FLSW.US,5,20251125,161500,39.36,39.38,39.36,39.378,743,0
FLSW.US,5,20251125,170500,39.41,39.41,39.41,39.41,100,0
FLSW.US,5,20251125,172500,39.42,39.42,39.42,39.42,500,0
FLSW.US,5,20251125,175500,39.39,39.39,39.39,39.39,109,0
FLSW.US,5,20251125,181500,39.395,39.395,39.395,39.395,200,0
FLSW.US,5,20251125,183000,39.52,39.52,39.52,39.52,429,0
FLSW.US,5,20251125,184500,39.54,39.54,39.54,39.54,1406,0
FLSW.US,5,20251125,190000,39.55,39.55,39.55,39.55,538,0
FLSW.US,5,20251125,192500,39.57,39.57,39.57,39.57,125,0
FLSW.US,5,20251125,203000,39.49,39.49,39.49,39.49,100,0
FLSW.US,5,20251125,204500,39.53,39.534,39.53,39.534,600,0
FLSW.US,5,20251126,170000,39.7868,39.7868,39.7868,39.7868,166,0
FLSW.US,5,20251126,175000,39.87,39.87,39.87,39.87,377,0
FLSW.US,5,20251126,180000,39.87,39.87,39.87,39.87,493,0
FLSW.US,5,20251126,182500,39.86,39.86,39.86,39.86,100,0
FLSW.US,5,20251126,210500,39.89,39.89,39.89,39.89,100,0
FLSW.US,5,20251128,154500,39.79,39.79,39.79,39.79,154,0
FLSW.US,5,20251128,171000,39.98,39.98,39.98,39.98,100,0
FLSW.US,5,20251128,172500,39.98,39.98,39.98,39.98,200,0
FLSW.US,5,20251201,200500,39.89,39.89,39.89,39.89,170,0
FLSW.US,5,20251201,213000,39.78,39.78,39.766,39.766,250,0
FLSW.US,5,20251201,214500,39.77,39.79,39.7601,39.7601,2100,0
FLSW.US,5,20251202,161000,39.95,39.95,39.95,39.95,100,0
FLSW.US,5,20251202,161500,39.94,39.94,39.94,39.94,100,0
FLSW.US,5,20251202,172000,39.98,39.98,39.98,39.98,100,0
FLSW.US,5,20251202,174000,40.02,40.02,40.02,40.02,157,0
FLSW.US,5,20251202,193500,40,40,40,40,125,0
FLSW.US,5,20251202,200500,40.05,40.05,40.05,40.05,100,0
FLSW.US,5,20251203,153000,40.1,40.11,40.1,40.11,200,0
FLSW.US,5,20251203,162000,40.17,40.17,40.17,40.17,100,0
FLSW.US,5,20251203,165000,40.11,40.11,40.11,40.11,118,0
FLSW.US,5,20251203,170000,40.11,40.11,40.11,40.11,100,0
FLSW.US,5,20251203,170500,40.1,40.1,40.1,40.1,300,0
FLSW.US,5,20251203,172500,40.1,40.1,40.1,40.1,290,0
FLSW.US,5,20251203,174500,40.12,40.12,40.12,40.12,100,0
FLSW.US,5,20251203,183500,40.1455,40.1455,40.1455,40.1455,1105,0
FLSW.US,5,20251203,185500,40.17,40.17,40.17,40.17,480,0
FLSW.US,5,20251203,192500,40.16,40.16,40.1586,40.1586,200,0
FLSW.US,5,20251203,200000,40.2,40.2,40.2,40.2,100,0
FLSW.US,5,20251203,211000,40.2356,40.2356,40.23,40.23,200,0
FLSW.US,5,20251203,212500,40.21,40.21,40.21,40.21,100,0
FLSW.US,5,20251203,215500,40.2,40.2094,40.2,40.2094,300,0
FLSW.US,5,20251204,180000,40.21,40.21,40.21,40.21,100,0
FLSW.US,5,20251204,181500,40.2,40.2,40.2,40.2,100,0
FLSW.US,5,20251204,201500,40.16,40.16,40.16,40.16,248,0
FLSW.US,5,20251205,154000,40.28,40.28,40.28,40.28,100,0
FLSW.US,5,20251205,154500,40.29,40.29,40.29,40.29,100,0
FLSW.US,5,20251205,164000,40.2,40.2,40.2,40.2,200,0
FLSW.US,5,20251205,184000,40.17,40.17,40.17,40.17,100,0
FLSW.US,5,20251205,201000,40.23,40.23,40.225,40.225,200,0
FLSW.US,5,20251205,204000,40.21,40.21,40.21,40.21,205,0
FLSW.US,5,20251205,205000,40.22,40.22,40.22,40.22,100,0
FLSW.US,5,20251205,211500,40.24,40.244,40.235,40.244,300,0
FLSW.US,5,20251208,154000,40.23,40.23,40.23,40.23,122,0
FLSW.US,5,20251208,160500,40.18,40.18,40.15,40.15,534,0
FLSW.US,5,20251208,162000,40.125,40.125,40.11,40.11,205,0
FLSW.US,5,20251208,170000,40.08,40.08,40.08,40.08,100,0
FLSW.US,5,20251208,175500,40.09,40.09,40.09,40.09,100,0
FLSW.US,5,20251208,184000,40.02,40.02,40.02,40.02,100,0
FLSW.US,5,20251208,192000,40.08,40.08,40.08,40.08,100,0
FLSW.US,5,20251208,194500,40.08,40.08,40.08,40.08,222,0
FLSW.US,5,20251208,195500,40.02,40.04,40.02,40.04,219,0
FLSW.US,5,20251208,210000,40.0058,40.0058,40.0058,40.0058,100,0
FLSW.US,5,20251208,212500,39.97,39.97,39.97,39.97,500,0
FLSW.US,5,20251208,215000,39.99,39.99,39.99,39.99,100,0
FLSW.US,5,20251209,153000,40.09,40.09,40.09,40.09,338,0
FLSW.US,5,20251209,155000,40.13,40.13,40.13,40.13,100,0
FLSW.US,5,20251209,161000,40.07,40.088,40.07,40.088,234,0
FLSW.US,5,20251209,164000,40.02,40.02,40.02,40.02,262,0
FLSW.US,5,20251209,175000,40.07,40.07,40.045,40.045,235,0
FLSW.US,5,20251209,180000,40.07,40.075,40.07,40.0725,800,0
FLSW.US,5,20251209,181500,40,40,40,40,200,0
FLSW.US,5,20251209,182000,39.975,39.985,39.975,39.985,200,0
FLSW.US,5,20251209,184500,39.98,39.98,39.97,39.975,800,0
FLSW.US,5,20251209,194000,39.97,39.97,39.96,39.96,200,0
FLSW.US,5,20251209,200500,39.98,39.98,39.98,39.98,100,0
FLSW.US,5,20251209,203000,40.0199,40.0199,39.99,39.99,250,0
FLSW.US,5,20251209,205000,39.99,39.99,39.99,39.99,100,0
FLSW.US,5,20251209,212500,40.01,40.01,39.98,40.01,2461,0
FLSW.US,5,20251210,153000,40.09,40.09,40.09,40.09,100,0
FLSW.US,5,20251210,154500,40.08,40.1,40.08,40.1,200,0
FLSW.US,5,20251210,163000,40.15,40.15,40.15,40.15,100,0
FLSW.US,5,20251210,170000,40.2,40.2,40.2,40.2,100,0
FLSW.US,5,20251210,170500,40.19,40.19,40.19,40.19,199,0
FLSW.US,5,20251210,171500,40.16,40.16,40.16,40.16,100,0
FLSW.US,5,20251210,180500,40.14,40.14,40.14,40.14,100,0
FLSW.US,5,20251210,194500,40.17,40.17,40.17,40.17,411,0
FLSW.US,5,20251210,195000,40.19,40.19,40.19,40.19,156,0
FLSW.US,5,20251210,211500,40.4936,40.4936,40.4936,40.4936,500,0
FLSW.US,5,20251211,153000,40.569,40.57,40.569,40.57,400,0
FLSW.US,5,20251211,153500,40.6,40.6,40.58,40.59,2733,0
FLSW.US,5,20251211,171500,40.66,40.67,40.66,40.67,500,0
FLSW.US,5,20251211,173500,40.62,40.62,40.61,40.61,300,0
FLSW.US,5,20251211,174500,40.63,40.6302,40.63,40.6302,200,0
FLSW.US,5,20251211,181000,40.67,40.67,40.67,40.67,100,0
FLSW.US,5,20251211,190500,40.66,40.66,40.66,40.66,122,0
FLSW.US,5,20251211,193500,40.67,40.67,40.67,40.67,100,0
FLSW.US,5,20251211,194500,40.7,40.7,40.7,40.7,600,0
FLSW.US,5,20251211,202500,40.64,40.64,40.64,40.64,100,0
FLSW.US,5,20251211,210500,40.6,40.6,40.6,40.6,100,0
FLSW.US,5,20251211,214000,40.61,41.08,40.61,41.0799,4997,0
FLSW.US,5,20251211,215000,40.61,40.61,40.61,40.61,100,0
FLSW.US,5,20251211,215500,40.61,40.61,40.5956,40.5956,300,0
FLSW.US,5,20251212,153000,40.62,40.66,40.62,40.66,300,0
FLSW.US,5,20251212,154000,40.68,40.7,40.68,40.7,200,0
FLSW.US,5,20251212,155000,40.72,40.72,40.72,40.72,100,0
FLSW.US,5,20251212,155500,40.77,40.77,40.77,40.77,100,0
FLSW.US,5,20251212,161000,40.73,40.73,40.73,40.73,100,0
FLSW.US,5,20251212,164000,40.601,40.601,40.59,40.59,2573,0
FLSW.US,5,20251212,164500,40.59,40.59,40.59,40.59,100,0
FLSW.US,5,20251212,165500,40.52,40.52,40.52,40.52,100,0
FLSW.US,5,20251212,171500,40.45,40.4565,40.45,40.4565,200,0
FLSW.US,5,20251212,174000,40.39,40.39,40.39,40.39,100,0
FLSW.US,5,20251212,181500,40.45,40.45,40.45,40.45,100,0
FLSW.US,5,20251212,182000,40.47,40.47,40.47,40.47,100,0
FLSW.US,5,20251212,185000,40.46,40.46,40.46,40.46,100,0
FLSW.US,5,20251212,190000,40.48,40.48,40.48,40.48,100,0
FLSW.US,5,20251212,191000,40.51,40.51,40.5,40.5,735,0
FLSW.US,5,20251212,192000,40.5,40.5,40.5,40.5,600,0
FLSW.US,5,20251212,200500,40.43,40.43,40.43,40.43,100,0
FLSW.US,5,20251212,210000,40.4206,40.459,40.4206,40.44,921,0
FLSW.US,5,20251212,212500,40.42,40.42,40.42,40.42,100,0
FLSW.US,5,20251212,215500,40.38,40.38,40.38,40.38,100,0
FLSW.US,5,20251215,154000,40.92,40.92,40.92,40.92,100,0
FLSW.US,5,20251215,154500,40.93,40.94,40.93,40.94,200,0
FLSW.US,5,20251215,160500,40.93,40.93,40.93,40.93,100,0
FLSW.US,5,20251215,162000,40.9,40.9,40.9,40.9,100,0
FLSW.US,5,20251215,163000,40.8706,40.8706,40.8706,40.8706,587,0
FLSW.US,5,20251215,171000,40.89,40.89,40.89,40.89,100,0
FLSW.US,5,20251215,171500,40.91,40.91,40.91,40.91,150,0
FLSW.US,5,20251215,172000,40.89,40.8901,40.89,40.8901,1852,0
FLSW.US,5,20251215,175000,40.81,40.81,40.81,40.81,100,0
FLSW.US,5,20251215,185500,40.752,40.752,40.752,40.752,200,0
FLSW.US,5,20251215,192500,40.76,40.76,40.74,40.74,652,0
FLSW.US,5,20251215,211000,40.84,40.84,40.84,40.84,100,0
FLSW.US,5,20251215,214500,40.87,40.87,40.87,40.87,190,0
FLSW.US,5,20251216,153000,41.07,41.07,41.07,41.07,100,0
FLSW.US,5,20251216,154500,41.01,41.01,41.01,41.01,100,0
FLSW.US,5,20251216,162500,40.89,40.89,40.87,40.87,1500,0
FLSW.US,5,20251216,163500,40.9,40.9,40.9,40.9,500,0
FLSW.US,5,20251216,164000,40.89,40.89,40.89,40.89,100,0
FLSW.US,5,20251216,172000,40.93,41.01,40.93,41.01,1450,0
FLSW.US,5,20251216,172500,40.99,41,40.99,41,354,0
FLSW.US,5,20251216,205000,40.96,40.96,40.96,40.96,100,0
FLSW.US,5,20251216,210500,40.9658,40.9658,40.9658,40.9658,100,0
FLSW.US,5,20251216,215000,40.952,40.9556,40.95,40.95,700,0
FLSW.US,5,20251216,215500,40.92,40.923,40.52,40.52,35178,0
FLSW.US,5,20251217,153000,40.83,40.83,40.82,40.82,900,0
FLSW.US,5,20251217,153500,40.8,40.8,40.8,40.8,2800,0
FLSW.US,5,20251217,154000,40.8,40.8,40.8,40.8,1150,0
FLSW.US,5,20251217,160500,40.87,40.87,40.87,40.87,100,0
FLSW.US,5,20251217,163500,40.88,40.89,40.88,40.89,300,0
FLSW.US,5,20251217,164000,40.88,40.88,40.88,40.88,100,0
FLSW.US,5,20251217,164500,40.87,40.87,40.87,40.87,100,0
FLSW.US,5,20251217,165500,40.83,40.83,40.82,40.82,200,0
FLSW.US,5,20251217,171000,40.8,40.8,40.78,40.78,200,0
FLSW.US,5,20251217,171500,40.775,40.775,40.775,40.775,100,0
FLSW.US,5,20251217,172000,40.8,40.8,40.8,40.8,100,0
FLSW.US,5,20251217,172500,40.765,40.765,40.76,40.76,200,0
FLSW.US,5,20251217,173000,40.76,40.79,40.76,40.79,200,0
FLSW.US,5,20251217,173500,40.775,40.795,40.775,40.795,200,0
FLSW.US,5,20251217,174500,40.8,40.8,40.8,40.8,100,0
FLSW.US,5,20251217,175000,40.79,40.8,40.79,40.8,1243,0
FLSW.US,5,20251217,175500,40.82,40.82,40.82,40.82,100,0
FLSW.US,5,20251217,180000,40.82,40.82,40.82,40.82,100,0
FLSW.US,5,20251217,181000,40.82,40.82,40.82,40.82,100,0
FLSW.US,5,20251217,181500,40.86,40.86,40.86,40.86,200,0
FLSW.US,5,20251217,183500,40.825,40.84,40.81,40.8332,998,0
FLSW.US,5,20251217,184000,40.8,40.8,40.8,40.8,100,0
FLSW.US,5,20251217,185000,40.805,40.805,40.805,40.805,100,0
FLSW.US,5,20251217,185500,40.825,40.825,40.825,40.825,200,0
FLSW.US,5,20251217,190000,40.86,40.86,40.86,40.86,100,0
FLSW.US,5,20251217,190500,40.85,40.85,40.85,40.85,100,0
FLSW.US,5,20251217,191000,40.85,40.85,40.84,40.84,300,0
FLSW.US,5,20251217,193000,40.77,40.77,40.77,40.77,100,0
FLSW.US,5,20251217,193500,40.76,40.76,40.76,40.76,100,0
FLSW.US,5,20251217,194000,40.76,40.76,40.76,40.76,100,0
FLSW.US,5,20251217,195000,40.71,40.71,40.71,40.71,100,0
FLSW.US,5,20251217,195500,40.705,40.705,40.705,40.705,100,0
FLSW.US,5,20251217,200500,40.69,40.69,40.69,40.69,100,0
FLSW.US,5,20251217,201000,40.69,40.69,40.69,40.69,200,0
FLSW.US,5,20251217,202500,40.69,40.69,40.69,40.69,100,0
FLSW.US,5,20251217,203000,40.69,40.7,40.69,40.7,612,0
FLSW.US,5,20251217,203500,40.67,40.67,40.67,40.67,100,0
FLSW.US,5,20251217,204500,40.69,40.69,40.69,40.69,100,0
FLSW.US,5,20251217,205000,40.68,40.68,40.68,40.68,200,0
FLSW.US,5,20251217,205500,40.7,40.7,40.7,40.7,500,0
FLSW.US,5,20251217,210000,40.71,40.71,40.69,40.69,237,0
FLSW.US,5,20251217,212500,40.69,40.69,40.69,40.69,100,0
FLSW.US,5,20251217,214000,40.71,40.71,40.71,40.71,348,0
FLSW.US,5,20251218,160500,41.095,41.095,41.095,41.095,170,0
FLSW.US,5,20251218,163000,41.0845,41.0845,41.0845,41.0845,1200,0
FLSW.US,5,20251218,175500,41.2755,41.2755,41.2755,41.2755,406,0
FLSW.US,5,20251218,181000,41.27,41.27,41.11,41.11,200,0
FLSW.US,5,20251218,182500,41.0356,41.0356,41.0356,41.0356,500,0
FLSW.US,5,20251218,204500,41.13,41.13,41.13,41.13,100,0
FLSW.US,5,20251218,210000,41.1324,41.1324,41.1324,41.1324,122,0
FLSW.US,5,20251218,211000,41.125,41.125,41.125,41.125,100,0
FLSW.US,5,20251218,214000,41.12,41.12,41.12,41.12,500,0
FLSW.US,5,20251219,153000,41.15,41.15,41.1016,41.122,700,0
FLSW.US,5,20251219,154500,41.081,41.081,41.081,41.081,100,0
FLSW.US,5,20251219,163000,41.2332,41.2332,41.2332,41.2332,150,0
FLSW.US,5,20251219,163500,41.225,41.225,41.225,41.225,220,0
FLSW.US,5,20251219,170500,41.225,41.225,41.225,41.225,100,0
FLSW.US,5,20251219,171500,41.25,41.27,41.25,41.27,1393,0
FLSW.US,5,20251219,174500,41.23,41.23,41.23,41.23,200,0
FLSW.US,5,20251219,175000,41.23,41.23,41.23,41.23,100,0
FLSW.US,5,20251219,175500,41.235,41.235,41.235,41.235,200,0
FLSW.US,5,20251219,180000,41.29,41.29,41.29,41.29,356,0
FLSW.US,5,20251219,183000,41.28,41.2842,41.2401,41.25,2483,0
FLSW.US,5,20251219,201000,41.288,41.288,41.288,41.288,121,0
FLSW.US,5,20251219,215000,41.21,41.27,41.21,41.21,900,0
FLSW.US,5,20251219,215500,41.17,41.17,41.16,41.16,411,0
FLSW.US,5,20251222,153000,41.2,41.2,41.2,41.2,110,0
FLSW.US,5,20251222,160000,41.235,41.235,41.235,41.235,400,0
FLSW.US,5,20251222,171500,41.43,41.5,41.43,41.5,2517,0
FLSW.US,5,20251222,172500,41.44,41.44,41.44,41.44,137,0
FLSW.US,5,20251222,173500,41.43,41.43,41.43,41.43,100,0
FLSW.US,5,20251222,174500,41.4,41.4,41.4,41.4,100,0
FLSW.US,5,20251222,180000,41.42,41.42,41.42,41.42,120,0
FLSW.US,5,20251222,190000,41.47,41.47,41.47,41.47,578,0
FLSW.US,5,20251222,190500,41.47,41.47,41.47,41.47,100,0
FLSW.US,5,20251223,153000,41.8,41.8,41.8,41.8,100,0
FLSW.US,5,20251223,185000,41.78,41.78,41.78,41.78,288,0
FLSW.US,5,20251223,190000,41.691,41.72,41.69,41.69,2479,0
FLSW.US,5,20251223,195500,41.743,41.743,41.743,41.743,184,0
FLSW.US,5,20251223,200500,41.79,41.79,41.7899,41.7899,300,0
FLSW.US,5,20251223,214000,41.76,41.7601,41.76,41.7601,200,0
FLSW.US,5,20251224,161000,41.855,41.855,41.855,41.855,100,0
FLSW.US,5,20251224,164000,41.84,41.84,41.84,41.84,1070,0
FLSW.US,5,20251224,165500,41.84,41.84,41.84,41.84,100,0
FLSW.US,5,20251224,170500,41.83,41.83,41.83,41.83,100,0
FLSW.US,5,20251224,175000,41.85,41.85,41.85,41.85,120,0
FLSW.US,5,20251224,182500,41.849,41.849,41.849,41.849,500,0
FLSW.US,5,20251224,184000,41.8598,41.8598,41.8598,41.8598,700,0
FLSW.US,5,20251224,185000,41.85,41.86,41.85,41.86,489,0
FLSW.US,5,20251224,185500,41.85,41.85,41.83,41.83,1468,0
FLSW.US,5,20251226,172500,41.8232,41.8232,41.81929,41.81929,300,0
FLSW.US,5,20251226,180500,41.7936,41.7936,41.7936,41.7936,257,0
FLSW.US,5,20251226,200000,41.8,41.8,41.8,41.8,510,0
FLSW.US,5,20251226,210000,41.84,41.84,41.84,41.84,100,0
FLSW.US,5,20251226,213000,41.89,41.89,41.89,41.89,500,0
FLSW.US,5,20251229,155000,41.88,41.91,41.88,41.91,792,0
FLSW.US,5,20251229,155500,41.88,41.88,41.88,41.88,100,0
FLSW.US,5,20251229,160000,41.845,41.845,41.845,41.845,200,0
FLSW.US,5,20251229,161000,41.8996,41.8996,41.89,41.89,1196,0
FLSW.US,5,20251229,162000,41.8825,41.907,41.8825,41.907,1700,0
FLSW.US,5,20251229,162500,41.91,41.9284,41.91,41.9284,500,0
FLSW.US,5,20251229,163000,41.8944,41.9,41.8944,41.9,200,0
FLSW.US,5,20251229,163500,41.895,41.93,41.895,41.93,203,0
FLSW.US,5,20251229,170000,41.875,41.91,41.875,41.8964,4704,0
FLSW.US,5,20251229,171000,41.88,41.88,41.88,41.88,4039,0
FLSW.US,5,20251229,171500,41.875,41.875,41.875,41.875,200,0
FLSW.US,5,20251229,172000,41.92,41.92,41.88,41.88,206,0
FLSW.US,5,20251229,172500,41.87,41.89,41.87,41.89,2478,0
FLSW.US,5,20251229,173000,41.87,41.87,41.87,41.87,300,0
FLSW.US,5,20251229,173500,41.87,41.87,41.87,41.87,300,0
FLSW.US,5,20251229,181500,41.915,41.915,41.915,41.915,450,0
FLSW.US,5,20251229,183500,41.912,41.912,41.912,41.912,192,0
FLSW.US,5,20251229,184500,41.915,41.915,41.915,41.915,250,0
FLSW.US,5,20251229,185000,41.88,41.9,41.88,41.895,655,0
FLSW.US,5,20251229,190000,41.91,41.91,41.91,41.91,400,0
FLSW.US,5,20251229,192500,41.9,41.92,41.9,41.9,600,0
FLSW.US,5,20251229,194000,41.84,41.88,41.84,41.88,300,0
FLSW.US,5,20251229,194500,41.88,41.9,41.88,41.88,300,0
FLSW.US,5,20251229,200000,41.88,41.88,41.78,41.78,2185,0
FLSW.US,5,20251229,202000,41.81,41.82,41.81,41.82,1092,0
FLSW.US,5,20251229,204500,41.85,41.85,41.81,41.81,600,0
FLSW.US,5,20251229,205500,41.86,41.86,41.86,41.86,100,0
FLSW.US,5,20251229,211500,41.86,41.86,41.82,41.82,1700,0
FLSW.US,5,20251229,212500,41.8,41.8,41.8,41.8,500,0
FLSW.US,5,20251229,214000,41.79,41.79,41.79,41.79,500,0
FLSW.US,5,20251229,214500,41.795,41.795,41.795,41.795,500,0
FLSW.US,5,20251229,215000,41.77,41.77,41.75,41.77,1067,0
FLSW.US,5,20251230,153000,41.74,41.74,41.74,41.74,200,0
FLSW.US,5,20251230,155500,41.828,41.828,41.74,41.74,473,0
FLSW.US,5,20251230,160000,41.81,41.81,41.81,41.81,300,0
FLSW.US,5,20251230,161500,41.765,41.765,41.76,41.76,200,0
FLSW.US,5,20251230,180000,41.81,41.81,41.81,41.81,100,0
FLSW.US,5,20251230,180500,41.79,41.79,41.79,41.79,600,0
FLSW.US,5,20251230,182500,41.79,41.8,41.79,41.8,1100,0
FLSW.US,5,20251230,183500,41.795,41.82,41.76,41.76,1200,0
FLSW.US,5,20251230,190500,41.79,41.79,41.79,41.79,500,0
FLSW.US,5,20251230,195000,41.76,41.76,41.75,41.7501,1800,0
FLSW.US,5,20251230,195500,41.7659,41.7659,41.75,41.7659,2305,0
FLSW.US,5,20251230,201500,41.76,41.789,41.76,41.789,3500,0
FLSW.US,5,20251230,215000,41.685,41.685,41.685,41.685,200,0
FLSW.US,5,20251231,153000,41.6899,41.6899,41.6485,41.6485,680,0
FLSW.US,5,20251231,160000,41.58,41.58,41.58,41.58,500,0
FLSW.US,5,20251231,161000,41.495,41.495,41.495,41.495,600,0
FLSW.US,5,20251231,171500,41.53,41.53,41.52,41.52,384,0
FLSW.US,5,20251231,183500,41.5,41.507,41.49,41.507,2225,0
FLSW.US,5,20251231,211500,41.503,41.5085,41.503,41.5085,1500,0
FLSW.US,5,20251231,214000,41.5499,41.5499,41.5499,41.5499,409,0
FLSW.US,5,20260102,160500,41.86,41.86,41.86,41.86,200,0
FLSW.US,5,20260102,161500,41.7373,41.7373,41.7373,41.7373,266,0
FLSW.US,5,20260102,170000,41.84,41.84,41.84,41.84,123,0
FLSW.US,5,20260102,171500,41.7745,41.7745,41.7745,41.7745,100,0
FLSW.US,5,20260102,174000,41.77,41.77,41.77,41.77,200,0
FLSW.US,5,20260102,175000,41.71,41.72,41.71,41.72,315,0
FLSW.US,5,20260102,180000,41.75,41.75,41.75,41.75,1100,0
FLSW.US,5,20260102,180500,41.7,41.7,41.7,41.7,100,0
FLSW.US,5,20260102,184000,41.71,41.71,41.71,41.71,100,0
FLSW.US,5,20260102,190000,41.65,41.65,41.65,41.65,100,0
FLSW.US,5,20260102,190500,41.59,41.64,41.59,41.64,322,0
FLSW.US,5,20260102,191000,41.646,41.646,41.646,41.646,240,0
FLSW.US,5,20260102,193500,41.66,41.66,41.66,41.66,100,0
FLSW.US,5,20260102,194500,41.56,41.56,41.56,41.56,199,0
FLSW.US,5,20260102,195500,41.64,41.66,41.635,41.635,1332,0
FLSW.US,5,20260102,201000,41.68,41.68,41.68,41.68,100,0
FLSW.US,5,20260102,210000,41.7206,41.7206,41.7206,41.7206,900,0
FLSW.US,5,20260102,210500,41.735,41.735,41.735,41.735,200,0
FLSW.US,5,20260102,215000,41.72,41.72,41.72,41.72,100,0
FLSW.US,5,20260105,153000,41.28,41.3104,41.28,41.3104,1080,0
FLSW.US,5,20260105,153500,41.35,41.35,41.35,41.35,100,0
FLSW.US,5,20260105,154000,41.38,41.38,41.3,41.3,9883,0
FLSW.US,5,20260105,155000,41.28,41.28,41.28,41.28,585,0
FLSW.US,5,20260105,155500,41.33,41.33,41.33,41.33,200,0
FLSW.US,5,20260105,160000,41.3299,41.3299,41.3,41.32,824,0
FLSW.US,5,20260105,162500,41.4,41.4,41.4,41.4,200,0
FLSW.US,5,20260105,164500,41.4212,41.43,41.4212,41.43,200,0
FLSW.US,5,20260105,180000,41.69,41.7,41.69,41.7,517,0
FLSW.US,5,20260105,181500,41.766,41.766,41.76,41.76,600,0
FLSW.US,5,20260105,182000,41.79,41.79,41.79,41.79,100,0
FLSW.US,5,20260105,184000,41.8099,41.8099,41.8,41.8,323,0
FLSW.US,5,20260105,190000,41.761,41.81,41.76,41.7601,500,0
FLSW.US,5,20260105,193500,41.77,41.77,41.77,41.77,200,0
FLSW.US,5,20260105,195500,41.765,41.765,41.765,41.765,110,0
FLSW.US,5,20260105,202500,41.77,41.77,41.77,41.77,100,0
FLSW.US,5,20260105,210500,41.84,41.84,41.84,41.84,100,0
FLSW.US,5,20260106,153500,41.84,41.84,41.84,41.84,100,0
FLSW.US,5,20260106,154000,41.87,41.87,41.87,41.87,122,0
FLSW.US,5,20260106,154500,41.84,41.84,41.84,41.84,152,0
FLSW.US,5,20260106,160000,41.897,41.897,41.897,41.897,100,0
FLSW.US,5,20260106,161500,41.853,41.853,41.853,41.853,300,0
FLSW.US,5,20260106,162500,41.84,41.84,41.84,41.84,200,0
FLSW.US,5,20260106,163500,41.89,41.89,41.89,41.89,107,0
FLSW.US,5,20260106,164000,41.8816,41.8816,41.8816,41.8816,800,0
FLSW.US,5,20260106,164500,41.925,41.925,41.925,41.925,200,0
FLSW.US,5,20260106,165500,41.86,41.86,41.83,41.83,325,0
FLSW.US,5,20260106,172000,41.83,41.83,41.83,41.83,200,0
FLSW.US,5,20260106,173000,41.87,41.87,41.82,41.82,495,0
FLSW.US,5,20260106,174500,41.83,41.83,41.83,41.83,200,0
FLSW.US,5,20260106,185500,41.95,41.95,41.95,41.95,200,0
FLSW.US,5,20260106,192000,41.87,41.8701,41.87,41.8701,858,0
FLSW.US,5,20260106,195500,41.9,41.93,41.9,41.9,400,0
FLSW.US,5,20260106,204000,41.9341,41.9341,41.9341,41.9341,1100,0
FLSW.US,5,20260106,205000,41.95,41.95,41.95,41.95,100,0
FLSW.US,5,20260106,205500,41.95,41.95,41.95,41.95,700,0
FLSW.US,5,20260107,153500,41.9,41.9,41.9,41.9,100,0
FLSW.US,5,20260107,155000,41.9194,41.9194,41.9194,41.9194,1193,0
FLSW.US,5,20260107,155500,41.855,41.855,41.855,41.855,100,0
FLSW.US,5,20260107,161000,41.8,41.8,41.75,41.75,698,0
FLSW.US,5,20260107,161500,41.68,41.68,41.68,41.68,200,0
FLSW.US,5,20260107,162500,41.7068,41.7068,41.7068,41.7068,119,0
FLSW.US,5,20260107,163500,41.69,41.69,41.69,41.69,100,0
FLSW.US,5,20260107,170000,41.8,41.8,41.8,41.8,100,0
FLSW.US,5,20260107,181000,41.83,41.83,41.83,41.83,100,0
FLSW.US,5,20260107,190000,41.77,41.77,41.77,41.77,100,0
FLSW.US,5,20260107,194500,41.7991,41.7991,41.7991,41.7991,154,0
FLSW.US,5,20260107,195000,41.805,41.805,41.805,41.805,100,0
FLSW.US,5,20260107,201000,41.8,41.8,41.8,41.8,100,0
FLSW.US,5,20260107,202500,41.75,41.75,41.75,41.75,461,0
FLSW.US,5,20260107,210000,41.81,41.81,41.81,41.81,100,0
FLSW.US,5,20260108,153000,41.54,41.57,41.54,41.57,600,0
FLSW.US,5,20260108,163000,41.655,41.655,41.655,41.655,300,0
FLSW.US,5,20260108,164000,41.76,41.76,41.76,41.76,253,0
FLSW.US,5,20260108,175500,41.765,41.765,41.765,41.765,100,0
FLSW.US,5,20260108,191000,41.7646,41.765,41.7646,41.765,308,0
FLSW.US,5,20260108,192500,41.765,41.765,41.76,41.76,218,0
FLSW.US,5,20260108,200000,41.72,41.72,41.698,41.698,869,0
FLSW.US,5,20260108,204000,41.709,41.71,41.695,41.695,1100,0
FLSW.US,5,20260108,204500,41.68,41.68,41.65,41.65,1700,0
FLSW.US,5,20260109,153500,41.77,41.77,41.77,41.77,100,0
FLSW.US,5,20260109,160500,41.7,41.7,41.7,41.7,100,0
FLSW.US,5,20260109,161500,41.755,41.755,41.755,41.755,100,0
FLSW.US,5,20260109,163000,41.825,41.8599,41.82,41.8245,5779,0
FLSW.US,5,20260109,165500,41.8201,41.8201,41.8201,41.8201,106,0
FLSW.US,5,20260109,171500,41.859,41.859,41.859,41.859,100,0
FLSW.US,5,20260109,172000,41.79,41.79,41.79,41.79,100,0
FLSW.US,5,20260109,181500,41.87,41.87,41.87,41.87,119,0
FLSW.US,5,20260109,193500,41.9,41.95,41.9,41.95,819,0
FLSW.US,5,20260109,195000,41.96,41.96,41.95,41.95,658,0
FLSW.US,5,20260112,153000,42.065,42.1,42.065,42.065,700,0
FLSW.US,5,20260112,153500,42.025,42.0251,42.0199,42.025,3404,0
FLSW.US,5,20260112,154500,42.04,42.04,42.04,42.04,500,0
FLSW.US,5,20260112,163000,42.1,42.1,42.1,42.1,900,0
FLSW.US,5,20260112,165500,42.135,42.135,42.135,42.135,118,0
FLSW.US,5,20260112,170000,42.13,42.13,42.13,42.13,358,0
FLSW.US,5,20260112,170500,42.15,42.15,42.15,42.15,400,0
FLSW.US,5,20260112,172000,42.11,42.11,42.11,42.11,100,0
FLSW.US,5,20260112,175000,42.13,42.13,42.13,42.13,598,0
FLSW.US,5,20260112,182500,42.04,42.1,42.04,42.1,200,0
FLSW.US,5,20260112,185000,42.07,42.07,42.07,42.07,110,0
FLSW.US,5,20260112,190500,42.01,42.01,42.01,42.01,100,0
FLSW.US,5,20260112,191000,42.01,42.01,42.01,42.01,400,0
FLSW.US,5,20260112,192500,42.01,42.01,41.96,41.96,2000,0
FLSW.US,5,20260112,200000,41.97,41.9765,41.92,41.9765,700,0
FLSW.US,5,20260112,202000,41.989,41.989,41.989,41.989,100,0
FLSW.US,5,20260112,205000,41.999,41.999,41.999,41.999,119,0
FLSW.US,5,20260112,212000,42,42,42,42,235,0
FLSW.US,5,20260112,212500,41.998,41.998,41.998,41.998,237,0
FLSW.US,5,20260113,153500,41.7699,41.7699,41.69,41.69,200,0
FLSW.US,5,20260113,154000,41.68,41.68,41.68,41.68,100,0
FLSW.US,5,20260113,160000,41.58,41.58,41.58,41.58,100,0
FLSW.US,5,20260113,160500,41.59,41.59,41.59,41.59,219,0
FLSW.US,5,20260113,161000,41.59,41.59,41.59,41.59,766,0
FLSW.US,5,20260113,164500,41.6516,41.6516,41.6516,41.6516,122,0
FLSW.US,5,20260113,165000,41.6596,41.6596,41.635,41.635,462,0
FLSW.US,5,20260113,173000,41.615,41.615,41.615,41.615,710,0
FLSW.US,5,20260113,173500,41.67,41.67,41.67,41.67,1123,0
FLSW.US,5,20260113,174000,41.6201,41.6201,41.6201,41.6201,913,0
FLSW.US,5,20260113,180000,41.67,41.67,41.67,41.67,100,0
FLSW.US,5,20260113,180500,41.69,41.69,41.69,41.69,177,0
FLSW.US,5,20260113,181500,41.7,41.7,41.68,41.68,200,0
FLSW.US,5,20260113,183500,41.646,41.646,41.646,41.646,142,0
FLSW.US,5,20260113,185000,41.67,41.67,41.67,41.67,907,0
FLSW.US,5,20260113,185500,41.625,41.625,41.625,41.625,130,0
FLSW.US,5,20260113,194000,41.63,41.63,41.63,41.63,100,0
FLSW.US,5,20260113,200500,41.61,41.61,41.61,41.61,1201,0
FLSW.US,5,20260113,205500,41.66,41.66,41.66,41.66,100,0
FLSW.US,5,20260113,213500,41.62,41.62,41.62,41.62,500,0
FLSW.US,5,20260113,214000,41.6519,41.6519,41.6519,41.6519,192,0
FLSW.US,5,20260114,153000,41.92,41.92,41.92,41.92,100,0
FLSW.US,5,20260114,155000,41.96,41.96,41.96,41.96,100,0
FLSW.US,5,20260114,162500,41.9096,41.9096,41.905,41.905,700,0
FLSW.US,5,20260114,163000,41.9066,41.94,41.9066,41.94,1400,0
FLSW.US,5,20260114,173000,42.04,42.04,42.04,42.04,1100,0
FLSW.US,5,20260114,175000,41.87,41.87,41.87,41.87,100,0
FLSW.US,5,20260114,182500,41.8718,41.8718,41.8718,41.8718,144,0
FLSW.US,5,20260114,192500,41.8501,41.8501,41.8501,41.8501,236,0
FLSW.US,5,20260114,204000,41.92,41.92,41.92,41.92,100,0
FLSW.US,5,20260114,205000,41.89,41.89,41.88,41.88,377,0
FLSW.US,5,20260114,210500,41.92,41.92,41.92,41.92,120,0
FLSW.US,5,20260114,211000,41.91,41.91,41.91,41.91,100,0
FLSW.US,5,20260114,213500,42.03,42.03,42.03,42.03,101,0
FLSW.US,5,20260115,154000,42,42,41.92,41.92,1100,0
FLSW.US,5,20260115,173000,41.93,41.93,41.93,41.93,100,0
FLSW.US,5,20260115,191500,41.85,41.85,41.85,41.85,200,0
FLSW.US,5,20260115,192500,41.86,41.86,41.86,41.86,200,0
FLSW.US,5,20260115,194500,41.87,41.8955,41.87,41.8955,400,0
FLSW.US,5,20260115,203000,41.96,41.96,41.96,41.96,405,0
FLSW.US,5,20260115,210500,41.8901,41.8901,41.8901,41.8901,106,0
FLSW.US,5,20260115,214500,41.82,41.82,41.82,41.82,100,0
FLSW.US,5,20260116,153000,41.88,41.88,41.86,41.86,376,0
FLSW.US,5,20260116,154000,41.8325,41.835,41.8325,41.835,321,0
FLSW.US,5,20260116,154500,41.87,41.87,41.85,41.85,247,0
FLSW.US,5,20260116,164000,41.75,41.775,41.75,41.775,600,0
FLSW.US,5,20260116,174000,41.82,41.85,41.82,41.85,300,0
FLSW.US,5,20260116,185500,41.75,41.75,41.75,41.75,100,0
FLSW.US,5,20260116,211500,41.78,41.8247,41.77,41.77,1100,0
FLSW.US,5,20260116,214500,41.73,41.73,41.73,41.73,100,0
FLSW.US,5,20260120,153000,41.51,41.51,41.34,41.35,8362,0
FLSW.US,5,20260120,153500,41.4061,41.4061,41.4061,41.4061,200,0
FLSW.US,5,20260120,155000,41.41,41.41,41.41,41.41,150,0
FLSW.US,5,20260120,173500,41.66,41.66,41.66,41.66,200,0
FLSW.US,5,20260120,174500,41.6156,41.6156,41.6156,41.6156,135,0
FLSW.US,5,20260120,182000,41.65,41.65,41.65,41.65,100,0
FLSW.US,5,20260120,185000,41.575,41.575,41.575,41.575,250,0
FLSW.US,5,20260120,185500,41.62,41.62,41.619,41.6199,2084,0
FLSW.US,5,20260120,191000,41.65,41.65,41.65,41.65,600,0
FLSW.US,5,20260120,193000,41.66,41.66,41.66,41.66,130,0
FLSW.US,5,20260120,193500,41.65,41.65,41.65,41.65,100,0
FLSW.US,5,20260120,194500,41.65,41.65,41.65,41.65,629,0
FLSW.US,5,20260120,195500,41.54,41.56,41.54,41.56,2800,0
FLSW.US,5,20260120,204500,41.48,41.48,41.48,41.48,460,0
FLSW.US,5,20260120,212500,41.4918,41.4918,41.4918,41.4918,1100,0
FLSW.US,5,20260120,214000,41.4999,41.4999,41.4999,41.4999,121,0
FLSW.US,5,20260120,214500,41.505,41.505,41.505,41.505,437,0
FLSW.US,5,20260121,154500,41.61,41.61,41.61,41.61,209,0
FLSW.US,5,20260121,155000,41.6,41.6,41.6,41.6,100,0
FLSW.US,5,20260121,160500,41.6,41.615,41.6,41.615,219,0
FLSW.US,5,20260121,161000,41.55,41.55,41.55,41.55,100,0
FLSW.US,5,20260121,161500,41.56,41.57,41.56,41.56,4750,0
FLSW.US,5,20260121,163000,41.505,41.53,41.505,41.53,250,0
FLSW.US,5,20260121,163500,41.55,41.55,41.55,41.55,100,0
FLSW.US,5,20260121,164000,41.51,41.515,41.51,41.515,700,0
FLSW.US,5,20260121,164500,41.51,41.5399,41.49,41.49,450,0
FLSW.US,5,20260121,170500,41.41,41.41,41.41,41.41,100,0
FLSW.US,5,20260121,171000,41.43,41.43,41.43,41.43,120,0
FLSW.US,5,20260121,172000,41.39,41.39,41.39,41.39,100,0
FLSW.US,5,20260121,172500,41.47,41.47,41.47,41.47,100,0
FLSW.US,5,20260121,174000,41.48,41.48,41.45,41.45,200,0
FLSW.US,5,20260121,175500,41.43,41.43,41.43,41.43,101,0
FLSW.US,5,20260121,180000,41.42,41.42,41.42,41.42,100,0
FLSW.US,5,20260121,183500,41.37,41.39,41.37,41.37,400,0
FLSW.US,5,20260121,190500,41.4092,41.4092,41.4092,41.4092,179,0
FLSW.US,5,20260121,195000,41.48,41.48,41.48,41.48,179,0
FLSW.US,5,20260121,203000,41.65,41.65,41.65,41.65,100,0
FLSW.US,5,20260121,204500,41.747,41.747,41.73,41.73,318,0
FLSW.US,5,20260121,205500,41.72,41.72,41.72,41.72,100,0
FLSW.US,5,20260121,211000,41.775,41.775,41.775,41.775,150,0
FLSW.US,5,20260121,212000,41.73,41.73,41.73,41.73,114,0
FLSW.US,5,20260121,212500,41.733965,41.733965,41.733965,41.733965,162,0
FLSW.US,5,20260122,153000,41.93,41.93,41.93,41.93,100,0
FLSW.US,5,20260122,155000,41.88,41.88,41.88,41.88,100,0
FLSW.US,5,20260122,172000,41.96,41.96,41.96,41.96,400,0
FLSW.US,5,20260122,172500,41.94,41.94,41.94,41.94,100,0
FLSW.US,5,20260122,173500,41.9,41.9,41.9,41.9,300,0
FLSW.US,5,20260122,184500,41.94,41.94,41.94,41.94,100,0
FLSW.US,5,20260122,191000,41.87,41.91,41.87,41.91,200,0
FLSW.US,5,20260122,205000,41.88,41.92,41.8795,41.89,3615,0
FLSW.US,5,20260122,212500,41.86,41.86,41.86,41.86,100,0
FLSW.US,5,20260122,213500,41.871,41.871,41.871,41.871,106,0
FLSW.US,5,20260122,214500,41.85,41.85,41.85,41.85,100,0
FLSW.US,5,20260123,154500,41.55,41.5501,41.55,41.55,300,0
FLSW.US,5,20260123,160500,41.62,41.62,41.62,41.62,200,0
FLSW.US,5,20260123,175000,41.83,41.8301,41.77,41.78,1100,0
FLSW.US,5,20260123,182000,41.8776,41.8776,41.8776,41.8776,1000,0
FLSW.US,5,20260123,182500,41.8701,41.8701,41.8701,41.8701,200,0
FLSW.US,5,20260123,185500,41.85,41.85,41.85,41.85,1055,0
FLSW.US,5,20260123,190000,41.85,41.85,41.825,41.825,200,0
FLSW.US,5,20260123,190500,41.85,41.85,41.85,41.85,100,0
FLSW.US,5,20260123,192000,41.87,41.87,41.81,41.81,200,0
FLSW.US,5,20260123,192500,41.8851,41.8851,41.86,41.8775,362,0
FLSW.US,5,20260123,193000,41.82,41.82,41.82,41.82,100,0
FLSW.US,5,20260123,193500,41.92,41.92,41.92,41.92,100,0
FLSW.US,5,20260123,194000,41.91,41.91,41.9093,41.9093,988,0
FLSW.US,5,20260123,200500,41.98,41.98,41.98,41.98,100,0
FLSW.US,5,20260123,201000,41.9999,41.9999,41.9999,41.9999,142,0
FLSW.US,5,20260123,202000,41.94,41.9722,41.94,41.9722,200,0
FLSW.US,5,20260123,203000,41.97,41.97,41.97,41.97,114,0
FLSW.US,5,20260123,205000,41.999,42.06,41.94,42.06,1589,0
FLSW.US,5,20260123,205500,42.07,42.08,42.07,42.07,1522,0
FLSW.US,5,20260123,210000,42.08,42.09,42.08,42.09,200,0
FLSW.US,5,20260123,211000,42.08,42.08,42.01,42.08,973,0
FLSW.US,5,20260123,213500,42.06,42.06,42.06,42.06,100,0
