<TICKER>,<PER>,<DATE>,<TIME>,<OPEN>,<HIGH>,<LOW>,<CLOSE>,<VOL>,<OPENINT>
FMNY.US,5,20250829,160000,25.89,25.89,25.89,25.89,200,0
FMNY.US,5,20250829,190000,25.9,25.9,25.9,25.9,300,0
FMNY.US,5,20250829,195500,25.8901,25.8901,25.89,25.89,800,0
FMNY.US,5,20250829,215500,25.89,25.89,25.89,25.89,275,0
FMNY.US,5,20250902,155500,25.83,25.83,25.82,25.82,1300,0
FMNY.US,5,20250902,161000,25.9,25.9,25.9,25.9,100,0
FMNY.US,5,20250902,184500,25.89,25.89,25.89,25.89,100,0
FMNY.US,5,20250902,190000,25.82,25.82,25.82,25.82,2000,0
FMNY.US,5,20250902,191000,25.9,25.9,25.9,25.9,100,0
FMNY.US,5,20250902,193000,25.9,25.9,25.9,25.9,100,0
FMNY.US,5,20250902,200000,25.87,25.87,25.87,25.87,150,0
FMNY.US,5,20250902,205000,25.85,25.85,25.85,25.85,1539,0
FMNY.US,5,20250902,215500,25.82,25.82,25.82,25.82,672,0
FMNY.US,5,20250903,153000,25.81,25.81,25.81,25.81,1260,0
FMNY.US,5,20250903,162000,25.91,25.91,25.91,25.91,100,0
FMNY.US,5,20250903,165000,25.91,25.91,25.91,25.91,100,0
FMNY.US,5,20250903,170500,25.91,25.91,25.91,25.91,100,0
FMNY.US,5,20250903,171500,25.92,25.92,25.92,25.92,192,0
FMNY.US,5,20250903,173000,25.93,25.93,25.93,25.93,200,0
FMNY.US,5,20250903,173500,25.93,25.93,25.93,25.93,100,0
FMNY.US,5,20250903,174500,25.93,25.93,25.93,25.93,400,0
FMNY.US,5,20250903,175500,25.93,25.93,25.93,25.93,200,0
FMNY.US,5,20250903,180500,25.93,25.93,25.93,25.93,100,0
FMNY.US,5,20250903,182500,25.93,25.93,25.93,25.93,300,0
FMNY.US,5,20250903,183000,25.93,25.93,25.93,25.93,100,0
FMNY.US,5,20250903,183500,25.93,25.93,25.93,25.93,100,0
FMNY.US,5,20250903,184000,25.93,25.93,25.93,25.93,300,0
FMNY.US,5,20250903,184500,25.93,25.93,25.93,25.93,234,0
FMNY.US,5,20250903,191000,25.93,25.93,25.93,25.93,100,0
FMNY.US,5,20250904,155000,25.89,25.89,25.89,25.89,1260,0
FMNY.US,5,20250904,161500,25.96,25.96,25.96,25.96,100,0
FMNY.US,5,20250905,153500,26.04,26.04,26.04,26.04,1260,0
FMNY.US,5,20250905,155500,26.0789,26.0789,26.0789,26.0789,183,0
FMNY.US,5,20250905,160000,26.07,26.07,26.07,26.07,100,0
FMNY.US,5,20250905,180500,26.1196,26.1196,26.1,26.1,3350,0
FMNY.US,5,20250905,181500,26.149,26.149,26.1,26.1,900,0
FMNY.US,5,20250905,182000,26.1,26.1,26.1,26.1,100,0
FMNY.US,5,20250905,194000,26.07,26.08,25.78,26.07,33918,0
FMNY.US,5,20250905,204000,26.09,26.14,25.885,25.92,1600,0
FMNY.US,5,20250908,154500,26.18,26.18,26.18,26.18,100,0
FMNY.US,5,20250908,155000,26.18,26.18,26.18,26.18,700,0
FMNY.US,5,20250908,155500,26.18,26.18,26.18,26.18,300,0
FMNY.US,5,20250908,160000,26.18,26.18,26.18,26.18,100,0
FMNY.US,5,20250908,161500,26.27,26.27,26.27,26.27,100,0
FMNY.US,5,20250908,170000,26.28,26.28,26.28,26.28,179,0
FMNY.US,5,20250908,173000,26.235,26.235,26.235,26.235,100,0
FMNY.US,5,20250908,174500,26.235,26.235,26.235,26.235,100,0
FMNY.US,5,20250908,175500,26.235,26.235,26.235,26.235,100,0
FMNY.US,5,20250908,180500,26.235,26.235,26.235,26.235,100,0
FMNY.US,5,20250908,181500,26.235,26.235,26.235,26.235,100,0
FMNY.US,5,20250908,182500,26.235,26.235,26.235,26.235,100,0
FMNY.US,5,20250908,183000,26.23,26.23,26.23,26.23,100,0
FMNY.US,5,20250908,184000,26.23,26.23,26.23,26.23,100,0
FMNY.US,5,20250908,184500,26.28,26.28,26.28,26.28,100,0
FMNY.US,5,20250908,185000,26.2799,26.2799,26.2799,26.2799,1500,0
FMNY.US,5,20250908,203000,26.23,26.23,26.23,26.23,1200,0
FMNY.US,5,20250908,204000,26.3,26.3,26.3,26.3,166,0
FMNY.US,5,20250908,215000,26.32,26.32,26.32,26.32,100,0
FMNY.US,5,20250909,153000,26.27,26.27,26.27,26.27,2519,0
FMNY.US,5,20250909,170000,26.3117,26.3117,26.3117,26.3117,134,0
FMNY.US,5,20250909,183000,26.2989,26.2989,26.2989,26.2989,417,0
FMNY.US,5,20250909,192500,26.295,26.33,26.295,26.33,218,0
FMNY.US,5,20250909,194500,26.3799,26.3799,26.3799,26.3799,450,0
FMNY.US,5,20250909,195000,26.3378,26.3378,26.3378,26.3378,379,0
FMNY.US,5,20250909,201000,26.335,26.335,26.335,26.335,1873,0
FMNY.US,5,20250909,214500,26.325,26.325,26.325,26.325,475,0
FMNY.US,5,20250909,215500,26.37,26.37,26.37,26.37,554,0
FMNY.US,5,20250910,153000,26.3,26.3,26.3,26.3,1523,0
FMNY.US,5,20250910,153500,26.3,26.3,26.3,26.3,400,0
FMNY.US,5,20250910,211500,26.45,26.45,26.45,26.45,100,0
FMNY.US,5,20250910,214000,26.45,26.45,26.45,26.45,100,0
FMNY.US,5,20250911,160500,26.45,26.45,26.45,26.45,100,0
FMNY.US,5,20250911,161500,26.53,26.53,26.53,26.53,600,0
FMNY.US,5,20250911,211000,26.55,26.55,26.55,26.55,100,0
FMNY.US,5,20250911,215500,26.55,26.55,26.55,26.55,155,0
FMNY.US,5,20250912,160000,26.54,26.55,26.54,26.55,1000,0
FMNY.US,5,20250912,160500,26.55,26.57,26.55,26.57,900,0
FMNY.US,5,20250912,161000,26.55,26.57,26.55,26.55,900,0
FMNY.US,5,20250912,161500,26.55,26.56,26.55,26.56,800,0
FMNY.US,5,20250912,162000,26.56,26.56,26.55,26.55,800,0
FMNY.US,5,20250912,162500,26.55,26.55,26.55,26.55,800,0
FMNY.US,5,20250912,163000,26.55,26.55,26.55,26.55,900,0
FMNY.US,5,20250912,163500,26.55,26.55,26.55,26.55,700,0
FMNY.US,5,20250912,164000,26.55,26.55,26.55,26.55,500,0
FMNY.US,5,20250912,164500,26.55,26.55,26.54,26.55,800,0
FMNY.US,5,20250912,165000,26.55,26.55,26.55,26.55,600,0
FMNY.US,5,20250912,165500,26.55,26.55,26.55,26.55,800,0
FMNY.US,5,20250912,170000,26.55,26.55,26.55,26.55,200,0
FMNY.US,5,20250912,171500,26.55,26.55,26.55,26.55,100,0
FMNY.US,5,20250912,180000,26.54,26.56,26.54,26.5599,3076,0
FMNY.US,5,20250912,180500,26.512,26.512,26.512,26.512,941,0
FMNY.US,5,20250912,184500,26.54,26.54,26.54,26.54,100,0
FMNY.US,5,20250915,160500,26.59,26.59,26.59,26.59,100,0
FMNY.US,5,20250915,161000,26.59,26.59,26.59,26.59,200,0
FMNY.US,5,20250915,161500,26.59,26.61,26.59,26.61,200,0
FMNY.US,5,20250915,162000,26.59,26.59,26.59,26.59,100,0
FMNY.US,5,20250915,162500,26.59,26.59,26.5,26.5,400,0
FMNY.US,5,20250915,163000,26.6,26.6,26.55,26.58,2305,0
FMNY.US,5,20250915,163500,26.52,26.58,26.52,26.58,200,0
FMNY.US,5,20250915,164000,26.58,26.58,26.58,26.58,200,0
FMNY.US,5,20250915,164500,26.58,26.58,26.58,26.58,100,0
FMNY.US,5,20250915,165000,26.59,26.59,26.59,26.59,200,0
FMNY.US,5,20250915,165500,26.59,26.59,26.59,26.59,100,0
FMNY.US,5,20250915,170000,26.52,26.52,26.52,26.52,100,0
FMNY.US,5,20250915,171500,26.51,26.51,26.51,26.51,11201,0
FMNY.US,5,20250915,175500,26.565,26.565,26.565,26.565,167,0
FMNY.US,5,20250915,200000,26.5472,26.5472,26.51,26.51,250,0
FMNY.US,5,20250915,205500,26.5782,26.5782,26.5782,26.5782,136,0
FMNY.US,5,20250915,213000,26.6199,26.6199,26.6199,26.6199,902,0
FMNY.US,5,20250916,202500,26.55,26.55,26.55,26.55,100,0
FMNY.US,5,20250916,211500,26.64,26.64,26.55,26.55,5015,0
FMNY.US,5,20250916,212000,26.55,26.55,26.55,26.55,100,0
FMNY.US,5,20250917,154500,26.5995,26.5995,26.5995,26.5995,375,0
FMNY.US,5,20250917,162000,26.58,26.58,26.58,26.58,100,0
FMNY.US,5,20250917,170500,26.6118,26.6118,26.6118,26.6118,218,0
FMNY.US,5,20250917,215500,26.645,26.68,26.645,26.68,652,0
FMNY.US,5,20250918,153000,26.65,26.67,26.65,26.67,708,0
FMNY.US,5,20250918,162000,26.55,26.55,26.55,26.55,100,0
FMNY.US,5,20250918,163500,26.605,26.605,26.605,26.605,100,0
FMNY.US,5,20250918,180000,26.63,26.63,26.63,26.63,500,0
FMNY.US,5,20250918,184000,26.56,26.56,26.56,26.56,100,0
FMNY.US,5,20250919,161500,26.55,26.55,26.55,26.55,100,0
FMNY.US,5,20250919,171500,26.61,26.63,26.61,26.63,400,0
FMNY.US,5,20250919,182500,26.54,26.54,26.54,26.54,100,0
FMNY.US,5,20250919,185500,26.62,26.63,26.62,26.62,400,0
FMNY.US,5,20250919,193000,26.54,26.54,26.54,26.54,100,0
FMNY.US,5,20250919,200500,26.59,26.59,26.59,26.59,250,0
FMNY.US,5,20250922,153000,26.6,26.6,26.6,26.6,1450,0
FMNY.US,5,20250922,170500,26.55,26.55,26.55,26.55,100,0
FMNY.US,5,20250922,215500,26.64,26.64,26.64,26.64,142,0
FMNY.US,5,20250923,162000,26.55,26.55,26.55,26.55,100,0
FMNY.US,5,20250923,183000,26.6,26.6,26.6,26.6,112,0
FMNY.US,5,20250923,190000,26.605,26.605,26.605,26.605,300,0
FMNY.US,5,20250924,161000,26.52,26.52,26.52,26.52,100,0
FMNY.US,5,20250924,171000,26.56,26.57,26.56,26.57,161630,0
FMNY.US,5,20250924,172000,26.5506,26.5506,26.5506,26.5506,2773,0
FMNY.US,5,20250924,183000,26.56,26.56,26.56,26.56,2858,0
FMNY.US,5,20250925,161500,26.433,26.433,26.433,26.433,240,0
FMNY.US,5,20250925,162000,26.38,26.38,26.38,26.38,100,0
FMNY.US,5,20250925,170500,26.4316,26.4316,26.43,26.43,872,0
FMNY.US,5,20250925,182000,26.435,26.435,26.435,26.435,145,0
FMNY.US,5,20250925,215500,26.49,26.49,26.49,26.49,112,0
FMNY.US,5,20250929,155000,26.47,26.47,26.47,26.47,500,0
FMNY.US,5,20250929,161500,26.49,26.49,26.49,26.49,115,0
FMNY.US,5,20250929,173000,26.48,26.48,26.48,26.48,100,0
FMNY.US,5,20250929,200000,26.509,26.509,26.509,26.509,754,0
FMNY.US,5,20250929,205500,26.48,26.48,26.48,26.48,100,0
FMNY.US,5,20250929,210000,26.46,26.46,26.42,26.42,1302,0
FMNY.US,5,20250930,160000,26.47,26.47,26.47,26.47,160,0
FMNY.US,5,20250930,212500,26.4733,26.4733,26.4733,26.4733,453,0
FMNY.US,5,20251001,155500,26.57,26.57,26.57,26.57,2265,0
FMNY.US,5,20251001,180500,26.5,26.5,26.5,26.5,100,0
FMNY.US,5,20251001,210000,26.5,26.5001,26.5,26.5001,788,0
FMNY.US,5,20251002,154000,26.5315,26.5315,26.5315,26.5315,452,0
FMNY.US,5,20251002,155000,26.54,26.54,26.54,26.54,700,0
FMNY.US,5,20251002,171000,26.47,26.47,26.47,26.47,300,0
FMNY.US,5,20251002,171500,26.47,26.47,26.47,26.47,100,0
FMNY.US,5,20251002,172000,26.47,26.47,26.47,26.47,100,0
FMNY.US,5,20251002,172500,26.47,26.495,26.47,26.495,300,0
FMNY.US,5,20251002,173500,26.47,26.47,26.47,26.47,100,0
FMNY.US,5,20251002,175500,26.44,26.45,26.44,26.4401,300,0
FMNY.US,5,20251002,180000,26.44,26.4401,26.44,26.44,300,0
FMNY.US,5,20251002,180500,26.44,26.44,26.44,26.44,200,0
FMNY.US,5,20251002,181000,26.455,26.455,26.455,26.455,100,0
FMNY.US,5,20251002,181500,26.45,26.45,26.45,26.45,100,0
FMNY.US,5,20251002,182000,26.45,26.45,26.45,26.45,100,0
FMNY.US,5,20251002,182500,26.45,26.45,26.45,26.45,100,0
FMNY.US,5,20251002,183500,26.455,26.455,26.455,26.455,100,0
FMNY.US,5,20251002,184500,26.455,26.455,26.455,26.455,100,0
FMNY.US,5,20251002,185000,26.45,26.46,26.45,26.46,200,0
FMNY.US,5,20251002,185500,26.46,26.46,26.46,26.46,100,0
FMNY.US,5,20251002,190000,26.465,26.465,26.46,26.46,200,0
FMNY.US,5,20251002,190500,26.46,26.47,26.46,26.47,200,0
FMNY.US,5,20251002,191000,26.46,26.46,26.46,26.46,100,0
FMNY.US,5,20251002,191500,26.46,26.47,26.46,26.47,200,0
FMNY.US,5,20251002,192000,26.46,26.46,26.46,26.46,200,0
FMNY.US,5,20251002,192500,26.47,26.47,26.47,26.47,100,0
FMNY.US,5,20251002,193000,26.46,26.4601,26.45,26.45,300,0
FMNY.US,5,20251002,193500,26.46,26.46,26.45,26.45,200,0
FMNY.US,5,20251002,194000,26.46,26.4601,26.46,26.4601,200,0
FMNY.US,5,20251002,194500,26.46,26.465,26.46,26.465,200,0
FMNY.US,5,20251002,195000,26.46,26.46,26.46,26.46,100,0
FMNY.US,5,20251002,195500,26.46,26.46,26.46,26.46,200,0
FMNY.US,5,20251002,200000,26.455,26.455,26.45,26.45,300,0
FMNY.US,5,20251002,200500,26.45,26.45,26.45,26.45,200,0
FMNY.US,5,20251002,201000,26.455,26.46,26.455,26.46,200,0
FMNY.US,5,20251002,201500,26.45,26.46,26.45,26.46,200,0
FMNY.US,5,20251002,202000,26.47,26.47,26.4501,26.4501,200,0
FMNY.US,5,20251002,202500,26.45,26.47,26.45,26.47,400,0
FMNY.US,5,20251002,203000,26.47,26.47,26.47,26.47,100,0
FMNY.US,5,20251002,203500,26.47,26.47,26.46,26.4601,300,0
FMNY.US,5,20251002,204000,26.4601,26.4601,26.46,26.46,300,0
FMNY.US,5,20251002,204500,26.46,26.46,26.46,26.46,100,0
FMNY.US,5,20251002,205000,26.46,26.4601,26.46,26.4601,300,0
FMNY.US,5,20251002,205500,26.46,26.46,26.455,26.455,200,0
FMNY.US,5,20251002,210000,26.45,26.4501,26.45,26.4501,200,0
FMNY.US,5,20251002,210500,26.46,26.46,26.45,26.46,300,0
FMNY.US,5,20251002,211000,26.46,26.46,26.46,26.46,100,0
FMNY.US,5,20251002,211500,26.4601,26.47,26.46,26.4601,500,0
FMNY.US,5,20251002,212000,26.4601,26.4601,26.46,26.4601,300,0
FMNY.US,5,20251002,212500,26.46,26.47,26.46,26.46,500,0
FMNY.US,5,20251002,213000,26.46,26.47,26.45,26.4501,1000,0
FMNY.US,5,20251002,213500,26.45,26.4501,26.45,26.45,300,0
FMNY.US,5,20251002,214000,26.4501,26.4501,26.45,26.45,300,0
FMNY.US,5,20251002,214500,26.4501,26.47,26.45,26.45,900,0
FMNY.US,5,20251002,215000,26.4501,26.47,26.4501,26.4501,1000,0
FMNY.US,5,20251002,215500,26.4501,26.4501,26.45,26.45,1100,0
FMNY.US,5,20251003,172500,26.54,26.54,26.54,26.54,100,0
FMNY.US,5,20251003,173000,26.51,26.51,26.51,26.51,400,0
FMNY.US,5,20251003,202500,26.4785,26.4785,26.4785,26.4785,1637,0
FMNY.US,5,20251003,203000,26.5,26.5,26.5,26.5,100,0
FMNY.US,5,20251003,215500,26.55,26.55,26.55,26.55,124,0
FMNY.US,5,20251006,154000,26.55,26.57,26.46,26.55,4463,0
FMNY.US,5,20251006,155500,26.52,26.52,26.52,26.52,200,0
FMNY.US,5,20251006,160500,26.53,26.53,26.53,26.53,100,0
FMNY.US,5,20251006,162000,26.53,26.53,26.53,26.53,100,0
FMNY.US,5,20251006,162500,26.55,26.55,26.55,26.55,143,0
FMNY.US,5,20251006,163000,26.54,26.54,26.54,26.54,100,0
FMNY.US,5,20251006,191000,26.5284,26.5284,26.51,26.51,850,0
FMNY.US,5,20251006,194500,26.56,26.56,26.56,26.56,139,0
FMNY.US,5,20251006,201500,26.51,26.51,26.51,26.51,100,0
FMNY.US,5,20251006,204500,26.52,26.52,26.52,26.52,100,0
FMNY.US,5,20251007,162500,26.53,26.5301,26.53,26.5301,400,0
FMNY.US,5,20251007,172500,26.56,26.56,26.56,26.56,100,0
FMNY.US,5,20251007,173500,26.55,26.55,26.55,26.55,100,0
FMNY.US,5,20251007,174000,26.59,26.59,26.59,26.59,100,0
FMNY.US,5,20251008,161000,26.6,26.6,26.6,26.6,100,0
FMNY.US,5,20251008,164000,26.59,26.59,26.59,26.59,100,0
FMNY.US,5,20251008,171500,26.6,26.6,26.6,26.6,100,0
FMNY.US,5,20251008,172000,26.59,26.5902,26.55,26.5901,400,0
FMNY.US,5,20251008,174500,26.59,26.59,26.59,26.59,100,0
FMNY.US,5,20251008,181000,26.59,26.59,26.59,26.59,100,0
FMNY.US,5,20251008,183500,26.59,26.59,26.59,26.59,100,0
FMNY.US,5,20251008,184500,26.595,26.595,26.595,26.595,100,0
FMNY.US,5,20251009,161500,26.5438,26.5438,26.5438,26.5438,1881,0
FMNY.US,5,20251009,174500,26.56,26.56,26.56,26.56,100,0
FMNY.US,5,20251009,180500,26.5737,26.5737,26.56,26.56,1100,0
FMNY.US,5,20251009,190000,26.56,26.57,26.56,26.57,3853,0
FMNY.US,5,20251009,215500,26.64,26.64,26.64,26.64,138,0
FMNY.US,5,20251010,162500,26.605,26.605,26.605,26.605,623,0
FMNY.US,5,20251010,171000,26.615,26.615,26.615,26.615,100,0
FMNY.US,5,20251010,172000,26.605,26.605,26.605,26.605,100,0
FMNY.US,5,20251010,182500,26.575,26.575,26.575,26.575,100,0
FMNY.US,5,20251010,183500,26.58,26.58,26.58,26.58,186,0
FMNY.US,5,20251010,184500,26.58,26.58,26.58,26.58,100,0
FMNY.US,5,20251010,194500,26.645,26.645,26.645,26.645,100,0
FMNY.US,5,20251010,215500,26.6369,26.6369,26.6369,26.6369,1500,0
FMNY.US,5,20251013,183500,26.65,26.65,26.65,26.65,100,0
FMNY.US,5,20251014,170000,26.7,26.7,26.7,26.7,100,0
FMNY.US,5,20251014,171000,26.7,26.7,26.7,26.7,100,0
FMNY.US,5,20251014,171500,26.71,26.71,26.71,26.71,1500,0
FMNY.US,5,20251014,172000,26.71,26.72,26.71,26.72,1665,0
FMNY.US,5,20251014,172500,26.71,26.71,26.71,26.71,667,0
FMNY.US,5,20251015,164000,26.73,26.73,26.73,26.73,100,0
FMNY.US,5,20251015,165500,26.73,26.73,26.73,26.73,100,0
FMNY.US,5,20251015,173500,26.73,26.73,26.73,26.73,100,0
FMNY.US,5,20251015,174500,26.73,26.73,26.73,26.73,100,0
FMNY.US,5,20251015,175500,26.72,26.72,26.72,26.72,100,0
FMNY.US,5,20251015,180500,26.72,26.72,26.72,26.72,100,0
FMNY.US,5,20251015,184000,26.72,26.72,26.69,26.69,200,0
FMNY.US,5,20251016,162000,26.76,26.77,26.76,26.77,200,0
FMNY.US,5,20251016,164000,26.76,26.765,26.76,26.765,400,0
FMNY.US,5,20251016,165500,26.77,26.77,26.77,26.77,3935,0
FMNY.US,5,20251016,170500,26.77,26.77,26.77,26.77,100,0
FMNY.US,5,20251016,174500,26.77,26.77,26.77,26.77,100,0
FMNY.US,5,20251016,181500,26.77,26.77,26.77,26.77,300,0
FMNY.US,5,20251016,185000,26.785,26.79,26.785,26.79,200,0
FMNY.US,5,20251016,185500,26.79,26.79,26.79,26.79,400,0
FMNY.US,5,20251016,192000,26.79,26.79,26.79,26.79,100,0
FMNY.US,5,20251016,193000,26.79,26.79,26.79,26.79,900,0
FMNY.US,5,20251016,213000,26.81,26.81,26.81,26.81,100,0
FMNY.US,5,20251016,213500,26.7714,26.7714,26.7714,26.7714,1764,0
FMNY.US,5,20251017,160000,26.8,26.8,26.8,26.8,861,0
FMNY.US,5,20251017,195500,26.81,26.81,26.81,26.81,100,0
FMNY.US,5,20251017,200500,26.8,26.8,26.8,26.8,520,0
FMNY.US,5,20251017,212000,26.7519,26.7519,26.7519,26.7519,1000,0
FMNY.US,5,20251020,153500,26.86,26.86,26.86,26.86,100,0
FMNY.US,5,20251020,154000,26.87,26.87,26.87,26.87,200,0
FMNY.US,5,20251020,154500,26.86,26.86,26.86,26.86,100,0
FMNY.US,5,20251020,155500,26.87,26.87,26.87,26.87,100,0
FMNY.US,5,20251020,161500,26.86,26.86,26.86,26.86,100,0
FMNY.US,5,20251020,162000,26.87,26.87,26.87,26.87,100,0
FMNY.US,5,20251020,162500,26.86,26.86,26.86,26.86,100,0
FMNY.US,5,20251020,163500,26.87,26.87,26.87,26.87,100,0
FMNY.US,5,20251020,164000,26.86,26.86,26.86,26.86,100,0
FMNY.US,5,20251020,164500,26.8267,26.87,26.8267,26.87,1588,0
FMNY.US,5,20251020,165500,26.86,26.86,26.86,26.86,100,0
FMNY.US,5,20251020,170000,26.87,26.87,26.87,26.87,100,0
FMNY.US,5,20251020,170500,26.86,26.86,26.86,26.86,100,0
FMNY.US,5,20251020,171500,26.87,26.87,26.87,26.87,100,0
FMNY.US,5,20251020,172000,26.85,26.85,26.85,26.85,100,0
FMNY.US,5,20251020,173000,26.86,26.86,26.86,26.86,100,0
FMNY.US,5,20251020,173500,26.87,26.87,26.87,26.87,100,0
FMNY.US,5,20251020,174500,26.86,26.86,26.86,26.86,100,0
FMNY.US,5,20251020,175500,26.87,26.87,26.86,26.86,206,0
FMNY.US,5,20251020,210000,26.805,26.84,26.805,26.84,846,0
FMNY.US,5,20251021,154500,26.75,26.75,26.75,26.75,200,0
FMNY.US,5,20251022,184000,26.7584,26.7584,26.7584,26.7584,500,0
FMNY.US,5,20251022,192500,26.72,26.72,26.72,26.72,200,0
FMNY.US,5,20251023,153500,26.81,26.82,26.81,26.81,400,0
FMNY.US,5,20251023,154000,26.81,26.81,26.8,26.81,300,0
FMNY.US,5,20251023,154500,26.81,26.81,26.8,26.81,300,0
FMNY.US,5,20251023,155000,26.81,26.81,26.81,26.81,200,0
FMNY.US,5,20251023,155500,26.81,26.81,26.81,26.81,200,0
FMNY.US,5,20251023,160000,26.81,26.81,26.81,26.81,200,0
FMNY.US,5,20251023,160500,26.81,26.81,26.81,26.81,200,0
FMNY.US,5,20251023,161000,26.81,26.81,26.81,26.81,200,0
FMNY.US,5,20251023,161500,26.81,26.81,26.81,26.81,200,0
FMNY.US,5,20251023,162000,26.81,26.82,26.78,26.78,300,0
FMNY.US,5,20251023,162500,26.81,26.81,26.81,26.81,200,0
FMNY.US,5,20251023,163000,26.81,26.81,26.81,26.81,200,0
FMNY.US,5,20251023,163500,26.81,26.81,26.81,26.81,200,0
FMNY.US,5,20251023,164000,26.82,26.82,26.82,26.82,100,0
FMNY.US,5,20251023,164500,26.81,26.81,26.7635,26.81,300,0
FMNY.US,5,20251023,165000,26.81,26.81,26.81,26.81,100,0
FMNY.US,5,20251023,165500,26.81,26.81,26.81,26.81,200,0
FMNY.US,5,20251023,170500,26.81,26.81,26.81,26.81,200,0
FMNY.US,5,20251023,171000,26.81,26.81,26.81,26.81,100,0
FMNY.US,5,20251023,171500,26.81,26.81,26.81,26.81,200,0
FMNY.US,5,20251023,172000,26.81,26.81,26.81,26.81,100,0
FMNY.US,5,20251023,172500,26.81,26.81,26.81,26.81,200,0
FMNY.US,5,20251023,173000,26.81,26.81,26.81,26.81,100,0
FMNY.US,5,20251023,173500,26.81,26.81,26.81,26.81,100,0
FMNY.US,5,20251023,174000,26.81,26.81,26.8,26.8,200,0
FMNY.US,5,20251023,174500,26.81,26.81,26.8,26.8,200,0
FMNY.US,5,20251023,175000,26.8,26.8,26.8,26.8,100,0
FMNY.US,5,20251023,175500,26.79,26.8,26.79,26.8,219,0
FMNY.US,5,20251024,161000,26.85,26.85,26.85,26.85,101,0
FMNY.US,5,20251024,165500,26.85,26.85,26.85,26.85,106,0
FMNY.US,5,20251024,172500,26.85,26.85,26.85,26.85,149,0
FMNY.US,5,20251024,180500,26.8,26.86,26.8,26.81,9353,0
FMNY.US,5,20251024,190000,26.84,26.86,26.84,26.86,394,0
FMNY.US,5,20251024,190500,26.86,26.86,26.85,26.85,538,0
FMNY.US,5,20251024,191000,26.86,26.86,26.86,26.86,938,0
FMNY.US,5,20251024,191500,26.86,26.86,26.86,26.86,599,0
FMNY.US,5,20251024,192000,26.86,26.86,26.86,26.86,329,0
FMNY.US,5,20251024,192500,26.86,26.86,26.86,26.86,1003,0
FMNY.US,5,20251024,213500,26.835,26.835,26.81,26.811,770,0
FMNY.US,5,20251028,145000,26.8599,26.86,26.805,26.805,3582,0
FMNY.US,5,20251028,152000,26.86,26.86,26.86,26.86,100,0
FMNY.US,5,20251028,190500,26.8159,26.84,26.8159,26.84,1781,0
FMNY.US,5,20251028,205000,26.85,26.869,26.85,26.869,1800,0
FMNY.US,5,20251028,205500,26.87,26.87,26.87,26.87,110,0
FMNY.US,5,20251029,150500,26.84,26.84,26.84,26.84,100,0
FMNY.US,5,20251029,152000,26.8395,26.8395,26.8395,26.8395,1685,0
FMNY.US,5,20251029,164000,26.8,26.855,26.8,26.85,10100,0
FMNY.US,5,20251029,182500,26.86,26.86,26.86,26.86,100,0
FMNY.US,5,20251029,205500,26.86,26.87,26.84,26.84,4136,0
FMNY.US,5,20251030,163500,26.78,26.8,26.78,26.7999,4700,0
FMNY.US,5,20251030,170500,26.77,26.77,26.77,26.77,9329,0
FMNY.US,5,20251030,205500,26.83,26.83,26.83,26.83,103,0
FMNY.US,5,20251031,143000,26.76,26.76,26.76,26.76,1865,0
FMNY.US,5,20251031,150000,26.768,26.768,26.768,26.768,208,0
FMNY.US,5,20251031,162000,26.82,26.82,26.82,26.82,200,0
FMNY.US,5,20251031,162500,26.82,26.82,26.82,26.82,200,0
FMNY.US,5,20251031,163000,26.8,26.82,26.8,26.82,200,0
FMNY.US,5,20251031,163500,26.8,26.8,26.8,26.8,384,0
FMNY.US,5,20251031,164000,26.82,26.82,26.82,26.82,100,0
FMNY.US,5,20251031,164500,26.8,26.82,26.8,26.82,300,0
FMNY.US,5,20251031,165000,26.82,26.82,26.8,26.82,400,0
FMNY.US,5,20251031,192500,26.82,26.83,26.78,26.82,3730,0
FMNY.US,5,20251031,205500,26.81,26.81,26.81,26.81,300,0
FMNY.US,5,20251103,155500,26.81,26.81,26.81,26.81,100,0
FMNY.US,5,20251103,185500,26.809,26.809,26.809,26.809,100,0
FMNY.US,5,20251103,211000,26.79,26.79,26.79,26.79,200,0
FMNY.US,5,20251103,214500,26.79,26.81,26.79,26.79,3992,0
FMNY.US,5,20251104,215500,26.82,26.82,26.82,26.82,138,0
FMNY.US,5,20251105,162500,26.8089,26.8089,26.8089,26.8089,1255,0
FMNY.US,5,20251105,215000,26.77,26.77,26.77,26.77,100,0
FMNY.US,5,20251105,215500,26.8,26.8,26.8,26.8,137,0
FMNY.US,5,20251106,171500,26.809,26.809,26.805,26.805,559,0
FMNY.US,5,20251106,172500,26.81,26.81,26.81,26.81,100,0
FMNY.US,5,20251106,194500,26.8099,26.8099,26.7765,26.7765,1646,0
FMNY.US,5,20251107,160000,26.84,26.84,26.84,26.84,305,0
FMNY.US,5,20251107,164000,26.82,26.84,26.82,26.8366,7231,0
FMNY.US,5,20251107,164500,26.84,26.84,26.84,26.84,100,0
FMNY.US,5,20251107,175000,26.83,26.83,26.82,26.83,3950,0
FMNY.US,5,20251107,211000,26.785,26.785,26.785,26.785,100,0
FMNY.US,5,20251110,153000,26.85,26.85,26.84,26.84,438,0
FMNY.US,5,20251110,161000,26.83,26.83,26.83,26.83,100,0
FMNY.US,5,20251110,164000,26.81,26.81,26.81,26.81,100,0
FMNY.US,5,20251110,215500,26.79,26.79,26.79,26.79,2897,0
FMNY.US,5,20251112,154000,26.84,26.84,26.84,26.84,500,0
FMNY.US,5,20251112,172500,26.8,26.8,26.8,26.8,745,0
FMNY.US,5,20251112,173500,26.82,26.82,26.82,26.82,2980,0
FMNY.US,5,20251113,211500,26.84,26.84,26.81,26.81,8264,0
FMNY.US,5,20251114,215000,26.76,26.76,26.73,26.73,1645,0
FMNY.US,5,20251114,215500,26.73,26.75,26.65,26.67,14459,0
FMNY.US,5,20251117,164500,26.8,26.8,26.8,26.8,400,0
FMNY.US,5,20251117,213500,26.8184,26.8184,26.8184,26.8184,558,0
FMNY.US,5,20251118,172500,26.83,26.8699,26.83,26.8692,2309,0
FMNY.US,5,20251118,183000,26.83,26.83,26.83,26.83,100,0
FMNY.US,5,20251118,184000,26.86,26.87,26.86,26.86,1390,0
FMNY.US,5,20251118,192500,26.82,26.85,26.82,26.85,1234,0
FMNY.US,5,20251118,193000,26.8162,26.8162,26.8162,26.8162,149,0
FMNY.US,5,20251118,215500,26.98,26.98,26.98,26.98,200,0
FMNY.US,5,20251119,160000,26.88,26.88,26.88,26.88,1718,0
FMNY.US,5,20251119,185000,26.85,26.85,26.85,26.85,100,0
FMNY.US,5,20251119,190000,26.84,26.84,26.83,26.83,2559,0
FMNY.US,5,20251119,191500,26.82,26.82,26.82,26.82,3728,0
FMNY.US,5,20251119,192500,26.87,26.87,26.8375,26.85,9081,0
FMNY.US,5,20251119,193500,26.869,26.869,26.869,26.869,3721,0
FMNY.US,5,20251120,170000,26.77,26.7701,26.7601,26.7601,757,0
FMNY.US,5,20251121,155000,26.74,26.74,26.74,26.74,200,0
FMNY.US,5,20251121,170500,26.79,26.79,26.79,26.79,200,0
FMNY.US,5,20251121,171500,26.8,26.8,26.7999,26.7999,400,0
FMNY.US,5,20251124,153000,26.79,26.79,26.79,26.79,1371,0
FMNY.US,5,20251124,164000,26.72,26.79,26.6901,26.79,5116,0
FMNY.US,5,20251124,172000,26.69,26.69,26.69,26.69,100,0
FMNY.US,5,20251125,153500,26.79,26.79,26.79,26.79,1502,0
FMNY.US,5,20251125,154000,26.79,26.79,26.79,26.79,300,0
FMNY.US,5,20251125,162000,26.7001,26.75,26.7001,26.75,2186,0
FMNY.US,5,20251126,175000,26.78,26.78,26.78,26.78,100,0
FMNY.US,5,20251126,182500,26.7844,26.7844,26.7844,26.7844,1864,0
FMNY.US,5,20251128,162000,26.81,26.82,26.8,26.819,10779,0
FMNY.US,5,20251128,180500,26.7752,26.79,26.7752,26.79,1976,0
FMNY.US,5,20251201,153500,26.75,26.75,26.75,26.75,7344,0
FMNY.US,5,20251201,163000,26.7,26.7,26.7,26.7,100,0
FMNY.US,5,20251201,165000,26.7472,26.7472,26.7472,26.7472,914,0
FMNY.US,5,20251201,173000,26.7,26.7,26.7,26.7,150,0
FMNY.US,5,20251201,211500,26.71,26.71,26.51,26.67,22953,0
FMNY.US,5,20251202,171000,26.66,26.66,26.66,26.66,100,0
FMNY.US,5,20251202,172000,26.7281,26.7281,26.7281,26.7281,500,0
FMNY.US,5,20251202,175000,26.723,26.723,26.723,26.723,1867,0
FMNY.US,5,20251202,184500,26.66,26.66,26.66,26.66,100,0
FMNY.US,5,20251203,153000,26.73,26.74,26.73,26.74,200,0
FMNY.US,5,20251203,153500,26.74,26.74,26.74,26.74,100,0
FMNY.US,5,20251203,163500,26.65,26.65,26.65,26.65,100,0
FMNY.US,5,20251203,174500,26.651,26.6838,26.651,26.6838,1000,0
FMNY.US,5,20251203,191500,26.65,26.65,26.65,26.65,100,0
FMNY.US,5,20251204,161000,26.715,26.715,26.715,26.715,100,0
FMNY.US,5,20251204,162500,26.72,26.73,26.72,26.73,300,0
FMNY.US,5,20251204,164500,26.72,26.73,26.71,26.73,600,0
FMNY.US,5,20251205,153500,26.72,26.735,26.72,26.735,1121,0
FMNY.US,5,20251205,155000,26.74,26.74,26.74,26.74,584,0
FMNY.US,5,20251205,170000,26.72,26.72,26.72,26.72,100,0
FMNY.US,5,20251205,171000,26.72,26.72,26.72,26.72,100,0
FMNY.US,5,20251205,172000,26.72,26.72,26.72,26.72,100,0
FMNY.US,5,20251205,173000,26.72,26.72,26.72,26.72,100,0
FMNY.US,5,20251205,174500,26.72,26.72,26.72,26.72,100,0
FMNY.US,5,20251205,175500,26.72,26.72,26.72,26.72,100,0
FMNY.US,5,20251208,155000,26.71,26.72,26.71,26.72,1000,0
FMNY.US,5,20251208,160500,26.68,26.68,26.68,26.68,100,0
FMNY.US,5,20251208,183500,26.68,26.68,26.68,26.68,100,0
FMNY.US,5,20251208,192000,26.68,26.7,26.68,26.68,18700,0
FMNY.US,5,20251208,201000,26.61,26.61,26.61,26.61,100,0
FMNY.US,5,20251209,154000,26.72,26.72,26.6595,26.6595,1574,0
FMNY.US,5,20251209,164000,26.61,26.61,26.61,26.61,100,0
FMNY.US,5,20251209,212000,26.68,26.6801,26.68,26.68,1429,0
FMNY.US,5,20251210,193500,26.66,26.675,26.66,26.675,1585,0
FMNY.US,5,20251210,204000,26.63,26.63,26.63,26.63,100,0
FMNY.US,5,20251211,164000,26.72,26.74,26.72,26.74,1639,0
FMNY.US,5,20251211,164500,26.64,26.64,26.64,26.64,100,0
FMNY.US,5,20251211,165000,26.641,26.6648,26.64,26.64,850,0
FMNY.US,5,20251211,165500,26.64,26.64,26.64,26.64,100,0
FMNY.US,5,20251211,194500,26.6419,26.6419,26.6419,26.6419,4840,0
FMNY.US,5,20251211,215500,26.74,26.74,26.74,26.74,374,0
FMNY.US,5,20251212,163500,26.6,26.6,26.6,26.6,187,0
FMNY.US,5,20251212,191000,26.59,26.59,26.59,26.59,180,0
FMNY.US,5,20251212,194000,26.55,26.55,26.55,26.55,100,0
FMNY.US,5,20251215,175500,26.6,26.63,26.56,26.59,2533,0
FMNY.US,5,20251215,205500,26.59,26.59,26.59,26.59,1397,0
FMNY.US,5,20251216,154500,26.65,26.66,26.65,26.66,200,0
FMNY.US,5,20251216,155000,26.57,26.57,26.57,26.57,100,0
FMNY.US,5,20251216,171500,26.61,26.61,26.61,26.61,550,0
FMNY.US,5,20251216,172500,26.5701,26.58,26.57,26.57,15537,0
FMNY.US,5,20251216,173500,26.58,26.58,26.55,26.555,18069,0
FMNY.US,5,20251216,175000,26.56,26.59,26.56,26.59,2100,0
FMNY.US,5,20251216,175500,26.57,26.57,26.57,26.57,1201,0
FMNY.US,5,20251216,180000,26.625,26.625,26.625,26.625,699,0
FMNY.US,5,20251216,185000,26.57,26.57,26.57,26.57,100,0
FMNY.US,5,20251216,213000,26.68,26.68,26.68,26.68,600,0
FMNY.US,5,20251217,153500,26.67,26.67,26.67,26.67,100,0
FMNY.US,5,20251217,163000,26.58,26.58,26.58,26.58,100,0
FMNY.US,5,20251217,183500,26.63,26.63,26.63,26.63,1868,0
FMNY.US,5,20251218,155500,26.7,26.71,26.7,26.71,984,0
FMNY.US,5,20251218,164000,26.61,26.61,26.61,26.61,100,0
FMNY.US,5,20251218,172000,26.61,26.61,26.61,26.61,100,0
FMNY.US,5,20251218,181500,26.6,26.6,26.6,26.6,100,0
FMNY.US,5,20251218,203500,26.6,26.6,26.6,26.6,100,0
FMNY.US,5,20251219,162000,26.59,26.59,26.59,26.59,100,0
FMNY.US,5,20251219,205500,26.68,26.68,26.68,26.68,300,0
FMNY.US,5,20251219,214000,26.6421,26.6421,26.6421,26.6421,300,0
FMNY.US,5,20251222,153000,26.71,26.71,26.655,26.655,2181,0
FMNY.US,5,20251222,163500,26.6,26.6,26.6,26.6,100,0
FMNY.US,5,20251222,195500,26.655,26.655,26.655,26.655,900,0
FMNY.US,5,20251222,212000,26.653,26.653,26.653,26.653,146,0
FMNY.US,5,20251223,153000,26.69,26.69,26.675,26.675,1200,0
FMNY.US,5,20251223,192500,26.67,26.67,26.67,26.67,100,0
FMNY.US,5,20251223,212000,26.72,26.72,26.72,26.72,200,0
FMNY.US,5,20251223,213500,26.72,26.72,26.71,26.72,1300,0
FMNY.US,5,20251223,215000,26.72,26.72,26.72,26.72,500,0
FMNY.US,5,20251223,215500,26.725,26.73,26.725,26.73,773,0
FMNY.US,5,20251224,180500,26.71,26.71,26.71,26.71,500,0
FMNY.US,5,20251224,181000,26.71,26.71,26.69,26.6999,800,0
FMNY.US,5,20251224,184500,26.69,26.6995,26.69,26.6995,200,0
FMNY.US,5,20251226,160000,26.674,26.674,26.674,26.674,1000,0
FMNY.US,5,20251229,153500,26.65,26.65,26.65,26.65,200,0
FMNY.US,5,20251229,172000,26.7196,26.7196,26.7196,26.7196,687,0
FMNY.US,5,20251229,174500,26.74,26.74,26.685,26.685,300,0
FMNY.US,5,20251229,175000,26.74,26.74,26.7399,26.7399,566,0
FMNY.US,5,20251229,180000,26.695,26.7,26.695,26.7,3055,0
FMNY.US,5,20251229,205000,26.65,26.65,26.64,26.64,200,0
FMNY.US,5,20251230,154500,26.72,26.72,26.72,26.72,100,0
FMNY.US,5,20251230,160000,26.685,26.685,26.685,26.685,100,0
FMNY.US,5,20251230,161000,26.685,26.685,26.685,26.685,100,0
FMNY.US,5,20251230,205500,26.7,26.7,26.7,26.7,1800,0
FMNY.US,5,20251230,214500,26.7,26.7,26.7,26.7,374,0
FMNY.US,5,20251231,153000,26.72,26.72,26.64,26.65,1873,0
FMNY.US,5,20251231,192500,26.685,26.685,26.685,26.685,500,0
FMNY.US,5,20260102,185500,26.7199,26.72,26.7199,26.7199,1000,0
FMNY.US,5,20260102,194000,26.71,26.71,26.71,26.71,374,0
FMNY.US,5,20260102,212500,26.6928,26.6928,26.6928,26.6928,284,0
FMNY.US,5,20260105,153000,26.72,26.72,26.72,26.72,2260,0
FMNY.US,5,20260105,153500,26.75,26.75,26.75,26.75,100,0
FMNY.US,5,20260105,154000,26.75,26.75,26.75,26.75,300,0
FMNY.US,5,20260105,154500,26.75,26.75,26.75,26.75,200,0
FMNY.US,5,20260105,155000,26.75,26.75,26.75,26.75,300,0
FMNY.US,5,20260105,155500,26.75,26.75,26.75,26.75,300,0
FMNY.US,5,20260105,160000,26.75,26.75,26.75,26.75,400,0
FMNY.US,5,20260105,160500,26.75,26.75,26.75,26.75,300,0
FMNY.US,5,20260105,161000,26.75,26.75,26.75,26.75,487,0
FMNY.US,5,20260105,163000,26.735,26.735,26.735,26.735,1121,0
FMNY.US,5,20260105,173500,26.735,26.7351,26.7201,26.7201,633,0
FMNY.US,5,20260105,204000,26.75,26.75,26.75,26.75,1522,0
FMNY.US,5,20260105,215500,26.75,26.75,26.75,26.75,3183,0
FMNY.US,5,20260106,153500,26.75,26.75,26.71,26.71,649,0
FMNY.US,5,20260106,175000,26.71,26.72,26.7,26.7,9100,0
FMNY.US,5,20260106,180500,26.7,26.72,26.7,26.72,877,0
FMNY.US,5,20260106,181500,26.7,26.7,26.69,26.7,600,0
FMNY.US,5,20260106,182500,26.72,26.72,26.72,26.72,374,0
FMNY.US,5,20260107,153000,26.75,26.75,26.75,26.75,7689,0
FMNY.US,5,20260107,153500,26.77,26.77,26.77,26.77,587,0
FMNY.US,5,20260107,154500,26.78,26.78,26.78,26.78,100,0
FMNY.US,5,20260107,155000,26.78,26.78,26.78,26.78,143,0
FMNY.US,5,20260107,160500,26.78,26.78,26.78,26.78,1875,0
FMNY.US,5,20260107,190500,26.78,26.78,26.78,26.78,13207,0
FMNY.US,5,20260107,215500,26.89,26.89,26.89,26.89,100,0
FMNY.US,5,20260108,154000,26.87,26.87,26.87,26.87,100,0
FMNY.US,5,20260108,154500,26.88,26.88,26.88,26.88,100,0
FMNY.US,5,20260108,155000,26.89,26.89,26.89,26.89,100,0
FMNY.US,5,20260108,155500,26.89,26.89,26.89,26.89,100,0
FMNY.US,5,20260108,210500,26.8,26.8,26.8,26.8,101,0
FMNY.US,5,20260108,215500,26.88,26.88,26.88,26.88,100,0
FMNY.US,5,20260109,154000,26.89,26.89,26.849,26.849,800,0
FMNY.US,5,20260109,213500,26.855,26.855,26.855,26.855,178,0
FMNY.US,5,20260109,215500,26.885,26.885,26.885,26.885,648,0
FMNY.US,5,20260112,172500,26.865,26.865,26.865,26.865,1114,0
FMNY.US,5,20260112,174500,26.8606,26.8606,26.8606,26.8606,225,0
FMNY.US,5,20260112,214000,26.89,26.9,26.89,26.9,888,0
FMNY.US,5,20260113,153500,26.88,26.88,26.88,26.88,1740,0
FMNY.US,5,20260113,172500,26.9299,26.9299,26.91,26.92,2425,0
FMNY.US,5,20260113,173500,26.83,26.875,26.83,26.83,400,0
FMNY.US,5,20260113,181500,26.875,26.875,26.875,26.875,390,0
FMNY.US,5,20260113,204000,26.86,26.86,26.86,26.86,803,0
FMNY.US,5,20260113,204500,26.85,26.85,26.85,26.85,1661,0
FMNY.US,5,20260113,215500,26.88,26.89,26.85,26.85,2411,0
FMNY.US,5,20260114,160000,26.91,26.91,26.91,26.91,100,0
FMNY.US,5,20260114,162500,26.8706,26.8706,26.8706,26.8706,393,0
FMNY.US,5,20260114,163000,26.91,26.91,26.91,26.91,100,0
FMNY.US,5,20260114,171000,26.93,26.93,26.93,26.93,100,0
FMNY.US,5,20260114,175500,26.93,26.93,26.93,26.93,100,0
FMNY.US,5,20260114,184000,26.92,26.92,26.92,26.92,100,0
FMNY.US,5,20260114,191500,26.876,26.885,26.876,26.885,740,0
FMNY.US,5,20260114,201500,26.92,26.92,26.92,26.92,100,0
FMNY.US,5,20260114,212000,26.93,26.93,26.93,26.93,100,0
FMNY.US,5,20260114,215500,26.885,26.93,26.885,26.93,1100,0
FMNY.US,5,20260115,155500,26.906,26.922,26.906,26.922,1800,0
FMNY.US,5,20260115,161000,26.89,26.89,26.89,26.89,10000,0
FMNY.US,5,20260115,161500,26.89,26.89,26.89,26.89,200,0
FMNY.US,5,20260115,162500,26.89,26.89,26.89,26.89,997,0
FMNY.US,5,20260115,181000,26.88,26.88,26.88,26.88,100,0
FMNY.US,5,20260115,190000,26.92,26.93,26.83,26.83,612,0
FMNY.US,5,20260115,211500,26.8401,26.8401,26.84,26.84,200,0
FMNY.US,5,20260115,215500,26.83,26.83,26.83,26.83,100,0
FMNY.US,5,20260116,162000,26.876,26.876,26.876,26.876,186,0
FMNY.US,5,20260116,163000,26.88,26.88,26.88,26.88,400,0
FMNY.US,5,20260116,165000,26.9083,26.9102,26.88,26.9102,4000,0
FMNY.US,5,20260116,174500,26.88,26.93,26.88,26.93,11105,0
FMNY.US,5,20260116,183500,26.9399,26.9399,26.9399,26.9399,200,0
FMNY.US,5,20260116,202500,26.905,26.905,26.89,26.89,300,0
FMNY.US,5,20260120,153000,26.865,26.865,26.865,26.865,100,0
FMNY.US,5,20260120,153500,26.8468,26.8468,26.84,26.84,471,0
FMNY.US,5,20260120,154500,26.85,26.85,26.85,26.85,100,0
FMNY.US,5,20260120,155000,26.86,26.86,26.86,26.86,100,0
FMNY.US,5,20260120,160000,26.86,26.86,26.86,26.86,100,0
FMNY.US,5,20260120,161000,26.86,26.87,26.86,26.87,400,0
FMNY.US,5,20260120,161500,26.87,26.87,26.87,26.87,900,0
FMNY.US,5,20260120,162500,26.87,26.87,26.87,26.87,185,0
FMNY.US,5,20260120,163000,26.88,26.88,26.87,26.87,200,0
FMNY.US,5,20260120,163500,26.87,26.87,26.86,26.86,1486,0
FMNY.US,5,20260120,171000,26.86,26.87,26.86,26.87,1000,0
FMNY.US,5,20260120,172000,26.88,26.88,26.88,26.88,100,0
FMNY.US,5,20260120,172500,26.86,26.86,26.86,26.86,100,0
FMNY.US,5,20260120,210500,26.81,26.81,26.81,26.81,1604,0
FMNY.US,5,20260120,215000,26.81,26.81,26.81,26.81,932,0
FMNY.US,5,20260121,155500,26.69,26.69,26.69,26.69,265,0
FMNY.US,5,20260121,160500,26.74,26.74,26.74,26.74,100,0
FMNY.US,5,20260121,174000,26.72,26.72,26.72,26.72,1000,0
FMNY.US,5,20260121,180000,26.705,26.705,26.705,26.705,100,0
FMNY.US,5,20260121,185500,26.69,26.69,26.69,26.69,100,0
FMNY.US,5,20260121,202500,26.74,26.74,26.74,26.74,100,0
FMNY.US,5,20260121,204000,26.71,26.71,26.71,26.71,100,0
FMNY.US,5,20260121,205000,26.71,26.71,26.71,26.71,100,0
FMNY.US,5,20260122,153000,26.715,26.715,26.715,26.715,151,0
FMNY.US,5,20260122,153500,26.75,26.759,26.75,26.75,475,0
FMNY.US,5,20260122,155500,26.706,26.706,26.706,26.706,400,0
FMNY.US,5,20260122,183500,26.7,26.7,26.7,26.7,100,0
FMNY.US,5,20260122,215500,26.685,26.685,26.685,26.685,300,0
FMNY.US,5,20260123,214000,26.7,26.701,26.7,26.7001,1650,0
