<TICKER>,<PER>,<DATE>,<TIME>,<OPEN>,<HIGH>,<LOW>,<CLOSE>,<VOL>,<OPENINT>
HAIL.US,5,20250829,190000,33.2507,33.2507,33.2507,33.2507,200,0
HAIL.US,5,20250902,155000,32.79,32.79,32.79,32.79,100,0
HAIL.US,5,20250902,181500,32.541,32.5799,32.541,32.5799,408,0
HAIL.US,5,20250902,210500,32.87,32.87,32.87,32.87,508,0
HAIL.US,5,20250903,153500,33.05,33.05,33.05,33.05,166,0
HAIL.US,5,20250903,161000,32.9395,32.9395,32.9395,32.9395,217,0
HAIL.US,5,20250903,213500,32.641,32.658,32.641,32.658,566,0
HAIL.US,5,20250903,215000,32.7318,32.7318,32.7318,32.7318,130,0
HAIL.US,5,20250904,164500,32.59,32.59,32.59,32.59,100,0
HAIL.US,5,20250904,165000,32.54,32.55,32.54,32.55,200,0
HAIL.US,5,20250904,173500,32.5825,32.5825,32.5825,32.5825,800,0
HAIL.US,5,20250904,174500,32.56,32.56,32.56,32.56,100,0
HAIL.US,5,20250904,182500,32.6349,32.6349,32.6349,32.6349,300,0
HAIL.US,5,20250904,190500,32.661,32.6999,32.661,32.6999,324,0
HAIL.US,5,20250904,195500,32.64,32.64,32.64,32.64,100,0
HAIL.US,5,20250904,201000,32.68,32.68,32.68,32.68,400,0
HAIL.US,5,20250904,204000,32.76,32.76,32.76,32.76,100,0
HAIL.US,5,20250904,205500,32.73,32.73,32.73,32.73,100,0
HAIL.US,5,20250904,211000,32.78,32.78,32.78,32.78,108,0
HAIL.US,5,20250905,153000,33.3,33.3,33.27,33.27,250,0
HAIL.US,5,20250905,155500,33.37,33.37,33.37,33.37,100,0
HAIL.US,5,20250905,160500,33.29,33.3225,33.29,33.3225,300,0
HAIL.US,5,20250905,181500,33.15,33.15,33.15,33.15,100,0
HAIL.US,5,20250905,200500,33.14,33.14,33.14,33.14,270,0
HAIL.US,5,20250908,153000,33.51,33.51,33.46,33.46,600,0
HAIL.US,5,20250908,153500,33.4302,33.4302,33.4302,33.4302,3068,0
HAIL.US,5,20250908,154500,33.37,33.37,33.37,33.37,882,0
HAIL.US,5,20250908,173000,33.47,33.47,33.47,33.47,101,0
HAIL.US,5,20250908,180500,33.41,33.41,33.41,33.41,100,0
HAIL.US,5,20250908,202500,33.5,33.5,33.49,33.49,225,0
HAIL.US,5,20250908,214500,33.52,33.52,33.52,33.52,176,0
HAIL.US,5,20250908,215500,33.51,33.51,33.51,33.51,270,0
HAIL.US,5,20250909,162000,33.48,33.48,33.48,33.48,100,0
HAIL.US,5,20250909,170000,33.37,33.37,33.37,33.37,400,0
HAIL.US,5,20250909,184000,33.38,33.38,33.38,33.38,200,0
HAIL.US,5,20250909,203500,33.44,33.44,33.44,33.44,100,0
HAIL.US,5,20250909,210500,33.5,33.5,33.5,33.5,400,0
HAIL.US,5,20250909,215500,33.57,33.64,33.57,33.64,210,0
HAIL.US,5,20250910,164500,33.55,33.55,33.55,33.55,100,0
HAIL.US,5,20250910,165500,33.49,33.49,33.49,33.49,309,0
HAIL.US,5,20250910,193000,33.325,33.325,33.325,33.325,300,0
HAIL.US,5,20250910,195000,33.33,33.33,33.33,33.33,100,0
HAIL.US,5,20250910,210500,33.3,33.3,33.3,33.3,100,0
HAIL.US,5,20250910,215500,33.271,33.271,33.27,33.27,842,0
HAIL.US,5,20250911,182500,34.15,34.15,34.15,34.15,213,0
HAIL.US,5,20250911,194000,34.15,34.15,34.15,34.15,848,0
HAIL.US,5,20250911,200500,34.1019,34.1019,34.1019,34.1019,655,0
HAIL.US,5,20250911,205500,33.98,33.98,33.98,33.98,100,0
HAIL.US,5,20250911,214500,34.03,34.03,34.03,34.03,100,0
HAIL.US,5,20250912,190000,33.75,33.75,33.75,33.75,132,0
HAIL.US,5,20250912,191000,33.75,33.75,33.75,33.75,100,0
HAIL.US,5,20250912,195500,33.84,33.84,33.84,33.84,128,0
HAIL.US,5,20250912,203500,33.973,33.973,33.973,33.973,261,0
HAIL.US,5,20250912,211500,33.88,33.88,33.88,33.88,100,0
HAIL.US,5,20250915,153500,34.1563,34.1563,34.1563,34.1563,189,0
HAIL.US,5,20250915,155000,34.24,34.24,34.24,34.24,164,0
HAIL.US,5,20250915,165000,34.3119,34.3119,34.3119,34.3119,300,0
HAIL.US,5,20250915,184000,34.275,34.275,34.275,34.275,100,0
HAIL.US,5,20250915,192500,34.23,34.23,34.23,34.23,263,0
HAIL.US,5,20250916,155000,34.29,34.29,34.29,34.29,195,0
HAIL.US,5,20250916,160500,34.306,34.306,34.306,34.306,100,0
HAIL.US,5,20250916,161000,34.286,34.295,34.2604,34.295,723,0
HAIL.US,5,20250916,162500,34.3,34.3,34.3,34.3,117,0
HAIL.US,5,20250916,190000,34.44,34.44,34.44,34.44,100,0
HAIL.US,5,20250916,192500,34.4842,34.4842,34.4842,34.4842,256,0
HAIL.US,5,20250916,202500,34.63,34.63,34.63,34.63,870,0
HAIL.US,5,20250916,203500,34.63,34.63,34.63,34.63,262,0
HAIL.US,5,20250916,215000,34.7,34.7,34.7,34.7,142,0
HAIL.US,5,20250917,153500,34.75,34.76,34.75,34.755,400,0
HAIL.US,5,20250917,154500,34.77,34.77,34.77,34.77,154,0
HAIL.US,5,20250917,174000,35.13,35.13,35.13,35.13,111,0
HAIL.US,5,20250917,184500,35.0485,35.0485,35.0485,35.0485,430,0
HAIL.US,5,20250917,191000,35.011,35.0449,35.011,35.0449,212,0
HAIL.US,5,20250917,192000,35.043,35.043,35.043,35.043,105,0
HAIL.US,5,20250917,193500,35.0918,35.0918,35.0918,35.0918,105,0
HAIL.US,5,20250917,200500,35.5136,35.5136,35.5136,35.5136,135,0
HAIL.US,5,20250917,204000,34.8,34.8,34.8,34.8,100,0
HAIL.US,5,20250917,205500,34.65,34.65,34.65,34.65,200,0
HAIL.US,5,20250917,213000,35.06,35.06,35.06,35.06,208,0
HAIL.US,5,20250917,215000,35.12,35.12,35.12,35.12,100,0
HAIL.US,5,20250917,215500,35.17,35.17,35.17,35.17,201,0
HAIL.US,5,20250918,153000,35.38,35.38,35.38,35.38,214,0
HAIL.US,5,20250918,155500,35.396,35.396,35.396,35.396,285,0
HAIL.US,5,20250918,160500,35.51,35.51,35.51,35.51,100,0
HAIL.US,5,20250918,180000,35.64,35.64,35.64,35.64,193,0
HAIL.US,5,20250918,182500,35.65,35.65,35.65,35.65,205,0
HAIL.US,5,20250918,205500,35.71,35.71,35.71,35.71,100,0
HAIL.US,5,20250918,212500,35.723,35.723,35.723,35.723,238,0
HAIL.US,5,20250918,215000,35.7207,35.7207,35.7207,35.7207,219,0
HAIL.US,5,20250918,215500,35.7,35.77,35.7,35.77,655,0
HAIL.US,5,20250919,162000,35.7985,35.7985,35.7985,35.7985,561,0
HAIL.US,5,20250919,163000,35.77,35.77,35.77,35.77,100,0
HAIL.US,5,20250919,172500,35.69,35.7299,35.661,35.6892,400,0
HAIL.US,5,20250919,174000,35.67,35.6701,35.67,35.67,600,0
HAIL.US,5,20250919,181500,35.79,35.79,35.79,35.79,100,0
HAIL.US,5,20250919,182500,35.8,35.8,35.8,35.8,100,0
HAIL.US,5,20250919,185000,35.79,35.79,35.79,35.79,100,0
HAIL.US,5,20250919,194500,35.85,35.85,35.85,35.85,100,0
HAIL.US,5,20250919,205500,35.78,35.78,35.78,35.78,200,0
HAIL.US,5,20250919,211500,35.9,35.9,35.9,35.9,100,0
HAIL.US,5,20250919,213000,35.87,35.87,35.87,35.87,100,0
HAIL.US,5,20250919,215500,35.878,35.878,35.878,35.878,200,0
HAIL.US,5,20250922,154500,35.67,35.67,35.67,35.67,100,0
HAIL.US,5,20250922,160000,35.87,35.87,35.87,35.87,100,0
HAIL.US,5,20250922,161000,35.8885,35.9333,35.8885,35.9333,262,0
HAIL.US,5,20250922,172000,35.97,35.97,35.97,35.97,100,0
HAIL.US,5,20250922,185500,36.03,36.03,36.03,36.03,200,0
HAIL.US,5,20250922,205500,36.2335,36.2335,36.23,36.23,201,0
HAIL.US,5,20250922,210500,36.25,36.25,36.25,36.25,200,0
HAIL.US,5,20250922,215000,36.2823,36.2823,36.2823,36.2823,596,0
HAIL.US,5,20250922,215500,36.22,36.22,36.22,36.22,700,0
HAIL.US,5,20250923,154500,36.6889,36.6889,36.6889,36.6889,110,0
HAIL.US,5,20250923,155000,36.72,36.72,36.72,36.72,350,0
HAIL.US,5,20250923,160500,36.71,36.71,36.71,36.71,100,0
HAIL.US,5,20250923,161000,36.75,36.75,36.75,36.75,156,0
HAIL.US,5,20250923,172500,36.62,36.62,36.62,36.62,204,0
HAIL.US,5,20250923,182000,36.555,36.555,36.555,36.555,140,0
HAIL.US,5,20250923,184500,36.58,36.58,36.58,36.58,100,0
HAIL.US,5,20250923,201000,36.0223,36.0223,36.0223,36.0223,164,0
HAIL.US,5,20250923,202500,35.98,35.98,35.98,35.98,100,0
HAIL.US,5,20250923,213000,36.06,36.06,36.06,36.06,135,0
HAIL.US,5,20250923,214500,36.05,36.05,36.05,36.05,596,0
HAIL.US,5,20250924,163500,36.15,36.15,36.15,36.15,175,0
HAIL.US,5,20250924,171000,36.15,36.2099,36.15,36.2099,200,0
HAIL.US,5,20250924,193000,36,36,36,36,168,0
HAIL.US,5,20250924,215500,35.79,35.79,35.79,35.79,1000,0
HAIL.US,5,20250925,153500,35.1103,35.1103,35.1103,35.1103,145,0
HAIL.US,5,20250925,155500,35.28,35.28,35.28,35.28,100,0
HAIL.US,5,20250925,160500,35.51,35.51,35.51,35.51,100,0
HAIL.US,5,20250925,164000,35.651,35.6755,35.651,35.6755,200,0
HAIL.US,5,20250925,171500,35.62,35.62,35.62,35.62,100,0
HAIL.US,5,20250925,183000,35.6351,35.6351,35.6351,35.6351,100,0
HAIL.US,5,20250925,184500,35.5918,35.5918,35.5918,35.5918,289,0
HAIL.US,5,20250925,195500,35.37,35.37,35.37,35.37,167,0
HAIL.US,5,20250925,214500,35.53,35.53,35.53,35.53,778,0
HAIL.US,5,20250926,214000,35.59,35.61,35.59,35.61,400,0
HAIL.US,5,20250926,214500,35.57,35.57,35.57,35.57,300,0
HAIL.US,5,20250929,181500,35.53,35.53,35.53,35.53,150,0
HAIL.US,5,20250929,194500,35.5787,35.5787,35.5787,35.5787,100,0
HAIL.US,5,20250930,161500,35.44,35.44,35.43,35.44,382,0
HAIL.US,5,20250930,211000,35.38,35.38,35.38,35.38,300,0
HAIL.US,5,20250930,211500,35.36,35.36,35.36,35.36,600,0
HAIL.US,5,20251001,154000,35.72,35.73,35.61,35.73,600,0
HAIL.US,5,20251001,155000,35.6394,35.6394,35.6394,35.6394,663,0
HAIL.US,5,20251001,172000,35.74,35.76,35.74,35.74,1512,0
HAIL.US,5,20251001,174000,35.83,35.83,35.83,35.83,200,0
HAIL.US,5,20251001,213000,36,36,36,36,140,0
HAIL.US,5,20251001,214500,36.08,36.08,36.08,36.08,100,0
HAIL.US,5,20251001,215500,36.01,36.01,36.01,36.01,270,0
HAIL.US,5,20251002,153000,36.4975,36.4975,36.494,36.494,1094,0
HAIL.US,5,20251002,154500,36.4024,36.4024,36.4024,36.4024,136,0
HAIL.US,5,20251002,155000,36.43,36.43,36.43,36.43,600,0
HAIL.US,5,20251002,160000,36.43,36.43,36.43,36.43,241,0
HAIL.US,5,20251002,160500,36.32,36.32,36.32,36.32,117,0
HAIL.US,5,20251002,161000,36.43,36.43,36.43,36.43,100,0
HAIL.US,5,20251002,161500,36.2309,36.2309,36.2309,36.2309,120,0
HAIL.US,5,20251002,182000,36.3218,36.3218,36.3218,36.3218,200,0
HAIL.US,5,20251002,185500,36.31,36.31,36.31,36.31,100,0
HAIL.US,5,20251002,203000,36.4335,36.4335,36.4335,36.4335,126,0
HAIL.US,5,20251002,215500,36.47,36.54,36.47,36.54,405,0
HAIL.US,5,20251003,154000,36.96,36.9911,36.96,36.9911,200,0
HAIL.US,5,20251003,155000,37,37,37,37,247,0
HAIL.US,5,20251003,161000,36.962,36.962,36.962,36.962,176,0
HAIL.US,5,20251003,161500,37.0324,37.0324,37.0324,37.0324,100,0
HAIL.US,5,20251003,170000,37.05,37.05,37.05,37.05,100,0
HAIL.US,5,20251003,171500,37.0244,37.0244,37.0244,37.0244,450,0
HAIL.US,5,20251003,173500,36.99,36.99,36.99,36.99,100,0
HAIL.US,5,20251003,181000,37.07,37.07,37.07,37.07,217,0
HAIL.US,5,20251003,214000,36.8165,36.8165,36.8165,36.8165,100,0
HAIL.US,5,20251003,215500,36.86,36.86,36.86,36.86,221,0
HAIL.US,5,20251006,154000,37.3283,37.3283,37.3283,37.3283,200,0
HAIL.US,5,20251006,160000,37.2197,37.2197,37.2197,37.2197,1244,0
HAIL.US,5,20251006,161500,37.1653,37.1653,37.1653,37.1653,286,0
HAIL.US,5,20251006,162000,37.161,37.161,37.161,37.161,182,0
HAIL.US,5,20251006,172500,37.5,37.5,37.5,37.5,284,0
HAIL.US,5,20251006,174000,37.52,37.52,37.52,37.52,100,0
HAIL.US,5,20251006,174500,37.6,37.6,37.6,37.6,278,0
HAIL.US,5,20251006,183500,37.6,37.6,37.6,37.6,100,0
HAIL.US,5,20251006,185500,37.63,37.63,37.6201,37.6201,372,0
HAIL.US,5,20251006,190500,37.6,37.6,37.6,37.6,100,0
HAIL.US,5,20251006,192000,37.68,37.68,37.68,37.68,170,0
HAIL.US,5,20251006,215500,37.44,37.44,37.44,37.44,600,0
HAIL.US,5,20251007,161000,37.26,37.26,37.26,37.26,100,0
HAIL.US,5,20251007,192500,36.681,36.7099,36.68,36.6801,630,0
HAIL.US,5,20251007,215500,36.651,36.651,36.651,36.651,100,0
HAIL.US,5,20251008,161000,36.87,36.87,36.87,36.87,125,0
HAIL.US,5,20251008,181500,37.0681,37.0681,37.063,37.063,504,0
HAIL.US,5,20251008,184500,37.07,37.07,37.07,37.07,100,0
HAIL.US,5,20251008,195000,37.06,37.06,37.06,37.06,100,0
HAIL.US,5,20251008,200500,37.02,37.02,37.02,37.02,100,0
HAIL.US,5,20251008,203000,36.92,36.92,36.92,36.92,100,0
HAIL.US,5,20251008,204500,36.92,36.92,36.92,36.92,100,0
HAIL.US,5,20251008,215500,37.05,37.05,37.05,37.05,191,0
HAIL.US,5,20251009,165500,36.65,36.655,36.65,36.655,1172,0
HAIL.US,5,20251009,170000,36.650983,36.650983,36.650983,36.650983,100,0
HAIL.US,5,20251009,171500,36.69,36.69,36.69,36.69,100,0
HAIL.US,5,20251009,180500,36.7134,36.7134,36.7134,36.7134,136,0
HAIL.US,5,20251009,190500,36.4,36.407,36.4,36.407,377,0
HAIL.US,5,20251009,200000,36.36,36.36,36.36,36.36,100,0
HAIL.US,5,20251009,215500,36.45,36.45,36.45,36.45,290,0
HAIL.US,5,20251010,160000,36.6222,36.6222,36.6222,36.6222,100,0
HAIL.US,5,20251010,160500,36.63,36.63,36.63,36.63,100,0
HAIL.US,5,20251010,164500,36.662,36.662,36.662,36.662,161,0
HAIL.US,5,20251010,174000,35.15,35.4316,35.15,35.4316,350,0
HAIL.US,5,20251010,204000,34.8988,34.8988,34.8988,34.8988,100,0
HAIL.US,5,20251010,205000,34.81,34.81,34.81,34.81,145,0
HAIL.US,5,20251010,215000,34.682,34.682,34.682,34.682,140,0
HAIL.US,5,20251010,215500,34.56,34.56,34.56,34.56,202,0
HAIL.US,5,20251013,154500,35.765,35.765,35.765,35.765,200,0
HAIL.US,5,20251013,162500,35.611,35.611,35.611,35.611,119,0
HAIL.US,5,20251013,184000,35.9905,35.9905,35.9905,35.9905,164,0
HAIL.US,5,20251013,215500,36.06,36.06,36.06,36.06,555,0
HAIL.US,5,20251014,153500,35.18,35.18,35.18,35.18,3354,0
HAIL.US,5,20251014,154500,35.3149,35.315,35.3149,35.315,600,0
HAIL.US,5,20251014,164000,36,36,36,36,150,0
HAIL.US,5,20251014,174500,36.169,36.169,36.169,36.169,108,0
HAIL.US,5,20251014,182500,36.51,36.51,36.51,36.51,200,0
HAIL.US,5,20251014,191000,36.61,36.61,36.61,36.61,1303,0
HAIL.US,5,20251014,195000,36.775,36.775,36.775,36.775,104,0
HAIL.US,5,20251014,210000,36.855,36.855,36.855,36.855,100,0
HAIL.US,5,20251014,213000,36.9136,36.9136,36.9136,36.9136,100,0
HAIL.US,5,20251015,164000,37.32,37.3819,37.32,37.3819,350,0
HAIL.US,5,20251015,172000,37.3262,37.3262,37.3262,37.3262,300,0
HAIL.US,5,20251015,172500,37.258,37.258,37.258,37.258,117,0
HAIL.US,5,20251015,185500,36.907,36.907,36.907,36.907,150,0
HAIL.US,5,20251015,193500,36.806,36.806,36.806,36.806,104,0
HAIL.US,5,20251015,194500,36.86,36.86,36.86,36.86,100,0
HAIL.US,5,20251015,205000,36.985,36.985,36.985,36.985,135,0
HAIL.US,5,20251015,213000,37.1699,37.1699,37.1699,37.1699,807,0
HAIL.US,5,20251015,213500,37.08,37.08,37.08,37.08,254,0
HAIL.US,5,20251015,215000,37.041,37.041,37.041,37.041,100,0
HAIL.US,5,20251016,161000,36.9,36.9,36.9,36.9,201,0
HAIL.US,5,20251016,183500,36.34,36.34,36.34,36.34,300,0
HAIL.US,5,20251016,212000,36.19,36.2252,36.19,36.2252,240,0
HAIL.US,5,20251017,154000,35.75,35.75,35.75,35.75,130,0
HAIL.US,5,20251017,181500,35.7401,35.7401,35.7401,35.7401,225,0
HAIL.US,5,20251017,200500,35.68,35.68,35.68,35.68,100,0
HAIL.US,5,20251020,153000,36.3,36.3,36.3,36.3,100,0
HAIL.US,5,20251020,153500,36.275,36.275,36.275,36.275,200,0
HAIL.US,5,20251020,154000,36.17,36.31,36.17,36.31,265,0
HAIL.US,5,20251020,155500,36.28,36.28,36.28,36.28,516,0
HAIL.US,5,20251020,172500,36.3851,36.3851,36.3851,36.3851,110,0
HAIL.US,5,20251020,183000,36.3599,36.3599,36.3599,36.3599,500,0
HAIL.US,5,20251020,200000,36.39,36.39,36.39,36.39,200,0
HAIL.US,5,20251020,201500,36.425,36.425,36.425,36.425,158,0
HAIL.US,5,20251021,181000,36.6663,36.6663,36.6663,36.6663,150,0
HAIL.US,5,20251021,190000,36.43,36.46,36.43,36.46,6844,0
HAIL.US,5,20251021,191000,36.535,36.535,36.535,36.535,101,0
HAIL.US,5,20251021,195500,36.47,36.47,36.47,36.47,200,0
HAIL.US,5,20251021,201000,36.42,36.42,36.42,36.42,200,0
HAIL.US,5,20251022,153500,36.1342,36.1342,36.01,36.01,250,0
HAIL.US,5,20251022,161500,35.97,35.97,35.97,35.97,100,0
HAIL.US,5,20251022,173500,35.4542,35.4542,35.4542,35.4542,807,0
HAIL.US,5,20251022,184000,35.3655,35.3655,35.3655,35.3655,317,0
HAIL.US,5,20251022,204000,35.27,35.27,35.27,35.27,100,0
HAIL.US,5,20251023,181000,36.0878,36.0878,36.0878,36.0878,177,0
HAIL.US,5,20251023,193500,36.2457,36.2457,36.2457,36.2457,100,0
HAIL.US,5,20251023,210500,36.25,36.25,36.25,36.25,100,0
HAIL.US,5,20251023,212000,36.2506,36.2506,36.2506,36.2506,250,0
HAIL.US,5,20251023,213500,36.18,36.18,36.18,36.18,100,0
HAIL.US,5,20251024,155500,36.87,36.885,36.87,36.885,2838,0
HAIL.US,5,20251024,193500,37.02,37.02,37.02,37.02,200,0
HAIL.US,5,20251024,194000,37.016,37.016,37.016,37.016,100,0
HAIL.US,5,20251024,195500,37.03,37.03,37.03,37.03,100,0
HAIL.US,5,20251024,201000,37.02,37.02,37.02,37.02,100,0
HAIL.US,5,20251024,203000,36.99,36.99,36.99,36.99,100,0
HAIL.US,5,20251024,203500,37,37,37,37,300,0
HAIL.US,5,20251024,204000,36.9955,36.9955,36.9955,36.9955,179,0
HAIL.US,5,20251024,210000,37.01,37.01,37.01,37.01,100,0
HAIL.US,5,20251024,213500,36.9684,36.9684,36.9684,36.9684,765,0
HAIL.US,5,20251027,160000,37.34,37.34,37.34,37.34,331,0
HAIL.US,5,20251027,192500,37.35,37.35,37.35,37.35,330,0
HAIL.US,5,20251027,204000,37.26,37.26,37.26,37.26,100,0
HAIL.US,5,20251028,171500,37.29,37.3075,37.29,37.3075,400,0
HAIL.US,5,20251028,200000,37.09,37.09,37.09,37.09,100,0
HAIL.US,5,20251028,202500,36.98,36.98,36.98,36.98,100,0
HAIL.US,5,20251028,204000,36.97,36.97,36.97,36.97,100,0
HAIL.US,5,20251029,143500,37.09,37.09,37.09,37.09,873,0
HAIL.US,5,20251029,164500,37.4345,37.4345,37.4345,37.4345,135,0
HAIL.US,5,20251029,171500,37.45,37.45,37.45,37.45,219,0
HAIL.US,5,20251029,185500,37.4307,37.4307,37.4307,37.4307,200,0
HAIL.US,5,20251029,193500,37.14,37.14,37.14,37.14,117,0
HAIL.US,5,20251030,150500,36.74,36.74,36.7238,36.7238,380,0
HAIL.US,5,20251030,171500,36.72,36.72,36.72,36.72,2150,0
HAIL.US,5,20251031,170000,36.5193,36.5193,36.5193,36.5193,109,0
HAIL.US,5,20251031,193000,36.52,36.52,36.52,36.52,200,0
HAIL.US,5,20251031,202500,36.657,36.657,36.657,36.657,250,0
HAIL.US,5,20251103,173000,36.425,36.425,36.425,36.425,219,0
HAIL.US,5,20251103,185000,36.57,36.57,36.57,36.57,961,0
HAIL.US,5,20251103,210000,36.49,36.49,36.49,36.49,500,0
HAIL.US,5,20251103,213000,36.4,36.4,36.4,36.4,200,0
HAIL.US,5,20251104,154500,35.63,35.63,35.63,35.63,100,0
HAIL.US,5,20251104,174000,35.4104,35.4104,35.4104,35.4104,138,0
HAIL.US,5,20251104,205500,34.92,34.92,34.92,34.92,200,0
HAIL.US,5,20251105,160000,35.6712,35.6712,35.6712,35.6712,188,0
HAIL.US,5,20251105,163500,35.8692,35.8692,35.8692,35.8692,106,0
HAIL.US,5,20251106,154000,36.21,36.21,36.21,36.21,195,0
HAIL.US,5,20251106,181500,35.2875,35.2875,35.2875,35.2875,100,0
HAIL.US,5,20251106,182000,35.2062,35.2062,35.2062,35.2062,150,0
HAIL.US,5,20251106,201500,35.65,35.65,35.65,35.65,100,0
HAIL.US,5,20251106,215500,35.3701,35.3968,35.37,35.3968,1900,0
HAIL.US,5,20251107,153500,34.77,34.77,34.77,34.77,100,0
HAIL.US,5,20251107,215000,35.3001,35.3368,35.3001,35.3368,555,0
HAIL.US,5,20251110,180000,36.1551,36.1551,36.1551,36.1551,250,0
HAIL.US,5,20251110,183000,36.305,36.305,36.305,36.305,300,0
HAIL.US,5,20251111,170000,35.6389,35.6389,35.6389,35.6389,175,0
HAIL.US,5,20251113,171500,34.51,34.51,34.51,34.51,358,0
HAIL.US,5,20251113,173000,34.51,34.51,34.51,34.51,100,0
HAIL.US,5,20251113,175000,34.421,34.421,34.421,34.421,100,0
HAIL.US,5,20251113,194000,34.01,34.01,34.01,34.01,100,0
HAIL.US,5,20251114,153500,33.3805,33.3805,33.3805,33.3805,100,0
HAIL.US,5,20251114,154500,33.585,33.585,33.585,33.585,100,0
HAIL.US,5,20251114,170000,33.8215,33.8215,33.8215,33.8215,100,0
HAIL.US,5,20251114,171000,33.78,33.78,33.78,33.78,108,0
HAIL.US,5,20251114,172500,34,34,34,34,135,0
HAIL.US,5,20251114,212500,33.615,33.6201,33.615,33.62,300,0
HAIL.US,5,20251117,154000,33.41,33.41,33.41,33.41,500,0
HAIL.US,5,20251117,191000,32.912,32.95,32.91,32.91,900,0
HAIL.US,5,20251117,202500,32.595,32.595,32.595,32.595,400,0
HAIL.US,5,20251117,205500,32.5,32.5,32.5,32.5,101,0
HAIL.US,5,20251118,154500,32.29,32.29,32.21,32.2101,949,0
HAIL.US,5,20251118,155000,32.27,32.27,32.24,32.24,3887,0
HAIL.US,5,20251118,163500,32.112,32.112,32.112,32.112,180,0
HAIL.US,5,20251118,170000,32.1,32.1,32.1,32.1,100,0
HAIL.US,5,20251118,170500,32.14,32.14,32.14,32.14,100,0
HAIL.US,5,20251118,193500,32.7,32.7,32.7,32.7,100,0
HAIL.US,5,20251118,195500,32.73,32.73,32.73,32.73,400,0
HAIL.US,5,20251118,201500,32.72,32.72,32.72,32.72,200,0
HAIL.US,5,20251118,202000,32.72,32.72,32.72,32.72,120,0
HAIL.US,5,20251118,203000,32.65,32.65,32.65,32.65,100,0
HAIL.US,5,20251118,204500,32.77,32.77,32.77,32.77,100,0
HAIL.US,5,20251119,162500,32.831,32.831,32.831,32.831,100,0
HAIL.US,5,20251120,171000,32.6,32.6,32.6,32.6,100,0
HAIL.US,5,20251120,173000,32.37,32.3901,32.36,32.36,1389,0
HAIL.US,5,20251120,174500,32.16,32.16,32.16,32.16,100,0
HAIL.US,5,20251120,175000,32.25,32.25,32.25,32.25,100,0
HAIL.US,5,20251120,180000,31.96,31.96,31.96,31.96,100,0
HAIL.US,5,20251120,181000,31.844,31.844,31.74,31.74,700,0
HAIL.US,5,20251120,183000,31.65,31.65,31.65,31.65,100,0
HAIL.US,5,20251120,184000,31.69,31.69,31.625,31.625,522,0
HAIL.US,5,20251120,185500,31.57,31.57,31.57,31.57,100,0
HAIL.US,5,20251120,190000,31.66,31.66,31.66,31.66,100,0
HAIL.US,5,20251120,191500,31.9498,31.9498,31.9498,31.9498,140,0
HAIL.US,5,20251120,194000,31.61,31.61,31.61,31.61,100,0
HAIL.US,5,20251120,212000,31.47,31.47,31.47,31.47,100,0
HAIL.US,5,20251120,212500,31.45,31.48,31.45,31.45,900,0
HAIL.US,5,20251121,153500,31.5,31.5,31.5,31.5,177,0
HAIL.US,5,20251121,160000,31.45,31.45,31.45,31.45,100,0
HAIL.US,5,20251121,171000,31.1313,31.1313,31.1313,31.1313,180,0
HAIL.US,5,20251121,183500,32.005,32.005,32.005,32.005,208,0
HAIL.US,5,20251121,195500,31.99,31.99,31.99,31.99,100,0
HAIL.US,5,20251124,153000,32.345,32.345,32.345,32.345,175,0
HAIL.US,5,20251124,170500,32.8105,32.8105,32.8105,32.8105,145,0
HAIL.US,5,20251124,171500,32.86,32.86,32.86,32.86,109,0
HAIL.US,5,20251124,205000,32.76,32.76,32.76,32.76,100,0
HAIL.US,5,20251125,180500,33.03,33.03,33.03,33.03,100,0
HAIL.US,5,20251126,175000,33.37,33.37,33.37,33.37,1000,0
HAIL.US,5,20251126,194500,33.414,33.414,33.414,33.414,134,0
HAIL.US,5,20251126,204500,33.51,33.51,33.51,33.51,400,0
HAIL.US,5,20251126,210500,33.55,33.55,33.55,33.55,500,0
HAIL.US,5,20251126,213000,33.57,33.57,33.57,33.57,100,0
HAIL.US,5,20251126,215000,33.52,33.52,33.52,33.52,100,0
HAIL.US,5,20251128,163000,33.82,33.82,33.82,33.82,100,0
HAIL.US,5,20251128,185000,33.8001,33.8001,33.79,33.79,400,0
HAIL.US,5,20251201,154500,33.502,33.502,33.502,33.502,100,0
HAIL.US,5,20251201,155000,33.5004,33.5004,33.5004,33.5004,1805,0
HAIL.US,5,20251201,162500,33.35,33.35,33.35,33.35,304,0
HAIL.US,5,20251201,163500,33.3,33.3001,33.3,33.3001,200,0
HAIL.US,5,20251201,194500,33.74,33.74,33.74,33.74,172,0
HAIL.US,5,20251201,202500,33.5995,33.5995,33.5995,33.5995,178,0
HAIL.US,5,20251202,174500,33.44,33.44,33.43,33.43,200,0
HAIL.US,5,20251202,202000,33.64,33.64,33.64,33.64,100,0
HAIL.US,5,20251203,160000,33.78,33.78,33.78,33.78,390,0
HAIL.US,5,20251203,202500,34.0654,34.0654,34.0654,34.0654,180,0
HAIL.US,5,20251204,161000,34.4,34.4,34.4,34.4,120,0
HAIL.US,5,20251204,163500,34.669,34.669,34.58,34.58,300,0
HAIL.US,5,20251204,190500,34.7704,34.7704,34.7701,34.7701,397,0
HAIL.US,5,20251204,191000,34.7857,34.7857,34.7857,34.7857,100,0
HAIL.US,5,20251204,193000,34.81,34.81,34.81,34.81,100,0
HAIL.US,5,20251204,203000,34.68,34.68,34.68,34.68,100,0
HAIL.US,5,20251205,153500,34.88,34.88,34.88,34.88,600,0
HAIL.US,5,20251205,154500,35,35,35,35,153,0
HAIL.US,5,20251205,161000,35.16,35.16,35.16,35.16,205,0
HAIL.US,5,20251205,172500,35.0083,35.0083,35.0083,35.0083,197,0
HAIL.US,5,20251205,192000,34.911,34.9275,34.91,34.9275,400,0
HAIL.US,5,20251205,202500,34.844,34.844,34.844,34.844,477,0
HAIL.US,5,20251208,200000,34.545,34.545,34.545,34.545,300,0
HAIL.US,5,20251208,214500,34.6948,34.6948,34.6948,34.6948,107,0
HAIL.US,5,20251209,155500,34.56,34.56,34.56,34.56,100,0
HAIL.US,5,20251209,162500,34.6472,34.6472,34.6472,34.6472,113,0
HAIL.US,5,20251209,184500,34.78,34.78,34.78,34.78,200,0
HAIL.US,5,20251209,205500,34.83,34.83,34.83,34.83,251,0
HAIL.US,5,20251210,153000,34.52,34.53,34.52,34.52,400,0
HAIL.US,5,20251210,154000,34.59,34.59,34.59,34.59,183,0
HAIL.US,5,20251210,165500,34.61,34.61,34.61,34.61,300,0
HAIL.US,5,20251210,205500,35.1705,35.1705,35.1705,35.1705,100,0
HAIL.US,5,20251210,215500,35.2,35.2,35.2,35.2,128,0
HAIL.US,5,20251212,160500,35.33,35.33,35.33,35.33,199,0
HAIL.US,5,20251212,204000,34.715,34.715,34.715,34.715,284,0
HAIL.US,5,20251212,213500,34.48,34.48,34.48,34.48,298,0
HAIL.US,5,20251215,153000,34.67,34.7,34.67,34.67,400,0
HAIL.US,5,20251215,163500,34.14,34.14,34.14,34.14,100,0
HAIL.US,5,20251215,164000,34.1034,34.1034,34.1034,34.1034,190,0
HAIL.US,5,20251215,201500,34.13,34.13,34.13,34.13,100,0
HAIL.US,5,20251217,162000,34,34.0001,34,34.0001,200,0
HAIL.US,5,20251217,195000,33.333296,33.333296,33.333296,33.333296,180,0
HAIL.US,5,20251218,181000,33.7819,33.7819,33.7819,33.7819,215,0
HAIL.US,5,20251218,194000,33.954,33.954,33.954,33.954,136,0
HAIL.US,5,20251218,213000,33.832,33.832,33.832,33.832,500,0
HAIL.US,5,20251218,214500,33.88,33.88,33.88,33.88,300,0
HAIL.US,5,20251219,183000,34.575,34.575,34.575,34.575,136,0
HAIL.US,5,20251219,211500,34.54,34.54,34.54,34.54,600,0
HAIL.US,5,20251219,212000,34.57,34.57,34.57,34.57,305,0
HAIL.US,5,20251222,153000,34.44,34.44,34.44,34.44,100,0
HAIL.US,5,20251222,155000,34.7616,34.7616,34.7616,34.7616,100,0
HAIL.US,5,20251222,160500,34.8,34.8,34.8,34.8,100,0
HAIL.US,5,20251222,162000,34.825,34.825,34.825,34.825,1000,0
HAIL.US,5,20251222,163000,34.733,34.733,34.733,34.733,143,0
HAIL.US,5,20251222,170500,34.81,34.81,34.81,34.81,215,0
HAIL.US,5,20251222,171000,34.751,34.751,34.75,34.7501,732,0
HAIL.US,5,20251222,174500,34.78,34.78,34.78,34.78,100,0
HAIL.US,5,20251222,175500,34.8408,34.8408,34.8408,34.8408,100,0
HAIL.US,5,20251222,180500,34.84,34.84,34.84,34.84,152,0
HAIL.US,5,20251222,215000,34.46,34.4918,34.46,34.4918,200,0
HAIL.US,5,20251223,161000,34.1899,34.1899,34.14,34.14,1086,0
HAIL.US,5,20251223,162500,34.28,34.28,34.28,34.28,292,0
HAIL.US,5,20251223,164500,34.265,34.265,34.22,34.22,331,0
HAIL.US,5,20251223,172500,34.23,34.23,34.23,34.23,100,0
HAIL.US,5,20251223,180000,34.18,34.18,34.18,34.18,2051,0
HAIL.US,5,20251223,181500,34.12,34.12,34.12,34.12,200,0
HAIL.US,5,20251223,183000,34.1704,34.1704,34.1704,34.1704,143,0
HAIL.US,5,20251223,193500,34.19,34.19,34.19,34.19,100,0
HAIL.US,5,20251223,194000,34.25,34.25,34.25,34.25,100,0
HAIL.US,5,20251223,200500,34.17,34.17,34.17,34.17,100,0
HAIL.US,5,20251223,203000,34.2,34.2,34.13,34.13,200,0
HAIL.US,5,20251223,204500,34.14,34.14,34.14,34.14,369,0
HAIL.US,5,20251223,205500,34.1476,34.1476,34.1476,34.1476,317,0
HAIL.US,5,20251224,154000,34.1341,34.1341,34.1341,34.1341,122,0
HAIL.US,5,20251224,164000,34.16,34.195,34.16,34.195,1164,0
HAIL.US,5,20251224,170500,34.155,34.155,34.09,34.09,402,0
HAIL.US,5,20251226,202500,33.961,33.9949,33.96,33.9949,1000,0
HAIL.US,5,20251226,215000,33.9948,33.9948,33.9948,33.9948,169,0
HAIL.US,5,20251229,154500,33.9,33.9,33.9,33.9,126,0
HAIL.US,5,20251229,155500,33.8316,33.8316,33.8316,33.8316,292,0
HAIL.US,5,20251229,164500,33.6,33.6,33.6,33.6,600,0
HAIL.US,5,20251229,171000,33.61,33.61,33.6,33.6,430,0
HAIL.US,5,20251229,184500,33.5448,33.5448,33.5201,33.5201,293,0
HAIL.US,5,20251229,211500,33.6,33.6,33.6,33.6,133,0
HAIL.US,5,20251229,215000,33.5715,33.5715,33.5715,33.5715,126,0
HAIL.US,5,20251230,162000,33.62,33.655,33.62,33.655,300,0
HAIL.US,5,20251230,164500,33.67,33.67,33.67,33.67,500,0
HAIL.US,5,20251230,193000,33.69,33.69,33.69,33.69,200,0
HAIL.US,5,20251230,202000,33.613,33.613,33.613,33.613,178,0
HAIL.US,5,20251230,203500,33.6361,33.6361,33.6361,33.6361,100,0
HAIL.US,5,20251230,204000,33.6201,33.6201,33.6201,33.6201,150,0
HAIL.US,5,20251230,210500,33.6292,33.6292,33.6292,33.6292,160,0
HAIL.US,5,20251231,164500,33.51,33.51,33.51,33.51,600,0
HAIL.US,5,20251231,165500,33.34,33.34,33.34,33.34,200,0
HAIL.US,5,20251231,172500,33.38,33.38,33.38,33.38,100,0
HAIL.US,5,20251231,213000,33.254,33.254,33.254,33.254,100,0
HAIL.US,5,20260102,191500,34.2001,34.2001,34.2001,34.2001,190,0
HAIL.US,5,20260102,213500,34.51,34.51,34.51,34.51,100,0
HAIL.US,5,20260102,214000,34.491,34.491,34.49,34.49,587,0
HAIL.US,5,20260105,153000,34.77,34.78,34.77,34.78,384,0
HAIL.US,5,20260105,191500,35.3,35.3,35.3,35.3,180,0
HAIL.US,5,20260105,195000,35.464,35.464,35.464,35.464,641,0
HAIL.US,5,20260105,200000,35.5,35.5,35.5,35.5,150,0
HAIL.US,5,20260105,215000,35.53,35.53,35.53,35.53,100,0
HAIL.US,5,20260106,155000,35.84,35.84,35.84,35.84,466,0
HAIL.US,5,20260106,180000,36,36,36,36,100,0
HAIL.US,5,20260106,182500,36.0232,36.0232,36.0232,36.0232,100,0
HAIL.US,5,20260106,191000,35.975,35.975,35.975,35.975,440,0
HAIL.US,5,20260106,203500,36.27,36.27,36.27,36.27,100,0
HAIL.US,5,20260107,193000,35.89,35.89,35.89,35.89,322,0
HAIL.US,5,20260108,161000,36.1,36.1,36.1,36.1,167,0
HAIL.US,5,20260108,185000,36.4318,36.5,36.4318,36.5,267,0
HAIL.US,5,20260108,192000,36.49,36.49,36.49,36.49,275,0
HAIL.US,5,20260109,153500,36.64,36.64,36.64,36.64,298,0
HAIL.US,5,20260109,160000,36.548,36.548,36.548,36.548,225,0
HAIL.US,5,20260109,161500,36.449,36.45,36.449,36.4499,1300,0
HAIL.US,5,20260109,164500,36.5999,36.5999,36.5999,36.5999,100,0
HAIL.US,5,20260109,183000,36.85,36.85,36.85,36.85,331,0
HAIL.US,5,20260109,192000,36.68,36.68,36.68,36.68,134,0
HAIL.US,5,20260109,202500,36.71,36.71,36.71,36.71,152,0
HAIL.US,5,20260109,213000,36.6,36.6,36.6,36.6,100,0
HAIL.US,5,20260112,162500,36.49,36.49,36.4106,36.4106,247,0
HAIL.US,5,20260112,165500,36.73,36.73,36.73,36.73,100,0
HAIL.US,5,20260112,174000,36.89,36.89,36.89,36.89,100,0
HAIL.US,5,20260112,181000,36.88,36.88,36.88,36.88,105,0
HAIL.US,5,20260112,195000,37,37,37,37,154,0
HAIL.US,5,20260112,204500,36.9168,36.9168,36.9168,36.9168,245,0
HAIL.US,5,20260113,162500,36.3744,36.3744,36.3744,36.3744,100,0
HAIL.US,5,20260113,163000,36.41,36.41,36.41,36.41,530,0
HAIL.US,5,20260113,164000,36.5905,36.5905,36.5905,36.5905,450,0
HAIL.US,5,20260113,164500,36.52,36.5201,36.52,36.52,400,0
HAIL.US,5,20260113,165000,36.51,36.51,36.51,36.51,100,0
HAIL.US,5,20260113,183000,36.81,36.81,36.81,36.81,100,0
HAIL.US,5,20260113,200000,36.865,36.865,36.865,36.865,100,0
HAIL.US,5,20260113,203500,36.73,36.73,36.73,36.73,100,0
HAIL.US,5,20260113,214500,36.62,36.62,36.62,36.62,300,0
HAIL.US,5,20260114,162000,36.69,36.69,36.68,36.69,400,0
HAIL.US,5,20260114,170500,36.39,36.39,36.39,36.39,100,0
HAIL.US,5,20260114,180000,36.5,36.5,36.5,36.5,204,0
HAIL.US,5,20260114,192000,36.52,36.52,36.52,36.52,197,0
HAIL.US,5,20260114,195500,36.511,36.511,36.51,36.5101,580,0
HAIL.US,5,20260114,200000,36.61,36.61,36.61,36.61,500,0
HAIL.US,5,20260114,200500,36.5518,36.5518,36.5518,36.5518,100,0
HAIL.US,5,20260114,210500,36.7,36.71,36.63,36.71,400,0
HAIL.US,5,20260115,153000,36.94,36.97,36.94,36.97,410,0
HAIL.US,5,20260115,160000,36.73,36.73,36.73,36.73,100,0
HAIL.US,5,20260115,162000,36.86,36.86,36.86,36.86,100,0
HAIL.US,5,20260115,165500,36.85,36.85,36.85,36.85,301,0
HAIL.US,5,20260115,172000,37.036,37.036,37.036,37.036,800,0
HAIL.US,5,20260115,213500,36.88,36.88,36.88,36.88,100,0
HAIL.US,5,20260116,161500,36.97,36.97,36.97,36.97,150,0
HAIL.US,5,20260116,165000,36.73,36.73,36.73,36.73,104,0
HAIL.US,5,20260116,194500,36.9012,36.9012,36.9012,36.9012,110,0
HAIL.US,5,20260116,203500,36.8001,36.8001,36.8001,36.8001,585,0
HAIL.US,5,20260120,153000,35.835,35.835,35.835,35.835,135,0
HAIL.US,5,20260120,154000,36.1602,36.1602,36.1,36.14,950,0
HAIL.US,5,20260120,171500,36.33,36.33,36.33,36.33,818,0
HAIL.US,5,20260120,184000,36.39,36.39,36.39,36.39,300,0
HAIL.US,5,20260120,200500,36.0319,36.0319,36.0319,36.0319,118,0
HAIL.US,5,20260120,213000,35.96,35.96,35.96,35.96,100,0
HAIL.US,5,20260120,213500,35.97,35.97,35.97,35.97,100,0
HAIL.US,5,20260121,154500,36.83,36.87,36.83,36.87,1000,0
HAIL.US,5,20260121,162000,37.13,37.13,37.13,37.13,195,0
HAIL.US,5,20260121,182500,36.095,36.095,36.095,36.095,130,0
HAIL.US,5,20260122,161500,37.71,37.71,37.71,37.71,1000,0
HAIL.US,5,20260122,162500,37.655,37.655,37.655,37.655,120,0
HAIL.US,5,20260122,170500,37.849,37.849,37.849,37.849,100,0
HAIL.US,5,20260122,171000,37.795,37.795,37.795,37.795,100,0
HAIL.US,5,20260122,172500,37.85,37.85,37.85,37.85,161,0
HAIL.US,5,20260122,173000,37.835,37.87,37.825,37.87,358,0
HAIL.US,5,20260122,180000,37.735,37.735,37.735,37.735,105,0
HAIL.US,5,20260122,185500,37.835,37.835,37.835,37.835,211,0
HAIL.US,5,20260122,195500,37.86,37.86,37.86,37.86,200,0
HAIL.US,5,20260122,201000,37.9599,37.9599,37.9599,37.9599,132,0
HAIL.US,5,20260122,205500,37.85,37.85,37.85,37.85,100,0
HAIL.US,5,20260122,214500,37.6899,37.6899,37.6899,37.6899,535,0
HAIL.US,5,20260123,160000,37.13,37.14,37.0902,37.0902,320,0
HAIL.US,5,20260123,160500,36.99,36.99,36.99,36.99,100,0
HAIL.US,5,20260123,161500,37.0002,37.055,37.0001,37.055,509,0
HAIL.US,5,20260123,171000,37.15,37.15,37.15,37.15,629,0
HAIL.US,5,20260123,174000,37.109547,37.109547,37.109547,37.109547,396,0
HAIL.US,5,20260123,181500,37.17,37.17,37.17,37.17,456,0
HAIL.US,5,20260123,200000,36.86,36.89,36.86,36.89,1116,0
HAIL.US,5,20260123,212000,36.71,36.71,36.71,36.71,600,0
HAIL.US,5,20260123,214500,36.681,36.681,36.681,36.681,100,0
