<TICKER>,<PER>,<DATE>,<TIME>,<OPEN>,<HIGH>,<LOW>,<CLOSE>,<VOL>,<OPENINT>
IBIF.US,5,20250829,161000,26.61,26.61,26.609,26.61,1590,0
IBIF.US,5,20250829,161500,26.6093,26.61,26.6088,26.6088,400,0
IBIF.US,5,20250829,171500,26.6049,26.6049,26.6049,26.6049,253,0
IBIF.US,5,20250829,194000,26.608,26.608,26.608,26.608,101,0
IBIF.US,5,20250829,201000,26.6,26.6,26.6,26.6,156,0
IBIF.US,5,20250829,201500,26.6046,26.6046,26.6046,26.6046,112,0
IBIF.US,5,20250829,202000,26.6035,26.6035,26.6035,26.6035,490,0
IBIF.US,5,20250829,211000,26.605,26.61,26.605,26.61,200,0
IBIF.US,5,20250829,215500,26.605,26.605,26.605,26.605,525,0
IBIF.US,5,20250902,154500,26.5534,26.5534,26.5534,26.5534,1505,0
IBIF.US,5,20250902,160000,26.56,26.56,26.56,26.56,100,0
IBIF.US,5,20250902,160500,26.5635,26.5635,26.56,26.56,1380,0
IBIF.US,5,20250902,162500,26.5798,26.5798,26.5798,26.5798,100,0
IBIF.US,5,20250902,163000,26.57,26.57,26.57,26.57,100,0
IBIF.US,5,20250902,171500,26.57,26.57,26.57,26.57,100,0
IBIF.US,5,20250902,182000,26.5785,26.5785,26.5785,26.5785,500,0
IBIF.US,5,20250902,184000,26.5772,26.5772,26.5772,26.5772,664,0
IBIF.US,5,20250902,192000,26.5756,26.5756,26.5756,26.5756,156,0
IBIF.US,5,20250902,194500,26.575,26.575,26.575,26.575,752,0
IBIF.US,5,20250902,202000,26.5772,26.5772,26.5772,26.5772,1128,0
IBIF.US,5,20250902,203000,26.575,26.5757,26.575,26.5757,753,0
IBIF.US,5,20250902,205000,26.5785,26.5785,26.5785,26.5785,752,0
IBIF.US,5,20250902,211000,26.5757,26.5757,26.5757,26.5757,752,0
IBIF.US,5,20250902,215500,26.575,26.575,26.575,26.575,100,0
IBIF.US,5,20250903,154500,26.56,26.56,26.56,26.56,100,0
IBIF.US,5,20250903,160500,26.58,26.589,26.5763,26.5763,400,0
IBIF.US,5,20250903,163000,26.5701,26.5703,26.5701,26.5701,1500,0
IBIF.US,5,20250903,175500,26.5852,26.5852,26.5852,26.5852,150,0
IBIF.US,5,20250903,184500,26.5999,26.5999,26.5999,26.5999,150,0
IBIF.US,5,20250903,193000,26.5988,26.5988,26.5988,26.5988,156,0
IBIF.US,5,20250903,204500,26.595,26.6,26.595,26.6,500,0
IBIF.US,5,20250903,210000,26.59,26.59,26.58,26.58,200,0
IBIF.US,5,20250903,213500,26.5765,26.5765,26.5765,26.5765,983,0
IBIF.US,5,20250904,160500,26.58,26.58,26.58,26.58,100,0
IBIF.US,5,20250904,161000,26.583,26.583,26.583,26.583,2152,0
IBIF.US,5,20250904,165500,26.58,26.58,26.58,26.58,406,0
IBIF.US,5,20250904,181500,26.6,26.6,26.6,26.6,188,0
IBIF.US,5,20250904,192000,26.6,26.6,26.6,26.6,100,0
IBIF.US,5,20250904,192500,26.595,26.6,26.595,26.6,477,0
IBIF.US,5,20250904,193500,26.6,26.6,26.6,26.6,100,0
IBIF.US,5,20250904,194500,26.595,26.595,26.595,26.595,400,0
IBIF.US,5,20250904,195000,26.6,26.6,26.6,26.6,100,0
IBIF.US,5,20250904,200500,26.595,26.595,26.595,26.595,135,0
IBIF.US,5,20250904,201500,26.6,26.6,26.6,26.6,100,0
IBIF.US,5,20250904,203000,26.595,26.595,26.595,26.595,100,0
IBIF.US,5,20250904,203500,26.595,26.595,26.595,26.595,200,0
IBIF.US,5,20250904,204000,26.595,26.595,26.595,26.595,100,0
IBIF.US,5,20250904,204500,26.6,26.6,26.595,26.6,300,0
IBIF.US,5,20250904,205000,26.595,26.595,26.595,26.595,300,0
IBIF.US,5,20250904,205500,26.595,26.595,26.595,26.595,200,0
IBIF.US,5,20250904,210000,26.6,26.6,26.6,26.6,100,0
IBIF.US,5,20250905,153000,26.645,26.645,26.645,26.645,562,0
IBIF.US,5,20250905,154000,26.6398,26.6398,26.6398,26.6398,500,0
IBIF.US,5,20250905,154500,26.65,26.65,26.65,26.65,100,0
IBIF.US,5,20250905,155000,26.6497,26.6497,26.6497,26.6497,450,0
IBIF.US,5,20250905,170000,26.645,26.65,26.645,26.65,1038,0
IBIF.US,5,20250905,170500,26.65,26.65,26.6462,26.65,2950,0
IBIF.US,5,20250905,173000,26.66,26.66,26.66,26.66,100,0
IBIF.US,5,20250905,173500,26.6576,26.6576,26.6576,26.6576,400,0
IBIF.US,5,20250905,174000,26.65,26.65,26.65,26.65,100,0
IBIF.US,5,20250905,182000,26.6485,26.6485,26.6485,26.6485,499,0
IBIF.US,5,20250905,195500,26.65,26.65,26.65,26.65,100,0
IBIF.US,5,20250905,205000,26.648,26.648,26.648,26.648,200,0
IBIF.US,5,20250905,215500,26.645,26.645,26.64,26.64,306,0
IBIF.US,5,20250908,154000,26.674,26.674,26.674,26.674,2061,0
IBIF.US,5,20250908,160500,26.66,26.66,26.66,26.66,100,0
IBIF.US,5,20250908,163000,26.6535,26.6535,26.6535,26.6535,400,0
IBIF.US,5,20250908,171500,26.66,26.66,26.66,26.66,1221,0
IBIF.US,5,20250908,173500,26.66,26.66,26.66,26.66,100,0
IBIF.US,5,20250908,181000,26.6589,26.6589,26.6589,26.6589,500,0
IBIF.US,5,20250908,191500,26.6586,26.6586,26.6586,26.6586,862,0
IBIF.US,5,20250908,193000,26.64,26.64,26.64,26.64,100,0
IBIF.US,5,20250908,200500,26.6484,26.65,26.6484,26.65,969,0
IBIF.US,5,20250908,201500,26.6446,26.6446,26.6446,26.6446,150,0
IBIF.US,5,20250908,202000,26.65,26.65,26.65,26.65,100,0
IBIF.US,5,20250908,211500,26.65,26.65,26.65,26.65,100,0
IBIF.US,5,20250908,212500,26.65,26.65,26.65,26.65,500,0
IBIF.US,5,20250908,214000,26.6578,26.6578,26.6578,26.6578,1219,0
IBIF.US,5,20250909,160000,26.66,26.66,26.66,26.66,100,0
IBIF.US,5,20250909,173000,26.6351,26.6351,26.6351,26.6351,188,0
IBIF.US,5,20250909,181500,26.64,26.64,26.64,26.64,100,0
IBIF.US,5,20250909,184500,26.6338,26.6338,26.6338,26.6338,450,0
IBIF.US,5,20250909,210500,26.64,26.64,26.64,26.64,1792,0
IBIF.US,5,20250910,162000,26.64,26.64,26.64,26.64,100,0
IBIF.US,5,20250910,185000,26.64,26.64,26.64,26.64,100,0
IBIF.US,5,20250910,203000,26.64,26.64,26.64,26.64,100,0
IBIF.US,5,20250910,203500,26.64,26.64,26.64,26.64,200,0
IBIF.US,5,20250910,204000,26.64,26.64,26.64,26.64,200,0
IBIF.US,5,20250910,204500,26.64,26.64,26.64,26.64,200,0
IBIF.US,5,20250910,205000,26.64,26.64,26.64,26.64,300,0
IBIF.US,5,20250910,205500,26.64,26.64,26.64,26.64,200,0
IBIF.US,5,20250910,214500,26.63,26.63,26.63,26.63,6681,0
IBIF.US,5,20250910,215000,26.6235,26.63,26.6235,26.625,9024,0
IBIF.US,5,20250910,215500,26.625,26.625,26.625,26.625,100,0
IBIF.US,5,20250911,165500,26.65,26.65,26.645,26.65,600,0
IBIF.US,5,20250911,181000,26.64,26.64,26.64,26.64,100,0
IBIF.US,5,20250911,195000,26.6242,26.6242,26.6242,26.6242,1499,0
IBIF.US,5,20250911,202500,26.6133,26.6133,26.6133,26.6133,3756,0
IBIF.US,5,20250911,210500,26.6174,26.6174,26.6174,26.6174,340,0
IBIF.US,5,20250911,213500,26.61,26.6142,26.6,26.61,1886,0
IBIF.US,5,20250911,214000,26.6,26.61,26.6,26.61,1868,0
IBIF.US,5,20250912,160500,26.6104,26.6104,26.6104,26.6104,376,0
IBIF.US,5,20250912,161500,26.62,26.62,26.62,26.62,100,0
IBIF.US,5,20250912,170500,26.61,26.61,26.61,26.61,100,0
IBIF.US,5,20250912,172000,26.5989,26.5989,26.5989,26.5989,400,0
IBIF.US,5,20250912,181500,26.6,26.6,26.6,26.6,100,0
IBIF.US,5,20250912,182500,26.5984,26.6,26.595,26.6,400,0
IBIF.US,5,20250912,185000,26.5988,26.5988,26.5988,26.5988,1503,0
IBIF.US,5,20250912,185500,26.61,26.61,26.61,26.61,100,0
IBIF.US,5,20250912,192000,26.6,26.6,26.6,26.6,100,0
IBIF.US,5,20250912,194000,26.595,26.595,26.595,26.595,376,0
IBIF.US,5,20250912,202500,26.6,26.6,26.6,26.6,100,0
IBIF.US,5,20250912,203000,26.6,26.6,26.6,26.6,100,0
IBIF.US,5,20250912,211500,26.59,26.6,26.59,26.5935,6764,0
IBIF.US,5,20250912,213500,26.5989,26.5989,26.5989,26.5989,355,0
IBIF.US,5,20250912,214500,26.6,26.6,26.595,26.595,203,0
IBIF.US,5,20250915,154000,26.61,26.61,26.61,26.61,200,0
IBIF.US,5,20250915,155000,26.6196,26.6196,26.6196,26.6196,563,0
IBIF.US,5,20250915,160000,26.62,26.62,26.61,26.61,1528,0
IBIF.US,5,20250915,163000,26.62,26.62,26.6135,26.6135,2447,0
IBIF.US,5,20250915,172000,26.62,26.6299,26.61,26.61,751,0
IBIF.US,5,20250915,180000,26.615,26.615,26.615,26.615,381,0
IBIF.US,5,20250915,180500,26.62,26.62,26.62,26.62,100,0
IBIF.US,5,20250915,183000,26.62,26.62,26.62,26.62,400,0
IBIF.US,5,20250915,184000,26.613,26.613,26.605,26.606,955,0
IBIF.US,5,20250915,195500,26.62,26.62,26.62,26.62,100,0
IBIF.US,5,20250915,210500,26.61,26.61,26.61,26.61,100,0
IBIF.US,5,20250915,214500,26.605,26.605,26.601,26.601,1600,0
IBIF.US,5,20250916,153500,26.6479,26.6479,26.6479,26.6479,939,0
IBIF.US,5,20250916,154500,26.64,26.64,26.64,26.64,300,0
IBIF.US,5,20250916,155000,26.6489,26.6489,26.6489,26.6489,563,0
IBIF.US,5,20250916,155500,26.64,26.64,26.64,26.64,100,0
IBIF.US,5,20250916,162500,26.63,26.63,26.63,26.63,100,0
IBIF.US,5,20250916,163500,26.63,26.64,26.6255,26.6255,3304,0
IBIF.US,5,20250916,164500,26.63,26.63,26.63,26.63,100,0
IBIF.US,5,20250916,170500,26.64,26.64,26.64,26.64,100,0
IBIF.US,5,20250916,171500,26.63,26.63,26.63,26.63,100,0
IBIF.US,5,20250916,174000,26.6299,26.6299,26.6299,26.6299,180,0
IBIF.US,5,20250916,185000,26.6389,26.6389,26.6389,26.6389,1877,0
IBIF.US,5,20250916,193000,26.64,26.64,26.64,26.64,751,0
IBIF.US,5,20250916,203000,26.64,26.64,26.64,26.64,100,0
IBIF.US,5,20250916,212000,26.64,26.64,26.64,26.64,100,0
IBIF.US,5,20250916,215500,26.635,26.635,26.635,26.635,600,0
IBIF.US,5,20250917,154000,26.6175,26.629,26.6175,26.625,790,0
IBIF.US,5,20250917,154500,26.63,26.63,26.63,26.63,100,0
IBIF.US,5,20250917,155000,26.62,26.62,26.62,26.62,100,0
IBIF.US,5,20250917,161000,26.6145,26.6145,26.6145,26.6145,901,0
IBIF.US,5,20250917,164500,26.62,26.62,26.62,26.62,100,0
IBIF.US,5,20250917,183500,26.61,26.61,26.61,26.61,200,0
IBIF.US,5,20250917,195000,26.6,26.6,26.6,26.6,100,0
IBIF.US,5,20250917,202500,26.67,26.67,26.67,26.67,100,0
IBIF.US,5,20250917,203000,26.66,26.66,26.63,26.63,419,0
IBIF.US,5,20250917,214000,26.6186,26.6186,26.6186,26.6186,950,0
IBIF.US,5,20250917,215000,26.61,26.61,26.61,26.61,200,0
IBIF.US,5,20250917,215500,26.61,26.62,26.608,26.608,823,0
IBIF.US,5,20250918,162000,26.585,26.585,26.585,26.585,300,0
IBIF.US,5,20250918,163000,26.59,26.59,26.59,26.59,600,0
IBIF.US,5,20250918,171000,26.595,26.595,26.595,26.595,939,0
IBIF.US,5,20250918,174500,26.6,26.6,26.6,26.6,100,0
IBIF.US,5,20250918,182500,26.6,26.6099,26.6,26.6,1225,0
IBIF.US,5,20250918,185000,26.61,26.61,26.61,26.61,100,0
IBIF.US,5,20250918,190000,26.61,26.61,26.61,26.61,100,0
IBIF.US,5,20250918,190500,26.6,26.6,26.58,26.58,1000,0
IBIF.US,5,20250918,192500,26.5797,26.5797,26.5797,26.5797,452,0
IBIF.US,5,20250918,213000,26.59,26.59,26.59,26.59,100,0
IBIF.US,5,20250918,215500,26.59,26.61,26.59,26.61,698,0
IBIF.US,5,20250919,155000,26.59,26.59,26.59,26.59,100,0
IBIF.US,5,20250919,155500,26.5985,26.5985,26.5985,26.5985,940,0
IBIF.US,5,20250919,163500,26.585,26.59,26.585,26.59,1654,0
IBIF.US,5,20250919,165000,26.59,26.59,26.59,26.59,100,0
IBIF.US,5,20250919,170000,26.585,26.585,26.585,26.585,400,0
IBIF.US,5,20250919,170500,26.5856,26.5856,26.5856,26.5856,376,0
IBIF.US,5,20250919,183500,26.57,26.57,26.57,26.57,100,0
IBIF.US,5,20250919,194500,26.57,26.57,26.57,26.57,200,0
IBIF.US,5,20250919,210000,26.57,26.57,26.57,26.57,100,0
IBIF.US,5,20250922,164000,26.57,26.57,26.57,26.57,100,0
IBIF.US,5,20250922,170500,26.5601,26.5601,26.5601,26.5601,539,0
IBIF.US,5,20250922,172500,26.56,26.56,26.56,26.56,400,0
IBIF.US,5,20250922,173000,26.57,26.57,26.57,26.57,100,0
IBIF.US,5,20250922,193000,26.56,26.56,26.56,26.56,351,0
IBIF.US,5,20250922,194500,26.5509,26.5509,26.5509,26.5509,189,0
IBIF.US,5,20250922,202500,26.56,26.56,26.56,26.56,100,0
IBIF.US,5,20250922,211000,26.5552,26.5552,26.5552,26.5552,376,0
IBIF.US,5,20250922,215500,26.56,26.56,26.56,26.56,200,0
IBIF.US,5,20250923,155000,26.547,26.547,26.547,26.547,1731,0
IBIF.US,5,20250923,162000,26.55,26.55,26.55,26.55,100,0
IBIF.US,5,20250923,162500,26.5495,26.5495,26.5495,26.5495,100,0
IBIF.US,5,20250923,164500,26.55,26.55,26.55,26.55,100,0
IBIF.US,5,20250923,172500,26.5542,26.5542,26.5542,26.5542,1883,0
IBIF.US,5,20250923,193500,26.58,26.58,26.58,26.58,100,0
IBIF.US,5,20250923,211500,26.57,26.58,26.57,26.5727,2634,0
IBIF.US,5,20250924,153000,26.5704,26.5704,26.5704,26.5704,114,0
IBIF.US,5,20250924,162500,26.57,26.57,26.57,26.57,100,0
IBIF.US,5,20250924,185500,26.57,26.57,26.57,26.57,100,0
IBIF.US,5,20250924,194000,26.57,26.57,26.57,26.57,100,0
IBIF.US,5,20250924,205500,26.565,26.565,26.565,26.565,2235,0
IBIF.US,5,20250924,215500,26.555,26.555,26.555,26.555,100,0
IBIF.US,5,20250925,155000,26.5051,26.5051,26.5051,26.5051,1320,0
IBIF.US,5,20250925,160500,26.5,26.5,26.5,26.5,200,0
IBIF.US,5,20250925,162500,26.51,26.51,26.51,26.51,172,0
IBIF.US,5,20250925,170000,26.5,26.5,26.5,26.5,100,0
IBIF.US,5,20250925,202000,26.5062,26.5062,26.5062,26.5062,811,0
IBIF.US,5,20250925,204000,26.51,26.51,26.51,26.51,100,0
IBIF.US,5,20250925,204500,26.5,26.5,26.5,26.5,1011,0
IBIF.US,5,20250925,205000,26.51,26.51,26.51,26.51,100,0
IBIF.US,5,20250926,155000,26.52,26.52,26.52,26.52,100,0
IBIF.US,5,20250926,160000,26.53,26.53,26.53,26.53,100,0
IBIF.US,5,20250926,160500,26.53,26.53,26.53,26.53,313,0
IBIF.US,5,20250926,161000,26.53,26.53,26.53,26.53,174,0
IBIF.US,5,20250926,161500,26.53,26.53,26.53,26.53,174,0
IBIF.US,5,20250926,162000,26.52,26.53,26.515,26.515,6870,0
IBIF.US,5,20250926,163000,26.53,26.53,26.53,26.53,174,0
IBIF.US,5,20250926,163500,26.53,26.53,26.53,26.53,414,0
IBIF.US,5,20250926,165500,26.525,26.53,26.525,26.525,369,0
IBIF.US,5,20250926,170000,26.525,26.525,26.525,26.525,122,0
IBIF.US,5,20250926,170500,26.525,26.5295,26.525,26.525,714,0
IBIF.US,5,20250926,171000,26.525,26.525,26.525,26.525,101,0
IBIF.US,5,20250926,172500,26.53,26.53,26.525,26.525,200,0
IBIF.US,5,20250926,180000,26.52,26.52,26.52,26.52,100,0
IBIF.US,5,20250926,184000,26.52,26.52,26.52,26.52,100,0
IBIF.US,5,20250926,191000,26.517,26.52,26.5145,26.5145,3771,0
IBIF.US,5,20250926,195000,26.52,26.52,26.52,26.52,100,0
IBIF.US,5,20250926,195500,26.5147,26.5147,26.5147,26.5147,365,0
IBIF.US,5,20250926,201000,26.5199,26.5199,26.5199,26.5199,260,0
IBIF.US,5,20250926,212500,26.5156,26.5156,26.5156,26.5156,250,0
IBIF.US,5,20250926,215500,26.52,26.52,26.52,26.52,129,0
IBIF.US,5,20250929,163500,26.5113,26.52,26.5113,26.52,350,0
IBIF.US,5,20250929,165000,26.5251,26.5251,26.5251,26.5251,234,0
IBIF.US,5,20250929,165500,26.53,26.53,26.53,26.53,207,0
IBIF.US,5,20250929,172500,26.53,26.53,26.53,26.53,100,0
IBIF.US,5,20250929,174500,26.51,26.51,26.51,26.51,1190,0
IBIF.US,5,20250929,192500,26.5194,26.5194,26.5194,26.5194,188,0
IBIF.US,5,20250929,193000,26.5296,26.5296,26.5296,26.5296,3800,0
IBIF.US,5,20250929,203000,26.525,26.525,26.525,26.525,200,0
IBIF.US,5,20250929,204000,26.5287,26.5287,26.525,26.525,3692,0
IBIF.US,5,20250929,204500,26.525,26.525,26.525,26.525,300,0
IBIF.US,5,20250929,205000,26.525,26.525,26.525,26.525,100,0
IBIF.US,5,20250929,205500,26.525,26.525,26.525,26.525,300,0
IBIF.US,5,20250929,210000,26.5264,26.5264,26.5264,26.5264,200,0
IBIF.US,5,20250929,210500,26.525,26.525,26.525,26.525,1357,0
IBIF.US,5,20250930,170000,26.55,26.55,26.55,26.55,100,0
IBIF.US,5,20250930,173000,26.5306,26.5306,26.5306,26.5306,200,0
IBIF.US,5,20250930,174500,26.53,26.53,26.525,26.53,2180,0
IBIF.US,5,20250930,182000,26.5209,26.5209,26.5209,26.5209,365,0
IBIF.US,5,20250930,182500,26.52,26.52,26.52,26.52,1884,0
IBIF.US,5,20250930,203000,26.535,26.535,26.535,26.535,1618,0
IBIF.US,5,20250930,203500,26.535,26.535,26.535,26.535,100,0
IBIF.US,5,20250930,215000,26.527,26.527,26.527,26.527,1320,0
IBIF.US,5,20250930,215500,26.525,26.525,26.525,26.525,100,0
IBIF.US,5,20251001,154000,26.313,26.313,26.313,26.313,147,0
IBIF.US,5,20251001,161000,26.315,26.3184,26.315,26.3184,479,0
IBIF.US,5,20251001,171500,26.31,26.31,26.31,26.31,1233,0
IBIF.US,5,20251001,172000,26.2972,26.2972,26.2972,26.2972,400,0
IBIF.US,5,20251001,173000,26.3,26.3,26.3,26.3,100,0
IBIF.US,5,20251001,180000,26.3,26.3,26.3,26.3,100,0
IBIF.US,5,20251001,181500,26.293,26.293,26.29,26.2905,2467,0
IBIF.US,5,20251001,182500,26.295,26.295,26.295,26.295,100,0
IBIF.US,5,20251001,183500,26.29,26.29,26.29,26.29,570,0
IBIF.US,5,20251001,185000,26.29,26.29,26.29,26.29,263,0
IBIF.US,5,20251001,191000,26.3,26.3,26.3,26.3,135,0
IBIF.US,5,20251001,200500,26.3099,26.3099,26.3099,26.3099,160,0
IBIF.US,5,20251001,201000,26.29,26.3,26.29,26.3,993,0
IBIF.US,5,20251001,204500,26.31,26.31,26.31,26.31,100,0
IBIF.US,5,20251001,210500,26.297,26.297,26.297,26.297,125,0
IBIF.US,5,20251001,211500,26.29,26.29,26.29,26.29,100,0
IBIF.US,5,20251001,214500,26.3,26.31,26.295,26.31,300,0
IBIF.US,5,20251002,153000,26.3,26.3,26.3,26.3,100,0
IBIF.US,5,20251002,153500,26.305,26.305,26.3,26.3,1800,0
IBIF.US,5,20251002,154500,26.3,26.3,26.3,26.3,225,0
IBIF.US,5,20251002,161000,26.2921,26.2921,26.2921,26.2921,190,0
IBIF.US,5,20251002,161500,26.29,26.29,26.29,26.29,150,0
IBIF.US,5,20251002,172000,26.2888,26.2888,26.2888,26.2888,170,0
IBIF.US,5,20251002,174500,26.2865,26.2865,26.2865,26.2865,100,0
IBIF.US,5,20251002,175500,26.285,26.285,26.285,26.285,261,0
IBIF.US,5,20251002,190500,26.31,26.31,26.31,26.31,100,0
IBIF.US,5,20251002,192000,26.2914,26.31,26.2914,26.31,1472,0
IBIF.US,5,20251002,195500,26.3,26.3,26.3,26.3,100,0
IBIF.US,5,20251002,215500,26.29,26.29,26.29,26.29,274,0
IBIF.US,5,20251003,160000,26.29,26.29,26.29,26.29,100,0
IBIF.US,5,20251003,162000,26.29,26.29,26.2865,26.2865,1051,0
IBIF.US,5,20251003,171000,26.29,26.29,26.29,26.29,100,0
IBIF.US,5,20251003,172000,26.2847,26.2847,26.2847,26.2847,486,0
IBIF.US,5,20251003,180500,26.29,26.29,26.29,26.29,100,0
IBIF.US,5,20251003,182000,26.29,26.29,26.29,26.29,100,0
IBIF.US,5,20251003,191000,26.29,26.29,26.29,26.29,100,0
IBIF.US,5,20251003,191500,26.2865,26.2865,26.2865,26.2865,267,0
IBIF.US,5,20251003,200000,26.285,26.285,26.285,26.285,100,0
IBIF.US,5,20251003,202500,26.285,26.285,26.285,26.285,100,0
IBIF.US,5,20251003,204500,26.2835,26.285,26.2835,26.2835,2496,0
IBIF.US,5,20251003,211000,26.285,26.285,26.285,26.285,476,0
IBIF.US,5,20251003,212500,26.285,26.285,26.285,26.285,100,0
IBIF.US,5,20251003,215000,26.28,26.28,26.28,26.28,876,0
IBIF.US,5,20251003,215500,26.28,26.28,26.28,26.28,100,0
IBIF.US,5,20251006,161000,26.2775,26.2775,26.2775,26.2775,113,0
IBIF.US,5,20251006,161500,26.27,26.27,26.27,26.27,100,0
IBIF.US,5,20251006,165000,26.27,26.27,26.27,26.27,3416,0
IBIF.US,5,20251006,170000,26.26,26.26,26.26,26.26,100,0
IBIF.US,5,20251006,172000,26.2494,26.2494,26.2494,26.2494,476,0
IBIF.US,5,20251006,180000,26.26,26.26,26.26,26.26,100,0
IBIF.US,5,20251006,192000,26.25,26.25,26.25,26.25,100,0
IBIF.US,5,20251006,193500,26.2401,26.2401,26.2401,26.2401,424,0
IBIF.US,5,20251006,195000,26.245,26.245,26.245,26.245,100,0
IBIF.US,5,20251006,201500,26.2435,26.2435,26.2435,26.2435,285,0
IBIF.US,5,20251006,202000,26.25,26.25,26.25,26.25,100,0
IBIF.US,5,20251006,204000,26.25,26.25,26.25,26.25,100,0
IBIF.US,5,20251006,210000,26.2435,26.2435,26.2435,26.2435,150,0
IBIF.US,5,20251006,214500,26.25,26.25,26.25,26.25,100,0
IBIF.US,5,20251006,215000,26.2447,26.2447,26.2447,26.2447,686,0
IBIF.US,5,20251006,215500,26.2493,26.3,26.2493,26.3,7140,0
IBIF.US,5,20251007,155500,26.2877,26.2877,26.26,26.26,7426,0
IBIF.US,5,20251007,160500,26.27,26.27,26.27,26.27,100,0
IBIF.US,5,20251007,163000,26.28,26.28,26.28,26.28,100,0
IBIF.US,5,20251007,163500,26.27,26.27,26.27,26.27,100,0
IBIF.US,5,20251007,164500,26.27,26.27,26.27,26.27,215,0
IBIF.US,5,20251007,165500,26.27,26.28,26.27,26.27,12915,0
IBIF.US,5,20251007,170000,26.275,26.275,26.27,26.27,200,0
IBIF.US,5,20251007,170500,26.27,26.29,26.27,26.29,8500,0
IBIF.US,5,20251007,171000,26.28,26.28,26.28,26.28,100,0
IBIF.US,5,20251007,171500,26.28,26.285,26.28,26.285,300,0
IBIF.US,5,20251007,172000,26.2955,26.2955,26.2955,26.2955,919,0
IBIF.US,5,20251007,173000,26.29,26.29,26.29,26.29,300,0
IBIF.US,5,20251007,174500,26.29,26.29,26.29,26.29,100,0
IBIF.US,5,20251007,175000,26.3,26.3,26.3,26.3,100,0
IBIF.US,5,20251007,180000,26.29,26.3,26.29,26.3,200,0
IBIF.US,5,20251007,181500,26.3,26.3,26.3,26.3,100,0
IBIF.US,5,20251007,182500,26.3,26.3,26.3,26.3,100,0
IBIF.US,5,20251007,183000,26.29,26.29,26.29,26.29,100,0
IBIF.US,5,20251007,184500,26.29,26.29,26.29,26.29,100,0
IBIF.US,5,20251007,190500,26.295,26.295,26.295,26.295,100,0
IBIF.US,5,20251007,192000,26.295,26.295,26.28,26.28,500,0
IBIF.US,5,20251007,193000,26.31,26.31,26.31,26.31,100,0
IBIF.US,5,20251007,194000,26.31,26.31,26.31,26.31,200,0
IBIF.US,5,20251007,195500,26.3,26.3,26.3,26.3,100,0
IBIF.US,5,20251007,200000,26.309,26.309,26.2905,26.2905,3258,0
IBIF.US,5,20251007,201000,26.31,26.31,26.31,26.31,200,0
IBIF.US,5,20251007,202500,26.31,26.31,26.31,26.31,100,0
IBIF.US,5,20251007,203500,26.31,26.31,26.31,26.31,100,0
IBIF.US,5,20251007,205000,26.28,26.31,26.28,26.3,4247,0
IBIF.US,5,20251007,210000,26.31,26.31,26.31,26.31,100,0
IBIF.US,5,20251007,211000,26.31,26.31,26.31,26.31,100,0
IBIF.US,5,20251007,211500,26.31,26.31,26.31,26.31,100,0
IBIF.US,5,20251007,212500,26.31,26.31,26.31,26.31,100,0
IBIF.US,5,20251007,213000,26.31,26.31,26.31,26.31,100,0
IBIF.US,5,20251007,214000,26.3,26.3,26.3,26.3,100,0
IBIF.US,5,20251007,214500,26.3,26.3,26.3,26.3,100,0
IBIF.US,5,20251007,215000,26.31,26.31,26.3,26.3,200,0
IBIF.US,5,20251007,215500,26.3,26.31,26.3,26.31,300,0
IBIF.US,5,20251008,160500,26.3005,26.3005,26.3005,26.3005,684,0
IBIF.US,5,20251008,165000,26.32,26.32,26.32,26.32,100,0
IBIF.US,5,20251008,180000,26.3004,26.3004,26.3004,26.3004,1174,0
IBIF.US,5,20251008,180500,26.3089,26.3089,26.3089,26.3089,208,0
IBIF.US,5,20251008,182000,26.31,26.31,26.31,26.31,100,0
IBIF.US,5,20251008,190500,26.31,26.31,26.31,26.31,100,0
IBIF.US,5,20251008,191000,26.3002,26.3002,26.3002,26.3002,201,0
IBIF.US,5,20251008,193000,26.31,26.31,26.31,26.31,100,0
IBIF.US,5,20251008,202500,26.31,26.31,26.31,26.31,100,0
IBIF.US,5,20251008,211000,26.3035,26.3035,26.3035,26.3035,200,0
IBIF.US,5,20251008,214500,26.3099,26.3099,26.3099,26.3099,950,0
IBIF.US,5,20251009,162500,26.3,26.3,26.3,26.3,100,0
IBIF.US,5,20251009,170500,26.3,26.3,26.3,26.3,180,0
IBIF.US,5,20251009,171000,26.3,26.3,26.3,26.3,180,0
IBIF.US,5,20251009,171500,26.3,26.3,26.3,26.3,270,0
IBIF.US,5,20251009,172000,26.3,26.3,26.3,26.3,270,0
IBIF.US,5,20251009,172500,26.3,26.3,26.3,26.3,360,0
IBIF.US,5,20251009,173000,26.287,26.287,26.287,26.287,1140,0
IBIF.US,5,20251009,173500,26.3,26.3,26.3,26.3,660,0
IBIF.US,5,20251009,174500,26.3,26.31,26.3,26.31,450,0
IBIF.US,5,20251009,175500,26.31,26.31,26.3,26.31,550,0
IBIF.US,5,20251009,180000,26.3,26.31,26.3,26.31,480,0
IBIF.US,5,20251009,181000,26.3,26.31,26.3,26.31,1310,0
IBIF.US,5,20251009,182000,26.31,26.31,26.31,26.31,400,0
IBIF.US,5,20251009,183000,26.31,26.31,26.31,26.31,450,0
IBIF.US,5,20251009,184000,26.31,26.31,26.3,26.31,400,0
IBIF.US,5,20251009,185000,26.3,26.31,26.3,26.31,460,0
IBIF.US,5,20251009,185500,26.3,26.3,26.3,26.3,100,0
IBIF.US,5,20251009,190000,26.3,26.3,26.29,26.29,684,0
IBIF.US,5,20251009,190500,26.29,26.29,26.29,26.29,100,0
IBIF.US,5,20251009,191000,26.29,26.29,26.29,26.29,460,0
IBIF.US,5,20251009,191500,26.285,26.29,26.285,26.29,209,0
IBIF.US,5,20251009,192500,26.29,26.29,26.29,26.29,370,0
IBIF.US,5,20251009,193000,26.29,26.29,26.29,26.29,270,0
IBIF.US,5,20251009,193500,26.29,26.29,26.29,26.29,550,0
IBIF.US,5,20251009,194000,26.29,26.29,26.29,26.29,360,0
IBIF.US,5,20251009,194500,26.285,26.29,26.285,26.29,280,0
IBIF.US,5,20251009,195000,26.29,26.29,26.29,26.29,100,0
IBIF.US,5,20251009,195500,26.2889,26.29,26.2865,26.2865,429,0
IBIF.US,5,20251009,200000,26.29,26.29,26.29,26.29,100,0
IBIF.US,5,20251009,211000,26.29,26.29,26.29,26.29,100,0
IBIF.US,5,20251009,212500,26.2889,26.2889,26.2889,26.2889,600,0
IBIF.US,5,20251009,215500,26.29,26.29,26.29,26.29,100,0
IBIF.US,5,20251010,162000,26.293,26.293,26.293,26.293,1138,0
IBIF.US,5,20251010,162500,26.31,26.31,26.31,26.31,100,0
IBIF.US,5,20251010,164000,26.29,26.2973,26.28,26.2973,670,0
IBIF.US,5,20251010,165500,26.31,26.31,26.31,26.31,100,0
IBIF.US,5,20251010,174500,26.33,26.33,26.33,26.33,100,0
IBIF.US,5,20251010,180000,26.3377,26.3377,26.3377,26.3377,122,0
IBIF.US,5,20251010,181500,26.325,26.3357,26.325,26.3357,3341,0
IBIF.US,5,20251010,184000,26.3299,26.3299,26.3299,26.3299,1405,0
IBIF.US,5,20251010,193000,26.34,26.34,26.34,26.34,100,0
IBIF.US,5,20251010,200000,26.3445,26.3445,26.3445,26.3445,1495,0
IBIF.US,5,20251010,203500,26.35,26.35,26.35,26.35,100,0
IBIF.US,5,20251013,184500,26.3088,26.3088,26.3088,26.3088,760,0
IBIF.US,5,20251013,193000,26.32,26.32,26.32,26.32,100,0
IBIF.US,5,20251013,201500,26.32,26.32,26.32,26.32,100,0
IBIF.US,5,20251013,215500,26.32,26.32,26.32,26.32,492,0
IBIF.US,5,20251014,153000,26.35,26.35,26.35,26.35,100,0
IBIF.US,5,20251014,170000,26.35,26.35,26.35,26.35,100,0
IBIF.US,5,20251014,181000,26.3362,26.3362,26.3362,26.3362,1138,0
IBIF.US,5,20251014,201000,26.3557,26.3557,26.3557,26.3557,690,0
IBIF.US,5,20251014,201500,26.37,26.37,26.37,26.37,100,0
IBIF.US,5,20251014,205000,26.37,26.37,26.37,26.37,100,0
IBIF.US,5,20251014,210500,26.3532,26.3532,26.3532,26.3532,379,0
IBIF.US,5,20251014,211000,26.37,26.37,26.37,26.37,100,0
IBIF.US,5,20251014,214000,26.37,26.37,26.37,26.37,100,0
IBIF.US,5,20251015,160500,26.3796,26.3796,26.3608,26.3608,2000,0
IBIF.US,5,20251015,161500,26.38,26.38,26.38,26.38,100,0
IBIF.US,5,20251015,170500,26.3668,26.3668,26.3668,26.3668,128,0
IBIF.US,5,20251015,173500,26.37,26.37,26.37,26.37,100,0
IBIF.US,5,20251015,190500,26.355,26.355,26.355,26.355,1546,0
IBIF.US,5,20251015,192000,26.35,26.35,26.35,26.35,400,0
IBIF.US,5,20251015,192500,26.3581,26.3581,26.3581,26.3581,233,0
IBIF.US,5,20251015,194500,26.3585,26.3585,26.3585,26.3585,379,0
IBIF.US,5,20251015,195500,26.355,26.355,26.355,26.355,100,0
IBIF.US,5,20251015,204000,26.351,26.351,26.351,26.351,110,0
IBIF.US,5,20251015,215000,26.355,26.355,26.355,26.355,100,0
IBIF.US,5,20251015,215500,26.355,26.355,26.355,26.355,128,0
IBIF.US,5,20251016,153500,26.35,26.35,26.35,26.35,1800,0
IBIF.US,5,20251016,155000,26.335,26.335,26.335,26.335,742,0
IBIF.US,5,20251016,155500,26.3365,26.3365,26.3365,26.3365,150,0
IBIF.US,5,20251016,160000,26.35,26.35,26.345,26.345,5021,0
IBIF.US,5,20251016,160500,26.35,26.35,26.35,26.35,100,0
IBIF.US,5,20251016,161500,26.35,26.35,26.35,26.35,100,0
IBIF.US,5,20251016,164500,26.3473,26.3473,26.3473,26.3473,1951,0
IBIF.US,5,20251016,170000,26.35,26.35,26.35,26.35,100,0
IBIF.US,5,20251016,175500,26.37,26.37,26.37,26.37,100,0
IBIF.US,5,20251016,205500,26.373,26.373,26.373,26.373,119,0
IBIF.US,5,20251016,211000,26.39,26.39,26.39,26.39,100,0
IBIF.US,5,20251017,154000,26.3827,26.3827,26.3827,26.3827,1894,0
IBIF.US,5,20251017,161500,26.38,26.38,26.38,26.38,100,0
IBIF.US,5,20251017,171500,26.3799,26.3799,26.3799,26.3799,400,0
IBIF.US,5,20251017,192500,26.37,26.37,26.37,26.37,100,0
IBIF.US,5,20251017,200000,26.365,26.365,26.365,26.365,147,0
IBIF.US,5,20251017,201000,26.365,26.365,26.365,26.365,238,0
IBIF.US,5,20251017,201500,26.3697,26.3697,26.3697,26.3697,254,0
IBIF.US,5,20251017,202000,26.3697,26.3697,26.3697,26.3697,100,0
IBIF.US,5,20251017,202500,26.37,26.37,26.37,26.37,100,0
IBIF.US,5,20251017,210000,26.3665,26.3665,26.3665,26.3665,387,0
IBIF.US,5,20251017,212000,26.37,26.37,26.37,26.37,100,0
IBIF.US,5,20251017,213500,26.3699,26.3699,26.3699,26.3699,1896,0
IBIF.US,5,20251020,153000,26.37,26.37,26.3505,26.3505,3768,0
IBIF.US,5,20251020,153500,26.37,26.37,26.355,26.355,1850,0
IBIF.US,5,20251020,160500,26.37,26.37,26.37,26.37,100,0
IBIF.US,5,20251020,161000,26.3612,26.3612,26.3612,26.3612,1896,0
IBIF.US,5,20251020,161500,26.3438,26.3438,26.3438,26.3438,1000,0
IBIF.US,5,20251020,162000,26.35,26.35,26.35,26.35,123,0
IBIF.US,5,20251020,162500,26.35,26.35,26.35,26.35,1000,0
IBIF.US,5,20251020,164000,26.36,26.36,26.36,26.36,100,0
IBIF.US,5,20251020,181000,26.36,26.365,26.357,26.357,3034,0
IBIF.US,5,20251020,193500,26.36,26.36,26.36,26.36,100,0
IBIF.US,5,20251020,202000,26.3544,26.3544,26.3544,26.3544,100,0
IBIF.US,5,20251020,210500,26.36,26.36,26.3504,26.3504,2053,0
IBIF.US,5,20251020,213500,26.36,26.36,26.36,26.36,100,0
IBIF.US,5,20251021,160000,26.395,26.395,26.395,26.395,232,0
IBIF.US,5,20251021,162000,26.4,26.4,26.4,26.4,100,0
IBIF.US,5,20251021,163500,26.408,26.408,26.3905,26.3905,400,0
IBIF.US,5,20251021,171000,26.3971,26.3971,26.3971,26.3971,200,0
IBIF.US,5,20251021,175000,26.38,26.38,26.38,26.38,208,0
IBIF.US,5,20251021,182500,26.3888,26.3888,26.3888,26.3888,602,0
IBIF.US,5,20251021,184000,26.39,26.39,26.39,26.39,200,0
IBIF.US,5,20251021,192000,26.4,26.4,26.4,26.4,100,0
IBIF.US,5,20251021,201000,26.395,26.395,26.395,26.395,800,0
IBIF.US,5,20251021,203000,26.395,26.395,26.395,26.395,100,0
IBIF.US,5,20251021,204000,26.39,26.395,26.39,26.395,680,0
IBIF.US,5,20251021,212500,26.4,26.4,26.4,26.4,100,0
IBIF.US,5,20251022,160000,26.4,26.4,26.3998,26.4,328,0
IBIF.US,5,20251022,162500,26.3844,26.3844,26.3844,26.3844,100,0
IBIF.US,5,20251022,164000,26.39,26.39,26.39,26.39,100,0
IBIF.US,5,20251022,171000,26.4,26.4,26.4,26.4,114,0
IBIF.US,5,20251022,180000,26.39,26.39,26.39,26.39,190,0
IBIF.US,5,20251022,181000,26.39,26.39,26.3858,26.3858,2150,0
IBIF.US,5,20251022,190500,26.4,26.4,26.4,26.4,100,0
IBIF.US,5,20251022,205000,26.4076,26.4076,26.4076,26.4076,2126,0
IBIF.US,5,20251022,215500,26.42,26.43,26.41,26.41,640,0
IBIF.US,5,20251023,160000,26.42,26.42,26.42,26.42,115,0
IBIF.US,5,20251023,160500,26.41,26.41,26.41,26.41,100,0
IBIF.US,5,20251023,161500,26.4058,26.4058,26.4058,26.4058,302,0
IBIF.US,5,20251023,170500,26.4035,26.42,26.4035,26.4035,3127,0
IBIF.US,5,20251023,172000,26.4,26.4,26.4,26.4,200,0
IBIF.US,5,20251023,175000,26.41,26.41,26.41,26.41,100,0
IBIF.US,5,20251023,181000,26.4044,26.4044,26.4,26.4,478,0
IBIF.US,5,20251023,184500,26.4,26.4,26.4,26.4,100,0
IBIF.US,5,20251023,193000,26.395,26.395,26.395,26.395,100,0
IBIF.US,5,20251023,195500,26.3958,26.3958,26.3958,26.3958,1000,0
IBIF.US,5,20251023,202000,26.3999,26.3999,26.3999,26.3999,145,0
IBIF.US,5,20251023,211000,26.3902,26.3902,26.3902,26.3902,1129,0
IBIF.US,5,20251023,213000,26.39,26.39,26.39,26.39,100,0
IBIF.US,5,20251023,215500,26.39,26.39,26.38,26.38,1307,0
IBIF.US,5,20251024,155000,26.36,26.36,26.36,26.36,100,0
IBIF.US,5,20251024,155500,26.3695,26.3695,26.3695,26.3695,607,0
IBIF.US,5,20251024,160000,26.3697,26.3697,26.3697,26.3697,114,0
IBIF.US,5,20251024,163000,26.3631,26.3631,26.3631,26.3631,159,0
IBIF.US,5,20251024,165000,26.39,26.39,26.39,26.39,100,0
IBIF.US,5,20251024,171500,26.38,26.38,26.38,26.38,1763,0
IBIF.US,5,20251024,190000,26.3688,26.3688,26.3688,26.3688,552,0
IBIF.US,5,20251024,194000,26.3688,26.3688,26.3688,26.3688,200,0
IBIF.US,5,20251024,194500,26.3798,26.3798,26.3798,26.3798,400,0
IBIF.US,5,20251024,195500,26.3799,26.3799,26.3799,26.3799,100,0
IBIF.US,5,20251024,202000,26.3783,26.3783,26.3783,26.3783,100,0
IBIF.US,5,20251024,204500,26.37,26.37,26.37,26.37,200,0
IBIF.US,5,20251024,205500,26.38,26.38,26.38,26.38,100,0
IBIF.US,5,20251024,211000,26.3798,26.3798,26.37,26.375,2444,0
IBIF.US,5,20251024,212500,26.3716,26.3716,26.3716,26.3716,102,0
IBIF.US,5,20251024,213500,26.38,26.38,26.38,26.38,100,0
IBIF.US,5,20251027,145500,26.355,26.355,26.35,26.35,1034,0
IBIF.US,5,20251027,150000,26.34,26.34,26.34,26.34,100,0
IBIF.US,5,20251027,152500,26.347,26.347,26.347,26.347,100,0
IBIF.US,5,20251027,155000,26.36,26.36,26.36,26.36,100,0
IBIF.US,5,20251027,155500,26.35,26.35,26.35,26.35,108,0
IBIF.US,5,20251027,160500,26.336,26.341,26.336,26.341,1594,0
IBIF.US,5,20251027,165500,26.34,26.35,26.34,26.35,250,0
IBIF.US,5,20251027,170500,26.36,26.36,26.36,26.36,400,0
IBIF.US,5,20251027,172500,26.334,26.334,26.334,26.334,454,0
IBIF.US,5,20251027,173000,26.35,26.3578,26.35,26.3578,2773,0
IBIF.US,5,20251027,174000,26.36,26.36,26.36,26.36,100,0
IBIF.US,5,20251027,180500,26.3599,26.3599,26.3599,26.3599,1400,0
IBIF.US,5,20251027,181500,26.35,26.35,26.35,26.35,100,0
IBIF.US,5,20251027,185500,26.35,26.35,26.35,26.35,100,0
IBIF.US,5,20251027,191500,26.355,26.355,26.355,26.355,2845,0
IBIF.US,5,20251027,192500,26.35,26.35,26.35,26.35,100,0
IBIF.US,5,20251027,193000,26.35,26.35,26.35,26.35,100,0
IBIF.US,5,20251027,202500,26.35,26.35,26.35,26.35,100,0
IBIF.US,5,20251027,204500,26.35,26.35,26.35,26.35,100,0
IBIF.US,5,20251027,205500,26.36,26.36,26.35,26.35,897,0
IBIF.US,5,20251028,151500,26.34,26.34,26.34,26.34,100,0
IBIF.US,5,20251028,163500,26.35,26.35,26.35,26.35,4743,0
IBIF.US,5,20251028,172000,26.3412,26.3412,26.3412,26.3412,1550,0
IBIF.US,5,20251028,172500,26.345,26.345,26.345,26.345,1518,0
IBIF.US,5,20251028,173000,26.35,26.35,26.35,26.35,100,0
IBIF.US,5,20251028,174500,26.345,26.345,26.345,26.345,529,0
IBIF.US,5,20251028,175000,26.345,26.345,26.345,26.345,271,0
IBIF.US,5,20251028,180000,26.345,26.345,26.345,26.345,223,0
IBIF.US,5,20251028,180500,26.345,26.345,26.345,26.345,210,0
IBIF.US,5,20251028,181000,26.35,26.35,26.35,26.35,224,0
IBIF.US,5,20251028,181500,26.35,26.35,26.35,26.35,100,0
IBIF.US,5,20251028,182000,26.345,26.35,26.345,26.345,539,0
IBIF.US,5,20251028,182500,26.35,26.35,26.35,26.35,100,0
IBIF.US,5,20251028,183000,26.35,26.35,26.35,26.35,789,0
IBIF.US,5,20251028,183500,26.35,26.35,26.35,26.35,115,0
IBIF.US,5,20251028,184000,26.35,26.35,26.35,26.35,100,0
IBIF.US,5,20251028,184500,26.35,26.35,26.35,26.35,100,0
IBIF.US,5,20251028,185000,26.3494,26.3494,26.3494,26.3494,2320,0
IBIF.US,5,20251028,195500,26.345,26.345,26.345,26.345,590,0
IBIF.US,5,20251028,203500,26.3412,26.3412,26.3412,26.3412,800,0
IBIF.US,5,20251029,152500,26.34,26.34,26.34,26.34,100,0
IBIF.US,5,20251029,155000,26.345,26.345,26.345,26.345,100,0
IBIF.US,5,20251029,163500,26.34,26.34,26.34,26.34,200,0
IBIF.US,5,20251029,170500,26.3421,26.3421,26.3421,26.3421,1138,0
IBIF.US,5,20251029,175000,26.345,26.345,26.345,26.345,379,0
IBIF.US,5,20251029,182000,26.34,26.34,26.34,26.34,300,0
IBIF.US,5,20251029,183000,26.345,26.345,26.345,26.345,100,0
IBIF.US,5,20251029,183500,26.34,26.34,26.325,26.325,1910,0
IBIF.US,5,20251029,194000,26.3,26.3,26.27,26.27,300,0
IBIF.US,5,20251029,200500,26.2574,26.2574,26.2574,26.2574,612,0
IBIF.US,5,20251029,202000,26.2699,26.2699,26.2699,26.2699,697,0
IBIF.US,5,20251029,205500,26.255,26.255,26.255,26.255,626,0
IBIF.US,5,20251030,160000,26.23,26.23,26.23,26.23,4730,0
IBIF.US,5,20251030,192000,26.2446,26.2446,26.2446,26.2446,114,0
IBIF.US,5,20251030,195500,26.24,26.24,26.23,26.24,1124,0
IBIF.US,5,20251031,144500,26.255,26.255,26.255,26.255,319,0
IBIF.US,5,20251031,152000,26.27,26.27,26.27,26.27,100,0
IBIF.US,5,20251031,153000,26.2729,26.2729,26.2729,26.2729,381,0
IBIF.US,5,20251031,162000,26.2705,26.2705,26.2705,26.2705,277,0
IBIF.US,5,20251031,172500,26.2798,26.2798,26.2798,26.2798,400,0
IBIF.US,5,20251031,181500,26.267,26.267,26.267,26.267,1779,0
IBIF.US,5,20251031,193000,26.2764,26.2764,26.2764,26.2764,1031,0
IBIF.US,5,20251031,194500,26.2754,26.2754,26.2754,26.2754,390,0
IBIF.US,5,20251103,154500,26.2502,26.2502,26.2502,26.2502,3319,0
IBIF.US,5,20251103,160500,26.29,26.29,26.29,26.29,100,0
IBIF.US,5,20251103,173000,26.26,26.28,26.251,26.2749,3189,0
IBIF.US,5,20251103,175500,26.2899,26.2899,26.2899,26.2899,760,0
IBIF.US,5,20251103,184000,26.28,26.28,26.28,26.28,100,0
IBIF.US,5,20251103,184500,26.2707,26.2707,26.2707,26.2707,2000,0
IBIF.US,5,20251103,190500,26.27,26.28,26.26,26.26,6046,0
IBIF.US,5,20251103,192500,26.28,26.28,26.2721,26.28,9000,0
IBIF.US,5,20251103,193000,26.2711,26.2711,26.2711,26.2711,3805,0
IBIF.US,5,20251103,193500,26.275,26.275,26.275,26.275,100,0
IBIF.US,5,20251103,194500,26.275,26.275,26.275,26.275,100,0
IBIF.US,5,20251103,201000,26.275,26.275,26.275,26.275,100,0
IBIF.US,5,20251103,202000,26.27,26.27,26.27,26.27,114,0
IBIF.US,5,20251103,214500,26.28,26.2899,26.28,26.2899,484,0
IBIF.US,5,20251104,154000,26.2991,26.2991,26.2991,26.2991,105,0
IBIF.US,5,20251104,160500,26.3,26.3,26.3,26.3,100,0
IBIF.US,5,20251104,182000,26.3,26.3,26.3,26.3,1800,0
IBIF.US,5,20251104,183000,26.31,26.31,26.31,26.31,100,0
IBIF.US,5,20251104,185500,26.31,26.31,26.31,26.31,100,0
IBIF.US,5,20251104,191000,26.3,26.3,26.3,26.3,109,0
IBIF.US,5,20251104,204000,26.29,26.29,26.29,26.29,2000,0
IBIF.US,5,20251105,161000,26.26,26.26,26.26,26.26,100,0
IBIF.US,5,20251105,164500,26.27,26.27,26.27,26.27,100,0
IBIF.US,5,20251105,173000,26.26,26.26,26.26,26.26,951,0
IBIF.US,5,20251105,193500,26.26,26.26,26.26,26.26,100,0
IBIF.US,5,20251105,201000,26.25,26.25,26.25,26.25,200,0
IBIF.US,5,20251105,202500,26.2357,26.25,26.2357,26.2374,6510,0
IBIF.US,5,20251105,210000,26.25,26.25,26.25,26.25,100,0
IBIF.US,5,20251105,213500,26.24,26.24,26.24,26.24,2857,0
IBIF.US,5,20251106,160000,26.29,26.29,26.29,26.29,100,0
IBIF.US,5,20251106,162000,26.275,26.275,26.275,26.275,240,0
IBIF.US,5,20251106,165500,26.29,26.29,26.29,26.29,100,0
IBIF.US,5,20251106,185000,26.28,26.3,26.28,26.29,29436,0
IBIF.US,5,20251106,195000,26.2795,26.2795,26.2795,26.2795,186,0
IBIF.US,5,20251106,195500,26.29,26.29,26.275,26.275,746,0
IBIF.US,5,20251106,202000,26.29,26.29,26.29,26.29,100,0
IBIF.US,5,20251106,205000,26.277,26.277,26.277,26.277,342,0
IBIF.US,5,20251107,154500,26.26,26.26,26.26,26.26,100,0
IBIF.US,5,20251107,160500,26.2799,26.2799,26.2799,26.2799,266,0
IBIF.US,5,20251107,162000,26.265,26.265,26.265,26.265,735,0
IBIF.US,5,20251107,162500,26.265,26.27,26.265,26.2699,835,0
IBIF.US,5,20251107,164500,26.29,26.29,26.29,26.29,100,0
IBIF.US,5,20251107,175000,26.2977,26.2977,26.2977,26.2977,127,0
IBIF.US,5,20251107,182000,26.285,26.285,26.285,26.285,191,0
IBIF.US,5,20251107,184000,26.3,26.3,26.3,26.3,100,0
IBIF.US,5,20251107,214000,26.3,26.3,26.3,26.3,100,0
IBIF.US,5,20251110,160000,26.29,26.29,26.29,26.29,100,0
IBIF.US,5,20251110,161500,26.298,26.298,26.298,26.298,900,0
IBIF.US,5,20251110,180500,26.2723,26.2723,26.2723,26.2723,3000,0
IBIF.US,5,20251110,182500,26.275,26.275,26.275,26.275,3615,0
IBIF.US,5,20251110,202000,26.279,26.279,26.279,26.279,760,0
IBIF.US,5,20251110,205000,26.28,26.28,26.28,26.28,100,0
IBIF.US,5,20251110,213500,26.28,26.28,26.28,26.28,129,0
IBIF.US,5,20251111,162500,26.33,26.33,26.33,26.33,100,0
IBIF.US,5,20251111,163500,26.3386,26.3386,26.3386,26.3386,192,0
IBIF.US,5,20251111,170000,26.331,26.331,26.331,26.331,3200,0
IBIF.US,5,20251111,171000,26.3399,26.3399,26.3399,26.3399,2848,0
IBIF.US,5,20251111,184500,26.316,26.316,26.316,26.316,357,0
IBIF.US,5,20251111,191500,26.33,26.33,26.3275,26.3275,600,0
IBIF.US,5,20251111,203500,26.34,26.34,26.34,26.34,100,0
IBIF.US,5,20251111,205000,26.3235,26.3235,26.3235,26.3235,155,0
IBIF.US,5,20251111,212000,26.3286,26.3286,26.3286,26.3286,800,0
IBIF.US,5,20251112,160000,26.32,26.32,26.32,26.32,100,0
IBIF.US,5,20251112,174000,26.318,26.318,26.318,26.318,1900,0
IBIF.US,5,20251112,174500,26.31,26.31,26.31,26.31,100,0
IBIF.US,5,20251112,185500,26.3013,26.3013,26.3013,26.3013,164,0
IBIF.US,5,20251112,190500,26.32,26.32,26.32,26.32,100,0
IBIF.US,5,20251112,193500,26.32,26.32,26.32,26.32,100,0
IBIF.US,5,20251112,201500,26.307,26.307,26.307,26.307,1800,0
IBIF.US,5,20251112,212500,26.31,26.31,26.31,26.31,100,0
IBIF.US,5,20251112,213500,26.305,26.305,26.305,26.305,100,0
IBIF.US,5,20251113,153000,26.29,26.29,26.29,26.29,100,0
IBIF.US,5,20251113,154000,26.3,26.3,26.3,26.3,100,0
IBIF.US,5,20251113,162500,26.2935,26.2935,26.2935,26.2935,1467,0
IBIF.US,5,20251113,173500,26.2935,26.2935,26.2935,26.2935,400,0
IBIF.US,5,20251113,175500,26.3,26.3,26.3,26.3,100,0
IBIF.US,5,20251113,191000,26.2945,26.295,26.2945,26.295,920,0
IBIF.US,5,20251113,192500,26.295,26.295,26.295,26.295,423,0
IBIF.US,5,20251113,193500,26.3,26.3,26.3,26.3,100,0
IBIF.US,5,20251113,213000,26.295,26.295,26.295,26.295,100,0
IBIF.US,5,20251113,214500,26.295,26.295,26.295,26.295,200,0
IBIF.US,5,20251114,154000,26.3016,26.3016,26.3016,26.3016,900,0
IBIF.US,5,20251114,160000,26.31,26.31,26.31,26.31,100,0
IBIF.US,5,20251114,162500,26.29,26.29,26.29,26.29,459,0
IBIF.US,5,20251114,165000,26.2951,26.2951,26.2951,26.2951,209,0
IBIF.US,5,20251114,170500,26.3,26.3,26.3,26.3,338,0
IBIF.US,5,20251114,181000,26.295,26.295,26.29,26.29,2952,0
IBIF.US,5,20251114,184000,26.295,26.295,26.295,26.295,100,0
IBIF.US,5,20251114,203000,26.2964,26.2964,26.2601,26.2601,1254,0
IBIF.US,5,20251114,204500,26.28,26.28,26.28,26.28,100,0
IBIF.US,5,20251117,154500,26.29,26.29,26.29,26.29,100,0
IBIF.US,5,20251117,175000,26.28,26.28,26.275,26.275,8477,0
IBIF.US,5,20251117,181000,26.275,26.275,26.275,26.275,500,0
IBIF.US,5,20251117,183000,26.275,26.275,26.275,26.275,200,0
IBIF.US,5,20251117,202500,26.275,26.275,26.2703,26.2703,301,0
IBIF.US,5,20251117,203000,26.28,26.28,26.28,26.28,100,0
IBIF.US,5,20251117,205500,26.27,26.275,26.27,26.275,290,0
IBIF.US,5,20251117,210500,26.28,26.28,26.28,26.28,100,0
IBIF.US,5,20251117,212500,26.27,26.27,26.27,26.27,228,0
IBIF.US,5,20251117,215500,26.27,26.27,26.27,26.27,318,0
IBIF.US,5,20251118,155500,26.3,26.3,26.3,26.3,100,0
IBIF.US,5,20251118,182500,26.295,26.295,26.295,26.295,100,0
IBIF.US,5,20251118,184500,26.29,26.29,26.29,26.29,200,0
IBIF.US,5,20251118,192000,26.28,26.28,26.28,26.28,100,0
IBIF.US,5,20251118,205000,26.2882,26.2882,26.2845,26.2845,1201,0
IBIF.US,5,20251118,215000,26.29,26.29,26.29,26.29,200,0
IBIF.US,5,20251119,161000,26.29,26.29,26.29,26.29,100,0
IBIF.US,5,20251119,190000,26.2872,26.2872,26.2872,26.2872,2000,0
IBIF.US,5,20251120,160000,26.31,26.31,26.31,26.31,100,0
IBIF.US,5,20251120,182500,26.31,26.31,26.3099,26.3099,293,0
IBIF.US,5,20251120,184000,26.31,26.31,26.31,26.31,100,0
IBIF.US,5,20251120,201000,26.295,26.295,26.295,26.295,136,0
IBIF.US,5,20251120,202000,26.295,26.295,26.295,26.295,143,0
IBIF.US,5,20251120,202500,26.295,26.295,26.295,26.295,388,0
IBIF.US,5,20251120,203000,26.295,26.295,26.295,26.295,125,0
IBIF.US,5,20251120,203500,26.295,26.295,26.295,26.295,223,0
IBIF.US,5,20251120,204000,26.29,26.295,26.29,26.295,251,0
IBIF.US,5,20251120,204500,26.295,26.295,26.29,26.29,6020,0
IBIF.US,5,20251120,205000,26.28,26.28,26.28,26.28,108,0
IBIF.US,5,20251120,205500,26.28,26.28,26.28,26.28,108,0
IBIF.US,5,20251120,210500,26.29,26.29,26.29,26.29,100,0
IBIF.US,5,20251121,154000,26.32,26.32,26.32,26.32,100,0
IBIF.US,5,20251121,163500,26.32,26.32,26.32,26.32,100,0
IBIF.US,5,20251121,165500,26.32,26.32,26.31,26.31,1500,0
IBIF.US,5,20251121,182500,26.3159,26.3159,26.3159,26.3159,446,0
IBIF.US,5,20251121,184000,26.315,26.315,26.315,26.315,100,0
IBIF.US,5,20251121,190500,26.315,26.315,26.315,26.315,7659,0
IBIF.US,5,20251121,211500,26.3184,26.3184,26.3184,26.3184,685,0
IBIF.US,5,20251124,154000,26.34,26.34,26.34,26.34,100,0
IBIF.US,5,20251124,154500,26.34,26.34,26.32,26.32,7394,0
IBIF.US,5,20251124,155000,26.32,26.32,26.32,26.32,114,0
IBIF.US,5,20251124,164000,26.315,26.315,26.315,26.315,115,0
IBIF.US,5,20251124,165000,26.3178,26.3178,26.3178,26.3178,258,0
IBIF.US,5,20251124,170000,26.3199,26.3199,26.3199,26.3199,189,0
IBIF.US,5,20251124,175500,26.33,26.33,26.33,26.33,100,0
IBIF.US,5,20251124,192000,26.32,26.32,26.32,26.32,1063,0
IBIF.US,5,20251124,202500,26.317,26.317,26.317,26.317,1180,0
IBIF.US,5,20251124,214500,26.3205,26.3205,26.3205,26.3205,100,0
IBIF.US,5,20251125,154500,26.3073,26.3073,26.3073,26.3073,301,0
IBIF.US,5,20251125,160000,26.32,26.32,26.32,26.32,100,0
IBIF.US,5,20251125,173000,26.315,26.315,26.315,26.315,500,0
IBIF.US,5,20251125,173500,26.315,26.315,26.315,26.315,446,0
IBIF.US,5,20251125,180500,26.315,26.315,26.315,26.315,1060,0
IBIF.US,5,20251125,185000,26.33,26.33,26.33,26.33,104,0
IBIF.US,5,20251125,194000,26.3334,26.3334,26.3334,26.3334,763,0
IBIF.US,5,20251125,200500,26.35,26.35,26.35,26.35,100,0
IBIF.US,5,20251125,204000,26.35,26.35,26.35,26.35,100,0
IBIF.US,5,20251125,214500,26.335,26.335,26.335,26.335,100,0
IBIF.US,5,20251125,215500,26.335,26.335,26.335,26.335,100,0
IBIF.US,5,20251126,154000,26.3344,26.3344,26.3344,26.3344,2056,0
IBIF.US,5,20251126,160500,26.33,26.33,26.33,26.33,100,0
IBIF.US,5,20251126,164500,26.3363,26.3363,26.3363,26.3363,3760,0
IBIF.US,5,20251126,170500,26.34,26.34,26.34,26.34,100,0
IBIF.US,5,20251126,172500,26.337,26.337,26.337,26.337,182,0
IBIF.US,5,20251126,173500,26.35,26.35,26.3432,26.3432,920,0
IBIF.US,5,20251126,175000,26.3408,26.3408,26.3408,26.3408,500,0
IBIF.US,5,20251126,175500,26.3408,26.3408,26.3408,26.3408,500,0
IBIF.US,5,20251126,180000,26.3599,26.3599,26.3599,26.3599,1214,0
IBIF.US,5,20251126,181000,26.3374,26.36,26.3374,26.36,330,0
IBIF.US,5,20251126,182500,26.3542,26.3542,26.3542,26.3542,235,0
IBIF.US,5,20251126,185500,26.345,26.345,26.345,26.345,304,0
IBIF.US,5,20251126,190500,26.36,26.36,26.36,26.36,100,0
IBIF.US,5,20251126,192500,26.35,26.35,26.35,26.35,904,0
IBIF.US,5,20251126,194500,26.36,26.36,26.36,26.36,100,0
IBIF.US,5,20251126,195000,26.353,26.353,26.353,26.353,155,0
IBIF.US,5,20251126,202500,26.3472,26.3472,26.3472,26.3472,894,0
IBIF.US,5,20251126,210500,26.37,26.37,26.37,26.37,100,0
IBIF.US,5,20251126,214500,26.3505,26.3505,26.3505,26.3505,278,0
IBIF.US,5,20251128,155500,26.3772,26.3772,26.3772,26.3772,871,0
IBIF.US,5,20251128,162500,26.3508,26.37,26.3508,26.37,1873,0
IBIF.US,5,20251201,154500,26.32,26.32,26.32,26.32,100,0
IBIF.US,5,20251201,171500,26.31,26.31,26.31,26.31,100,0
IBIF.US,5,20251201,173500,26.3221,26.3221,26.3221,26.3221,950,0
IBIF.US,5,20251201,174000,26.315,26.315,26.315,26.315,100,0
IBIF.US,5,20251201,181000,26.32,26.32,26.32,26.32,100,0
IBIF.US,5,20251201,182500,26.32,26.32,26.32,26.32,5699,0
IBIF.US,5,20251201,192500,26.32,26.32,26.32,26.32,100,0
IBIF.US,5,20251201,194500,26.3182,26.3182,26.3182,26.3182,418,0
IBIF.US,5,20251201,204500,26.3161,26.3161,26.315,26.315,1150,0
IBIF.US,5,20251201,205500,26.3161,26.3161,26.315,26.315,800,0
IBIF.US,5,20251201,210000,26.31,26.31,26.31,26.31,189,0
IBIF.US,5,20251201,210500,26.3162,26.3162,26.3162,26.3162,100,0
IBIF.US,5,20251201,214000,26.315,26.315,26.315,26.315,100,0
IBIF.US,5,20251201,215500,26.31,26.31,26.31,26.31,100,0
IBIF.US,5,20251202,165500,26.33,26.33,26.33,26.33,100,0
IBIF.US,5,20251202,175000,26.3126,26.3126,26.3126,26.3126,2133,0
IBIF.US,5,20251202,184000,26.32,26.32,26.32,26.32,100,0
IBIF.US,5,20251202,193500,26.309,26.309,26.309,26.309,385,0
IBIF.US,5,20251202,205500,26.3082,26.3082,26.3082,26.3082,152,0
IBIF.US,5,20251203,153500,26.35,26.35,26.35,26.35,100,0
IBIF.US,5,20251203,160000,26.35,26.35,26.35,26.35,100,0
IBIF.US,5,20251203,164500,26.325,26.325,26.325,26.325,2277,0
IBIF.US,5,20251203,201500,26.35,26.35,26.3448,26.3448,350,0
IBIF.US,5,20251203,211500,26.3435,26.3435,26.3435,26.3435,152,0
IBIF.US,5,20251204,153000,26.34,26.34,26.34,26.34,100,0
IBIF.US,5,20251204,161500,26.34,26.34,26.34,26.34,100,0
IBIF.US,5,20251204,162500,26.321,26.321,26.321,26.321,100,0
IBIF.US,5,20251204,192000,26.32,26.32,26.32,26.32,216,0
IBIF.US,5,20251204,194000,26.3305,26.3305,26.3305,26.3305,949,0
IBIF.US,5,20251204,203500,26.32,26.32,26.32,26.32,304,0
IBIF.US,5,20251204,205500,26.3283,26.3283,26.3283,26.3283,229,0
IBIF.US,5,20251204,211000,26.34,26.34,26.34,26.34,100,0
IBIF.US,5,20251204,212000,26.3323,26.3323,26.3323,26.3323,379,0
IBIF.US,5,20251205,160000,26.35,26.35,26.35,26.35,100,0
IBIF.US,5,20251205,165500,26.32,26.32,26.32,26.32,100,0
IBIF.US,5,20251205,175000,26.34,26.34,26.33,26.33,377,0
IBIF.US,5,20251205,180000,26.34,26.34,26.34,26.34,532,0
IBIF.US,5,20251205,214500,26.3147,26.3147,26.3147,26.3147,1200,0
IBIF.US,5,20251205,215000,26.315,26.315,26.315,26.315,1400,0
IBIF.US,5,20251205,215500,26.3187,26.3187,26.3187,26.3187,200,0
IBIF.US,5,20251208,160500,26.2721,26.2721,26.2721,26.2721,100,0
IBIF.US,5,20251208,161000,26.28,26.28,26.28,26.28,191,0
IBIF.US,5,20251208,163000,26.29,26.29,26.29,26.29,100,0
IBIF.US,5,20251208,165000,26.2829,26.2829,26.2829,26.2829,380,0
IBIF.US,5,20251208,173000,26.29,26.29,26.29,26.29,100,0
IBIF.US,5,20251208,181000,26.275,26.275,26.275,26.275,1901,0
IBIF.US,5,20251208,200500,26.2899,26.2899,26.2899,26.2899,1902,0
IBIF.US,5,20251208,204000,26.285,26.285,26.28,26.28,2220,0
IBIF.US,5,20251208,213500,26.285,26.285,26.285,26.285,106,0
IBIF.US,5,20251208,214500,26.2897,26.2897,26.2897,26.2897,3822,0
IBIF.US,5,20251208,215500,26.29,26.29,26.29,26.29,100,0
IBIF.US,5,20251209,153000,26.29,26.3,26.29,26.3,1500,0
IBIF.US,5,20251209,153500,26.285,26.285,26.285,26.285,381,0
IBIF.US,5,20251209,160000,26.27,26.27,26.27,26.27,100,0
IBIF.US,5,20251209,170000,26.259,26.27,26.259,26.27,1876,0
IBIF.US,5,20251209,170500,26.27,26.27,26.27,26.27,100,0
IBIF.US,5,20251209,175500,26.2666,26.2666,26.2666,26.2666,246,0
IBIF.US,5,20251209,183000,26.26,26.26,26.26,26.26,100,0
IBIF.US,5,20251209,183500,26.2501,26.2588,26.2501,26.2588,1347,0
IBIF.US,5,20251209,185000,26.2695,26.2695,26.2695,26.2695,400,0
IBIF.US,5,20251209,191500,26.26,26.26,26.26,26.26,100,0
IBIF.US,5,20251209,193000,26.26,26.26,26.26,26.26,100,0
IBIF.US,5,20251209,195500,26.2555,26.2555,26.2555,26.2555,1000,0
IBIF.US,5,20251209,200000,26.25,26.2503,26.25,26.2503,975,0
IBIF.US,5,20251209,201000,26.24,26.26,26.23,26.2426,5955,0
IBIF.US,5,20251209,202000,26.2302,26.2449,26.221,26.2449,5371,0
IBIF.US,5,20251209,202500,26.2465,26.2465,26.2465,26.2465,356,0
IBIF.US,5,20251209,205500,26.23,26.2599,26.23,26.2599,2748,0
IBIF.US,5,20251209,211000,26.243,26.243,26.243,26.243,3808,0
IBIF.US,5,20251209,214000,26.2491,26.2491,26.2491,26.2491,156,0
IBIF.US,5,20251210,153000,26.26,26.26,26.26,26.26,1527,0
IBIF.US,5,20251210,153500,26.234,26.234,26.234,26.234,400,0
IBIF.US,5,20251210,160500,26.25,26.25,26.25,26.25,100,0
IBIF.US,5,20251210,164500,26.25,26.25,26.2499,26.2499,764,0
IBIF.US,5,20251210,165000,26.235,26.235,26.235,26.235,200,0
IBIF.US,5,20251210,172000,26.25,26.25,26.25,26.25,2302,0
IBIF.US,5,20251210,180000,26.245,26.245,26.245,26.245,115,0
IBIF.US,5,20251210,183000,26.25,26.25,26.25,26.25,2001,0
IBIF.US,5,20251210,183500,26.25,26.25,26.25,26.25,100,0
IBIF.US,5,20251210,185000,26.2596,26.2596,26.2596,26.2596,495,0
IBIF.US,5,20251210,200000,26.27,26.27,26.27,26.27,100,0
IBIF.US,5,20251211,153500,26.34,26.34,26.34,26.34,100,0
IBIF.US,5,20251211,155500,26.3364,26.34,26.33,26.33,3432,0
IBIF.US,5,20251211,160500,26.3279,26.3279,26.3279,26.3279,2847,0
IBIF.US,5,20251211,161500,26.33,26.33,26.33,26.33,100,0
IBIF.US,5,20251211,162500,26.33,26.33,26.33,26.33,337,0
IBIF.US,5,20251211,164500,26.3296,26.33,26.3296,26.33,437,0
IBIF.US,5,20251211,165500,26.32,26.32,26.32,26.32,100,0
IBIF.US,5,20251211,170000,26.33,26.33,26.33,26.33,100,0
IBIF.US,5,20251211,172000,26.322,26.322,26.322,26.322,238,0
IBIF.US,5,20251211,182000,26.3245,26.3245,26.3245,26.3245,100,0
IBIF.US,5,20251211,184000,26.33,26.33,26.33,26.33,400,0
IBIF.US,5,20251211,192500,26.3284,26.3284,26.3284,26.3284,516,0
IBIF.US,5,20251211,193500,26.325,26.325,26.325,26.325,650,0
IBIF.US,5,20251211,194000,26.32,26.32,26.317,26.317,200,0
IBIF.US,5,20251211,194500,26.315,26.315,26.315,26.315,950,0
IBIF.US,5,20251211,195000,26.3167,26.3167,26.3167,26.3167,500,0
IBIF.US,5,20251211,195500,26.32,26.32,26.32,26.32,100,0
IBIF.US,5,20251211,202500,26.305,26.31,26.305,26.31,320,0
IBIF.US,5,20251211,210000,26.31,26.31,26.31,26.31,100,0
IBIF.US,5,20251211,215500,26.29,26.31,26.29,26.31,328,0
IBIF.US,5,20251212,155500,26.28,26.28,26.28,26.28,919,0
IBIF.US,5,20251212,161500,26.2999,26.2999,26.2999,26.2999,150,0
IBIF.US,5,20251212,163500,26.3,26.3,26.291,26.291,780,0
IBIF.US,5,20251212,172500,26.3051,26.3051,26.3051,26.3051,1426,0
IBIF.US,5,20251212,173000,26.29,26.3,26.29,26.2932,11620,0
IBIF.US,5,20251212,175000,26.3,26.3,26.2999,26.2999,16120,0
IBIF.US,5,20251212,181500,26.3,26.3,26.3,26.3,100,0
IBIF.US,5,20251212,184500,26.3,26.3,26.3,26.3,100,0
IBIF.US,5,20251212,195000,26.304,26.304,26.304,26.304,206,0
IBIF.US,5,20251212,195500,26.31,26.31,26.31,26.31,100,0
IBIF.US,5,20251212,200000,26.307,26.307,26.307,26.307,783,0
IBIF.US,5,20251212,203500,26.31,26.31,26.31,26.31,2402,0
IBIF.US,5,20251212,210500,26.3035,26.3035,26.3035,26.3035,217,0
IBIF.US,5,20251212,214000,26.31,26.31,26.31,26.31,1330,0
IBIF.US,5,20251215,154000,26.315,26.315,26.315,26.315,620,0
IBIF.US,5,20251215,155000,26.315,26.315,26.315,26.315,450,0
IBIF.US,5,20251215,160500,26.32,26.32,26.32,26.32,100,0
IBIF.US,5,20251215,162000,26.3045,26.3045,26.3045,26.3045,304,0
IBIF.US,5,20251215,162500,26.3099,26.3099,26.3099,26.3099,190,0
IBIF.US,5,20251215,172500,26.3,26.3,26.3,26.3,3733,0
IBIF.US,5,20251215,173000,26.2901,26.2901,26.2901,26.2901,1130,0
IBIF.US,5,20251215,174500,26.2984,26.2984,26.2984,26.2984,1726,0
IBIF.US,5,20251215,182000,26.29,26.29,26.29,26.29,230,0
IBIF.US,5,20251215,190000,26.285,26.285,26.28,26.28,1600,0
IBIF.US,5,20251215,190500,26.2801,26.2801,26.2801,26.2801,1181,0
IBIF.US,5,20251215,192000,26.281,26.281,26.28,26.28,946,0
IBIF.US,5,20251215,193000,26.285,26.285,26.285,26.285,100,0
IBIF.US,5,20251215,194000,26.29,26.29,26.29,26.29,100,0
IBIF.US,5,20251215,214500,26.29,26.29,26.29,26.29,1535,0
IBIF.US,5,20251215,215500,26.29,26.29,26.29,26.29,100,0
IBIF.US,5,20251216,153500,26.27,26.27,26.27,26.27,100,0
IBIF.US,5,20251216,154500,26.2608,26.2608,26.2608,26.2608,900,0
IBIF.US,5,20251216,175500,26.2899,26.2899,26.2899,26.2899,269,0
IBIF.US,5,20251216,182500,26.2845,26.2845,26.2845,26.2845,292,0
IBIF.US,5,20251216,192500,26.2883,26.2883,26.2883,26.2883,417,0
IBIF.US,5,20251216,194000,26.29,26.29,26.29,26.29,100,0
IBIF.US,5,20251216,195000,26.2822,26.2822,26.2822,26.2822,1012,0
IBIF.US,5,20251216,202500,26.2899,26.2899,26.2899,26.2899,1236,0
IBIF.US,5,20251216,203500,26.285,26.285,26.285,26.285,100,0
IBIF.US,5,20251217,175000,26.275,26.275,26.275,26.275,315,0
IBIF.US,5,20251217,184500,26.275,26.275,26.275,26.275,570,0
IBIF.US,5,20251217,191000,26.28,26.28,26.28,26.28,114,0
IBIF.US,5,20251217,193500,26.2865,26.2865,26.2865,26.2865,1065,0
IBIF.US,5,20251217,212500,26.29,26.2901,26.29,26.2901,315,0
IBIF.US,5,20251217,215500,26.31,26.31,26.31,26.31,246,0
IBIF.US,5,20251218,160000,26.295,26.295,26.295,26.295,1193,0
IBIF.US,5,20251218,161500,26.3,26.3,26.3,26.3,100,0
IBIF.US,5,20251218,183500,26.28,26.28,26.28,26.28,100,0
IBIF.US,5,20251218,202500,26.31,26.31,26.31,26.31,100,0
IBIF.US,5,20251218,205500,26.31,26.31,26.31,26.31,1164,0
IBIF.US,5,20251218,210500,26.32,26.3266,26.32,26.3266,491,0
IBIF.US,5,20251218,212000,26.325,26.325,26.325,26.325,1316,0
IBIF.US,5,20251218,212500,26.32,26.32,26.32,26.32,100,0
IBIF.US,5,20251218,215500,26.33,26.33,26.33,26.33,272,0
IBIF.US,5,20251219,153000,26.025,26.04,26.025,26.04,350,0
IBIF.US,5,20251219,155000,26.0327,26.0327,26.0327,26.0327,4076,0
IBIF.US,5,20251219,155500,26.035,26.0363,26.035,26.0363,540,0
IBIF.US,5,20251219,160500,26.04,26.04,26.04,26.04,5375,0
IBIF.US,5,20251219,161000,26.035,26.035,26.035,26.035,400,0
IBIF.US,5,20251219,162000,26.035,26.035,26.035,26.035,1550,0
IBIF.US,5,20251219,163500,26.03,26.03,26.03,26.03,100,0
IBIF.US,5,20251219,164000,26.0385,26.0385,26.0385,26.0385,1160,0
IBIF.US,5,20251219,165500,26.0384,26.0384,26.0384,26.0384,420,0
IBIF.US,5,20251219,180000,26.03,26.03,26.025,26.025,300,0
IBIF.US,5,20251219,182000,26.0245,26.0245,26.0245,26.0245,107,0
IBIF.US,5,20251219,183000,26.025,26.025,26.025,26.025,1921,0
IBIF.US,5,20251219,184000,26.02,26.02,26.02,26.02,192,0
IBIF.US,5,20251219,184500,26.02,26.02,26.02,26.02,1229,0
IBIF.US,5,20251219,185000,26.02,26.03,26.02,26.03,200,0
IBIF.US,5,20251219,185500,26.03,26.03,26.025,26.03,2037,0
IBIF.US,5,20251219,190000,26.03,26.03,26.03,26.03,835,0
IBIF.US,5,20251219,190500,26.025,26.03,26.0244,26.03,1888,0
IBIF.US,5,20251219,191000,26.03,26.03,26.03,26.03,154,0
IBIF.US,5,20251219,191500,26.03,26.03,26.03,26.03,900,0
IBIF.US,5,20251219,192000,26.025,26.03,26.025,26.03,1393,0
IBIF.US,5,20251219,192500,26.03,26.03,26.025,26.025,1324,0
IBIF.US,5,20251219,193000,26.03,26.03,26.03,26.03,1364,0
IBIF.US,5,20251219,193500,26.025,26.025,26.025,26.025,1600,0
IBIF.US,5,20251219,194500,26.03,26.03,26.03,26.03,1694,0
IBIF.US,5,20251219,195000,26.025,26.03,26.025,26.03,2176,0
IBIF.US,5,20251219,195500,26.025,26.03,26.025,26.03,1000,0
IBIF.US,5,20251219,204500,26.02,26.02,26.02,26.02,250,0
IBIF.US,5,20251219,215000,26.02,26.02,26.02,26.02,100,0
IBIF.US,5,20251219,215500,26.03,26.03,26.03,26.03,721,0
IBIF.US,5,20251222,153000,26.03,26.03,26.03,26.03,585,0
IBIF.US,5,20251222,153500,26.0344,26.0344,26.0184,26.0184,863,0
IBIF.US,5,20251222,154000,26.02,26.02,26.02,26.02,1000,0
IBIF.US,5,20251222,154500,26.0115,26.0115,26.0115,26.0115,703,0
IBIF.US,5,20251222,163000,26.01,26.01,26.01,26.01,576,0
IBIF.US,5,20251222,182000,26.005,26.0099,26.005,26.0099,2000,0
IBIF.US,5,20251222,182500,26.0058,26.0058,26.0058,26.0058,2000,0
IBIF.US,5,20251222,183000,26.005,26.005,26.005,26.005,538,0
IBIF.US,5,20251222,183500,26.01,26.01,26.01,26.01,100,0
IBIF.US,5,20251222,190500,26.005,26.0099,26,26.005,1119,0
IBIF.US,5,20251222,191000,26.01,26.01,26,26,300,0
IBIF.US,5,20251222,195500,25.9944,25.9944,25.9944,25.9944,406,0
IBIF.US,5,20251222,201000,25.995,25.995,25.995,25.995,110,0
IBIF.US,5,20251222,215500,26,26.01,26,26.01,922,0
IBIF.US,5,20251223,154500,25.9411,25.9411,25.9411,25.9411,3732,0
IBIF.US,5,20251223,155500,25.96,25.97,25.96,25.96,789,0
IBIF.US,5,20251223,160500,25.99,25.99,25.99,25.99,400,0
IBIF.US,5,20251223,161000,25.98,25.98,25.98,25.98,100,0
IBIF.US,5,20251223,164000,25.97,25.97,25.97,25.97,535,0
IBIF.US,5,20251223,170500,25.98,25.98,25.98,25.98,100,0
IBIF.US,5,20251223,172000,25.9886,25.9886,25.9886,25.9886,140,0
IBIF.US,5,20251223,175000,25.99,25.995,25.99,25.995,1200,0
IBIF.US,5,20251223,175500,25.995,25.995,25.9901,25.9901,803,0
IBIF.US,5,20251223,180000,25.9901,25.9901,25.9901,25.9901,1000,0
IBIF.US,5,20251223,181000,26,26,26,26,100,0
IBIF.US,5,20251223,183500,25.9924,25.995,25.9924,25.995,1738,0
IBIF.US,5,20251223,190000,26,26,26,26,100,0
IBIF.US,5,20251223,193500,25.995,25.995,25.995,25.995,300,0
IBIF.US,5,20251223,202000,26,26,26,26,100,0
IBIF.US,5,20251223,204000,25.995,25.9965,25.995,25.9965,484,0
IBIF.US,5,20251223,204500,26,26,26,26,100,0
IBIF.US,5,20251223,205000,25.9995,25.9995,25.9995,25.9995,1924,0
IBIF.US,5,20251223,210500,26,26,26,26,100,0
IBIF.US,5,20251223,213000,26,26,26,26,600,0
IBIF.US,5,20251223,213500,26,26,26,26,100,0
IBIF.US,5,20251223,215500,26,26,25.99,25.99,368,0
IBIF.US,5,20251224,154000,26.0112,26.0112,26.0112,26.0112,720,0
IBIF.US,5,20251224,155000,26.005,26.005,26.005,26.005,310,0
IBIF.US,5,20251224,155500,26.007,26.007,26.007,26.007,308,0
IBIF.US,5,20251224,160000,26.02,26.02,26.005,26.01,546,0
IBIF.US,5,20251224,160500,26.02,26.02,26.02,26.02,220,0
IBIF.US,5,20251224,161500,26.0099,26.01,26.0099,26.01,2735,0
IBIF.US,5,20251224,162500,26.01,26.01,26.01,26.01,200,0
IBIF.US,5,20251224,163000,26.01,26.02,26.01,26.01,336,0
IBIF.US,5,20251224,164500,26.02,26.02,26.02,26.02,306,0
IBIF.US,5,20251224,165000,26.02,26.02,26.02,26.02,100,0
IBIF.US,5,20251224,165500,26.02,26.02,26.02,26.02,496,0
IBIF.US,5,20251224,170000,26.0199,26.0199,26.0199,26.0199,600,0
IBIF.US,5,20251224,170500,26.02,26.02,26.01,26.02,984,0
IBIF.US,5,20251224,171500,25.998,26.02,25.998,26.01,9341,0
IBIF.US,5,20251224,172000,26.01,26.02,26.01,26.02,441,0
IBIF.US,5,20251224,172500,26.02,26.02,26.01,26.01,408,0
IBIF.US,5,20251224,173000,26.02,26.02,26.02,26.02,100,0
IBIF.US,5,20251224,173500,26.02,26.02,26.01,26.01,556,0
IBIF.US,5,20251224,174000,26.02,26.02,26.02,26.02,112,0
IBIF.US,5,20251224,174500,26.02,26.02,26.0083,26.0199,720,0
IBIF.US,5,20251224,175000,26.01,26.02,26.01,26.0132,602,0
IBIF.US,5,20251224,175500,26.02,26.02,26.02,26.02,100,0
IBIF.US,5,20251224,185500,26.02,26.02,25.97,25.97,6472,0
IBIF.US,5,20251224,190000,25.98,25.99,25.96,25.96,9258,0
IBIF.US,5,20251226,155000,26.03,26.03,26.03,26.03,100,0
IBIF.US,5,20251226,160500,26.03,26.03,26.03,26.03,804,0
IBIF.US,5,20251226,165500,26.0344,26.0344,26.0301,26.0301,1058,0
IBIF.US,5,20251226,170000,26.0366,26.0366,26.0366,26.0366,960,0
IBIF.US,5,20251226,174500,26.03,26.03,26.03,26.03,800,0
IBIF.US,5,20251226,175500,26.025,26.025,26.025,26.025,1691,0
IBIF.US,5,20251226,190500,26.02,26.02,26.02,26.02,200,0
IBIF.US,5,20251226,193000,26.0188,26.0188,26.0188,26.0188,155,0
IBIF.US,5,20251226,200000,26.0199,26.0199,26.015,26.015,635,0
IBIF.US,5,20251226,201000,26.015,26.015,26.015,26.015,2315,0
IBIF.US,5,20251226,201500,26.015,26.015,26.015,26.015,2300,0
IBIF.US,5,20251226,202000,26.0199,26.0199,26.0199,26.0199,462,0
IBIF.US,5,20251226,203000,26.015,26.015,26.015,26.015,240,0
IBIF.US,5,20251226,204000,26.015,26.015,26.015,26.015,3600,0
IBIF.US,5,20251226,205500,26.015,26.015,26.015,26.015,200,0
IBIF.US,5,20251226,210000,26.015,26.015,26.015,26.015,1200,0
IBIF.US,5,20251226,211000,26.0175,26.0199,26.015,26.0156,5152,0
IBIF.US,5,20251226,211500,26.0199,26.02,26.015,26.02,985,0
IBIF.US,5,20251226,213000,26.0268,26.0268,26.0268,26.0268,158,0
IBIF.US,5,20251226,213500,26.0299,26.0299,26.0299,26.0299,2074,0
IBIF.US,5,20251226,214000,26.025,26.025,26.025,26.025,1014,0
IBIF.US,5,20251226,214500,26.0297,26.0297,26.0262,26.0262,859,0
IBIF.US,5,20251226,215500,26.025,26.025,26.025,26.025,4573,0
IBIF.US,5,20251229,153500,26.0499,26.0499,26.0499,26.0499,960,0
IBIF.US,5,20251229,154000,26.03,26.03,26.03,26.03,1385,0
IBIF.US,5,20251229,155000,26.035,26.035,26.035,26.035,100,0
IBIF.US,5,20251229,155500,26.03,26.03,26.03,26.03,1300,0
IBIF.US,5,20251229,160500,26.035,26.035,26.035,26.035,100,0
IBIF.US,5,20251229,161500,26.0361,26.0361,26.0361,26.0361,1000,0
IBIF.US,5,20251229,162500,26.035,26.035,26.035,26.035,564,0
IBIF.US,5,20251229,165500,26.0358,26.0358,26.0358,26.0358,100,0
IBIF.US,5,20251229,171000,26.038,26.038,26.038,26.038,200,0
IBIF.US,5,20251229,171500,26.0423,26.0423,26.0423,26.0423,2304,0
IBIF.US,5,20251229,174000,26.045,26.045,26.045,26.045,200,0
IBIF.US,5,20251229,175000,26.045,26.046,26.045,26.045,1023,0
IBIF.US,5,20251229,182000,26.05,26.05,26.05,26.05,100,0
IBIF.US,5,20251229,185000,26.05,26.05,26.045,26.045,200,0
IBIF.US,5,20251229,194500,26.045,26.045,26.045,26.045,600,0
IBIF.US,5,20251229,195000,26.045,26.045,26.045,26.045,4490,0
IBIF.US,5,20251229,200000,26.045,26.045,26.045,26.045,500,0
IBIF.US,5,20251229,201000,26.0486,26.0486,26.045,26.045,3252,0
IBIF.US,5,20251229,201500,26.04,26.04,26.04,26.04,960,0
IBIF.US,5,20251229,202000,26.0485,26.0487,26.0485,26.0487,1065,0
IBIF.US,5,20251229,203500,26.0499,26.0499,26.045,26.045,1160,0
IBIF.US,5,20251229,204000,26.05,26.05,26.045,26.045,292,0
IBIF.US,5,20251229,205000,26.04,26.045,26.031,26.031,5392,0
IBIF.US,5,20251229,210000,26.0399,26.0399,26.0399,26.0399,1921,0
IBIF.US,5,20251229,210500,26.04,26.04,26.04,26.04,534,0
IBIF.US,5,20251229,213500,26.035,26.035,26.035,26.035,165,0
IBIF.US,5,20251229,214000,26.0383,26.0383,26.0383,26.0383,107,0
IBIF.US,5,20251229,215000,26.04,26.04,26.04,26.04,100,0
IBIF.US,5,20251229,215500,26.035,26.04,26.035,26.04,478,0
IBIF.US,5,20251230,153500,26.0492,26.0492,26.0492,26.0492,493,0
IBIF.US,5,20251230,161500,26.0399,26.0399,26.0399,26.0399,150,0
IBIF.US,5,20251230,162000,26.035,26.035,26.035,26.035,100,0
IBIF.US,5,20251230,162500,26.036,26.036,26.036,26.036,150,0
IBIF.US,5,20251230,163500,26.035,26.04,26.035,26.04,5103,0
IBIF.US,5,20251230,164000,26.04,26.04,26.04,26.04,300,0
IBIF.US,5,20251230,164500,26.04,26.04,26.035,26.04,400,0
IBIF.US,5,20251230,165000,26.04,26.04,26.035,26.035,200,0
IBIF.US,5,20251230,170000,26.035,26.035,26.035,26.035,200,0
IBIF.US,5,20251230,170500,26.04,26.04,26.035,26.035,400,0
IBIF.US,5,20251230,171000,26.04,26.04,26.035,26.035,1200,0
IBIF.US,5,20251230,171500,26.035,26.05,26.035,26.05,4303,0
IBIF.US,5,20251230,173000,26.06,26.06,26.06,26.06,100,0
IBIF.US,5,20251230,180000,26.05,26.06,26.05,26.05,1059,0
IBIF.US,5,20251230,181000,26.0436,26.0436,26.0436,26.0436,252,0
IBIF.US,5,20251230,183000,26.06,26.06,26.06,26.06,100,0
IBIF.US,5,20251230,185500,26.0535,26.0535,26.0535,26.0535,2400,0
IBIF.US,5,20251230,190000,26.05,26.05,26.05,26.05,2495,0
IBIF.US,5,20251230,195500,26.055,26.0599,26.05,26.0599,1618,0
IBIF.US,5,20251230,202500,26.06,26.06,26.06,26.06,100,0
IBIF.US,5,20251230,203500,26.06,26.06,26.06,26.06,100,0
IBIF.US,5,20251230,204000,26.0599,26.0599,26.0599,26.0599,1230,0
IBIF.US,5,20251230,204500,26.06,26.06,26.06,26.06,100,0
IBIF.US,5,20251230,212500,26.0544,26.055,26.0544,26.055,1961,0
IBIF.US,5,20251230,214500,26.0583,26.0583,26.0583,26.0583,563,0
IBIF.US,5,20251230,215000,26.05,26.05,26.0398,26.0398,607,0
IBIF.US,5,20251230,215500,26.035,26.035,26.03,26.03,505,0
IBIF.US,5,20251231,160000,26.04,26.04,26.04,26.04,100,0
IBIF.US,5,20251231,163500,26.04,26.04,26.04,26.04,218,0
IBIF.US,5,20251231,170500,26.0412,26.0412,26.0412,26.0412,384,0
IBIF.US,5,20251231,171500,26.04,26.04,26.04,26.04,100,0
IBIF.US,5,20251231,175000,26.04,26.04,26.04,26.04,395,0
IBIF.US,5,20251231,182000,26.0358,26.0358,26.0358,26.0358,1618,0
IBIF.US,5,20251231,183000,26.0387,26.0387,26.0387,26.0387,1617,0
IBIF.US,5,20251231,184000,26.045,26.045,26.045,26.045,806,0
IBIF.US,5,20251231,193000,26.04,26.04,26.04,26.04,100,0
IBIF.US,5,20251231,194500,26.035,26.035,26.035,26.035,300,0
IBIF.US,5,20251231,195000,26.035,26.035,26.035,26.035,100,0
IBIF.US,5,20251231,203500,26.03,26.03,26.03,26.03,100,0
IBIF.US,5,20251231,210000,26.0364,26.0364,26.0364,26.0364,428,0
IBIF.US,5,20251231,213000,26.03,26.03,26.03,26.03,100,0
IBIF.US,5,20260102,154000,26.05,26.05,26.05,26.05,100,0
IBIF.US,5,20260102,154500,26.0437,26.0437,26.0437,26.0437,119,0
IBIF.US,5,20260102,160000,26.0499,26.0499,26.035,26.035,249,0
IBIF.US,5,20260102,161000,26.037,26.037,26.037,26.037,553,0
IBIF.US,5,20260102,163000,26.0399,26.0399,26.0399,26.0399,4000,0
IBIF.US,5,20260102,164500,26.03,26.0334,26.02,26.02,600,0
IBIF.US,5,20260102,165000,26.03,26.03,26.03,26.03,200,0
IBIF.US,5,20260102,191000,26.01,26.01,26.01,26.01,203,0
IBIF.US,5,20260102,205000,26.0323,26.0323,26.031,26.031,1667,0
IBIF.US,5,20260102,214500,26.0352,26.0352,26.0352,26.0352,161,0
IBIF.US,5,20260105,153500,26.0301,26.0301,26.0301,26.0301,355,0
IBIF.US,5,20260105,163500,26.05,26.05,26.045,26.045,6614,0
IBIF.US,5,20260105,170000,26.0498,26.0498,26.0496,26.0496,556,0
IBIF.US,5,20260105,173500,26.059,26.059,26.059,26.059,1943,0
IBIF.US,5,20260105,175000,26.0545,26.0545,26.0545,26.0545,621,0
IBIF.US,5,20260105,191500,26.06,26.06,26.06,26.06,100,0
IBIF.US,5,20260105,200000,26.06,26.06,26.06,26.06,138,0
IBIF.US,5,20260105,202000,26.07,26.07,26.07,26.07,100,0
IBIF.US,5,20260106,155000,26.0701,26.0701,26.0701,26.0701,190,0
IBIF.US,5,20260106,155500,26.0745,26.0745,26.0745,26.0745,383,0
IBIF.US,5,20260106,160000,26.0605,26.0605,26.0605,26.0605,1764,0
IBIF.US,5,20260106,165000,26.065,26.065,26.065,26.065,1150,0
IBIF.US,5,20260106,165500,26.0646,26.0646,26.0646,26.0646,349,0
IBIF.US,5,20260106,171000,26.065,26.065,26.065,26.065,100,0
IBIF.US,5,20260106,172500,26.065,26.065,26.065,26.065,383,0
IBIF.US,5,20260106,174500,26.06,26.06,26.06,26.06,460,0
IBIF.US,5,20260106,175000,26.0601,26.0685,26.0601,26.0685,1293,0
IBIF.US,5,20260106,180500,26.06,26.06,26.06,26.06,200,0
IBIF.US,5,20260106,181000,26.06,26.06,26.06,26.06,379,0
IBIF.US,5,20260106,182500,26.07,26.07,26.07,26.07,100,0
IBIF.US,5,20260106,193000,26.07,26.07,26.065,26.065,4320,0
IBIF.US,5,20260106,201500,26.065,26.065,26.065,26.065,1150,0
IBIF.US,5,20260106,204000,26.065,26.065,26.065,26.065,1166,0
IBIF.US,5,20260106,210500,26.065,26.065,26.065,26.065,100,0
IBIF.US,5,20260106,214000,26.065,26.065,26.065,26.065,450,0
IBIF.US,5,20260106,215500,26.07,26.07,26.07,26.07,323,0
IBIF.US,5,20260107,162000,26.0799,26.0799,26.07,26.07,295,0
IBIF.US,5,20260107,170500,26.08,26.08,26.075,26.075,854,0
IBIF.US,5,20260107,172500,26.08,26.08,26.08,26.08,100,0
IBIF.US,5,20260107,180000,26.08,26.08,26.08,26.08,500,0
IBIF.US,5,20260107,181500,26.0769,26.0769,26.0769,26.0769,109,0
IBIF.US,5,20260107,193500,26.085,26.085,26.085,26.085,469,0
IBIF.US,5,20260107,194500,26.085,26.085,26.085,26.085,880,0
IBIF.US,5,20260107,200000,26.085,26.085,26.085,26.085,100,0
IBIF.US,5,20260107,201500,26.0794,26.0794,26.0794,26.0794,2000,0
IBIF.US,5,20260107,202000,26.0755,26.0786,26.0755,26.0786,469,0
IBIF.US,5,20260107,203000,26.075,26.075,26.075,26.075,100,0
IBIF.US,5,20260107,212500,26.0859,26.0859,26.0859,26.0859,324,0
IBIF.US,5,20260107,214000,26.09,26.09,26.09,26.09,100,0
IBIF.US,5,20260107,215500,26.08,26.09,26.08,26.09,910,0
IBIF.US,5,20260108,153500,26.07,26.0715,26.07,26.0715,500,0
IBIF.US,5,20260108,162500,26.06,26.06,26.06,26.06,2219,0
IBIF.US,5,20260108,172000,26.08,26.08,26.08,26.08,100,0
IBIF.US,5,20260108,175500,26.08,26.08,26.0745,26.08,4034,0
IBIF.US,5,20260108,183000,26.08,26.08,26.08,26.08,100,0
IBIF.US,5,20260108,185500,26.07,26.07,26.07,26.07,269,0
IBIF.US,5,20260108,193000,26.0784,26.08,26.078,26.0784,5900,0
IBIF.US,5,20260108,203000,26.075,26.075,26.075,26.075,100,0
IBIF.US,5,20260108,214500,26.066,26.07,26.065,26.065,7691,0
IBIF.US,5,20260108,215000,26.07,26.07,26.07,26.07,300,0
IBIF.US,5,20260108,215500,26.06,26.07,26.06,26.07,1421,0
IBIF.US,5,20260109,153000,26.07,26.075,26.07,26.075,300,0
IBIF.US,5,20260109,154500,26.07,26.07,26.07,26.07,124,0
IBIF.US,5,20260109,160000,26.075,26.08,26.075,26.075,1312,0
IBIF.US,5,20260109,161000,26.08,26.08,26.08,26.08,300,0
IBIF.US,5,20260109,162500,26.08,26.08,26.08,26.08,200,0
IBIF.US,5,20260109,163000,26.075,26.075,26.075,26.075,700,0
IBIF.US,5,20260109,171500,26.08,26.08,26.08,26.08,100,0
IBIF.US,5,20260109,172000,26.075,26.075,26.075,26.075,268,0
IBIF.US,5,20260109,181500,26.075,26.075,26.07,26.07,1825,0
IBIF.US,5,20260109,182500,26.06,26.07,26.06,26.07,1500,0
IBIF.US,5,20260109,192000,26.065,26.065,26.065,26.065,100,0
IBIF.US,5,20260109,202000,26.07,26.07,26.07,26.07,100,0
IBIF.US,5,20260109,210000,26.06,26.06,26.06,26.06,100,0
IBIF.US,5,20260112,161500,26.0799,26.0799,26.0799,26.0799,191,0
IBIF.US,5,20260112,162000,26.08,26.08,26.0682,26.0682,1500,0
IBIF.US,5,20260112,163500,26.07,26.07,26.07,26.07,223,0
IBIF.US,5,20260112,171500,26.08,26.08,26.08,26.08,100,0
IBIF.US,5,20260112,173500,26.0686,26.0686,26.0686,26.0686,191,0
IBIF.US,5,20260112,180000,26.07,26.07,26.065,26.065,1500,0
IBIF.US,5,20260112,180500,26.07,26.07,26.07,26.07,100,0
IBIF.US,5,20260112,181000,26.07,26.07,26.0626,26.0626,1180,0
IBIF.US,5,20260112,183500,26.0799,26.0799,26.0799,26.0799,4214,0
IBIF.US,5,20260112,185000,26.07,26.07,26.07,26.07,100,0
IBIF.US,5,20260112,190000,26.07,26.07,26.07,26.07,300,0
IBIF.US,5,20260112,192500,26.08,26.08,26.08,26.08,100,0
IBIF.US,5,20260112,204000,26.07,26.07,26.06,26.06,300,0
IBIF.US,5,20260112,215500,26.0696,26.0696,26.0696,26.0696,1454,0
IBIF.US,5,20260113,153500,26.0808,26.0808,26.0808,26.0808,164,0
IBIF.US,5,20260113,154500,26.075,26.075,26.075,26.075,1325,0
IBIF.US,5,20260113,161000,26.0891,26.0891,26.0891,26.0891,4600,0
IBIF.US,5,20260113,162500,26.075,26.075,26.075,26.075,3671,0
IBIF.US,5,20260113,170000,26.0872,26.0872,26.0872,26.0872,138,0
IBIF.US,5,20260113,171000,26.0894,26.0894,26.0894,26.0894,958,0
IBIF.US,5,20260113,175500,26.08,26.08,26.08,26.08,150,0
IBIF.US,5,20260113,180000,26.08,26.08,26.08,26.08,268,0
IBIF.US,5,20260113,202500,26.08,26.08,26.08,26.08,230,0
IBIF.US,5,20260113,211000,26.1,26.1,26.1,26.1,237,0
IBIF.US,5,20260113,214000,26.0999,26.0999,26.0999,26.0999,459,0
IBIF.US,5,20260114,160500,26.1,26.1,26.1,26.1,100,0
IBIF.US,5,20260114,170500,26.1101,26.1101,26.1101,26.1101,118,0
IBIF.US,5,20260114,182500,26.12,26.12,26.12,26.12,100,0
IBIF.US,5,20260114,210500,26.11,26.11,26.11,26.11,1066,0
IBIF.US,5,20260114,213000,26.1001,26.1001,26.1001,26.1001,170,0
IBIF.US,5,20260114,213500,26.1,26.1,26.1,26.1,190,0
IBIF.US,5,20260114,215500,26.09,26.09,26.09,26.09,100,0
IBIF.US,5,20260115,155500,26.0738,26.0738,26.0738,26.0738,957,0
IBIF.US,5,20260115,161500,26.07,26.0717,26.07,26.07,650,0
IBIF.US,5,20260115,162000,26.08,26.08,26.08,26.08,100,0
IBIF.US,5,20260115,163000,26.08,26.08,26.08,26.08,100,0
IBIF.US,5,20260115,173000,26.0699,26.0699,26.0699,26.0699,6000,0
IBIF.US,5,20260115,174500,26.065,26.065,26.065,26.065,123,0
IBIF.US,5,20260115,175500,26.0695,26.0695,26.0695,26.0695,4948,0
IBIF.US,5,20260115,183000,26.063,26.063,26.063,26.063,3836,0
IBIF.US,5,20260115,183500,26.065,26.065,26.065,26.065,100,0
IBIF.US,5,20260115,193000,26.069,26.069,26.0645,26.0645,380,0
IBIF.US,5,20260115,195000,26.0686,26.0686,26.0646,26.0646,490,0
IBIF.US,5,20260115,203000,26.06,26.06,26.06,26.06,537,0
IBIF.US,5,20260115,203500,26.0699,26.0699,26.0699,26.0699,100,0
IBIF.US,5,20260115,211000,26.0601,26.0601,26.0601,26.0601,690,0
IBIF.US,5,20260115,212500,26.06,26.06,26.06,26.06,100,0
IBIF.US,5,20260115,214000,26.04,26.04,26.04,26.04,1066,0
IBIF.US,5,20260115,214500,26.05,26.05,26.05,26.05,100,0
IBIF.US,5,20260115,215500,26.055,26.055,26.055,26.055,320,0
IBIF.US,5,20260116,154500,26.06,26.06,26.06,26.06,100,0
IBIF.US,5,20260116,160500,26.0671,26.0671,26.0671,26.0671,191,0
IBIF.US,5,20260116,161000,26.06,26.06,26.06,26.06,464,0
IBIF.US,5,20260116,162500,26.055,26.055,26.055,26.055,100,0
IBIF.US,5,20260116,164500,26.0501,26.0501,26.05,26.05,1200,0
IBIF.US,5,20260116,165500,26.04,26.04,26.03,26.03,344,0
IBIF.US,5,20260116,171500,26.05,26.05,26.05,26.05,100,0
IBIF.US,5,20260116,174000,26.0596,26.0596,26.0596,26.0596,1726,0
IBIF.US,5,20260116,203500,26.04,26.04,26.04,26.04,100,0
IBIF.US,5,20260116,215500,26.035,26.035,26.035,26.035,300,0
IBIF.US,5,20260120,153500,26.0373,26.0373,26.0373,26.0373,193,0
IBIF.US,5,20260120,155500,26.03,26.03,26.03,26.03,1025,0
IBIF.US,5,20260120,164000,26.03,26.03,26.03,26.03,4599,0
IBIF.US,5,20260120,171500,26.04,26.04,26.035,26.035,13997,0
IBIF.US,5,20260120,174000,26.035,26.035,26.035,26.035,145,0
IBIF.US,5,20260120,175000,26.04,26.04,26.04,26.04,100,0
IBIF.US,5,20260120,175500,26.0346,26.0346,26.0346,26.0346,576,0
IBIF.US,5,20260120,183500,26.04,26.04,26.035,26.035,1213,0
IBIF.US,5,20260120,191000,26.035,26.035,26.035,26.035,100,0
IBIF.US,5,20260120,214000,26.0224,26.0224,26.0224,26.0224,139,0
IBIF.US,5,20260120,214500,26.03,26.03,26.025,26.025,8020,0
IBIF.US,5,20260120,215500,26.025,26.025,26.025,26.025,320,0
IBIF.US,5,20260121,155500,26.03,26.03,26.03,26.03,100,0
IBIF.US,5,20260121,161000,26.0201,26.0201,26.0201,26.0201,401,0
IBIF.US,5,20260121,161500,26.0317,26.0317,26.0317,26.0317,230,0
IBIF.US,5,20260121,170500,26.0346,26.0346,26.0346,26.0346,575,0
IBIF.US,5,20260121,171500,26.0302,26.0302,26.0302,26.0302,355,0
IBIF.US,5,20260121,172500,26.035,26.035,26.035,26.035,415,0
IBIF.US,5,20260121,180000,26.0385,26.0385,26.0385,26.0385,246,0
IBIF.US,5,20260121,185000,26.04,26.04,26.04,26.04,100,0
IBIF.US,5,20260121,202500,26.05,26.05,26.05,26.05,200,0
IBIF.US,5,20260121,204500,26.05,26.05,26.04,26.0462,5875,0
IBIF.US,5,20260121,215500,26.0418,26.06,26.0418,26.06,400,0
IBIF.US,5,20260122,153000,26.05,26.05,26.05,26.05,100,0
IBIF.US,5,20260122,153500,26.05,26.05,26.045,26.05,1400,0
IBIF.US,5,20260122,154500,26.05,26.05,26.05,26.05,200,0
IBIF.US,5,20260122,155000,26.0499,26.0499,26.0499,26.0499,115,0
IBIF.US,5,20260122,155500,26.0392,26.0392,26.0392,26.0392,767,0
IBIF.US,5,20260122,160000,26.0416,26.0416,26.0416,26.0416,230,0
IBIF.US,5,20260122,163500,26.0455,26.0455,26.0455,26.0455,1662,0
IBIF.US,5,20260122,164000,26.04,26.04,26.04,26.04,1612,0
IBIF.US,5,20260122,165500,26.0483,26.0483,26.04,26.04,1370,0
IBIF.US,5,20260122,170000,26.04,26.04,26.04,26.04,100,0
IBIF.US,5,20260122,171000,26.035,26.035,26.035,26.035,1711,0
IBIF.US,5,20260122,171500,26.0395,26.0395,26.0395,26.0395,200,0
IBIF.US,5,20260122,175500,26.04,26.04,26.03,26.04,1678,0
IBIF.US,5,20260122,180500,26.04,26.04,26.04,26.04,500,0
IBIF.US,5,20260122,182000,26.05,26.05,26.05,26.05,900,0
IBIF.US,5,20260122,183500,26.05,26.05,26.05,26.05,1873,0
IBIF.US,5,20260122,185500,26.05,26.05,26.05,26.05,100,0
IBIF.US,5,20260122,190500,26.05,26.05,26.05,26.05,100,0
IBIF.US,5,20260122,191000,26.05,26.05,26.05,26.05,1700,0
IBIF.US,5,20260122,192000,26.045,26.045,26.045,26.045,100,0
IBIF.US,5,20260122,193000,26.045,26.05,26.045,26.05,1900,0
IBIF.US,5,20260122,193500,26.05,26.05,26.05,26.05,403,0
IBIF.US,5,20260122,195000,26.045,26.045,26.045,26.045,3600,0
IBIF.US,5,20260122,195500,26.0482,26.0482,26.0482,26.0482,982,0
IBIF.US,5,20260122,200000,26.045,26.045,26.045,26.045,100,0
IBIF.US,5,20260122,201000,26.04,26.045,26.04,26.0441,486,0
IBIF.US,5,20260122,201500,26.0449,26.045,26.03,26.03,1075,0
IBIF.US,5,20260122,202500,26.04,26.04,26.04,26.04,1600,0
IBIF.US,5,20260122,204000,26.04,26.04,26.04,26.04,2040,0
IBIF.US,5,20260122,205000,26.035,26.035,26.035,26.035,2800,0
IBIF.US,5,20260122,210000,26.04,26.04,26.04,26.04,900,0
IBIF.US,5,20260122,210500,26.04,26.04,26.035,26.04,2910,0
IBIF.US,5,20260122,211500,26.04,26.04,26.04,26.04,400,0
IBIF.US,5,20260122,212000,26.04,26.04,26.04,26.04,800,0
IBIF.US,5,20260122,212500,26.04,26.04,26.035,26.04,1100,0
IBIF.US,5,20260122,213500,26.035,26.035,26.035,26.035,5000,0
IBIF.US,5,20260122,215000,26.035,26.035,26.035,26.035,100,0
IBIF.US,5,20260122,215500,26.035,26.035,26.035,26.035,2593,0
IBIF.US,5,20260123,154000,26.04,26.04,26.04,26.04,576,0
IBIF.US,5,20260123,155500,26.05,26.05,26.05,26.05,4888,0
IBIF.US,5,20260123,172000,26.0494,26.0494,26.0494,26.0494,2492,0
IBIF.US,5,20260123,175000,26.0446,26.0446,26.0446,26.0446,860,0
IBIF.US,5,20260123,182500,26.05,26.05,26.045,26.05,457,0
IBIF.US,5,20260123,184500,26.0523,26.0523,26.0523,26.0523,155,0
IBIF.US,5,20260123,190000,26.055,26.055,26.055,26.055,100,0
IBIF.US,5,20260123,191000,26.055,26.055,26.055,26.055,191,0
IBIF.US,5,20260123,195500,26.0555,26.0555,26.0555,26.0555,100,0
IBIF.US,5,20260123,203000,26.0599,26.0599,26.0558,26.0558,1011,0
IBIF.US,5,20260123,203500,26.06,26.06,26.06,26.06,100,0
IBIF.US,5,20260123,204000,26.06,26.06,26.06,26.06,100,0
IBIF.US,5,20260123,204500,26.06,26.06,26.06,26.06,100,0
IBIF.US,5,20260123,205500,26.07,26.07,26.07,26.07,100,0
IBIF.US,5,20260123,212500,26.07,26.07,26.07,26.07,3133,0
IBIF.US,5,20260123,213000,26.07,26.07,26.07,26.07,700,0
IBIF.US,5,20260123,213500,26.075,26.075,26.075,26.075,100,0
IBIF.US,5,20260123,214000,26.0747,26.0747,26.0747,26.0747,2300,0
IBIF.US,5,20260123,215500,26.075,26.075,26.075,26.075,3195,0
