<TICKER>,<PER>,<DATE>,<TIME>,<OPEN>,<HIGH>,<LOW>,<CLOSE>,<VOL>,<OPENINT>
IQDY.US,5,20250829,153000,33.25,33.25,33.2499,33.2499,1000,0
IQDY.US,5,20250829,163000,33.26,33.26,33.26,33.26,400,0
IQDY.US,5,20250829,164500,33.255,33.255,33.255,33.255,200,0
IQDY.US,5,20250829,165500,33.25,33.25,33.0638,33.0638,2773,0
IQDY.US,5,20250829,171000,33.2422,33.2422,33.2422,33.2422,302,0
IQDY.US,5,20250829,181000,33.27,33.27,33.27,33.27,100,0
IQDY.US,5,20250829,193500,33.27,33.27,33.27,33.27,300,0
IQDY.US,5,20250829,202000,33.25,33.25,33.25,33.25,2542,0
IQDY.US,5,20250829,215000,33.28,33.28,33.28,33.28,100,0
IQDY.US,5,20250902,162000,33.02,33.02,33.02,33.02,100,0
IQDY.US,5,20250902,163500,33.04,33.04,33.04,33.04,110,0
IQDY.US,5,20250902,165000,32.9784,32.9784,32.9784,32.9784,484,0
IQDY.US,5,20250902,185000,32.9272,32.9272,32.9272,32.9272,145,0
IQDY.US,5,20250902,193500,32.98,32.98,32.98,32.98,100,0
IQDY.US,5,20250902,194000,32.97,32.97,32.97,32.97,100,0
IQDY.US,5,20250902,200000,32.98,32.98,32.98,32.98,100,0
IQDY.US,5,20250902,202000,32.949,32.949,32.949,32.949,200,0
IQDY.US,5,20250902,202500,32.937,32.937,32.937,32.937,182,0
IQDY.US,5,20250902,203000,32.9338,32.9338,32.9338,32.9338,112,0
IQDY.US,5,20250903,154000,33.03,33.03,33.03,33.03,100,0
IQDY.US,5,20250903,160000,33.04,33.04,33.04,33.04,100,0
IQDY.US,5,20250903,163500,33.08,33.08,33.08,33.08,500,0
IQDY.US,5,20250903,172500,33.07,33.07,33.07,33.07,100,0
IQDY.US,5,20250903,173000,33.06,33.06,33.06,33.06,100,0
IQDY.US,5,20250903,173500,33.04,33.04,33.04,33.04,140,0
IQDY.US,5,20250903,185500,33.049,33.049,33.049,33.049,100,0
IQDY.US,5,20250903,193500,33.06,33.06,33.06,33.06,145,0
IQDY.US,5,20250903,194500,33.03,33.03,33.03,33.03,302,0
IQDY.US,5,20250903,200000,33.032,33.032,33.032,33.032,135,0
IQDY.US,5,20250903,203000,33.032,33.032,33.032,33.032,225,0
IQDY.US,5,20250903,203500,33.05,33.05,33.05,33.05,200,0
IQDY.US,5,20250903,210000,33.015,33.04,33.015,33.04,2904,0
IQDY.US,5,20250904,161500,33.0362,33.0362,33.0362,33.0362,125,0
IQDY.US,5,20250904,164000,33.1,33.1,33.1,33.1,122,0
IQDY.US,5,20250904,170000,33.1441,33.1441,33.1,33.1001,569,0
IQDY.US,5,20250904,172000,33.15,33.17,33.135088,33.15218,2774,0
IQDY.US,5,20250904,173000,33.147,33.147,33.14,33.14,798,0
IQDY.US,5,20250904,174500,33.12,33.12,33.12,33.12,381,0
IQDY.US,5,20250904,181000,33.14,33.14,33.14,33.14,241,0
IQDY.US,5,20250904,182000,33.1627,33.1627,33.149,33.149,375,0
IQDY.US,5,20250904,182500,33.145,33.145,33.145,33.145,100,0
IQDY.US,5,20250904,185000,33.12,33.1203,33.12,33.1203,394,0
IQDY.US,5,20250904,194000,33.14,33.1699,33.13,33.13,668,0
IQDY.US,5,20250904,195500,33.1688,33.1688,33.1688,33.1688,200,0
IQDY.US,5,20250904,200000,33.18,33.18,33.18,33.18,1397,0
IQDY.US,5,20250904,200500,33.174,33.1986,33.174,33.1986,925,0
IQDY.US,5,20250904,213500,33.2002,33.2002,33.2002,33.2002,100,0
IQDY.US,5,20250904,215500,33.33,33.33,33.24,33.245,1934,0
IQDY.US,5,20250905,200500,33.45,33.45,33.4499,33.4499,468,0
IQDY.US,5,20250905,210000,33.435,33.435,33.435,33.435,100,0
IQDY.US,5,20250905,215500,33.38,33.38,33.38,33.38,754,0
IQDY.US,5,20250908,160000,33.6575,33.6575,33.6575,33.6575,500,0
IQDY.US,5,20250908,170500,33.68,33.6873,33.68,33.6873,1000,0
IQDY.US,5,20250908,173500,33.735,33.735,33.735,33.735,250,0
IQDY.US,5,20250908,182000,33.75,33.75,33.75,33.75,200,0
IQDY.US,5,20250908,184000,33.75,33.75,33.75,33.75,200,0
IQDY.US,5,20250908,192500,33.7,33.7,33.7,33.7,280,0
IQDY.US,5,20250908,193000,33.7,33.7,33.7,33.7,900,0
IQDY.US,5,20250908,194000,33.67,33.67,33.67,33.67,500,0
IQDY.US,5,20250908,203000,33.7593,33.7593,33.7593,33.7593,296,0
IQDY.US,5,20250908,204500,33.734,33.734,33.734,33.734,130,0
IQDY.US,5,20250908,205000,33.75,33.75,33.75,33.75,100,0
IQDY.US,5,20250908,211500,33.735,33.735,33.735,33.735,833,0
IQDY.US,5,20250908,214500,33.76,33.76,33.76,33.76,100,0
IQDY.US,5,20250908,215500,33.83,33.86,33.83,33.86,1533,0
IQDY.US,5,20250909,162000,33.715,33.715,33.715,33.715,600,0
IQDY.US,5,20250909,163500,33.6301,33.6301,33.6301,33.6301,283,0
IQDY.US,5,20250909,171500,33.67,33.67,33.67,33.67,500,0
IQDY.US,5,20250909,172000,33.676,33.676,33.676,33.676,249,0
IQDY.US,5,20250909,174000,33.6884,33.6884,33.6884,33.6884,100,0
IQDY.US,5,20250909,175000,33.685,33.685,33.685,33.685,100,0
IQDY.US,5,20250909,180500,33.67,33.67,33.67,33.67,100,0
IQDY.US,5,20250909,190500,33.69,33.69,33.69,33.69,600,0
IQDY.US,5,20250909,191500,33.695,33.695,33.695,33.695,199,0
IQDY.US,5,20250909,201500,33.73,33.73,33.73,33.73,100,0
IQDY.US,5,20250909,215500,33.705,33.705,33.705,33.705,146,0
IQDY.US,5,20250910,160500,33.94,33.94,33.94,33.94,100,0
IQDY.US,5,20250910,163500,33.92,33.92,33.92,33.92,100,0
IQDY.US,5,20250910,165000,33.9134,33.9134,33.9134,33.9134,433,0
IQDY.US,5,20250910,170000,33.9,33.9,33.9,33.9,294,0
IQDY.US,5,20250910,171000,33.88,33.88,33.88,33.88,294,0
IQDY.US,5,20250910,171500,33.91,33.91,33.91,33.91,294,0
IQDY.US,5,20250910,173000,33.872,33.872,33.872,33.872,287,0
IQDY.US,5,20250910,175500,33.9,33.9,33.9,33.9,500,0
IQDY.US,5,20250910,181000,33.895,33.895,33.895,33.895,500,0
IQDY.US,5,20250910,181500,33.88,33.88,33.88,33.88,12556,0
IQDY.US,5,20250910,184000,33.885,33.885,33.885,33.885,361,0
IQDY.US,5,20250910,185000,33.87,33.87,33.87,33.87,2714,0
IQDY.US,5,20250910,185500,33.9,33.9,33.8809,33.8809,1200,0
IQDY.US,5,20250910,190000,33.9136,33.92,33.9136,33.92,2890,0
IQDY.US,5,20250910,190500,33.89,33.89,33.89,33.89,500,0
IQDY.US,5,20250910,191000,33.88,33.88,33.87,33.87,1000,0
IQDY.US,5,20250910,193500,33.826,33.826,33.826,33.826,150,0
IQDY.US,5,20250910,202500,33.83,33.83,33.83,33.83,500,0
IQDY.US,5,20250910,215000,33.78,33.78,33.78,33.78,100,0
IQDY.US,5,20250911,172500,34.18,34.18,34.1722,34.1722,600,0
IQDY.US,5,20250911,173000,34.21,34.21,34.21,34.21,1421,0
IQDY.US,5,20250911,211500,34.25,34.25,34.25,34.25,100,0
IQDY.US,5,20250911,212000,34.23,34.23,34.23,34.23,100,0
IQDY.US,5,20250911,212500,34.23,34.23,34.23,34.23,100,0
IQDY.US,5,20250911,213000,34.23,34.23,34.23,34.23,100,0
IQDY.US,5,20250911,213500,34.24,34.24,34.24,34.24,100,0
IQDY.US,5,20250911,214500,34.24,34.26,34.2176,34.26,600,0
IQDY.US,5,20250911,215000,34.27,34.27,34.2245,34.27,500,0
IQDY.US,5,20250912,153000,34.1,34.1,34.1,34.1,100,0
IQDY.US,5,20250912,160000,34.14,34.14,34.14,34.14,100,0
IQDY.US,5,20250912,162000,34.12,34.12,34.1,34.1,800,0
IQDY.US,5,20250912,164500,34.09,34.09,34.09,34.09,200,0
IQDY.US,5,20250912,165500,34.1196,34.1196,34.1196,34.1196,250,0
IQDY.US,5,20250912,174000,34.105,34.105,34.105,34.105,129,0
IQDY.US,5,20250912,185000,34.105,34.105,34.105,34.105,220,0
IQDY.US,5,20250912,185500,34.1,34.1,34.08,34.08,1100,0
IQDY.US,5,20250912,215500,34.06,34.06,34.06,34.06,624,0
IQDY.US,5,20250915,161500,34.23,34.23,34.23,34.23,250,0
IQDY.US,5,20250915,181500,34.305,34.305,34.305,34.305,134,0
IQDY.US,5,20250915,182000,34.3,34.3,34.3,34.3,726,0
IQDY.US,5,20250915,204500,34.27,34.27,34.27,34.27,175,0
IQDY.US,5,20250915,212000,34.3,34.3,34.3,34.3,100,0
IQDY.US,5,20250916,160500,34.31,34.31,34.31,34.31,100,0
IQDY.US,5,20250916,184000,34.3596,34.3596,34.3596,34.3596,100,0
IQDY.US,5,20250916,190500,34.34,34.355,34.34,34.355,1538,0
IQDY.US,5,20250916,192000,34.4294,34.4294,34.4294,34.4294,436,0
IQDY.US,5,20250916,192500,34.39,34.39,34.39,34.39,887,0
IQDY.US,5,20250916,200500,34.41,34.41,34.41,34.41,100,0
IQDY.US,5,20250916,215000,34.39,34.39,34.39,34.39,100,0
IQDY.US,5,20250916,215500,34.38,34.38,34.38,34.38,527,0
IQDY.US,5,20250917,162500,34.425,34.44,34.425,34.44,384,0
IQDY.US,5,20250917,170500,34.32,34.33,34.32,34.33,1000,0
IQDY.US,5,20250917,171000,34.36,34.36,34.36,34.36,1276,0
IQDY.US,5,20250917,172500,34.33,34.33,34.33,34.33,500,0
IQDY.US,5,20250917,173500,34.38,34.38,34.38,34.38,100,0
IQDY.US,5,20250917,183000,34.3615,34.3615,34.3615,34.3615,150,0
IQDY.US,5,20250917,185000,34.38,34.38,34.38,34.38,100,0
IQDY.US,5,20250917,205000,34.2631,34.2631,34.2631,34.2631,292,0
IQDY.US,5,20250917,213500,34.37,34.37,34.37,34.37,100,0
IQDY.US,5,20250917,215500,34.35,34.35,34.3,34.3,207,0
IQDY.US,5,20250918,153000,34.27,34.27,34.2699,34.2699,200,0
IQDY.US,5,20250918,161500,34.34,34.34,34.34,34.34,110,0
IQDY.US,5,20250918,163500,34.345,34.36,34.29,34.29,2000,0
IQDY.US,5,20250918,174000,34.32,34.32,34.32,34.32,100,0
IQDY.US,5,20250918,182000,34.3,34.3,34.3,34.3,181,0
IQDY.US,5,20250918,182500,34.3042,34.3042,34.3042,34.3042,200,0
IQDY.US,5,20250918,194000,34.35,34.35,34.35,34.35,486,0
IQDY.US,5,20250918,201000,34.33,34.33,34.33,34.33,100,0
IQDY.US,5,20250918,201500,34.3347,34.3347,34.3347,34.3347,750,0
IQDY.US,5,20250918,204000,34.3314,34.3314,34.3314,34.3314,100,0
IQDY.US,5,20250918,213500,34.33,34.33,34.33,34.33,200,0
IQDY.US,5,20250918,215500,34.305,34.305,34.305,34.305,301,0
IQDY.US,5,20250919,164500,33.91,33.91,33.91,33.91,200,0
IQDY.US,5,20250919,172000,33.885,33.885,33.885,33.885,691,0
IQDY.US,5,20250919,173500,33.83,33.83,33.83,33.83,500,0
IQDY.US,5,20250919,174000,33.81,33.81,33.81,33.81,500,0
IQDY.US,5,20250919,195500,33.9,33.9,33.9,33.9,150,0
IQDY.US,5,20250919,204000,33.85,33.85,33.85,33.85,450,0
IQDY.US,5,20250919,212000,33.88,33.88,33.88,33.88,1693,0
IQDY.US,5,20250919,213500,33.86,33.86,33.86,33.86,100,0
IQDY.US,5,20250919,215500,33.861,33.861,33.861,33.861,100,0
IQDY.US,5,20250922,155000,33.9,33.9,33.9,33.9,100,0
IQDY.US,5,20250922,160500,33.87,33.87,33.87,33.87,600,0
IQDY.US,5,20250922,161000,33.87,33.87,33.87,33.87,900,0
IQDY.US,5,20250922,161500,33.8781,33.8781,33.8781,33.8781,200,0
IQDY.US,5,20250922,164000,33.88,33.88,33.88,33.88,200,0
IQDY.US,5,20250922,183000,33.9767,34,33.975,33.975,769,0
IQDY.US,5,20250922,195000,34.0574,34.0574,34.05,34.05,400,0
IQDY.US,5,20250922,213000,34.05,34.05,34.05,34.05,200,0
IQDY.US,5,20250923,153500,34.055,34.055,34.055,34.055,200,0
IQDY.US,5,20250923,154000,34.08,34.08,34.08,34.08,100,0
IQDY.US,5,20250923,154500,34.09,34.09,34.09,34.09,100,0
IQDY.US,5,20250923,162500,34.1234,34.1234,34.11,34.11,215,0
IQDY.US,5,20250923,163500,34.11,34.11,34.11,34.11,100,0
IQDY.US,5,20250923,182500,34.02,34.05,34.02,34.05,41100,0
IQDY.US,5,20250923,183000,34.0375,34.0375,34.035,34.035,200,0
IQDY.US,5,20250923,183500,34.01,34.02,34.01,34.02,700,0
IQDY.US,5,20250923,184500,34.03,34.03,34.03,34.03,200,0
IQDY.US,5,20250923,190000,34.0079,34.0079,34.0079,34.0079,117,0
IQDY.US,5,20250923,201500,34,34,34,34,250,0
IQDY.US,5,20250923,205500,33.955,33.955,33.955,33.955,100,0
IQDY.US,5,20250923,210000,33.9594,33.9594,33.9594,33.9594,300,0
IQDY.US,5,20250923,210500,33.95,33.95,33.95,33.95,100,0
IQDY.US,5,20250923,211000,33.98,33.98,33.98,33.98,200,0
IQDY.US,5,20250923,212000,33.96,33.96,33.96,33.96,200,0
IQDY.US,5,20250923,213000,33.97,33.97,33.97,33.97,200,0
IQDY.US,5,20250923,213500,33.98,33.98,33.98,33.98,200,0
IQDY.US,5,20250923,214000,33.96,33.96,33.95,33.955,690,0
IQDY.US,5,20250923,214500,33.99,33.99,33.99,33.99,100,0
IQDY.US,5,20250924,153000,33.82,33.83,33.82,33.83,600,0
IQDY.US,5,20250924,155000,33.81,33.81,33.81,33.81,100,0
IQDY.US,5,20250924,172000,33.88,33.88,33.88,33.88,100,0
IQDY.US,5,20250924,175000,33.8,33.8,33.8,33.8,621,0
IQDY.US,5,20250924,175500,33.79,33.79,33.79,33.79,185,0
IQDY.US,5,20250924,185500,33.754,33.754,33.754,33.754,200,0
IQDY.US,5,20250924,190000,33.7704,33.7704,33.7704,33.7704,2962,0
IQDY.US,5,20250924,193500,33.7731,33.7731,33.7731,33.7731,214,0
IQDY.US,5,20250924,202000,33.74,33.74,33.74,33.74,711,0
IQDY.US,5,20250924,202500,33.74,33.74,33.74,33.74,100,0
IQDY.US,5,20250924,204500,33.74,33.74,33.74,33.74,100,0
IQDY.US,5,20250924,211000,33.7799,33.7799,33.7799,33.7799,148,0
IQDY.US,5,20250924,215500,33.72,33.72,33.72,33.72,700,0
IQDY.US,5,20250925,155000,33.4882,33.4882,33.4882,33.4882,100,0
IQDY.US,5,20250925,162500,33.54,33.54,33.54,33.54,2917,0
IQDY.US,5,20250925,163000,33.5335,33.5335,33.5335,33.5335,500,0
IQDY.US,5,20250925,165000,33.53,33.53,33.53,33.53,100,0
IQDY.US,5,20250925,174000,33.52,33.52,33.52,33.52,155,0
IQDY.US,5,20250925,180000,33.53,33.53,33.53,33.53,100,0
IQDY.US,5,20250925,182000,33.53,33.53,33.53,33.53,447,0
IQDY.US,5,20250925,185500,33.53,33.53,33.53,33.53,115,0
IQDY.US,5,20250925,194500,33.4594,33.4594,33.4594,33.4594,174,0
IQDY.US,5,20250925,200000,33.42,33.42,33.405,33.405,200,0
IQDY.US,5,20250925,201500,33.4401,33.4401,33.4401,33.4401,100,0
IQDY.US,5,20250925,211500,33.4872,33.4872,33.4872,33.4872,100,0
IQDY.US,5,20250925,214500,33.4675,33.4675,33.4675,33.4675,150,0
IQDY.US,5,20250925,215000,33.51,33.51,33.51,33.51,100,0
IQDY.US,5,20250926,164000,33.5,33.5,33.5,33.5,3000,0
IQDY.US,5,20250926,175500,33.56,33.56,33.56,33.56,100,0
IQDY.US,5,20250926,185500,33.5401,33.5401,33.5401,33.5401,200,0
IQDY.US,5,20250926,190500,33.57,33.57,33.57,33.57,112,0
IQDY.US,5,20250926,192000,33.5772,33.5772,33.5772,33.5772,260,0
IQDY.US,5,20250926,195500,33.5748,33.5748,33.5748,33.5748,714,0
IQDY.US,5,20250926,204000,33.6,33.6,33.6,33.6,156,0
IQDY.US,5,20250926,204500,33.63,33.63,33.6299,33.6299,200,0
IQDY.US,5,20250926,210500,33.5959,33.5959,33.5959,33.5959,148,0
IQDY.US,5,20250926,211000,33.63,33.63,33.63,33.63,193,0
IQDY.US,5,20250926,215500,33.65,33.65,33.65,33.65,187,0
IQDY.US,5,20250929,160000,33.79,33.793,33.79,33.793,800,0
IQDY.US,5,20250929,160500,33.7576,33.7576,33.7576,33.7576,2000,0
IQDY.US,5,20250929,162500,33.79,33.79,33.79,33.79,100,0
IQDY.US,5,20250929,170500,33.82,33.82,33.795,33.7987,6448,0
IQDY.US,5,20250929,173500,33.7836,33.7836,33.7836,33.7836,160,0
IQDY.US,5,20250929,175500,33.7628,33.7628,33.7628,33.7628,130,0
IQDY.US,5,20250929,192000,33.745,33.745,33.71,33.71,889,0
IQDY.US,5,20250929,201000,33.78,33.78,33.78,33.78,100,0
IQDY.US,5,20250929,204500,33.8,33.8,33.8,33.8,100,0
IQDY.US,5,20250929,210500,33.775,33.775,33.775,33.775,100,0
IQDY.US,5,20250929,212500,33.775,33.775,33.775,33.775,300,0
IQDY.US,5,20250930,154500,33.82,33.82,33.82,33.82,100,0
IQDY.US,5,20250930,165000,33.8271,33.8271,33.8271,33.8271,230,0
IQDY.US,5,20250930,174500,33.8,33.8,33.8,33.8,111,0
IQDY.US,5,20250930,185500,33.8688,33.8688,33.8688,33.8688,639,0
IQDY.US,5,20250930,204500,33.91,33.91,33.91,33.91,100,0
IQDY.US,5,20251001,153000,34.04,34.04,34.04,34.04,200,0
IQDY.US,5,20251001,154500,34.095,34.095,34.095,34.095,651,0
IQDY.US,5,20251001,165000,34.049,34.049,34.049,34.049,216,0
IQDY.US,5,20251001,185000,34.045,34.045,34.045,34.045,100,0
IQDY.US,5,20251002,153000,34.24,34.24,34.24,34.24,300,0
IQDY.US,5,20251002,164500,34.075,34.075,34.075,34.075,100,0
IQDY.US,5,20251002,182000,34.15,34.15,34.1499,34.1499,200,0
IQDY.US,5,20251002,183500,34.138,34.138,34.138,34.138,200,0
IQDY.US,5,20251002,185000,34.17,34.17,34.17,34.17,100,0
IQDY.US,5,20251002,190000,34.15,34.16,34.135,34.135,1004,0
IQDY.US,5,20251002,192000,34.1064,34.135,34.1064,34.135,283,0
IQDY.US,5,20251002,194500,34.1382,34.1382,34.1382,34.1382,360,0
IQDY.US,5,20251002,202500,34.1401,34.2099,34.1401,34.2099,565,0
IQDY.US,5,20251002,211000,34.2,34.2,34.2,34.2,617,0
IQDY.US,5,20251003,153000,34.39,34.39,34.39,34.39,400,0
IQDY.US,5,20251003,162500,34.43,34.43,34.43,34.43,200,0
IQDY.US,5,20251003,165000,34.4799,34.4799,34.4799,34.4799,130,0
IQDY.US,5,20251003,172000,34.45,34.45,34.45,34.45,300,0
IQDY.US,5,20251003,185500,34.4904,34.4904,34.4904,34.4904,100,0
IQDY.US,5,20251003,205500,34.41,34.41,34.41,34.41,1553,0
IQDY.US,5,20251006,160500,34.582,34.582,34.582,34.582,100,0
IQDY.US,5,20251006,173500,34.605,34.605,34.605,34.605,240,0
IQDY.US,5,20251006,180500,34.59,34.59,34.59,34.59,100,0
IQDY.US,5,20251006,184500,34.5701,34.5701,34.5701,34.5701,115,0
IQDY.US,5,20251006,200000,34.646,34.646,34.642,34.642,910,0
IQDY.US,5,20251006,204500,34.592,34.592,34.592,34.592,120,0
IQDY.US,5,20251006,205000,34.61,34.61,34.61,34.61,100,0
IQDY.US,5,20251006,212000,34.605,34.605,34.605,34.605,100,0
IQDY.US,5,20251006,212500,34.63,34.63,34.61,34.61,400,0
IQDY.US,5,20251007,153000,34.5252,34.5252,34.5252,34.5252,1264,0
IQDY.US,5,20251007,161500,34.44,34.47,34.44,34.47,200,0
IQDY.US,5,20251007,165000,34.3801,34.3801,34.3801,34.3801,669,0
IQDY.US,5,20251007,170000,34.43,34.43,34.43,34.43,400,0
IQDY.US,5,20251007,174500,34.39,34.39,34.3,34.3,400,0
IQDY.US,5,20251007,175500,34.32,34.3201,34.32,34.3201,874,0
IQDY.US,5,20251007,182000,34.325,34.325,34.325,34.325,100,0
IQDY.US,5,20251007,183500,34.35,34.385,34.35,34.385,200,0
IQDY.US,5,20251007,185000,34.345,34.345,34.345,34.345,250,0
IQDY.US,5,20251007,190000,34.33,34.33,34.33,34.33,200,0
IQDY.US,5,20251007,195500,34.325,34.325,34.325,34.325,100,0
IQDY.US,5,20251008,163000,34.3855,34.3855,34.3855,34.3855,500,0
IQDY.US,5,20251008,172500,34.4022,34.4022,34.4022,34.4022,331,0
IQDY.US,5,20251008,182500,34.37,34.37,34.37,34.37,100,0
IQDY.US,5,20251008,183500,34.37,34.37,34.37,34.37,290,0
IQDY.US,5,20251008,185000,34.365,34.365,34.36,34.36,300,0
IQDY.US,5,20251008,190000,34.3711,34.3711,34.3711,34.3711,286,0
IQDY.US,5,20251008,215500,34.38,34.38,34.38,34.38,106,0
IQDY.US,5,20251009,162000,34.43,34.43,34.43,34.43,228,0
IQDY.US,5,20251009,163000,34.385,34.385,34.385,34.385,600,0
IQDY.US,5,20251009,164000,34.38,34.38,34.38,34.38,500,0
IQDY.US,5,20251009,172500,34.319,34.319,34.319,34.319,499,0
IQDY.US,5,20251009,180500,34.325,34.325,34.325,34.325,1570,0
IQDY.US,5,20251009,185500,34.3,34.3,34.3,34.3,247,0
IQDY.US,5,20251009,203500,34.1693,34.1693,34.1693,34.1693,100,0
IQDY.US,5,20251009,205000,34.14,34.14,34.14,34.14,200,0
IQDY.US,5,20251009,212500,34.235,34.27,34.235,34.27,1963,0
IQDY.US,5,20251010,165500,34.07,34.07,34.07,34.07,100,0
IQDY.US,5,20251010,171500,33.8262,33.8262,33.8262,33.8262,100,0
IQDY.US,5,20251010,172500,33.71,33.71,33.71,33.71,100,0
IQDY.US,5,20251010,175000,33.73,33.73,33.73,33.73,150,0
IQDY.US,5,20251010,180500,33.7099,33.7099,33.7099,33.7099,200,0
IQDY.US,5,20251010,194000,33.5399,33.5399,33.5399,33.5399,133,0
IQDY.US,5,20251010,195500,33.49,33.49,33.49,33.49,134,0
IQDY.US,5,20251010,200000,33.48,33.48,33.48,33.48,300,0
IQDY.US,5,20251010,202000,33.4999,33.4999,33.4999,33.4999,112,0
IQDY.US,5,20251010,204000,33.46,33.46,33.46,33.46,300,0
IQDY.US,5,20251010,211000,33.39,33.39,33.38,33.38,592,0
IQDY.US,5,20251013,161500,33.79,33.79,33.79,33.79,110,0
IQDY.US,5,20251013,165000,33.8292,33.8292,33.8292,33.8292,1000,0
IQDY.US,5,20251013,170000,33.78,33.78,33.78,33.78,165,0
IQDY.US,5,20251013,172500,33.86,33.8601,33.86,33.8601,528,0
IQDY.US,5,20251013,173500,33.871,33.871,33.871,33.871,100,0
IQDY.US,5,20251013,180500,33.87,33.87,33.87,33.87,500,0
IQDY.US,5,20251013,181000,33.87,33.87,33.87,33.87,200,0
IQDY.US,5,20251013,181500,33.88,33.88,33.88,33.88,300,0
IQDY.US,5,20251013,182000,33.88,33.88,33.86,33.86,550,0
IQDY.US,5,20251013,182500,33.871,33.88,33.87,33.87,450,0
IQDY.US,5,20251013,183000,33.87,33.87,33.87,33.87,300,0
IQDY.US,5,20251013,183500,33.86,33.86,33.84,33.84,418,0
IQDY.US,5,20251013,184000,33.84,33.908,33.84,33.908,832,0
IQDY.US,5,20251013,184500,33.84,33.85,33.84,33.85,300,0
IQDY.US,5,20251013,185000,33.86,33.86,33.86,33.86,300,0
IQDY.US,5,20251013,185500,33.85,33.85,33.85,33.85,400,0
IQDY.US,5,20251013,192000,33.81,33.81,33.81,33.81,9955,0
IQDY.US,5,20251013,193000,33.82,33.82,33.82,33.82,261,0
IQDY.US,5,20251013,202500,33.865,33.9,33.865,33.865,3097,0
IQDY.US,5,20251013,213000,33.87,33.87,33.87,33.87,125,0
IQDY.US,5,20251013,214500,33.87,33.87,33.87,33.87,1249,0
IQDY.US,5,20251014,165000,33.7304,33.7304,33.7304,33.7304,252,0
IQDY.US,5,20251014,173500,33.8166,33.8166,33.78,33.78,1500,0
IQDY.US,5,20251014,210000,33.975,33.975,33.975,33.975,300,0
IQDY.US,5,20251014,215000,33.8793,33.8793,33.8793,33.8793,190,0
IQDY.US,5,20251015,154500,34.225,34.236,34.225,34.236,300,0
IQDY.US,5,20251015,175500,34.195,34.195,34.195,34.195,150,0
IQDY.US,5,20251015,180500,34.21,34.21,34.21,34.21,100,0
IQDY.US,5,20251015,183000,34.27,34.27,34.27,34.27,200,0
IQDY.US,5,20251015,215000,34.2295,34.2295,34.2295,34.2295,189,0
IQDY.US,5,20251016,161500,34.3279,34.3279,34.3279,34.3279,227,0
IQDY.US,5,20251016,170500,34.49,34.49,34.49,34.49,100,0
IQDY.US,5,20251016,210500,34.349,34.349,34.349,34.349,131,0
IQDY.US,5,20251016,213000,34.3,34.3,34.3,34.3,100,0
IQDY.US,5,20251017,212500,34.335,34.335,34.335,34.335,148,0
IQDY.US,5,20251017,214000,34.335,34.335,34.335,34.335,139,0
IQDY.US,5,20251017,215500,34.33,34.33,34.33,34.33,100,0
IQDY.US,5,20251020,153500,34.495,34.495,34.495,34.495,100,0
IQDY.US,5,20251020,172000,34.65,34.658,34.625,34.625,689,0
IQDY.US,5,20251020,181500,34.6431,34.6431,34.6431,34.6431,200,0
IQDY.US,5,20251020,204000,34.6,34.67,34.6,34.6001,561,0
IQDY.US,5,20251020,205500,34.625,34.67,34.6,34.6444,1647,0
IQDY.US,5,20251020,212000,34.66,34.66,34.6599,34.66,1096,0
IQDY.US,5,20251020,213500,34.69,34.69,34.69,34.69,120,0
IQDY.US,5,20251020,214500,34.6899,34.69,34.655,34.6682,3261,0
IQDY.US,5,20251020,215500,34.63,34.63,34.63,34.63,148,0
IQDY.US,5,20251021,155500,34.42,34.42,34.42,34.42,100,0
IQDY.US,5,20251021,161500,34.46,34.46,34.46,34.46,100,0
IQDY.US,5,20251021,162500,34.4801,34.4801,34.455,34.455,354,0
IQDY.US,5,20251021,175500,34.561,34.561,34.561,34.561,174,0
IQDY.US,5,20251021,183500,34.5223,34.55,34.5223,34.55,2037,0
IQDY.US,5,20251021,190000,34.4268,34.4268,34.4268,34.4268,141,0
IQDY.US,5,20251021,195500,34.465,34.465,34.465,34.465,100,0
IQDY.US,5,20251021,212000,34.41,34.41,34.41,34.41,221,0
IQDY.US,5,20251021,214500,34.44,34.44,34.44,34.44,149,0
IQDY.US,5,20251022,154000,34.46,34.46,34.46,34.46,100,0
IQDY.US,5,20251022,164000,34.4697,34.4697,34.43,34.43,1682,0
IQDY.US,5,20251022,171500,34.468,34.468,34.468,34.468,100,0
IQDY.US,5,20251022,172000,34.43,34.43,34.43,34.43,100,0
IQDY.US,5,20251022,174500,34.48,34.48,34.48,34.48,100,0
IQDY.US,5,20251022,182000,34.45,34.45,34.45,34.45,270,0
IQDY.US,5,20251022,182500,34.47,34.47,34.46,34.46,530,0
IQDY.US,5,20251022,183000,34.46,34.46,34.46,34.46,140,0
IQDY.US,5,20251022,183500,34.42,34.42,34.42,34.42,140,0
IQDY.US,5,20251022,184000,34.42,34.42,34.42,34.42,140,0
IQDY.US,5,20251022,185000,34.38,34.4,34.32,34.4,2248,0
IQDY.US,5,20251022,192500,34.31,34.31,34.31,34.31,100,0
IQDY.US,5,20251022,201000,34.26,34.26,34.26,34.26,1009,0
IQDY.US,5,20251022,201500,34.235,34.235,34.235,34.235,128,0
IQDY.US,5,20251022,202000,34.26,34.26,34.26,34.26,300,0
IQDY.US,5,20251022,205000,34.3,34.3,34.25,34.3,728,0
IQDY.US,5,20251022,210500,34.33,34.33,34.33,34.33,399,0
IQDY.US,5,20251022,211500,34.31,34.34,34.31,34.34,1481,0
IQDY.US,5,20251023,155000,34.63,34.63,34.63,34.63,100,0
IQDY.US,5,20251023,161500,34.56,34.56,34.56,34.56,218,0
IQDY.US,5,20251023,180000,34.663,34.663,34.663,34.663,100,0
IQDY.US,5,20251023,200000,34.695,34.695,34.695,34.695,106,0
IQDY.US,5,20251023,202500,34.6717,34.6717,34.6717,34.6717,252,0
IQDY.US,5,20251023,211500,34.709,34.709,34.709,34.709,131,0
IQDY.US,5,20251023,215000,34.6702,34.6702,34.6702,34.6702,200,0
IQDY.US,5,20251024,154000,34.82,34.82,34.82,34.82,162,0
IQDY.US,5,20251024,171500,34.82,34.8201,34.82,34.8201,400,0
IQDY.US,5,20251024,181500,34.8794,34.8794,34.8794,34.8794,430,0
IQDY.US,5,20251024,184500,34.8385,34.8385,34.8385,34.8385,200,0
IQDY.US,5,20251024,211000,34.85,34.85,34.85,34.85,180,0
IQDY.US,5,20251027,163500,35.1017,35.1017,35.1017,35.1017,250,0
IQDY.US,5,20251027,181000,35.17,35.17,35.155,35.155,207,0
IQDY.US,5,20251027,182500,35.14,35.14,35.14,35.14,111,0
IQDY.US,5,20251027,190500,35.1632,35.1632,35.1632,35.1632,227,0
IQDY.US,5,20251027,191000,35.16,35.16,35.16,35.16,132,0
IQDY.US,5,20251027,202500,35.16,35.16,35.16,35.16,642,0
IQDY.US,5,20251027,203000,35.18,35.18,35.18,35.18,284,0
IQDY.US,5,20251028,162000,35.21,35.21,35.21,35.21,100,0
IQDY.US,5,20251028,163500,35.2399,35.2399,35.2399,35.2399,1150,0
IQDY.US,5,20251028,165500,35.1818,35.1818,35.1818,35.1818,504,0
IQDY.US,5,20251028,175500,35.269,35.27,35.245,35.245,2226,0
IQDY.US,5,20251028,200000,35.23,35.23,35.23,35.23,200,0
IQDY.US,5,20251028,205500,35.25,35.25,35.25,35.25,125,0
IQDY.US,5,20251029,154000,35.41,35.41,35.41,35.41,100,0
IQDY.US,5,20251029,163000,35.43,35.43,35.43,35.43,360,0
IQDY.US,5,20251029,173500,35.499,35.499,35.499,35.499,175,0
IQDY.US,5,20251029,175000,35.4855,35.4855,35.4855,35.4855,194,0
IQDY.US,5,20251029,185500,35.51,35.51,35.51,35.51,100,0
IQDY.US,5,20251029,190000,35.48,35.48,35.48,35.48,100,0
IQDY.US,5,20251029,191500,35.5,35.5,35.5,35.5,150,0
IQDY.US,5,20251029,193000,35.47,35.54,35.47,35.54,465,0
IQDY.US,5,20251029,195500,35.36,35.36,35.36,35.36,200,0
IQDY.US,5,20251029,200500,35.37,35.37,35.37,35.37,200,0
IQDY.US,5,20251029,201500,35.37,35.37,35.37,35.37,200,0
IQDY.US,5,20251029,202000,35.31,35.31,35.31,35.31,200,0
IQDY.US,5,20251029,203000,35.25,35.25,35.2281,35.2281,1300,0
IQDY.US,5,20251029,204500,35.2515,35.2515,35.2515,35.2515,195,0
IQDY.US,5,20251029,205500,35.3,35.3,35.3,35.3,115,0
IQDY.US,5,20251030,145000,35.29,35.29,35.29,35.29,100,0
IQDY.US,5,20251030,153000,35.332,35.332,35.332,35.332,100,0
IQDY.US,5,20251030,162500,35.3589,35.3589,35.3589,35.3589,206,0
IQDY.US,5,20251030,181500,35.355,35.355,35.355,35.355,300,0
IQDY.US,5,20251030,183000,35.3855,35.3855,35.3855,35.3855,300,0
IQDY.US,5,20251030,183500,35.3809,35.3809,35.3809,35.3809,282,0
IQDY.US,5,20251030,184000,35.3708,35.3708,35.3708,35.3708,170,0
IQDY.US,5,20251030,194000,35.393,35.399,35.393,35.399,575,0
IQDY.US,5,20251030,194500,35.38,35.38,35.38,35.38,1289,0
IQDY.US,5,20251030,205500,35.295,35.295,35.29,35.29,407,0
IQDY.US,5,20251031,144000,35.255,35.255,35.255,35.255,200,0
IQDY.US,5,20251031,161500,35.265,35.265,35.265,35.265,400,0
IQDY.US,5,20251031,171500,35.23,35.23,35.23,35.23,200,0
IQDY.US,5,20251031,174000,35.26,35.26,35.26,35.26,427,0
IQDY.US,5,20251031,175500,35.19,35.19,35.18,35.18,1000,0
IQDY.US,5,20251031,181000,35.17,35.17,35.1201,35.1201,1950,0
IQDY.US,5,20251031,182000,35.16,35.16,35.16,35.16,9679,0
IQDY.US,5,20251031,183500,35.1445,35.1445,35.1445,35.1445,1766,0
IQDY.US,5,20251031,185500,35.1764,35.1764,35.1764,35.1764,247,0
IQDY.US,5,20251031,195500,35.2599,35.2599,35.2599,35.2599,120,0
IQDY.US,5,20251031,205000,35.29,35.29,35.29,35.29,100,0
IQDY.US,5,20251103,163000,35.21,35.21,35.21,35.21,200,0
IQDY.US,5,20251103,165000,35.305,35.305,35.305,35.305,510,0
IQDY.US,5,20251103,170000,35.298,35.298,35.298,35.298,144,0
IQDY.US,5,20251103,170500,35.3052,35.3052,35.3052,35.3052,706,0
IQDY.US,5,20251103,190500,35.37,35.3701,35.37,35.3701,400,0
IQDY.US,5,20251103,213000,35.375,35.375,35.375,35.375,121,0
IQDY.US,5,20251103,213500,35.365,35.365,35.365,35.365,100,0
IQDY.US,5,20251104,153000,34.88,34.88,34.88,34.88,200,0
IQDY.US,5,20251104,154500,35.045,35.045,35.045,35.045,100,0
IQDY.US,5,20251104,165500,35.0692,35.0692,35.0692,35.0692,1200,0
IQDY.US,5,20251104,191500,35.0035,35.019,35.0035,35.019,350,0
IQDY.US,5,20251104,193500,34.99,34.99,34.9897,34.9897,214,0
IQDY.US,5,20251104,195000,35.0096,35.01,35.0096,35.01,256,0
IQDY.US,5,20251104,203000,35,35,35,35,200,0
IQDY.US,5,20251104,214500,35,35.01,34.99,34.99,400,0
IQDY.US,5,20251104,215000,34.98,35,34.98,35,400,0
IQDY.US,5,20251104,215500,34.98,34.98,34.98,34.98,100,0
IQDY.US,5,20251105,155000,35.15,35.15,35.15,35.15,1842,0
IQDY.US,5,20251105,160000,35.08,35.08,35.08,35.08,200,0
IQDY.US,5,20251105,160500,35.13,35.14,35.13,35.14,600,0
IQDY.US,5,20251105,162000,35.15,35.15,35.15,35.15,200,0
IQDY.US,5,20251105,162500,35.15,35.15,35.14,35.15,1600,0
IQDY.US,5,20251105,163500,35.19,35.19,35.19,35.19,676,0
IQDY.US,5,20251105,182000,35.24,35.24,35.24,35.24,200,0
IQDY.US,5,20251105,210500,35.268,35.268,35.268,35.268,605,0
IQDY.US,5,20251106,163500,35.31,35.31,35.31,35.31,105,0
IQDY.US,5,20251106,181500,35.2796,35.28,35.2794,35.28,1200,0
IQDY.US,5,20251106,190000,35.2698,35.2698,35.2698,35.2698,300,0
IQDY.US,5,20251106,190500,35.2699,35.2699,35.2699,35.2699,248,0
IQDY.US,5,20251106,200500,35.3493,35.3493,35.3493,35.3493,141,0
IQDY.US,5,20251106,205000,35.38,35.38,35.3415,35.3415,1302,0
IQDY.US,5,20251107,163000,35.1447,35.1447,35.1447,35.1447,100,0
IQDY.US,5,20251107,165000,35.11,35.11,35.11,35.11,200,0
IQDY.US,5,20251107,172500,35.0573,35.0573,35.0573,35.0573,100,0
IQDY.US,5,20251107,175000,35.0594,35.0594,35.0594,35.0594,170,0
IQDY.US,5,20251107,191500,35.1899,35.1899,35.1899,35.1899,100,0
IQDY.US,5,20251107,214000,35.298,35.298,35.298,35.298,367,0
IQDY.US,5,20251107,215000,35.3145,35.3145,35.3145,35.3145,134,0
IQDY.US,5,20251110,160500,35.595,35.595,35.595,35.595,209,0
IQDY.US,5,20251110,170500,35.56,35.56,35.56,35.56,100,0
IQDY.US,5,20251110,174000,35.55,35.55,35.55,35.55,280,0
IQDY.US,5,20251110,174500,35.536,35.536,35.536,35.536,912,0
IQDY.US,5,20251110,175000,35.57,35.57,35.57,35.57,100,0
IQDY.US,5,20251110,192500,35.7125,35.7125,35.7125,35.7125,300,0
IQDY.US,5,20251110,203000,35.78,35.78,35.78,35.78,329,0
IQDY.US,5,20251110,204000,35.799,35.799,35.799,35.799,420,0
IQDY.US,5,20251111,174500,35.8975,35.8975,35.8975,35.8975,132,0
IQDY.US,5,20251111,180000,35.892,35.892,35.892,35.892,394,0
IQDY.US,5,20251111,191500,35.99,35.99,35.9899,35.9899,276,0
IQDY.US,5,20251111,215000,35.975,35.975,35.975,35.975,250,0
IQDY.US,5,20251111,215500,35.92,35.96,35.92,35.96,1356,0
IQDY.US,5,20251112,154000,36.11,36.11,36.11,36.11,500,0
IQDY.US,5,20251112,155500,36.07,36.07,36.06,36.06,2022,0
IQDY.US,5,20251112,161500,36.12,36.12,36.12,36.12,100,0
IQDY.US,5,20251112,172000,36.1115,36.1115,36.1115,36.1115,100,0
IQDY.US,5,20251112,213000,36.1381,36.1381,36.1381,36.1381,276,0
IQDY.US,5,20251113,161000,36.12,36.1294,36.12,36.1294,276,0
IQDY.US,5,20251113,183000,35.975,35.975,35.975,35.975,242,0
IQDY.US,5,20251113,183500,35.98,35.98,35.98,35.98,514,0
IQDY.US,5,20251113,185000,35.925,35.925,35.925,35.925,125,0
IQDY.US,5,20251113,192500,35.842,35.842,35.842,35.842,200,0
IQDY.US,5,20251113,210000,35.7799,35.7799,35.7799,35.7799,111,0
IQDY.US,5,20251114,153000,35.4,35.4,35.4,35.4,100,0
IQDY.US,5,20251114,164500,35.7713,35.78,35.7713,35.78,1850,0
IQDY.US,5,20251114,170500,35.7,35.71,35.7,35.71,900,0
IQDY.US,5,20251114,171500,35.74,35.74,35.73,35.73,900,0
IQDY.US,5,20251114,174000,35.78,35.78,35.78,35.78,100,0
IQDY.US,5,20251114,174500,35.78,35.78,35.7799,35.7799,1200,0
IQDY.US,5,20251114,185000,35.78,35.78,35.78,35.78,160,0
IQDY.US,5,20251114,215500,35.77,35.77,35.77,35.77,173,0
IQDY.US,5,20251117,154000,35.5417,35.5417,35.5417,35.5417,265,0
IQDY.US,5,20251117,160000,35.59,35.59,35.59,35.59,200,0
IQDY.US,5,20251117,173500,35.5525,35.5525,35.5525,35.5525,753,0
IQDY.US,5,20251117,174000,35.58,35.58,35.58,35.58,575,0
IQDY.US,5,20251117,175000,35.59,35.59,35.59,35.59,100,0
IQDY.US,5,20251117,192500,35.46,35.46,35.46,35.46,100,0
IQDY.US,5,20251117,202500,35.33,35.3301,35.33,35.3301,400,0
IQDY.US,5,20251117,211000,35.21,35.21,35.21,35.21,276,0
IQDY.US,5,20251117,212500,35.19,35.19,35.19,35.19,189,0
IQDY.US,5,20251117,213000,35.215,35.215,35.21,35.21,371,0
IQDY.US,5,20251117,213500,35.225,35.225,35.21,35.223,788,0
IQDY.US,5,20251117,215000,35.27,35.27,35.27,35.27,1027,0
IQDY.US,5,20251118,153500,34.7401,34.7401,34.74,34.74,324,0
IQDY.US,5,20251118,154000,34.795,34.795,34.795,34.795,100,0
IQDY.US,5,20251118,160500,34.64,34.64,34.64,34.64,100,0
IQDY.US,5,20251118,163500,34.69,34.69,34.69,34.69,100,0
IQDY.US,5,20251118,164000,34.6326,34.6501,34.621,34.621,791,0
IQDY.US,5,20251118,165500,34.62,34.6394,34.61,34.6394,2843,0
IQDY.US,5,20251118,170500,34.605,34.605,34.5701,34.605,1766,0
IQDY.US,5,20251118,173500,34.69,34.725,34.69,34.691,3113,0
IQDY.US,5,20251118,185500,34.805,34.805,34.805,34.805,100,0
IQDY.US,5,20251118,204500,34.88,34.88,34.845,34.845,1349,0
IQDY.US,5,20251118,205000,34.8,34.8,34.76,34.77,1019,0
IQDY.US,5,20251118,205500,34.8275,34.8275,34.8275,34.8275,861,0
IQDY.US,5,20251118,212500,34.79,34.835,34.79,34.835,300,0
IQDY.US,5,20251118,213000,34.775,34.775,34.75,34.75,500,0
IQDY.US,5,20251119,154500,34.9,34.91,34.9,34.9,1400,0
IQDY.US,5,20251119,172500,34.75,34.75,34.75,34.75,499,0
IQDY.US,5,20251119,180000,34.726,34.73,34.65,34.67,2426,0
IQDY.US,5,20251119,181500,34.6894,34.695,34.581,34.581,4771,0
IQDY.US,5,20251119,195500,34.7494,34.7494,34.7494,34.7494,120,0
IQDY.US,5,20251119,203500,34.6137,34.63,34.5901,34.5901,936,0
IQDY.US,5,20251119,204500,34.615,34.615,34.615,34.615,290,0
IQDY.US,5,20251119,205500,34.665,34.665,34.665,34.665,1310,0
IQDY.US,5,20251119,210500,34.68,34.68,34.68,34.68,145,0
IQDY.US,5,20251119,212500,34.7415,34.7415,34.7415,34.7415,277,0
IQDY.US,5,20251120,153000,34.99,34.99,34.99,34.99,100,0
IQDY.US,5,20251120,162000,35.08,35.08,35.08,35.08,500,0
IQDY.US,5,20251120,164000,35.02,35.02,35.02,35.02,100,0
IQDY.US,5,20251120,172000,34.89,34.89,34.8899,34.8899,460,0
IQDY.US,5,20251120,174000,34.7352,34.7352,34.71,34.721,1127,0
IQDY.US,5,20251120,181500,34.56,34.58,34.56,34.58,600,0
IQDY.US,5,20251120,182000,34.56,34.56,34.56,34.56,700,0
IQDY.US,5,20251120,205500,34.4745,34.4745,34.4745,34.4745,380,0
IQDY.US,5,20251120,210500,34.45,34.45,34.45,34.45,100,0
IQDY.US,5,20251120,214500,34.39,34.39,34.39,34.39,128,0
IQDY.US,5,20251120,215500,34.39,34.39,34.36,34.36,592,0
IQDY.US,5,20251121,153500,34.3101,34.3101,34.3101,34.3101,205,0
IQDY.US,5,20251121,161000,34.325,34.325,34.325,34.325,500,0
IQDY.US,5,20251121,162000,34.2706,34.2706,34.2706,34.2706,130,0
IQDY.US,5,20251121,164000,34.19,34.19,34.19,34.19,197,0
IQDY.US,5,20251121,164500,34.262,34.323,34.262,34.287,1744,0
IQDY.US,5,20251121,181000,34.5851,34.5851,34.5851,34.5851,288,0
IQDY.US,5,20251121,182000,34.5406,34.5406,34.5406,34.5406,462,0
IQDY.US,5,20251121,182500,34.61,34.61,34.61,34.61,100,0
IQDY.US,5,20251121,183500,34.5578,34.5578,34.5578,34.5578,103,0
IQDY.US,5,20251121,185500,34.545,34.545,34.51,34.5101,1960,0
IQDY.US,5,20251121,191000,34.465,34.465,34.43,34.4302,1951,0
IQDY.US,5,20251121,191500,34.445,34.445,34.4,34.4107,2086,0
IQDY.US,5,20251121,202000,34.66,34.66,34.6599,34.6599,1572,0
IQDY.US,5,20251121,203000,34.61,34.6584,34.61,34.6584,822,0
IQDY.US,5,20251124,154000,34.61865,34.61865,34.61865,34.61865,288,0
IQDY.US,5,20251124,155000,34.52,34.52,34.52,34.52,100,0
IQDY.US,5,20251124,162000,34.721,34.721,34.721,34.721,150,0
IQDY.US,5,20251124,164000,34.7211,34.7211,34.7211,34.7211,199,0
IQDY.US,5,20251124,165000,34.68,34.68,34.68,34.68,100,0
IQDY.US,5,20251124,170500,34.761,34.761,34.761,34.761,342,0
IQDY.US,5,20251124,171500,34.735,34.735,34.735,34.735,400,0
IQDY.US,5,20251124,172000,34.7,34.7,34.7,34.7,100,0
IQDY.US,5,20251124,173000,34.6901,34.6901,34.6901,34.6901,442,0
IQDY.US,5,20251124,204000,34.7112,34.7112,34.7112,34.7112,250,0
IQDY.US,5,20251124,205500,34.66,34.66,34.66,34.66,100,0
IQDY.US,5,20251124,211000,34.671,34.671,34.671,34.671,652,0
IQDY.US,5,20251124,213000,34.68,34.68,34.68,34.68,100,0
IQDY.US,5,20251124,213500,34.71,34.71,34.71,34.71,100,0
IQDY.US,5,20251124,214500,34.6801,34.681,34.6801,34.681,495,0
IQDY.US,5,20251125,154500,34.81,34.81,34.8099,34.8099,350,0
IQDY.US,5,20251125,160000,34.83,34.83,34.83,34.83,373,0
IQDY.US,5,20251125,161000,34.78,34.78,34.78,34.78,100,0
IQDY.US,5,20251125,172500,34.8712,34.8712,34.8712,34.8712,125,0
IQDY.US,5,20251125,181000,34.98,34.98,34.98,34.98,123,0
IQDY.US,5,20251125,194000,35.05,35.05,35.05,35.05,317,0
IQDY.US,5,20251125,204500,35.0118,35.0118,35.0118,35.0118,285,0
IQDY.US,5,20251125,211500,35.05,35.05,35.05,35.05,725,0
IQDY.US,5,20251125,212000,35.06,35.06,35.06,35.06,400,0
IQDY.US,5,20251126,155000,35.24,35.24,35.24,35.24,111,0
IQDY.US,5,20251126,163000,35.3,35.3,35.22,35.22,300,0
IQDY.US,5,20251126,165000,35.32,35.32,35.3196,35.3196,600,0
IQDY.US,5,20251126,175000,35.42,35.42,35.42,35.42,100,0
IQDY.US,5,20251126,183000,35.439,35.439,35.439,35.439,100,0
IQDY.US,5,20251126,190000,35.4252,35.4252,35.4252,35.4252,337,0
IQDY.US,5,20251126,201500,35.37,35.37,35.37,35.37,200,0
IQDY.US,5,20251128,153000,35.43,35.43,35.43,35.43,100,0
IQDY.US,5,20251128,173500,35.515,35.515,35.515,35.515,122,0
IQDY.US,5,20251128,182500,35.5273,35.5273,35.5273,35.5273,265,0
IQDY.US,5,20251201,170500,35.66,35.66,35.66,35.66,111,0
IQDY.US,5,20251201,173000,35.59,35.5901,35.59,35.5901,400,0
IQDY.US,5,20251201,174000,35.6548,35.6548,35.6548,35.6548,127,0
IQDY.US,5,20251201,193500,35.655,35.655,35.54,35.575,4566,0
IQDY.US,5,20251201,202000,35.54,35.54,35.54,35.54,235,0
IQDY.US,5,20251201,210500,35.52,35.52,35.52,35.52,1914,0
IQDY.US,5,20251202,172500,35.61,35.61,35.6096,35.6096,1608,0
IQDY.US,5,20251202,180000,35.65,35.65,35.65,35.65,550,0
IQDY.US,5,20251202,193500,35.62,35.65,35.62,35.64,14788,0
IQDY.US,5,20251202,205000,35.65,35.6501,35.65,35.6501,400,0
IQDY.US,5,20251202,211000,35.73,35.77,35.73,35.77,601,0
IQDY.US,5,20251202,212000,35.735,35.735,35.735,35.735,165,0
IQDY.US,5,20251202,214000,35.745,35.745,35.745,35.745,110,0
IQDY.US,5,20251203,160500,35.92,35.93,35.92,35.93,1155,0
IQDY.US,5,20251203,174500,35.855,35.89,35.82,35.82,1980,0
IQDY.US,5,20251203,175000,35.85,35.8501,35.85,35.8501,600,0
IQDY.US,5,20251203,181000,35.8,35.8,35.8,35.8,165,0
IQDY.US,5,20251203,190500,35.9,35.9,35.9,35.9,100,0
IQDY.US,5,20251203,200500,35.9499,35.95,35.9499,35.95,396,0
IQDY.US,5,20251203,204500,35.94,35.94,35.94,35.94,415,0
IQDY.US,5,20251203,210500,35.91,36.02,35.91,35.98,566,0
IQDY.US,5,20251203,212500,36.04,36.04,36.04,36.04,150,0
IQDY.US,5,20251203,213500,36.02,36.055,36.02,36.055,350,0
IQDY.US,5,20251203,214000,36.065,36.065,36.065,36.065,150,0
IQDY.US,5,20251203,214500,36.05,36.05,36.05,36.05,200,0
IQDY.US,5,20251203,215000,36.05,36.06,35.99,36.06,600,0
IQDY.US,5,20251204,163500,36.21,36.21,36.21,36.21,227,0
IQDY.US,5,20251204,200500,36.1999,36.2,36.1999,36.2,248,0
IQDY.US,5,20251204,203500,36.1942,36.1942,36.1942,36.1942,222,0
IQDY.US,5,20251204,205000,36.1996,36.1996,36.1996,36.1996,100,0
IQDY.US,5,20251204,215000,36.151619,36.151619,36.151619,36.151619,100,0
IQDY.US,5,20251205,153500,36.265,36.265,36.265,36.265,294,0
IQDY.US,5,20251205,155000,36.35,36.35,36.35,36.35,471,0
IQDY.US,5,20251205,162000,36.37,36.37,36.3632,36.3632,200,0
IQDY.US,5,20251205,165500,36.35,36.35,36.35,36.35,100,0
IQDY.US,5,20251205,170500,36.3,36.3,36.3,36.3,1267,0
IQDY.US,5,20251205,171000,36.145,36.145,36.145,36.145,200,0
IQDY.US,5,20251205,171500,36.2327,36.2327,36.155,36.155,846,0
IQDY.US,5,20251205,174500,36.115,36.115,36.115,36.115,400,0
IQDY.US,5,20251205,181500,36.205,36.205,36.14,36.14,307,0
IQDY.US,5,20251205,193500,36.16,36.16,36.16,36.16,200,0
IQDY.US,5,20251205,195000,36.25,36.25,36.21,36.2499,522,0
IQDY.US,5,20251205,203000,36.105,36.105,36.105,36.105,200,0
IQDY.US,5,20251205,205500,36.18,36.18,36.18,36.18,655,0
IQDY.US,5,20251205,214000,36.11,36.11,36.11,36.11,200,0
IQDY.US,5,20251205,215000,36.18,36.18,36.18,36.18,100,0
IQDY.US,5,20251208,153000,36.14,36.14,36.14,36.14,102,0
IQDY.US,5,20251208,153500,36.17,36.31,36.17,36.21,1782,0
IQDY.US,5,20251208,163500,36.06,36.06,36.06,36.06,100,0
IQDY.US,5,20251208,172500,36.03,36.03,36.03,36.03,100,0
IQDY.US,5,20251208,184500,36.09,36.0996,36.09,36.0996,275,0
IQDY.US,5,20251208,190500,36.0916,36.0916,36.0916,36.0916,182,0
IQDY.US,5,20251208,193500,36.12,36.12,36.12,36.12,100,0
IQDY.US,5,20251208,195500,36.095,36.095,36.095,36.095,761,0
IQDY.US,5,20251208,202500,36.076,36.076,36.076,36.076,139,0
IQDY.US,5,20251208,204500,36.015,36.015,36.015,36.015,100,0
IQDY.US,5,20251208,205500,36.06,36.06,36.025,36.025,300,0
IQDY.US,5,20251208,210500,36.005,36.005,36.005,36.005,100,0
IQDY.US,5,20251208,213000,36.069,36.069,36.069,36.069,138,0
IQDY.US,5,20251208,214000,36.025,36.1096,36.025,36.1096,222,0
IQDY.US,5,20251209,155500,36.115,36.115,36.115,36.115,304,0
IQDY.US,5,20251209,170500,36.15,36.15,36.15,36.15,100,0
IQDY.US,5,20251209,175500,36.1016,36.1016,36.1,36.1,200,0
IQDY.US,5,20251209,191500,36.05,36.05,36.05,36.05,185,0
IQDY.US,5,20251209,194500,36.0536,36.0536,36.0536,36.0536,161,0
IQDY.US,5,20251209,200500,36.04,36.04,36.04,36.04,100,0
IQDY.US,5,20251209,202500,36.05,36.05,36.05,36.05,500,0
IQDY.US,5,20251209,210500,36.06,36.06,36.06,36.06,500,0
IQDY.US,5,20251209,211000,36.0615,36.0615,36.0615,36.0615,188,0
IQDY.US,5,20251209,213000,36.05,36.05,36.05,36.05,693,0
IQDY.US,5,20251210,165500,36.199,36.21,36.166,36.166,2100,0
IQDY.US,5,20251210,172000,36.25,36.25,36.25,36.25,100,0
IQDY.US,5,20251210,185500,36.24,36.24,36.24,36.24,150,0
IQDY.US,5,20251210,202500,36.3,36.3,36.3,36.3,116,0
IQDY.US,5,20251210,213500,36.5001,36.5238,36.5,36.5238,776,0
IQDY.US,5,20251210,215500,36.485,36.485,36.485,36.485,547,0
IQDY.US,5,20251211,160000,36.525,36.525,36.525,36.525,300,0
IQDY.US,5,20251211,162000,36.6602,36.6602,36.6602,36.6602,113,0
IQDY.US,5,20251211,162500,36.645,36.645,36.645,36.645,100,0
IQDY.US,5,20251211,173000,36.63,36.63,36.6296,36.6296,10882,0
IQDY.US,5,20251211,173500,36.59,36.635,36.56,36.635,5336,0
IQDY.US,5,20251211,174000,36.64,36.64,36.64,36.64,400,0
IQDY.US,5,20251211,182500,36.69,36.69,36.69,36.69,300,0
IQDY.US,5,20251211,195000,36.6848,36.6848,36.6848,36.6848,544,0
IQDY.US,5,20251211,201000,36.6657,36.6657,36.6657,36.6657,129,0
IQDY.US,5,20251211,204500,36.6749,36.693,36.6749,36.693,972,0
IQDY.US,5,20251211,212000,36.675,36.71,36.675,36.71,900,0
IQDY.US,5,20251212,155000,36.63,36.63,36.63,36.63,100,0
IQDY.US,5,20251212,160500,36.56,36.56,36.56,36.56,100,0
IQDY.US,5,20251212,161500,36.53,36.53,36.53,36.53,300,0
IQDY.US,5,20251212,162000,36.5255,36.5255,36.48,36.48,1245,0
IQDY.US,5,20251212,173500,36.21,36.21,36.2,36.2,600,0
IQDY.US,5,20251212,174000,36.272,36.272,36.272,36.272,218,0
IQDY.US,5,20251212,191000,36.39,36.39,36.39,36.39,100,0
IQDY.US,5,20251212,192000,36.38,36.39,36.38,36.39,800,0
IQDY.US,5,20251212,203000,36.305,36.305,36.305,36.305,400,0
IQDY.US,5,20251212,204000,36.305,36.305,36.305,36.305,732,0
IQDY.US,5,20251212,211000,36.33,36.33,36.33,36.33,317,0
IQDY.US,5,20251212,214000,36.25,36.25,36.24,36.25,1200,0
IQDY.US,5,20251215,153000,36.618,36.618,36.618,36.618,831,0
IQDY.US,5,20251215,154000,36.61,36.61,36.61,36.61,210,0
IQDY.US,5,20251215,155500,36.61,36.61,36.61,36.61,629,0
IQDY.US,5,20251215,161500,36.54,36.54,36.54,36.54,137,0
IQDY.US,5,20251215,162000,36.57,36.57,36.5698,36.5698,228,0
IQDY.US,5,20251215,163000,36.53,36.53,36.53,36.53,100,0
IQDY.US,5,20251215,165500,36.545,36.545,36.545,36.545,967,0
IQDY.US,5,20251215,171500,36.5369,36.5369,36.5369,36.5369,141,0
IQDY.US,5,20251215,193000,36.445,36.445,36.445,36.445,100,0
IQDY.US,5,20251215,193500,36.445,36.445,36.42,36.42,708,0
IQDY.US,5,20251215,204500,36.44,36.44,36.44,36.44,1038,0
IQDY.US,5,20251215,211000,36.465,36.479,36.465,36.479,274,0
IQDY.US,5,20251215,212000,36.43,36.43,36.43,36.43,140,0
IQDY.US,5,20251215,212500,36.455,36.455,36.455,36.455,500,0
IQDY.US,5,20251216,154000,36.305,36.305,36.305,36.305,137,0
IQDY.US,5,20251216,154500,36.9,36.9,36.9,36.9,100,0
IQDY.US,5,20251216,161500,36.28,36.31,36.28,36.3096,592,0
IQDY.US,5,20251216,163000,36.264,36.264,36.264,36.264,209,0
IQDY.US,5,20251216,163500,36.29,36.29,36.29,36.29,100,0
IQDY.US,5,20251216,173500,36.2455,36.2455,36.2455,36.2455,250,0
IQDY.US,5,20251216,200500,36.23,36.23,36.23,36.23,100,0
IQDY.US,5,20251216,202000,36.275,36.275,36.275,36.275,150,0
IQDY.US,5,20251216,204500,36.3,36.3,36.3,36.3,100,0
IQDY.US,5,20251216,205000,36.32,36.32,36.32,36.32,100,0
IQDY.US,5,20251216,205500,36.31,36.31,36.31,36.31,100,0
IQDY.US,5,20251216,210500,36.31,36.31,36.31,36.31,300,0
IQDY.US,5,20251216,211000,36.32,36.32,36.32,36.32,100,0
IQDY.US,5,20251216,212500,36.3,36.3,36.3,36.3,100,0
IQDY.US,5,20251216,213000,36.2879,36.31,36.2879,36.31,1497,0
IQDY.US,5,20251217,154500,36.22,36.22,36.175,36.175,200,0
IQDY.US,5,20251217,155000,36.18,36.18,36.18,36.18,200,0
IQDY.US,5,20251217,163000,36.24,36.24,36.165,36.165,714,0
IQDY.US,5,20251217,165500,36.107,36.107,36.107,36.107,177,0
IQDY.US,5,20251217,171000,36.13,36.13,36.13,36.13,300,0
IQDY.US,5,20251217,171500,36.005,36.005,36.005,36.005,200,0
IQDY.US,5,20251217,181000,36.095,36.095,36.09,36.09,600,0
IQDY.US,5,20251217,192500,36.02,36.02,36.02,36.02,100,0
IQDY.US,5,20251217,193500,36.07,36.07,36.07,36.07,100,0
IQDY.US,5,20251217,204500,35.96,35.96,35.96,35.96,200,0
IQDY.US,5,20251217,214000,35.97,35.97,35.97,35.97,200,0
IQDY.US,5,20251217,215000,36.02,36.02,36.02,36.02,100,0
IQDY.US,5,20251218,153000,36.29,36.29,36.29,36.29,800,0
IQDY.US,5,20251218,153500,36.2634,36.2634,36.21,36.21,315,0
IQDY.US,5,20251218,154000,36.23,36.25,36.23,36.25,340,0
IQDY.US,5,20251218,154500,36.21,36.21,36.21,36.21,200,0
IQDY.US,5,20251218,160000,36.32,36.32,36.32,36.32,104,0
IQDY.US,5,20251218,163500,36.3,36.3,36.3,36.3,201,0
IQDY.US,5,20251218,165500,36.29,36.29,36.29,36.29,100,0
IQDY.US,5,20251218,170500,36.3,36.36,36.3,36.32,1025,0
IQDY.US,5,20251218,171500,36.34,36.34,36.34,36.34,2084,0
IQDY.US,5,20251218,175500,36.3096,36.3096,36.3096,36.3096,100,0
IQDY.US,5,20251218,181500,36.125,36.125,36.125,36.125,100,0
IQDY.US,5,20251218,182000,36.18,36.18,36.18,36.18,840,0
IQDY.US,5,20251218,195500,36.255,36.255,36.255,36.255,129,0
IQDY.US,5,20251218,200500,36.249,36.249,36.249,36.249,400,0
IQDY.US,5,20251218,202000,36.247795,36.247795,36.247795,36.247795,300,0
IQDY.US,5,20251218,204500,36.23,36.23,36.23,36.23,100,0
IQDY.US,5,20251218,210500,36.2486,36.2486,36.2486,36.2486,253,0
IQDY.US,5,20251218,211000,36.1994,36.1994,36.1994,36.1994,123,0
IQDY.US,5,20251218,211500,36.21,36.2499,36.21,36.2499,1100,0
IQDY.US,5,20251218,213000,36.26,36.26,36.26,36.26,100,0
IQDY.US,5,20251218,213500,36.235,36.235,36.235,36.235,142,0
IQDY.US,5,20251219,164000,36.269,36.269,36.269,36.269,198,0
IQDY.US,5,20251219,170500,36.2798,36.2798,36.24,36.24,1243,0
IQDY.US,5,20251219,173500,36.299,36.299,36.299,36.299,275,0
IQDY.US,5,20251219,174000,36.27,36.3,36.27,36.3,550,0
IQDY.US,5,20251219,175500,36.3,36.3,36.252,36.252,450,0
IQDY.US,5,20251219,182000,36.31,36.37,36.31,36.37,892,0
IQDY.US,5,20251219,191500,36.33,36.33,36.33,36.33,250,0
IQDY.US,5,20251219,203000,36.3496,36.3496,36.3496,36.3496,1550,0
IQDY.US,5,20251219,212500,36.33,36.33,36.33,36.33,443,0
IQDY.US,5,20251219,215500,36.28,36.28,36.28,36.28,250,0
IQDY.US,5,20251222,161000,36.4,36.4,36.4,36.4,100,0
IQDY.US,5,20251222,164500,36.34,36.36,36.32,36.32,4460,0
IQDY.US,5,20251222,171000,36.429,36.429,36.429,36.429,210,0
IQDY.US,5,20251222,171500,36.42,36.4299,36.42,36.4299,300,0
IQDY.US,5,20251222,174500,36.39,36.39,36.365,36.365,250,0
IQDY.US,5,20251222,175000,36.368,36.368,36.366,36.366,2179,0
IQDY.US,5,20251222,183000,36.32,36.33,36.32,36.33,1000,0
IQDY.US,5,20251222,183500,36.29,36.315,36.28,36.315,4800,0
IQDY.US,5,20251222,191500,36.3001,36.3001,36.281,36.281,372,0
IQDY.US,5,20251222,192500,36.29,36.29,36.29,36.29,100,0
IQDY.US,5,20251222,193500,36.29,36.29,36.29,36.29,474,0
IQDY.US,5,20251222,195000,36.319,36.32,36.319,36.32,663,0
IQDY.US,5,20251222,200500,36.2701,36.2701,36.24,36.24,460,0
IQDY.US,5,20251222,203500,36.32,36.35,36.2928,36.35,512,0
IQDY.US,5,20251222,211500,36.31,36.31,36.31,36.31,205,0
IQDY.US,5,20251222,212000,36.3164,36.3164,36.3164,36.3164,350,0
IQDY.US,5,20251222,213000,36.31,36.31,36.31,36.31,100,0
IQDY.US,5,20251222,213500,36.338,36.338,36.33,36.33,271,0
IQDY.US,5,20251222,215000,36.31,36.31,36.31,36.31,100,0
IQDY.US,5,20251222,215500,36.3,36.3,36.3,36.3,137,0
IQDY.US,5,20251223,153000,36.54,36.54,36.54,36.54,100,0
IQDY.US,5,20251223,160500,36.519,36.519,36.519,36.519,330,0
IQDY.US,5,20251223,171500,36.6,36.6,36.6,36.6,100,0
IQDY.US,5,20251223,173000,36.55,36.55,36.55,36.55,237,0
IQDY.US,5,20251223,174000,36.5748,36.5748,36.5748,36.5748,385,0
IQDY.US,5,20251223,191000,36.58,36.58,36.58,36.58,100,0
IQDY.US,5,20251223,191500,36.556132,36.556132,36.556132,36.556132,300,0
IQDY.US,5,20251223,201500,36.6,36.6,36.6,36.6,273,0
IQDY.US,5,20251223,203500,36.58,36.58,36.58,36.58,100,0
IQDY.US,5,20251223,215500,36.63,36.63,36.63,36.63,368,0
IQDY.US,5,20251224,154000,36.6472,36.6472,36.6472,36.6472,806,0
IQDY.US,5,20251224,154500,36.66,36.71,36.66,36.71,500,0
IQDY.US,5,20251224,155000,36.655,36.7,36.655,36.7,827,0
IQDY.US,5,20251224,162000,36.72,36.72,36.72,36.72,100,0
IQDY.US,5,20251224,162500,36.71,36.71,36.71,36.71,100,0
IQDY.US,5,20251224,164000,36.69,36.69,36.69,36.69,100,0
IQDY.US,5,20251224,165000,36.7,36.7,36.6999,36.6999,200,0
IQDY.US,5,20251224,165500,36.7,36.7,36.7,36.7,1546,0
IQDY.US,5,20251224,172000,36.6903,36.6903,36.6903,36.6903,100,0
IQDY.US,5,20251224,172500,36.71,36.71,36.7099,36.7099,318,0
IQDY.US,5,20251224,173500,36.73,36.73,36.73,36.73,100,0
IQDY.US,5,20251224,174000,36.695,36.72,36.695,36.72,2913,0
IQDY.US,5,20251224,175000,36.73,36.73,36.73,36.73,100,0
IQDY.US,5,20251224,175500,36.729,36.73,36.729,36.73,1100,0
IQDY.US,5,20251224,182000,36.76,36.76,36.76,36.76,1992,0
IQDY.US,5,20251224,182500,36.76,36.76,36.76,36.76,213,0
IQDY.US,5,20251224,184500,36.702,36.735,36.702,36.735,312,0
IQDY.US,5,20251224,185000,36.76,36.76,36.76,36.76,200,0
IQDY.US,5,20251224,185500,36.76,36.79,36.7,36.74,5156,0
IQDY.US,5,20251224,190000,36.69,36.69,36.69,36.69,1484,0
IQDY.US,5,20251226,153500,36.85,36.85,36.85,36.85,100,0
IQDY.US,5,20251226,161500,36.84,36.84,36.84,36.84,100,0
IQDY.US,5,20251226,162000,36.815,36.815,36.815,36.815,112,0
IQDY.US,5,20251226,163000,36.87,36.87,36.87,36.87,180,0
IQDY.US,5,20251226,164000,36.79,36.79,36.79,36.79,222,0
IQDY.US,5,20251226,165000,36.87,36.87,36.87,36.87,288,0
IQDY.US,5,20251226,170500,36.868,36.868,36.83,36.83,222,0
IQDY.US,5,20251226,171000,36.91,36.91,36.81,36.81,1252,0
IQDY.US,5,20251226,173000,36.83,36.83,36.83,36.83,100,0
IQDY.US,5,20251226,173500,36.84,36.84,36.84,36.84,226,0
IQDY.US,5,20251226,182500,36.785,36.785,36.785,36.785,272,0
IQDY.US,5,20251226,192000,36.77,36.77,36.77,36.77,100,0
IQDY.US,5,20251226,192500,36.7601,36.7601,36.7601,36.7601,200,0
IQDY.US,5,20251226,202000,36.79,36.79,36.79,36.79,500,0
IQDY.US,5,20251229,153000,36.74,36.74,36.74,36.74,279,0
IQDY.US,5,20251229,154000,36.7,36.7,36.7,36.7,100,0
IQDY.US,5,20251229,172000,36.702,36.702,36.702,36.702,283,0
IQDY.US,5,20251229,174000,36.6801,36.6801,36.6801,36.6801,475,0
IQDY.US,5,20251229,175000,36.7193,36.7193,36.7076,36.7076,339,0
IQDY.US,5,20251229,182000,36.68,36.68,36.6,36.6,1800,0
IQDY.US,5,20251229,182500,36.6,36.6,36.6,36.6,100,0
IQDY.US,5,20251229,192500,36.62,36.65,36.615,36.65,1500,0
IQDY.US,5,20251229,194000,36.6511,36.6511,36.6511,36.6511,1636,0
IQDY.US,5,20251229,201000,36.59,36.59,36.59,36.59,550,0
IQDY.US,5,20251229,204000,36.6115,36.6115,36.6115,36.6115,272,0
IQDY.US,5,20251229,210000,36.62,36.62,36.62,36.62,161,0
IQDY.US,5,20251229,211000,36.67,36.67,36.67,36.67,100,0
IQDY.US,5,20251229,215500,36.65,36.7,36.65,36.7,322,0
IQDY.US,5,20251230,153000,36.81,36.81,36.72,36.81,441,0
IQDY.US,5,20251230,161500,36.84,36.84,36.84,36.84,250,0
IQDY.US,5,20251230,163000,36.7701,36.7701,36.7701,36.7701,152,0
IQDY.US,5,20251230,164500,36.77,36.77,36.77,36.77,600,0
IQDY.US,5,20251230,173500,36.845,36.845,36.845,36.845,468,0
IQDY.US,5,20251230,175000,36.8684,36.8684,36.829,36.829,460,0
IQDY.US,5,20251230,180000,36.83,36.83,36.83,36.83,400,0
IQDY.US,5,20251230,180500,36.83,36.83,36.83,36.83,1000,0
IQDY.US,5,20251230,181500,36.86,36.86,36.86,36.86,118,0
IQDY.US,5,20251230,190500,36.85,36.85,36.8499,36.8499,200,0
IQDY.US,5,20251230,191500,36.85,36.86,36.85,36.86,500,0
IQDY.US,5,20251230,192000,36.815,36.815,36.815,36.815,1000,0
IQDY.US,5,20251230,192500,36.85,36.85,36.85,36.85,400,0
IQDY.US,5,20251230,203000,36.81,36.81,36.81,36.81,200,0
IQDY.US,5,20251230,203500,36.81,36.81,36.805,36.805,914,0
IQDY.US,5,20251230,205000,36.805,36.805,36.805,36.805,348,0
IQDY.US,5,20251230,205500,36.805,36.805,36.805,36.805,407,0
IQDY.US,5,20251230,210000,36.84,36.84,36.84,36.84,100,0
IQDY.US,5,20251230,213000,36.84,36.84,36.81,36.81,200,0
IQDY.US,5,20251230,213500,36.815,36.815,36.815,36.815,1200,0
IQDY.US,5,20251230,215000,36.795,36.8175,36.7949,36.799607,1700,0
IQDY.US,5,20251231,153000,36.665,36.665,36.665,36.665,100,0
IQDY.US,5,20251231,154000,36.67,36.67,36.67,36.67,190,0
IQDY.US,5,20251231,155500,36.64,36.64,36.64,36.64,500,0
IQDY.US,5,20251231,160000,36.67,36.67,36.67,36.67,100,0
IQDY.US,5,20251231,161500,36.63,36.63,36.63,36.63,100,0
IQDY.US,5,20251231,170500,36.6,36.6,36.6,36.6,122,0
IQDY.US,5,20251231,172000,36.6,36.6,36.6,36.6,100,0
IQDY.US,5,20251231,173000,36.64,36.64,36.64,36.64,272,0
IQDY.US,5,20251231,181000,36.5756,36.5756,36.5756,36.5756,109,0
IQDY.US,5,20251231,182000,36.61,36.61,36.61,36.61,100,0
IQDY.US,5,20251231,191500,36.64,36.64,36.64,36.64,100,0
IQDY.US,5,20251231,204000,36.65,36.65,36.65,36.65,100,0
IQDY.US,5,20251231,210000,36.6281,36.6281,36.6281,36.6281,137,0
IQDY.US,5,20251231,215500,36.64,36.64,36.64,36.64,271,0
IQDY.US,5,20260102,153000,37.0992,37.0992,37.0992,37.0992,500,0
IQDY.US,5,20260102,153500,37.09,37.09,37.09,37.09,110,0
IQDY.US,5,20260102,161500,37.1311,37.1311,37.1311,37.1311,382,0
IQDY.US,5,20260102,163500,37.16,37.16,37.16,37.16,100,0
IQDY.US,5,20260102,164500,37.15,37.34,37.15,37.34,600,0
IQDY.US,5,20260102,171000,37.15,37.15,37.15,37.15,500,0
IQDY.US,5,20260102,181500,37.125,37.125,37.125,37.125,100,0
IQDY.US,5,20260102,190500,37.08,37.08,37.08,37.08,100,0
IQDY.US,5,20260102,200000,37.075,37.075,37.075,37.075,100,0
IQDY.US,5,20260102,205500,37.14,37.14,37.14,37.14,100,0
IQDY.US,5,20260102,210000,37.13,37.13,37.13,37.13,100,0
IQDY.US,5,20260102,210500,37.134,37.134,37.134,37.134,269,0
IQDY.US,5,20260102,212000,37.1398,37.1398,37.1398,37.1398,1453,0
IQDY.US,5,20260102,215500,37.16,37.185,37.14,37.185,1715,0
IQDY.US,5,20260105,153500,37.2917,37.2917,37.2917,37.2917,1100,0
IQDY.US,5,20260105,154000,37.225,37.225,37.225,37.225,100,0
IQDY.US,5,20260105,154500,37.33,37.33,37.23,37.23,200,0
IQDY.US,5,20260105,160000,37.275,37.275,37.275,37.275,100,0
IQDY.US,5,20260105,160500,37.3156,37.3156,37.3156,37.3156,330,0
IQDY.US,5,20260105,172000,37.5,37.5,37.5,37.5,100,0
IQDY.US,5,20260105,174500,37.5799,37.5799,37.5799,37.5799,667,0
IQDY.US,5,20260105,175000,37.569,37.57,37.569,37.57,200,0
IQDY.US,5,20260105,190000,37.5562,37.5562,37.5562,37.5562,180,0
IQDY.US,5,20260105,191000,37.555,37.555,37.555,37.555,100,0
IQDY.US,5,20260105,200000,37.56,37.56,37.56,37.56,159,0
IQDY.US,5,20260105,202500,37.63,37.63,37.63,37.63,1090,0
IQDY.US,5,20260105,210500,37.56,37.56,37.55,37.55,1070,0
IQDY.US,5,20260105,214000,37.587,37.587,37.587,37.587,132,0
IQDY.US,5,20260105,215000,37.5825,37.5825,37.5825,37.5825,100,0
IQDY.US,5,20260105,215500,37.61,37.69,37.61,37.68,1915,0
IQDY.US,5,20260106,160000,37.865,37.865,37.865,37.865,100,0
IQDY.US,5,20260106,162000,37.85,37.85,37.85,37.85,100,0
IQDY.US,5,20260106,170500,37.83,37.83,37.83,37.83,600,0
IQDY.US,5,20260106,172500,37.785,37.785,37.74,37.74,250,0
IQDY.US,5,20260106,191000,37.82,37.82,37.78,37.78,300,0
IQDY.US,5,20260106,193000,37.73,37.73,37.71,37.71,800,0
IQDY.US,5,20260106,201000,37.7658,37.7658,37.7658,37.7658,158,0
IQDY.US,5,20260106,204500,37.735,37.735,37.735,37.735,550,0
IQDY.US,5,20260106,211500,37.73,37.73,37.73,37.73,100,0
IQDY.US,5,20260107,153000,37.77,37.77,37.77,37.77,118,0
IQDY.US,5,20260107,153500,37.705,37.705,37.705,37.705,100,0
IQDY.US,5,20260107,155500,37.78,37.78,37.73,37.73,700,0
IQDY.US,5,20260107,165000,37.73,37.73,37.73,37.73,700,0
IQDY.US,5,20260107,174500,37.7401,37.75,37.7401,37.75,900,0
IQDY.US,5,20260107,175000,37.72,37.73,37.72,37.73,1000,0
IQDY.US,5,20260107,185000,37.6498,37.6498,37.6498,37.6498,154,0
IQDY.US,5,20260107,192000,37.642,37.645,37.642,37.645,519,0
IQDY.US,5,20260107,193500,37.65,37.7,37.65,37.665,4320,0
IQDY.US,5,20260107,195000,37.66,37.66,37.66,37.66,137,0
IQDY.US,5,20260107,202500,37.655,37.655,37.655,37.655,174,0
IQDY.US,5,20260107,205000,37.69,37.69,37.69,37.69,100,0
IQDY.US,5,20260107,215500,37.59,37.6,37.59,37.6,285,0
IQDY.US,5,20260108,153000,37.3,37.3,37.3,37.3,100,0
IQDY.US,5,20260108,160500,37.45,37.45,37.45,37.45,500,0
IQDY.US,5,20260108,161500,37.48,37.48,37.48,37.48,100,0
IQDY.US,5,20260108,164000,37.47,37.49,37.47,37.49,300,0
IQDY.US,5,20260108,165000,37.49,37.49,37.49,37.49,200,0
IQDY.US,5,20260108,172000,37.452,37.48,37.452,37.48,1318,0
IQDY.US,5,20260108,174000,37.46,37.49,37.46,37.49,200,0
IQDY.US,5,20260108,180500,37.49,37.5,37.49,37.5,1167,0
IQDY.US,5,20260108,182000,37.47,37.49,37.46,37.47,1950,0
IQDY.US,5,20260108,191500,37.48,37.48,37.46,37.46,734,0
IQDY.US,5,20260108,195500,37.49,37.53,37.45,37.45,1754,0
IQDY.US,5,20260108,201000,37.52,37.52,37.52,37.52,100,0
IQDY.US,5,20260108,202000,37.48,37.48,37.48,37.48,1925,0
IQDY.US,5,20260108,202500,37.48,37.48,37.45,37.47,3500,0
IQDY.US,5,20260108,203000,37.46,37.46,37.46,37.46,577,0
IQDY.US,5,20260108,204500,37.46,37.46,37.44,37.44,900,0
IQDY.US,5,20260108,212500,37.54,37.54,37.54,37.54,100,0
IQDY.US,5,20260108,215000,37.47,37.55,37.44,37.44,1856,0
IQDY.US,5,20260108,215500,37.42,37.43,37.42,37.43,347,0
IQDY.US,5,20260109,154500,37.645,37.645,37.58,37.6,700,0
IQDY.US,5,20260109,160500,37.56,37.56,37.56,37.56,100,0
IQDY.US,5,20260109,170500,37.7,37.7,37.7,37.7,132,0
IQDY.US,5,20260109,180500,37.7361,37.7361,37.7361,37.7361,100,0
IQDY.US,5,20260109,181500,37.73,37.73,37.73,37.73,120,0
IQDY.US,5,20260109,190500,37.702,37.702,37.702,37.702,265,0
IQDY.US,5,20260109,200000,37.769,37.769,37.769,37.769,500,0
IQDY.US,5,20260109,202000,37.77,37.77,37.77,37.77,100,0
IQDY.US,5,20260109,204000,37.725,37.725,37.725,37.725,1110,0
IQDY.US,5,20260109,215000,37.73,37.79,37.73,37.79,2000,0
IQDY.US,5,20260112,154000,37.88,37.88,37.88,37.88,100,0
IQDY.US,5,20260112,155500,37.89,37.89,37.89,37.89,249,0
IQDY.US,5,20260112,160500,37.88,37.88,37.88,37.88,100,0
IQDY.US,5,20260112,162500,37.89,37.89,37.88,37.88,236,0
IQDY.US,5,20260112,191500,38.0399,38.0399,38.0399,38.0399,300,0
IQDY.US,5,20260112,211000,38.045,38.045,38.045,38.045,145,0
IQDY.US,5,20260113,153000,38.09,38.09,38.07,38.07,206,0
IQDY.US,5,20260113,155500,37.96,37.96,37.96,37.96,100,0
IQDY.US,5,20260113,161500,37.9199,37.9199,37.9199,37.9199,211,0
IQDY.US,5,20260113,182000,38.0299,38.0299,38.0299,38.0299,460,0
IQDY.US,5,20260113,194500,37.97,37.97,37.97,37.97,500,0
IQDY.US,5,20260113,203500,37.94,37.94,37.94,37.94,319,0
IQDY.US,5,20260113,204000,37.9676,37.9676,37.9676,37.9676,194,0
IQDY.US,5,20260113,204500,37.94,37.94,37.94,37.94,100,0
IQDY.US,5,20260113,213500,37.9044,37.9044,37.9044,37.9044,133,0
IQDY.US,5,20260113,214000,37.89,37.89,37.89,37.89,132,0
IQDY.US,5,20260114,160000,38.0686,38.0686,38.0686,38.0686,144,0
IQDY.US,5,20260114,160500,38.04,38.04,38.04,38.04,196,0
IQDY.US,5,20260114,161000,38.06,38.06,38.06,38.06,100,0
IQDY.US,5,20260114,162000,38.04,38.04,38.04,38.04,500,0
IQDY.US,5,20260114,163000,38.05,38.05,38.01,38.01,1608,0
IQDY.US,5,20260114,175000,37.99,37.99,37.99,37.99,1650,0
IQDY.US,5,20260114,184000,38.01,38.09,37.86,37.94,9033,0
IQDY.US,5,20260114,184500,37.96,37.96,37.96,37.96,100,0
IQDY.US,5,20260114,192000,37.96,37.96,37.96,37.96,100,0
IQDY.US,5,20260114,192500,37.98,37.98,37.98,37.98,111,0
IQDY.US,5,20260114,194500,37.96,37.96,37.96,37.96,100,0
IQDY.US,5,20260114,195000,37.93,37.93,37.93,37.93,800,0
IQDY.US,5,20260114,200000,37.9583,37.9583,37.9583,37.9583,800,0
IQDY.US,5,20260114,203500,37.95,37.95,37.95,37.95,122,0
IQDY.US,5,20260114,204000,37.98,37.98,37.96,37.96,300,0
IQDY.US,5,20260114,204500,37.98,37.98,37.98,37.98,200,0
IQDY.US,5,20260114,205000,38,38,37.965,37.965,255,0
IQDY.US,5,20260114,210000,37.98,37.98,37.98,37.98,100,0
IQDY.US,5,20260114,215500,38.05,38.05,38.05,38.05,551,0
IQDY.US,5,20260115,155500,38.25,38.25,38.25,38.25,392,0
IQDY.US,5,20260115,162000,38.33,38.33,38.33,38.33,100,0
IQDY.US,5,20260115,162500,38.3299,38.3299,38.3299,38.3299,127,0
IQDY.US,5,20260115,164000,38.3499,38.3499,38.3499,38.3499,127,0
IQDY.US,5,20260115,165000,38.32,38.32,38.32,38.32,104,0
IQDY.US,5,20260115,181500,38.38,38.38,38.38,38.38,100,0
IQDY.US,5,20260115,182000,38.35,38.35,38.35,38.35,253,0
IQDY.US,5,20260115,191000,38.3885,38.3885,38.3885,38.3885,100,0
IQDY.US,5,20260115,200000,38.355,38.355,38.355,38.355,208,0
IQDY.US,5,20260115,210000,38.28,38.28,38.28,38.28,225,0
IQDY.US,5,20260115,212000,38.28,38.28,38.28,38.28,100,0
IQDY.US,5,20260115,214500,38.2568,38.2568,38.2568,38.2568,100,0
IQDY.US,5,20260115,215000,38.255,38.3,38.255,38.3,1622,0
IQDY.US,5,20260115,215500,38.3,38.36,38.3,38.36,574,0
IQDY.US,5,20260116,153000,38.22,38.22,38.22,38.22,100,0
IQDY.US,5,20260116,154500,38.33,38.33,38.33,38.33,100,0
IQDY.US,5,20260116,160000,38.21,38.21,38.21,38.21,100,0
IQDY.US,5,20260116,163500,38.25,38.26,38.25,38.26,475,0
IQDY.US,5,20260116,164500,38.21,38.21,38.21,38.21,100,0
IQDY.US,5,20260116,170500,38.235,38.248325,38.2349,38.248325,2070,0
IQDY.US,5,20260116,180500,38.26,38.285,38.26,38.285,600,0
IQDY.US,5,20260116,185000,38.3299,38.3299,38.23,38.23,1444,0
IQDY.US,5,20260116,190500,38.32,38.32,38.32,38.32,100,0
IQDY.US,5,20260116,201000,38.34,38.34,38.34,38.34,660,0
IQDY.US,5,20260116,212000,38.345,38.345,38.345,38.345,200,0
IQDY.US,5,20260116,215500,38.36,38.36,38.32,38.36,1300,0
IQDY.US,5,20260120,153000,38.02,38.02,38.02,38.02,100,0
IQDY.US,5,20260120,162500,38.0204,38.11,38.02,38.0632,1543,0
IQDY.US,5,20260120,163000,38.095,38.095,38.095,38.095,295,0
IQDY.US,5,20260120,175500,38.11,38.146,38.11,38.146,1485,0
IQDY.US,5,20260120,180000,38.095,38.095,38.095,38.095,100,0
IQDY.US,5,20260120,180500,38.1117,38.1117,38.111,38.111,702,0
IQDY.US,5,20260120,214500,37.8705,37.875,37.8705,37.875,1376,0
IQDY.US,5,20260121,153000,38.09,38.09,38.09,38.09,100,0
IQDY.US,5,20260121,164000,38.2805,38.2805,38.2805,38.2805,132,0
IQDY.US,5,20260121,164500,38.3399,38.3399,38.305,38.338,800,0
IQDY.US,5,20260121,190500,38.0301,38.0301,38.0301,38.0301,133,0
IQDY.US,5,20260121,202500,38.4,38.4,38.4,38.4,1144,0
IQDY.US,5,20260121,203000,38.3,38.3,38.22,38.22,6570,0
IQDY.US,5,20260121,214500,38.428,38.439,38.428,38.439,556,0
IQDY.US,5,20260122,153000,38.675,38.675,38.675,38.675,100,0
IQDY.US,5,20260122,154000,38.71,38.71,38.71,38.71,100,0
IQDY.US,5,20260122,204500,38.78,38.78,38.78,38.78,100,0
IQDY.US,5,20260122,205500,38.74,38.74,38.74,38.74,100,0
IQDY.US,5,20260122,215500,38.79,38.79,38.79,38.79,853,0
IQDY.US,5,20260123,161000,38.625,38.625,38.625,38.625,164,0
IQDY.US,5,20260123,165500,38.695,38.695,38.6884,38.6884,601,0
IQDY.US,5,20260123,172000,38.62,38.6201,38.62,38.6201,400,0
IQDY.US,5,20260123,175500,38.67,38.67,38.6699,38.6699,900,0
IQDY.US,5,20260123,181500,38.67,38.67,38.67,38.67,300,0
IQDY.US,5,20260123,182500,38.67,38.67,38.67,38.67,606,0
IQDY.US,5,20260123,183000,38.68,38.725,38.68,38.7,400,0
IQDY.US,5,20260123,185500,38.6649,38.6649,38.6649,38.6649,273,0
IQDY.US,5,20260123,190000,38.639,38.639,38.639,38.639,145,0
IQDY.US,5,20260123,191000,38.635,38.635,38.635,38.635,100,0
IQDY.US,5,20260123,192000,38.6414,38.6414,38.6414,38.6414,109,0
IQDY.US,5,20260123,194000,38.695,38.695,38.695,38.695,116,0
IQDY.US,5,20260123,201500,38.7356,38.7356,38.7356,38.7356,101,0
IQDY.US,5,20260123,202000,38.755,38.755,38.755,38.755,206,0
IQDY.US,5,20260123,203000,38.78,38.78,38.78,38.78,103,0
IQDY.US,5,20260123,203500,38.7735,38.7735,38.7735,38.7735,275,0
IQDY.US,5,20260123,204500,38.75,38.75,38.75,38.75,100,0
