<TICKER>,<PER>,<DATE>,<TIME>,<OPEN>,<HIGH>,<LOW>,<CLOSE>,<VOL>,<OPENINT>
ISRA.US,5,20250829,210500,52.37,52.37,52.37,52.37,153,0
ISRA.US,5,20250829,211000,52.358,52.4331,52.358,52.4331,341,0
ISRA.US,5,20250902,160500,51.1863,51.1863,51.1863,51.1863,500,0
ISRA.US,5,20250902,164500,51.05,51.05,51.05,51.05,100,0
ISRA.US,5,20250902,165000,50.83,50.83,50.83,50.83,206,0
ISRA.US,5,20250902,172500,50.8865,50.8865,50.8865,50.8865,117,0
ISRA.US,5,20250902,183500,50.831,50.831,50.831,50.831,200,0
ISRA.US,5,20250902,200500,50.9808,50.9808,50.9808,50.9808,197,0
ISRA.US,5,20250902,202500,50.935,50.935,50.935,50.935,157,0
ISRA.US,5,20250902,204000,50.98,50.98,50.98,50.98,126,0
ISRA.US,5,20250902,212000,50.94,50.94,50.94,50.94,644,0
ISRA.US,5,20250902,213500,51.005,51.005,51.005,51.005,100,0
ISRA.US,5,20250902,214000,51.015,51.015,51.015,51.015,100,0
ISRA.US,5,20250902,214500,51.06,51.11,51.06,51.11,300,0
ISRA.US,5,20250902,215000,51.08,51.08,51.08,51.08,100,0
ISRA.US,5,20250902,215500,51.08,51.1,51.08,51.085,570,0
ISRA.US,5,20250903,154000,51.4355,51.4355,51.4355,51.4355,130,0
ISRA.US,5,20250903,213500,51.5699,51.5699,51.42,51.42,228,0
ISRA.US,5,20250904,212500,52.085,52.085,52.085,52.085,416,0
ISRA.US,5,20250905,162000,52.4,52.4,52.4,52.4,100,0
ISRA.US,5,20250905,170000,52.26,52.26,52.26,52.26,108,0
ISRA.US,5,20250905,180000,52.37,52.37,52.37,52.37,152,0
ISRA.US,5,20250905,184500,52.24,52.32,52.19,52.19,210353,0
ISRA.US,5,20250905,193500,52.26,52.26,52.26,52.26,200,0
ISRA.US,5,20250905,194000,52.2239,52.2239,52.2239,52.2239,118,0
ISRA.US,5,20250905,201500,52.23,52.23,52.23,52.23,30782,0
ISRA.US,5,20250905,210500,52.24,52.24,52.24,52.24,30734,0
ISRA.US,5,20250905,214500,52.32,52.32,52.32,52.32,522,0
ISRA.US,5,20250905,215000,52.4418,52.4418,52.4418,52.4418,328,0
ISRA.US,5,20250908,153500,52.794,52.794,52.794,52.794,200,0
ISRA.US,5,20250908,161500,52.865,52.865,52.865,52.865,473,0
ISRA.US,5,20250908,162000,52.74,52.74,52.74,52.74,100,0
ISRA.US,5,20250908,195500,53.0659,53.0659,53.0659,53.0659,380,0
ISRA.US,5,20250908,201500,53.17,53.17,53.17,53.17,24649,0
ISRA.US,5,20250908,211500,53.19,53.19,53.19,53.19,100,0
ISRA.US,5,20250908,213500,53.13,53.13,53.13,53.13,1930,0
ISRA.US,5,20250909,162000,53.38,53.38,53.38,53.38,200,0
ISRA.US,5,20250909,173500,53.2128,53.2128,53.2128,53.2128,187,0
ISRA.US,5,20250909,184500,53.22,53.22,53.22,53.22,2279,0
ISRA.US,5,20250909,191500,53.2199,53.22,53.205,53.205,1596,0
ISRA.US,5,20250909,193500,53.22,53.22,53.22,53.22,127,0
ISRA.US,5,20250909,194500,53.55,53.55,53.55,53.55,100,0
ISRA.US,5,20250909,195500,53.4001,53.4001,53.4001,53.4001,133,0
ISRA.US,5,20250909,202500,53.58,53.58,53.58,53.58,184,0
ISRA.US,5,20250909,210000,53.58,53.58,53.58,53.58,100,0
ISRA.US,5,20250909,215000,53.6,53.6,53.505,53.505,300,0
ISRA.US,5,20250910,160500,53.73,53.73,53.73,53.73,100,0
ISRA.US,5,20250910,161000,53.6275,53.72,53.6275,53.72,1100,0
ISRA.US,5,20250910,161500,53.68,53.68,53.68,53.68,6133,0
ISRA.US,5,20250910,162000,53.67,53.8,53.67,53.8,2831,0
ISRA.US,5,20250910,170000,53.4536,53.4579,53.4536,53.4579,925,0
ISRA.US,5,20250910,170500,53.4,53.4,53.4,53.4,5826,0
ISRA.US,5,20250910,171500,53.48,53.48,53.4799,53.4799,200,0
ISRA.US,5,20250910,175000,53.4565,53.4565,53.4565,53.4565,140,0
ISRA.US,5,20250910,185000,53.25,53.266,53.25,53.266,900,0
ISRA.US,5,20250910,190000,53.35,53.35,53.35,53.35,124,0
ISRA.US,5,20250910,191000,53.46,53.46,53.46,53.46,200,0
ISRA.US,5,20250910,194000,53.33,53.3395,53.33,53.3395,390,0
ISRA.US,5,20250910,194500,53.249,53.249,53.249,53.249,375,0
ISRA.US,5,20250910,210500,53.21,53.21,53.2,53.2,200,0
ISRA.US,5,20250910,211000,53.2064,53.2064,52.9337,52.9337,1584,0
ISRA.US,5,20250910,213500,53.0592,53.0592,53.0592,53.0592,200,0
ISRA.US,5,20250910,215000,53.09,53.1376,53.09,53.1376,884,0
ISRA.US,5,20250911,153000,53.01,53.01,53.01,53.01,100,0
ISRA.US,5,20250911,164500,53.309,53.31,53.17,53.17,1466,0
ISRA.US,5,20250911,165000,53.1404,53.1404,53.1404,53.1404,112,0
ISRA.US,5,20250911,203500,53.145,53.145,53.145,53.145,100,0
ISRA.US,5,20250911,213500,53.2462,53.2462,53.2462,53.2462,462,0
ISRA.US,5,20250912,164500,52.979,52.979,52.979,52.979,150,0
ISRA.US,5,20250912,175500,52.9504,52.9504,52.9504,52.9504,500,0
ISRA.US,5,20250912,181000,53.0083,53.0083,53.0083,53.0083,200,0
ISRA.US,5,20250912,204000,53.2,53.2,53.2,53.2,200,0
ISRA.US,5,20250912,205500,53.01,53.01,53.01,53.01,314,0
ISRA.US,5,20250915,154500,52.5,52.53,52.4385,52.4385,300,0
ISRA.US,5,20250915,160500,52.501,52.501,52.501,52.501,200,0
ISRA.US,5,20250915,165500,52.5183,52.5183,52.5183,52.5183,141,0
ISRA.US,5,20250915,210000,52.67,52.67,52.535,52.535,500,0
ISRA.US,5,20250915,210500,52.5165,52.5165,52.5165,52.5165,375,0
ISRA.US,5,20250915,214500,52.444,52.444,52.3906,52.3906,659,0
ISRA.US,5,20250916,162000,52.6894,52.6894,52.6894,52.6894,183,0
ISRA.US,5,20250916,162500,52.3979,52.3979,52.3979,52.3979,150,0
ISRA.US,5,20250916,173500,52.515,52.515,52.515,52.515,200,0
ISRA.US,5,20250916,174000,52.405,52.405,52.405,52.405,100,0
ISRA.US,5,20250916,174500,52.52,52.62,52.52,52.62,741,0
ISRA.US,5,20250916,191500,52.869,52.9848,52.869,52.87,605,0
ISRA.US,5,20250916,194500,52.91,52.91,52.91,52.91,100,0
ISRA.US,5,20250916,211500,52.93,52.93,52.9299,52.9299,216,0
ISRA.US,5,20250916,212500,52.87,52.87,52.715,52.715,739,0
ISRA.US,5,20250917,153500,51.97,52.01,51.97,52.01,13550,0
ISRA.US,5,20250917,163000,52.06,52.06,52.06,52.06,100,0
ISRA.US,5,20250917,164000,52.06,52.06,52.06,52.06,670,0
ISRA.US,5,20250917,193000,51.96,51.96,51.96,51.96,110,0
ISRA.US,5,20250917,203500,52.02,52.02,52.02,52.02,100,0
ISRA.US,5,20250917,212000,51.955,51.955,51.955,51.955,438,0
ISRA.US,5,20250917,212500,51.9,51.9,51.9,51.9,2499,0
ISRA.US,5,20250917,214500,51.84,51.84,51.84,51.84,100,0
ISRA.US,5,20250917,215000,51.77,51.77,51.71,51.72,300,0
ISRA.US,5,20250917,215500,51.75,51.83,51.66,51.66,2209,0
ISRA.US,5,20250918,153000,52,52.235,52,52.235,384,0
ISRA.US,5,20250918,155000,52.405,52.405,52.31,52.3712,3218,0
ISRA.US,5,20250918,174500,52.565,52.565,52.4523,52.4523,499,0
ISRA.US,5,20250918,175500,52.515,52.515,52.515,52.515,190,0
ISRA.US,5,20250918,202500,52.6623,52.6623,52.6623,52.6623,100,0
ISRA.US,5,20250918,215500,52.6,52.6,52.6,52.6,277,0
ISRA.US,5,20250919,162000,52.734,52.734,52.734,52.734,300,0
ISRA.US,5,20250919,170500,52.7092,52.7092,52.7092,52.7092,100,0
ISRA.US,5,20250919,171000,52.67,52.67,52.67,52.67,100,0
ISRA.US,5,20250919,185500,52.734,52.734,52.734,52.734,500,0
ISRA.US,5,20250919,203000,52.745,52.745,52.745,52.745,190,0
ISRA.US,5,20250919,212000,52.81,52.81,52.775,52.775,657,0
ISRA.US,5,20250919,215500,52.805,52.805,52.805,52.805,500,0
ISRA.US,5,20250922,153000,52.05,52.05,52.05,52.05,202,0
ISRA.US,5,20250922,161000,52.15,52.15,52.15,52.15,100,0
ISRA.US,5,20250922,161500,52.27,52.27,52.15,52.15,319,0
ISRA.US,5,20250922,164000,52.504,52.504,52.504,52.504,100,0
ISRA.US,5,20250922,165500,52.4,52.4,52.4,52.4,300,0
ISRA.US,5,20250922,173500,52.6036,52.6036,52.6036,52.6036,300,0
ISRA.US,5,20250922,180500,52.5103,52.5103,52.5103,52.5103,120,0
ISRA.US,5,20250922,184500,52.7673,52.7673,52.7673,52.7673,100,0
ISRA.US,5,20250922,212000,52.5069,52.5069,52.5069,52.5069,123,0
ISRA.US,5,20250922,212500,52.6437,52.6475,52.5819,52.5819,531,0
ISRA.US,5,20250923,161000,52.71,52.71,52.71,52.71,100,0
ISRA.US,5,20250923,161500,52.75,52.75,52.75,52.75,176,0
ISRA.US,5,20250923,181000,52.82,52.83,52.7,52.7,500,0
ISRA.US,5,20250924,205000,52.17,52.17,52.17,52.17,116,0
ISRA.US,5,20250924,213500,52.111,52.111,52.111,52.111,691,0
ISRA.US,5,20250925,164500,52.23,52.23,52.23,52.23,282,0
ISRA.US,5,20250925,192000,52.22,52.22,51.94,51.94,211,0
ISRA.US,5,20250925,202000,52.16,52.16,52.16,52.16,200,0
ISRA.US,5,20250925,211500,52.1102,52.1102,52.1102,52.1102,201,0
ISRA.US,5,20250925,215500,52.27,52.28,52.27,52.28,200,0
ISRA.US,5,20250926,153500,52.3041,52.3041,52.3041,52.3041,191,0
ISRA.US,5,20250926,161500,52.25,52.25,52.25,52.25,1000,0
ISRA.US,5,20250926,163500,52.03,52.03,52.0272,52.0272,1040,0
ISRA.US,5,20250926,205500,52.3528,52.3528,52.3528,52.3528,100,0
ISRA.US,5,20250926,212500,52.3301,52.3301,52.3301,52.3301,150,0
ISRA.US,5,20250926,213000,52.3025,52.3025,52.3025,52.3025,111,0
ISRA.US,5,20250929,153500,53.54,53.54,53.54,53.54,300,0
ISRA.US,5,20250929,161500,53.55,53.55,53.55,53.55,100,0
ISRA.US,5,20250929,171000,53.75,53.75,53.75,53.75,100,0
ISRA.US,5,20250929,172000,53.5693,53.5693,53.5693,53.5693,500,0
ISRA.US,5,20250929,172500,53.46,53.46,53.46,53.46,100,0
ISRA.US,5,20250929,203000,53.81,53.81,53.81,53.81,280,0
ISRA.US,5,20250929,205000,53.93,53.96,53.93,53.96,300,0
ISRA.US,5,20250929,205500,53.98,53.98,53.68,53.83,1586,0
ISRA.US,5,20250929,210500,53.81,53.81,53.81,53.81,2000,0
ISRA.US,5,20250929,211000,53.81,53.81,53.81,53.81,2000,0
ISRA.US,5,20250929,212000,53.83,53.85,53.83,53.85,1063,0
ISRA.US,5,20250929,212500,54,54,53.85,53.85,403,0
ISRA.US,5,20250929,214500,54.04,54.04,54.04,54.04,140,0
ISRA.US,5,20250930,153000,54.72,54.81,54.72,54.81,700,0
ISRA.US,5,20250930,154000,54.8,54.82,54.74,54.8,2000,0
ISRA.US,5,20250930,160500,54.7942,54.7942,54.7942,54.7942,666,0
ISRA.US,5,20250930,163500,54.7199,54.7199,54.7199,54.7199,100,0
ISRA.US,5,20250930,171500,54.68,54.68,54.68,54.68,4000,0
ISRA.US,5,20250930,172000,54.68,54.68,54.68,54.68,100,0
ISRA.US,5,20250930,184500,54.635,54.635,54.635,54.635,919,0
ISRA.US,5,20250930,191000,54.605,54.605,54.605,54.605,200,0
ISRA.US,5,20250930,205500,54.5691,54.5691,54.5691,54.5691,500,0
ISRA.US,5,20250930,211000,54.6,54.6,54.6,54.6,100,0
ISRA.US,5,20250930,212500,54.6,54.6,54.5982,54.5982,280,0
ISRA.US,5,20250930,214500,54.6,54.6,54.6,54.6,100,0
ISRA.US,5,20250930,215000,54.6,54.6,54.6,54.6,100,0
ISRA.US,5,20251001,153000,54.75,54.75,54.75,54.75,252,0
ISRA.US,5,20251001,153500,54.79,54.8,54.72,54.72,528,0
ISRA.US,5,20251001,170000,54.76,54.76,54.76,54.76,100,0
ISRA.US,5,20251001,172000,54.75,54.75,54.75,54.75,100,0
ISRA.US,5,20251001,173500,54.75,54.75,54.5,54.7201,5760,0
ISRA.US,5,20251001,185000,54.55,54.55,54.55,54.55,100,0
ISRA.US,5,20251001,192500,54.3103,54.3103,54.3103,54.3103,100,0
ISRA.US,5,20251001,200000,54.4484,54.4484,54.4484,54.4484,200,0
ISRA.US,5,20251001,212500,54.5737,54.5737,54.5737,54.5737,200,0
ISRA.US,5,20251001,213000,54.545,54.545,54.545,54.545,197,0
ISRA.US,5,20251002,153500,54.54,54.54,54.54,54.54,481,0
ISRA.US,5,20251002,183000,54.72,54.72,54.48,54.715,500,0
ISRA.US,5,20251002,201500,54.75,54.75,54.75,54.75,500,0
ISRA.US,5,20251003,153500,55.05,55.05,55.05,55.05,500,0
ISRA.US,5,20251003,185000,55.1469,55.1469,55.1469,55.1469,144,0
ISRA.US,5,20251003,190500,55.04,55.04,55.04,55.04,100,0
ISRA.US,5,20251003,203000,54.8,54.8,54.8,54.8,500,0
ISRA.US,5,20251003,211000,54.88,54.88,54.88,54.88,200,0
ISRA.US,5,20251003,215000,54.9299,54.9299,54.9299,54.9299,100,0
ISRA.US,5,20251006,154000,54.74,54.85,54.74,54.85,234,0
ISRA.US,5,20251006,164000,54.708,54.708,54.708,54.708,197,0
ISRA.US,5,20251006,172500,55.0184,55.0184,55.0184,55.0184,117,0
ISRA.US,5,20251006,181500,55.03,55.04,55.03,55.0399,1045,0
ISRA.US,5,20251006,210500,55.135,55.135,55.135,55.135,326,0
ISRA.US,5,20251006,211000,55.135,55.135,55.135,55.135,100,0
ISRA.US,5,20251007,153000,55,55.0949,54.94,54.94,790,0
ISRA.US,5,20251007,153500,55.01,55.01,55.01,55.01,118,0
ISRA.US,5,20251007,155500,55.11,55.11,55.11,55.11,100,0
ISRA.US,5,20251007,160000,55.1,55.1,55.1,55.1,296,0
ISRA.US,5,20251007,160500,55.105,55.105,55.105,55.105,100,0
ISRA.US,5,20251007,164000,55.1035,55.1035,55.1035,55.1035,150,0
ISRA.US,5,20251007,170500,55.1,55.1,54.5018,54.5018,1255,0
ISRA.US,5,20251007,181000,54.52,54.52,54.51,54.52,1000,0
ISRA.US,5,20251007,202000,54.4474,54.4474,54.4474,54.4474,200,0
ISRA.US,5,20251007,210000,54.486,54.486,54.486,54.486,102,0
ISRA.US,5,20251008,153500,54.515,54.515,54.515,54.515,320,0
ISRA.US,5,20251008,162000,54.52,54.52,54.52,54.52,100,0
ISRA.US,5,20251008,163000,54.65,54.65,54.65,54.65,275,0
ISRA.US,5,20251008,174500,54.77,54.77,54.77,54.77,100,0
ISRA.US,5,20251008,183500,54.83,54.83,54.83,54.83,133,0
ISRA.US,5,20251008,190000,54.87,54.87,54.87,54.87,200,0
ISRA.US,5,20251008,195500,54.855,54.855,54.855,54.855,102,0
ISRA.US,5,20251008,203500,54.875,54.875,54.875,54.875,275,0
ISRA.US,5,20251009,154000,55.7395,55.7395,55.6885,55.6885,537,0
ISRA.US,5,20251009,155000,55.79,55.79,55.67,55.67,200,0
ISRA.US,5,20251009,160500,55.532,55.532,55.532,55.532,451,0
ISRA.US,5,20251009,161500,55.56,55.56,55.51,55.51,200,0
ISRA.US,5,20251009,163000,55.59,55.59,55.59,55.59,100,0
ISRA.US,5,20251009,181500,55.5649,55.5649,55.5649,55.5649,100,0
ISRA.US,5,20251009,190000,55.5891,55.5891,55.5368,55.5368,280,0
ISRA.US,5,20251009,190500,55.512,55.512,55.512,55.512,100,0
ISRA.US,5,20251009,191500,55.51,55.51,55.51,55.51,100,0
ISRA.US,5,20251009,195500,55.51,55.51,55.51,55.51,380,0
ISRA.US,5,20251009,200000,55.507,55.507,55.3395,55.3395,736,0
ISRA.US,5,20251009,200500,55.31,55.31,55.31,55.31,200,0
ISRA.US,5,20251009,203000,55.39,55.39,55.39,55.39,150,0
ISRA.US,5,20251009,212500,55.3958,55.3958,55.3958,55.3958,100,0
ISRA.US,5,20251009,215000,55.69,55.69,55.69,55.69,103,0
ISRA.US,5,20251009,215500,55.53,55.55,55.41,55.55,1164,0
ISRA.US,5,20251010,153500,55.4464,55.4464,55.4464,55.4464,365,0
ISRA.US,5,20251010,154000,55.425,55.58,55.425,55.57,2438,0
ISRA.US,5,20251010,154500,55.599,55.599,55.599,55.599,700,0
ISRA.US,5,20251010,155500,55.54,55.54,55.52,55.52,345,0
ISRA.US,5,20251010,160000,55.421,55.421,55.421,55.421,180,0
ISRA.US,5,20251010,161500,55.4055,55.4055,55.4055,55.4055,174,0
ISRA.US,5,20251010,163000,55.405,55.405,55.4,55.4,500,0
ISRA.US,5,20251010,164500,55.405,55.405,55.405,55.405,100,0
ISRA.US,5,20251010,165500,55.4,55.4,55.4,55.4,1079,0
ISRA.US,5,20251010,173000,54.69,54.69,54.69,54.69,100,0
ISRA.US,5,20251010,173500,54.19,54.19,54.19,54.19,1000,0
ISRA.US,5,20251010,175000,54.3876,54.3876,54.3876,54.3876,100,0
ISRA.US,5,20251010,175500,54.45,54.45,54.4499,54.4499,200,0
ISRA.US,5,20251010,180500,54.4499,54.45,54.4499,54.45,400,0
ISRA.US,5,20251010,181000,54.44,54.77,54.39,54.39,1199,0
ISRA.US,5,20251010,202500,54.3245,54.3245,54.3245,54.3245,100,0
ISRA.US,5,20251010,205500,54.18,54.77,54.1799,54.18,3200,0
ISRA.US,5,20251010,213000,54.0526,54.0526,54.0526,54.0526,200,0
ISRA.US,5,20251010,215000,54.18,54.18,54.18,54.18,100,0
ISRA.US,5,20251010,215500,54.1,54.1,54.06,54.06,305,0
ISRA.US,5,20251013,153500,55.2799,55.2799,55.1,55.1,495,0
ISRA.US,5,20251013,154000,55.115,55.115,55.115,55.115,100,0
ISRA.US,5,20251013,160500,55.21,55.21,55.2,55.2,200,0
ISRA.US,5,20251013,161000,55.265,55.265,55.1,55.1,300,0
ISRA.US,5,20251013,162000,55.16,55.16,55.05,55.05,220,0
ISRA.US,5,20251013,162500,55.11,55.11,55.11,55.11,100,0
ISRA.US,5,20251013,165500,55.005,55.05,55.005,55.04,600,0
ISRA.US,5,20251013,171500,55.04,55.04,54.96,54.96,300,0
ISRA.US,5,20251013,182000,55.2399,55.2399,55.2399,55.2399,200,0
ISRA.US,5,20251013,185500,55.29,55.29,55.29,55.29,1023,0
ISRA.US,5,20251013,190500,55.14,55.14,55.14,55.14,187,0
ISRA.US,5,20251013,191000,55.27,55.27,55.27,55.27,200,0
ISRA.US,5,20251013,192000,55.3776,55.3776,55.3776,55.3776,171,0
ISRA.US,5,20251013,193000,55.248,55.248,55.248,55.248,215,0
ISRA.US,5,20251013,202000,55.38,55.38,55.38,55.38,275,0
ISRA.US,5,20251013,205000,55.315,55.315,55.315,55.315,100,0
ISRA.US,5,20251013,205500,55.285,55.285,55.285,55.285,100,0
ISRA.US,5,20251013,210500,55.328,55.328,55.328,55.328,100,0
ISRA.US,5,20251013,213000,55.36,55.36,55.36,55.36,193,0
ISRA.US,5,20251013,215500,55.23,55.23,55.19,55.19,231,0
ISRA.US,5,20251014,154500,54.47,54.47,54.47,54.47,200,0
ISRA.US,5,20251014,162500,54.7328,54.7328,54.7328,54.7328,100,0
ISRA.US,5,20251014,163500,54.9,54.919,54.8735,54.8735,920,0
ISRA.US,5,20251014,164000,54.935,54.935,54.935,54.935,100,0
ISRA.US,5,20251014,164500,54.95,54.95,54.94,54.95,300,0
ISRA.US,5,20251014,172500,54.8292,54.8292,54.8292,54.8292,109,0
ISRA.US,5,20251014,174000,54.845,54.845,54.845,54.845,200,0
ISRA.US,5,20251014,192000,55.16,55.16,55.16,55.16,200,0
ISRA.US,5,20251014,195000,55.2,55.2,55.2,55.2,200,0
ISRA.US,5,20251014,200000,55.2772,55.2772,55.25,55.25,450,0
ISRA.US,5,20251014,210000,55.34,55.34,55.34,55.34,100,0
ISRA.US,5,20251014,212500,55.43,55.47,55.43,55.47,300,0
ISRA.US,5,20251014,213500,55.39,55.39,55.39,55.39,100,0
ISRA.US,5,20251014,214500,55.21,55.21,55.21,55.21,144,0
ISRA.US,5,20251014,215500,55.06,55.06,55.06,55.06,100,0
ISRA.US,5,20251015,153500,54.82,54.82,54.82,54.82,430,0
ISRA.US,5,20251015,154500,54.78,54.78,54.78,54.78,100,0
ISRA.US,5,20251015,155000,54.71,54.71,54.71,54.71,200,0
ISRA.US,5,20251015,155500,54.6,54.6,54.6,54.6,115,0
ISRA.US,5,20251015,173000,54.6011,54.61,54.6011,54.61,750,0
ISRA.US,5,20251015,185500,54.3425,54.3425,54.3425,54.3425,183,0
ISRA.US,5,20251015,195000,54.2901,54.2901,54.2901,54.2901,199,0
ISRA.US,5,20251015,200500,54.305,54.305,54.305,54.305,100,0
ISRA.US,5,20251015,202000,54.27,54.27,54.27,54.27,100,0
ISRA.US,5,20251015,205000,54.205,54.205,54.205,54.205,200,0
ISRA.US,5,20251015,211000,54.2621,54.2621,54.2621,54.2621,110,0
ISRA.US,5,20251015,211500,54.3415,54.3415,54.3415,54.3415,100,0
ISRA.US,5,20251015,214000,54.26,54.26,54.26,54.26,100,0
ISRA.US,5,20251016,162000,53.99,53.99,53.99,53.99,123,0
ISRA.US,5,20251016,172000,54.0196,54.0196,54.0196,54.0196,300,0
ISRA.US,5,20251016,172500,53.98,53.98,53.98,53.98,100,0
ISRA.US,5,20251016,175000,53.52,53.52,53.52,53.52,200,0
ISRA.US,5,20251016,183000,53.36,53.36,53.36,53.36,100,0
ISRA.US,5,20251016,184500,53.35,53.35,53.35,53.35,990,0
ISRA.US,5,20251016,194000,53.63,53.63,53.63,53.63,100,0
ISRA.US,5,20251016,195000,53.58,53.58,53.5396,53.5396,475,0
ISRA.US,5,20251016,213000,53.18,53.1801,53.18,53.1801,526,0
ISRA.US,5,20251016,215500,53.315,53.315,53.18,53.18,423,0
ISRA.US,5,20251017,153000,53.16,53.16,53.16,53.16,200,0
ISRA.US,5,20251017,160500,53.295,53.295,53.295,53.295,100,0
ISRA.US,5,20251017,162000,53.3981,53.3981,53.27,53.27,288,0
ISRA.US,5,20251017,163500,53.26,53.26,53.26,53.26,100,0
ISRA.US,5,20251017,164000,53.22,53.26,53.22,53.26,400,0
ISRA.US,5,20251017,170500,53.0925,53.0925,53.0925,53.0925,150,0
ISRA.US,5,20251017,172500,53.12,53.3767,53.12,53.3767,470,0
ISRA.US,5,20251017,185500,53.19,53.19,53.18,53.1801,700,0
ISRA.US,5,20251017,205500,53.3871,53.3871,53.3871,53.3871,184,0
ISRA.US,5,20251017,215000,53.38,53.38,53.38,53.38,200,0
ISRA.US,5,20251020,154500,53.685,53.76,53.66,53.74,1054,0
ISRA.US,5,20251020,173500,54.24,54.24,54.24,54.24,100,0
ISRA.US,5,20251020,185500,54.266,54.3385,54.266,54.3385,532,0
ISRA.US,5,20251020,192500,54.3017,54.3017,54.3017,54.3017,182,0
ISRA.US,5,20251020,214500,54.3,54.3,54.3,54.3,172,0
ISRA.US,5,20251020,215000,54.325,54.325,54.325,54.325,115,0
ISRA.US,5,20251021,170500,54.2,54.38,54.2,54.38,249,0
ISRA.US,5,20251021,171500,54.192,54.192,54.192,54.192,100,0
ISRA.US,5,20251021,173000,54.19,54.19,54.19,54.19,100,0
ISRA.US,5,20251021,182000,54.32,54.32,54.32,54.32,797,0
ISRA.US,5,20251021,183000,54.32,54.32,54.32,54.32,100,0
ISRA.US,5,20251021,192000,54.1368,54.1368,54.1368,54.1368,200,0
ISRA.US,5,20251021,192500,54.1,54.1,54.1,54.1,153,0
ISRA.US,5,20251021,195500,54.2574,54.2574,54.2574,54.2574,461,0
ISRA.US,5,20251021,205500,54.1,54.1,54.1,54.1,100,0
ISRA.US,5,20251021,210000,54.005,54.18,53.89,54.18,1430,0
ISRA.US,5,20251021,211000,54.055,54.055,54.055,54.055,470,0
ISRA.US,5,20251022,161500,53.954,53.954,53.954,53.954,100,0
ISRA.US,5,20251022,163500,53.98,53.98,53.98,53.98,259,0
ISRA.US,5,20251022,164000,53.61,53.61,53.61,53.61,183,0
ISRA.US,5,20251022,173500,53.86,53.86,53.86,53.86,100,0
ISRA.US,5,20251022,202500,53.7,53.7,53.7,53.7,100,0
ISRA.US,5,20251022,204500,53.545,53.545,53.545,53.545,110,0
ISRA.US,5,20251022,215000,53.6,53.6,53.59,53.6,900,0
ISRA.US,5,20251022,215500,53.555,53.56,53.555,53.56,300,0
ISRA.US,5,20251023,164000,54.45,54.46,54.4033,54.4033,1571,0
ISRA.US,5,20251023,184000,54.4,54.4,54.3999,54.3999,200,0
ISRA.US,5,20251023,194000,54.465,54.465,54.465,54.465,220,0
ISRA.US,5,20251023,194500,54.34,54.34,54.33,54.33,275,0
ISRA.US,5,20251023,215500,54.6,54.6,54.6,54.6,484,0
ISRA.US,5,20251024,153500,55.018,55.018,55.018,55.018,181,0
ISRA.US,5,20251024,155500,54.9657,54.9657,54.9657,54.9657,300,0
ISRA.US,5,20251024,160500,54.99,54.99,54.99,54.99,100,0
ISRA.US,5,20251024,165500,54.72,54.72,54.72,54.72,463,0
ISRA.US,5,20251024,173000,54.87,54.87,54.87,54.87,100,0
ISRA.US,5,20251024,174000,54.74,54.74,54.74,54.74,130,0
ISRA.US,5,20251024,175000,54.96,54.96,54.86,54.86,200,0
ISRA.US,5,20251024,175500,54.875,54.875,54.875,54.875,100,0
ISRA.US,5,20251024,202000,54.97,54.97,54.97,54.97,100,0
ISRA.US,5,20251027,154500,55.35,55.35,55.35,55.35,100,0
ISRA.US,5,20251027,160000,55.309,55.31,55.309,55.3099,1732,0
ISRA.US,5,20251027,160500,55.35,55.35,55.35,55.35,539,0
ISRA.US,5,20251027,165000,55.34,55.34,55.34,55.34,100,0
ISRA.US,5,20251027,181000,55.28,55.28,55.28,55.28,100,0
ISRA.US,5,20251027,193500,55.12,55.12,55.12,55.12,114,0
ISRA.US,5,20251027,195500,55.36,55.36,55.36,55.36,100,0
ISRA.US,5,20251027,200000,55.3119,55.3119,55.3119,55.3119,185,0
ISRA.US,5,20251027,205000,55.2044,55.2044,55.2044,55.2044,106,0
ISRA.US,5,20251028,143000,56.27,56.27,55.3673,55.3673,383,0
ISRA.US,5,20251028,150000,55.2629,55.2629,55.2629,55.2629,100,0
ISRA.US,5,20251028,150500,55.3188,55.3188,55.3188,55.3188,500,0
ISRA.US,5,20251028,155000,55.52,55.52,55.52,55.52,100,0
ISRA.US,5,20251028,165000,55.191,55.191,55.13,55.13,213,0
ISRA.US,5,20251028,175000,55.428876,55.428876,55.428876,55.428876,225,0
ISRA.US,5,20251028,181500,55.455,55.455,55.455,55.455,200,0
ISRA.US,5,20251028,194500,55.5638,55.5638,55.5638,55.5638,900,0
ISRA.US,5,20251028,201000,55.435,55.435,55.4276,55.4276,661,0
ISRA.US,5,20251028,203000,55.4033,55.4033,55.4033,55.4033,145,0
ISRA.US,5,20251029,143000,55.35,55.37,55.15,55.37,1120,0
ISRA.US,5,20251029,144000,55.345,55.44,55.325,55.4248,700,0
ISRA.US,5,20251029,144500,55.48,55.48,55.46,55.46,500,0
ISRA.US,5,20251029,160000,55.305,55.305,55.305,55.305,100,0
ISRA.US,5,20251029,160500,55.45,55.45,55.45,55.45,350,0
ISRA.US,5,20251029,180000,55.3296,55.3296,55.3296,55.3296,100,0
ISRA.US,5,20251029,182500,55.315,55.315,55.315,55.315,750,0
ISRA.US,5,20251029,183000,55.285,55.285,55.285,55.285,100,0
ISRA.US,5,20251029,194000,55.29,55.29,55.29,55.29,135,0
ISRA.US,5,20251029,201000,54.81,54.8101,54.81,54.8101,200,0
ISRA.US,5,20251029,203500,54.61,54.61,54.61,54.61,460,0
ISRA.US,5,20251030,160000,55.2543,55.2543,55.2543,55.2543,270,0
ISRA.US,5,20251030,160500,55.2763,55.2763,55.2763,55.2763,1800,0
ISRA.US,5,20251030,161500,55.28152,55.28152,55.28152,55.28152,200,0
ISRA.US,5,20251030,181000,55.3,55.35,55.3,55.35,864,0
ISRA.US,5,20251030,183500,55.32,55.4,55.32,55.4,207,0
ISRA.US,5,20251030,184500,55.47,55.47,55.47,55.47,452,0
ISRA.US,5,20251031,143500,55.41,55.41,55.41,55.41,100,0
ISRA.US,5,20251031,160000,55.325,55.325,55.325,55.325,158,0
ISRA.US,5,20251031,160500,55.3677,55.3677,55.3677,55.3677,150,0
ISRA.US,5,20251031,171000,55.17,55.17,55.17,55.17,328,0
ISRA.US,5,20251031,185000,55.06,55.06,55.06,55.06,273,0
ISRA.US,5,20251031,193500,55.34,55.34,55.34,55.34,267,0
ISRA.US,5,20251103,155000,56.06,56.06,56.04,56.04,200,0
ISRA.US,5,20251103,162000,55.92,55.92,55.92,55.92,418,0
ISRA.US,5,20251103,181500,55.87,55.87,55.87,55.87,180,0
ISRA.US,5,20251103,183000,55.89,55.89,55.89,55.89,200,0
ISRA.US,5,20251103,185500,55.9584,55.9584,55.9584,55.9584,180,0
ISRA.US,5,20251103,205500,55.86,55.9575,55.86,55.9575,1903,0
ISRA.US,5,20251103,212000,56,56,55.89,55.89,810,0
ISRA.US,5,20251103,215000,55.83,55.83,55.83,55.83,1000,0
ISRA.US,5,20251104,153500,55.06,55.06,55.051,55.051,1000,0
ISRA.US,5,20251104,161000,55.32,55.32,55.32,55.32,142,0
ISRA.US,5,20251104,194000,54.82,54.82,54.82,54.82,156,0
ISRA.US,5,20251104,200000,54.855,54.855,54.855,54.855,174,0
ISRA.US,5,20251104,202500,54.94,54.94,54.94,54.94,200,0
ISRA.US,5,20251104,211500,54.9503,54.9503,54.9503,54.9503,275,0
ISRA.US,5,20251105,155500,56.06,56.06,56.06,56.06,200,0
ISRA.US,5,20251105,161000,55.98,55.98,55.98,55.98,100,0
ISRA.US,5,20251105,161500,56.07,56.07,56.07,56.07,100,0
ISRA.US,5,20251105,162000,56.085,56.085,55.975,55.975,200,0
ISRA.US,5,20251105,162500,56.109,56.11,56.0707,56.11,600,0
ISRA.US,5,20251105,163000,55.8407,55.995,55.72,55.84,1686,0
ISRA.US,5,20251105,163500,55.99,55.99,55.99,55.99,180,0
ISRA.US,5,20251105,164000,55.8847,55.99,55.8847,55.99,263,0
ISRA.US,5,20251105,165000,56.16,56.16,56.16,56.16,100,0
ISRA.US,5,20251105,170000,56.11,56.11,56.11,56.11,151,0
ISRA.US,5,20251105,170500,56,56.045,56,56.045,465,0
ISRA.US,5,20251105,171500,55.94,55.94,55.94,55.94,100,0
ISRA.US,5,20251105,172000,56.17,56.17,56.17,56.17,100,0
ISRA.US,5,20251105,173000,56.31,56.31,56.31,56.31,200,0
ISRA.US,5,20251105,174000,56.205,56.205,56.205,56.205,100,0
ISRA.US,5,20251105,175000,56.43,56.43,56.43,56.43,100,0
ISRA.US,5,20251105,180000,56.43,56.43,56.43,56.43,100,0
ISRA.US,5,20251105,181000,56.45,56.45,56.45,56.45,177,0
ISRA.US,5,20251105,183000,56.49,56.49,56.49,56.49,200,0
ISRA.US,5,20251105,184500,56.51,56.51,56.51,56.51,100,0
ISRA.US,5,20251105,185500,56.52,56.52,56.52,56.52,100,0
ISRA.US,5,20251105,190000,56.5,56.5,56.5,56.5,100,0
ISRA.US,5,20251105,191000,56.5,56.5,56.5,56.5,100,0
ISRA.US,5,20251105,192000,56.41,56.41,56.41,56.41,100,0
ISRA.US,5,20251105,193000,56.58,56.58,56.58,56.58,200,0
ISRA.US,5,20251105,193500,56.456,56.456,56.456,56.456,141,0
ISRA.US,5,20251105,195000,56.58,56.58,56.58,56.58,100,0
ISRA.US,5,20251105,200000,56.59,56.59,56.59,56.59,200,0
ISRA.US,5,20251105,201500,56.6,56.6,56.6,56.6,200,0
ISRA.US,5,20251105,202000,56.29,56.58,56.29,56.58,400,0
ISRA.US,5,20251105,203000,56.58,56.58,56.58,56.58,100,0
ISRA.US,5,20251105,204000,56.58,56.58,56.58,56.58,100,0
ISRA.US,5,20251105,205000,56.58,56.58,56.58,56.58,100,0
ISRA.US,5,20251105,205500,56.58,56.58,56.58,56.58,100,0
ISRA.US,5,20251105,210500,56.62,56.62,56.62,56.62,200,0
ISRA.US,5,20251105,211000,56.4568,56.4568,56.4568,56.4568,130,0
ISRA.US,5,20251105,211500,56.62,56.62,56.62,56.62,100,0
ISRA.US,5,20251105,212500,56.62,56.62,56.62,56.62,200,0
ISRA.US,5,20251105,213500,56.56,56.56,56.56,56.56,100,0
ISRA.US,5,20251105,214000,56.54,56.54,56.54,56.54,200,0
ISRA.US,5,20251105,214500,56.5,56.5,56.5,56.5,100,0
ISRA.US,5,20251105,215000,56.48,56.48,56.48,56.48,200,0
ISRA.US,5,20251105,215500,56.47,56.5,56.47,56.5,475,0
ISRA.US,5,20251106,162000,55.8764,55.8764,55.8764,55.8764,151,0
ISRA.US,5,20251106,164000,55.6447,55.6447,55.6344,55.6344,1000,0
ISRA.US,5,20251106,173000,55.675,55.675,55.675,55.675,330,0
ISRA.US,5,20251106,185000,55.675,55.675,55.675,55.675,2684,0
ISRA.US,5,20251106,191500,55.645,55.645,55.645,55.645,100,0
ISRA.US,5,20251106,200000,55.93,55.94,55.9,55.94,1040,0
ISRA.US,5,20251106,214000,55.935,55.935,55.935,55.935,145,0
ISRA.US,5,20251106,215000,55.83,55.83,55.83,55.83,100,0
ISRA.US,5,20251107,162500,55.5715,55.5715,55.5715,55.5715,477,0
ISRA.US,5,20251107,172500,55.5003,55.5003,55.5003,55.5003,100,0
ISRA.US,5,20251107,175000,55.5,55.5,55.5,55.5,100,0
ISRA.US,5,20251107,212500,55.82,55.82,55.82,55.82,165,0
ISRA.US,5,20251107,213000,55.92,55.92,55.92,55.92,1000,0
ISRA.US,5,20251110,153000,56.8,56.8,56.54,56.5401,1306,0
ISRA.US,5,20251110,155500,56.86,56.86,56.78,56.78,900,0
ISRA.US,5,20251110,164000,56.919,56.92,56.83,56.92,938,0
ISRA.US,5,20251110,184500,57.35,57.35,57.35,57.35,244,0
ISRA.US,5,20251110,192000,57.41,57.4199,57.265,57.265,2778,0
ISRA.US,5,20251110,203500,57.345,57.345,57.345,57.345,175,0
ISRA.US,5,20251110,212000,57.2703,57.2703,57.2703,57.2703,145,0
ISRA.US,5,20251110,215500,57.44,57.44,57.44,57.44,216,0
ISRA.US,5,20251111,163000,57.5418,57.5418,57.5418,57.5418,300,0
ISRA.US,5,20251111,170500,57.5,57.5,57.5,57.5,100,0
ISRA.US,5,20251111,175500,57.38,57.38,57.37,57.37,300,0
ISRA.US,5,20251111,182000,57.633,57.633,57.633,57.633,114,0
ISRA.US,5,20251111,184500,57.715,57.725,57.715,57.725,650,0
ISRA.US,5,20251111,200000,57.76,57.76,57.76,57.76,100,0
ISRA.US,5,20251111,200500,57.76,57.76,57.76,57.76,400,0
ISRA.US,5,20251111,204500,57.79,57.79,57.79,57.79,200,0
ISRA.US,5,20251111,211500,57.7201,57.7201,57.7201,57.7201,243,0
ISRA.US,5,20251111,213500,57.79,57.79,57.79,57.79,140,0
ISRA.US,5,20251112,153500,58.6,58.6,58.6,58.6,264,0
ISRA.US,5,20251112,163000,58.359,58.359,58.165,58.165,323,0
ISRA.US,5,20251112,170000,58.06,58.06,58.06,58.06,121,0
ISRA.US,5,20251112,172000,58.065,58.065,58.065,58.065,300,0
ISRA.US,5,20251112,180500,58.15,58.3999,58.1237,58.15,1612,0
ISRA.US,5,20251112,182000,57.93,57.93,57.93,57.93,120,0
ISRA.US,5,20251112,204000,57.8101,57.8101,57.8101,57.8101,200,0
ISRA.US,5,20251113,153000,59.139,59.139,59.139,59.139,101,0
ISRA.US,5,20251113,155000,57.61,57.61,57.61,57.61,120,0
ISRA.US,5,20251113,165000,57.4395,57.4395,57.4395,57.4395,120,0
ISRA.US,5,20251113,175500,57.765,57.765,57.765,57.765,100,0
ISRA.US,5,20251113,184000,57.599,57.599,57.599,57.599,100,0
ISRA.US,5,20251113,194000,57.129,57.13,57.129,57.13,300,0
ISRA.US,5,20251113,201500,56.985,56.985,56.985,56.985,200,0
ISRA.US,5,20251113,203000,57.055,57.055,57.055,57.055,800,0
ISRA.US,5,20251114,153000,56.184,56.3,56.184,56.3,435,0
ISRA.US,5,20251114,153500,56.1032,56.17,56.1032,56.17,668,0
ISRA.US,5,20251114,154500,56.4015,56.4015,56.4015,56.4015,328,0
ISRA.US,5,20251114,155500,56.72,56.72,56.72,56.72,100,0
ISRA.US,5,20251114,161500,56.555,56.69,56.555,56.69,318,0
ISRA.US,5,20251114,163000,56.83,56.84,56.83,56.83,400,0
ISRA.US,5,20251114,165000,56.91,56.91,56.91,56.91,100,0
ISRA.US,5,20251114,172500,57.2,57.2,57.2,57.2,100,0
ISRA.US,5,20251114,173000,57.03,57.03,57.03,57.03,400,0
ISRA.US,5,20251114,174500,57.1453,57.1453,57.119,57.119,200,0
ISRA.US,5,20251114,181000,57.2,57.2,57.2,57.2,435,0
ISRA.US,5,20251114,190000,57.04,57.04,57.04,57.04,100,0
ISRA.US,5,20251114,204000,56.99,56.99,56.99,56.99,100,0
ISRA.US,5,20251114,210500,56.88,56.88,56.88,56.88,100,0
ISRA.US,5,20251114,211500,56.98,56.98,56.98,56.98,437,0
ISRA.US,5,20251117,170500,57.02,57.02,57.02,57.02,100,0
ISRA.US,5,20251117,180500,57.087,57.087,57.087,57.087,200,0
ISRA.US,5,20251117,181000,57.102,57.102,57.102,57.102,344,0
ISRA.US,5,20251117,190000,56.9755,56.9755,56.9755,56.9755,100,0
ISRA.US,5,20251117,193000,56.69,56.69,56.69,56.69,175,0
ISRA.US,5,20251117,202000,56.3097,56.3097,56.3097,56.3097,200,0
ISRA.US,5,20251117,204000,56.0491,56.0491,56.0491,56.0491,100,0
ISRA.US,5,20251118,153000,55.5489,55.5489,55.5489,55.5489,100,0
ISRA.US,5,20251118,154000,55.64,55.76,55.64,55.7599,5586,0
ISRA.US,5,20251118,163500,55.49,55.49,55.49,55.49,100,0
ISRA.US,5,20251118,165500,55.5,55.5001,55.26,55.26,544,0
ISRA.US,5,20251118,170500,55.33,55.33,55.33,55.33,100,0
ISRA.US,5,20251118,180000,55.855,55.855,55.855,55.855,100,0
ISRA.US,5,20251118,181000,55.6967,55.6967,55.6967,55.6967,900,0
ISRA.US,5,20251118,181500,55.7029,55.7029,55.7029,55.7029,900,0
ISRA.US,5,20251118,191500,55.95,55.95,55.95,55.95,268,0
ISRA.US,5,20251118,200000,56.13,56.13,55.8801,55.8801,900,0
ISRA.US,5,20251118,205500,56.055,56.055,56.055,56.055,100,0
ISRA.US,5,20251118,211000,55.98,56.065,55.98,56.065,4765,0
ISRA.US,5,20251118,213500,56.035,56.035,56.035,56.035,400,0
ISRA.US,5,20251118,214000,55.98,55.98,55.98,55.98,200,0
ISRA.US,5,20251119,162000,55.8315,55.8315,55.8315,55.8315,200,0
ISRA.US,5,20251119,164000,55.6405,55.6405,55.6405,55.6405,165,0
ISRA.US,5,20251119,164500,55.76,55.76,55.76,55.76,102,0
ISRA.US,5,20251119,170000,55.599,55.599,55.599,55.599,100,0
ISRA.US,5,20251119,183500,55.1508,55.1508,55.1508,55.1508,100,0
ISRA.US,5,20251119,210000,55.25,55.25,55.25,55.25,100,0
ISRA.US,5,20251119,213000,55.614,55.719,55.614,55.7,815,0
ISRA.US,5,20251119,214500,55.39,55.63,55.39,55.63,300,0
ISRA.US,5,20251119,215000,55.554,55.554,55.554,55.554,200,0
ISRA.US,5,20251119,215500,55.36,55.4253,55.34,55.35,1415,0
ISRA.US,5,20251120,153500,55.8675,55.8675,55.61,55.61,300,0
ISRA.US,5,20251120,155000,55.52,55.52,55.5005,55.5005,1468,0
ISRA.US,5,20251120,160000,55.64,55.64,55.64,55.64,200,0
ISRA.US,5,20251120,162000,55.5952,55.5952,55.5952,55.5952,200,0
ISRA.US,5,20251120,163000,55.65,55.65,55.65,55.65,100,0
ISRA.US,5,20251120,163500,55.59,55.6,55.59,55.59,700,0
ISRA.US,5,20251120,182500,54.1432,54.26,54.1432,54.26,318,0
ISRA.US,5,20251120,183500,54.1,54.1,54.1,54.1,200,0
ISRA.US,5,20251120,185500,54.07,54.07,54.07,54.07,200,0
ISRA.US,5,20251120,195500,54.01,54.01,54.01,54.01,200,0
ISRA.US,5,20251120,213500,54.0002,54.0002,54.0002,54.0002,400,0
ISRA.US,5,20251120,215000,54,54,53.93,53.93,300,0
ISRA.US,5,20251120,215500,53.78,53.85,53.68,53.85,422,0
ISRA.US,5,20251121,154500,53.85,53.85,53.85,53.85,200,0
ISRA.US,5,20251121,164500,53.535,53.535,53.535,53.535,500,0
ISRA.US,5,20251121,165500,53.44,53.44,53.44,53.44,117,0
ISRA.US,5,20251121,171000,53.5,53.5,53.5,53.5,185,0
ISRA.US,5,20251121,171500,53.445,53.445,53.445,53.445,700,0
ISRA.US,5,20251121,173500,53.85,53.85,53.85,53.85,300,0
ISRA.US,5,20251121,174500,53.85,53.85,53.85,53.85,301,0
ISRA.US,5,20251121,175000,53.87,53.87,53.87,53.87,1700,0
ISRA.US,5,20251121,185000,54.05,54.0765,54.031,54.0765,1390,0
ISRA.US,5,20251121,193000,54.05,54.05,54.05,54.05,150,0
ISRA.US,5,20251121,215500,54.31,54.31,54.31,54.31,100,0
ISRA.US,5,20251124,172000,55.18,55.18,55.095,55.095,400,0
ISRA.US,5,20251124,174000,54.97,54.97,54.97,54.97,100,0
ISRA.US,5,20251124,180500,54.85,54.85,54.85,54.85,100,0
ISRA.US,5,20251124,181000,54.83,54.83,54.795,54.795,300,0
ISRA.US,5,20251124,181500,54.79,54.84,54.625,54.81,14401,0
ISRA.US,5,20251124,182000,54.6,54.79,54.51,54.57,22714,0
ISRA.US,5,20251124,182500,54.71,54.77,54.71,54.71,3647,0
ISRA.US,5,20251124,183000,54.72,54.72,54.72,54.72,100,0
ISRA.US,5,20251124,193000,54.94,54.94,54.94,54.94,100,0
ISRA.US,5,20251124,203000,54.91,54.91,54.91,54.91,100,0
ISRA.US,5,20251124,210500,54.89,54.89,54.89,54.89,309,0
ISRA.US,5,20251124,212500,54.92,54.92,54.92,54.92,100,0
ISRA.US,5,20251124,214500,55.13,55.13,55.13,55.13,200,0
ISRA.US,5,20251124,215500,55.14,55.14,55.06,55.06,333,0
ISRA.US,5,20251125,153000,54.56,54.56,54.56,54.56,102,0
ISRA.US,5,20251125,165000,54.96,54.96,54.96,54.96,100,0
ISRA.US,5,20251125,170500,54.75,54.75,54.75,54.75,100,0
ISRA.US,5,20251125,190500,55.2699,55.2699,55.2699,55.2699,100,0
ISRA.US,5,20251125,201000,55.26,55.269,55.26,55.269,837,0
ISRA.US,5,20251125,212000,55.1953,55.1953,55.1953,55.1953,155,0
ISRA.US,5,20251126,192000,55.55,55.59,55.55,55.59,300,0
ISRA.US,5,20251126,211000,55.6335,55.6335,55.6335,55.6335,119,0
ISRA.US,5,20251126,213500,55.66,55.76,55.66,55.76,36000,0
ISRA.US,5,20251128,165000,56.08,56.08,56.08,56.08,400,0
ISRA.US,5,20251128,172000,56.1252,56.1252,56.1252,56.1252,887,0
ISRA.US,5,20251201,153000,56.2,56.2,56.2,56.2,100,0
ISRA.US,5,20251201,155000,56.2058,56.2058,56.2058,56.2058,150,0
ISRA.US,5,20251201,160500,56.3538,56.3538,56.3538,56.3538,177,0
ISRA.US,5,20251201,170500,56.5,56.5,56.5,56.5,100,0
ISRA.US,5,20251201,172000,56.4234,56.4234,56.4234,56.4234,100,0
ISRA.US,5,20251201,184000,56.59,56.59,56.59,56.59,176,0
ISRA.US,5,20251201,192500,56.54,56.6,56.54,56.6,200,0
ISRA.US,5,20251201,204000,56.44,56.44,56.4,56.425,400,0
ISRA.US,5,20251201,204500,56.405,56.41,56.4,56.4,2500,0
ISRA.US,5,20251201,205000,56.3425,56.3425,56.3425,56.3425,100,0
ISRA.US,5,20251201,205500,56.31,56.345,56.31,56.345,4273,0
ISRA.US,5,20251201,215000,56.385,56.385,56.385,56.385,400,0
ISRA.US,5,20251202,161000,57.11,57.11,57.11,57.11,200,0
ISRA.US,5,20251202,162000,56.97,57.11,56.97,57.11,700,0
ISRA.US,5,20251202,164000,57.18,57.18,57.18,57.18,100,0
ISRA.US,5,20251202,171500,57.17,57.19,57.15,57.1899,2200,0
ISRA.US,5,20251202,173000,57.19,57.19,56.93,56.93,800,0
ISRA.US,5,20251202,193000,57.0543,57.0543,57.0543,57.0543,131,0
ISRA.US,5,20251202,193500,56.99,56.99,56.99,56.99,200,0
ISRA.US,5,20251202,201500,57.3,57.3,57.3,57.3,150,0
ISRA.US,5,20251202,202500,57.0391,57.0391,57.0391,57.0391,100,0
ISRA.US,5,20251202,210500,57.04,57.04,57.04,57.04,200,0
ISRA.US,5,20251203,164000,57.36,57.36,57.28,57.28,1963,0
ISRA.US,5,20251203,165500,57.32,57.32,57.32,57.32,300,0
ISRA.US,5,20251203,182500,57.4578,57.4578,57.4578,57.4578,8996,0
ISRA.US,5,20251203,184500,57.64,57.64,57.64,57.64,173,0
ISRA.US,5,20251203,191500,57.3401,57.3401,57.3401,57.3401,192,0
ISRA.US,5,20251203,194500,57.64,57.64,57.5594,57.58,472,0
ISRA.US,5,20251203,202500,57.58,57.58,57.58,57.58,100,0
ISRA.US,5,20251203,205500,57.678,57.72,57.678,57.7199,300,0
ISRA.US,5,20251203,210000,57.62,57.62,57.6001,57.6001,209,0
ISRA.US,5,20251203,211500,57.74,57.74,57.74,57.74,220,0
ISRA.US,5,20251204,162500,57.97,57.97,57.96,57.96,200,0
ISRA.US,5,20251204,172000,58.08,58.08,58.08,58.08,200,0
ISRA.US,5,20251204,215000,58.165,58.165,58.165,58.165,100,0
ISRA.US,5,20251204,215500,58.085,58.39,58.085,58.39,1169,0
ISRA.US,5,20251205,153000,58.45,58.45,58.45,58.45,100,0
ISRA.US,5,20251205,161000,58.52,58.52,58.52,58.52,200,0
ISRA.US,5,20251205,171500,58.4045,58.4045,58.4045,58.4045,170,0
ISRA.US,5,20251205,174000,58.4045,58.4045,58.4045,58.4045,100,0
ISRA.US,5,20251205,183000,58.405,58.4055,58.405,58.4055,342,0
ISRA.US,5,20251205,185000,58.405,58.409,58.4,58.409,2000,0
ISRA.US,5,20251205,193500,58.4099,58.4099,58.4099,58.4099,100,0
ISRA.US,5,20251205,194000,58.4099,58.4099,58.4099,58.4099,500,0
ISRA.US,5,20251205,205500,58.4,58.4,58.4,58.4,107,0
ISRA.US,5,20251205,212500,58.4001,58.4001,58.4001,58.4001,305,0
ISRA.US,5,20251205,215500,58.34,58.34,58.28,58.28,242,0
ISRA.US,5,20251208,153000,59.02,59.02,59.0199,59.0199,200,0
ISRA.US,5,20251208,153500,58.99,59.1099,58.99,59.1099,622,0
ISRA.US,5,20251208,155000,59.09,59.1,59.09,59.1,400,0
ISRA.US,5,20251208,155500,58.835,58.835,58.835,58.835,500,0
ISRA.US,5,20251208,160000,58.7385,58.7385,58.7385,58.7385,339,0
ISRA.US,5,20251208,160500,58.9,58.975,58.8999,58.9399,2000,0
ISRA.US,5,20251208,161500,58.595,58.81,58.5895,58.81,700,0
ISRA.US,5,20251208,162500,58.64,58.64,58.64,58.64,100,0
ISRA.US,5,20251208,164000,58.78,58.785,58.779,58.78,2295,0
ISRA.US,5,20251208,170000,58.785,58.785,58.785,58.785,100,0
ISRA.US,5,20251208,172000,58.785,59.329,58.785,58.79,600,0
ISRA.US,5,20251208,173500,58.7856,58.7856,58.7856,58.7856,100,0
ISRA.US,5,20251208,175000,58.79,58.79,58.72,58.72,587,0
ISRA.US,5,20251208,175500,58.76,58.845,58.76,58.845,400,0
ISRA.US,5,20251208,181500,58.675,58.675,58.675,58.675,850,0
ISRA.US,5,20251208,182500,58.839,58.839,58.675,58.675,1100,0
ISRA.US,5,20251208,193500,58.68,58.68,58.68,58.68,309,0
ISRA.US,5,20251208,204000,58.76,58.76,58.76,58.76,100,0
ISRA.US,5,20251208,204500,58.84,58.84,58.84,58.84,100,0
ISRA.US,5,20251208,211000,58.84,58.84,58.84,58.84,255,0
ISRA.US,5,20251208,211500,58.84,58.84,58.84,58.84,100,0
ISRA.US,5,20251208,214000,58.88,58.88,58.88,58.88,100,0
ISRA.US,5,20251208,214500,58.865,59.34,58.865,59.34,500,0
ISRA.US,5,20251208,215000,58.899,58.899,58.79,58.79,200,0
ISRA.US,5,20251208,215500,58.87,58.87,58.87,58.87,203,0
ISRA.US,5,20251209,153000,58.91,58.91,58.754,58.754,500,0
ISRA.US,5,20251209,164000,58.998,58.998,58.998,58.998,100,0
ISRA.US,5,20251209,173000,59.21,59.22,59.21,59.22,1100,0
ISRA.US,5,20251209,173500,59.075,59.075,59.075,59.075,100,0
ISRA.US,5,20251209,174500,59.164,59.18,59.164,59.18,300,0
ISRA.US,5,20251209,175500,59.03,59.2,59.03,59.2,600,0
ISRA.US,5,20251209,180000,59.004,59.004,59.004,59.004,200,0
ISRA.US,5,20251209,180500,59.05,59.141866,59.05,59.141866,394,0
ISRA.US,5,20251209,181000,59.2,59.391,59.2,59.27,816,0
ISRA.US,5,20251209,190000,59.44,59.44,59.44,59.44,100,0
ISRA.US,5,20251209,200500,59.15,59.15,59.15,59.15,100,0
ISRA.US,5,20251209,201500,59.19,59.19,59.19,59.19,100,0
ISRA.US,5,20251209,205500,59.19,59.19,59.19,59.19,100,0
ISRA.US,5,20251209,212500,59.18,59.18,59.18,59.18,100,0
ISRA.US,5,20251209,214500,59.11,59.49,59.11,59.49,340,0
ISRA.US,5,20251210,153000,59.38,59.38,59.38,59.38,100,0
ISRA.US,5,20251210,153500,59.4,59.4,59.4,59.4,200,0
ISRA.US,5,20251210,154000,59.45,59.61,59.45,59.595,1300,0
ISRA.US,5,20251210,154500,59.58,59.58,59.58,59.58,300,0
ISRA.US,5,20251210,155500,59.61,59.61,59.61,59.61,200,0
ISRA.US,5,20251210,160000,59.62,59.62,59.62,59.62,100,0
ISRA.US,5,20251210,161000,59.62,59.7,59.62,59.62,575,0
ISRA.US,5,20251210,161500,59.56,59.57,59.4407,59.4407,300,0
ISRA.US,5,20251210,162000,59.58,59.58,59.58,59.58,100,0
ISRA.US,5,20251210,163500,59.565,59.565,59.56,59.56,200,0
ISRA.US,5,20251210,164000,59.49,59.49,59.49,59.49,150,0
ISRA.US,5,20251210,171500,59.5,59.5,59.5,59.5,100,0
ISRA.US,5,20251210,175500,59.66,59.66,59.66,59.66,100,0
ISRA.US,5,20251210,180000,59.5775,59.5775,59.5775,59.5775,285,0
ISRA.US,5,20251210,181000,59.599,59.599,59.5694,59.595,4100,0
ISRA.US,5,20251210,193000,59.51,59.51,59.51,59.51,500,0
ISRA.US,5,20251210,195000,59.54,59.54,59.54,59.54,100,0
ISRA.US,5,20251210,201500,59.65,59.65,59.65,59.65,100,0
ISRA.US,5,20251210,203000,59.65,59.65,59.65,59.65,100,0
ISRA.US,5,20251210,205000,59.78,59.902,59.78,59.902,435,0
ISRA.US,5,20251210,210000,60,60,59.9999,59.9999,266,0
ISRA.US,5,20251210,210500,60,60.17,59.9999,59.9999,1000,0
ISRA.US,5,20251210,213500,60.16,60.16,60.16,60.16,100,0
ISRA.US,5,20251210,215500,60.17,60.17,60.17,60.17,185,0
ISRA.US,5,20251211,154000,60.29,60.5,60.29,60.47,508,0
ISRA.US,5,20251211,154500,60.18,60.18,60.18,60.18,100,0
ISRA.US,5,20251211,162000,60.14,60.14,60.14,60.14,100,0
ISRA.US,5,20251211,170500,60.2399,60.2399,60.2399,60.2399,100,0
ISRA.US,5,20251211,194000,60.335,60.335,60.23,60.23,731,0
ISRA.US,5,20251211,213500,60.4599,60.4599,60.4599,60.4599,160,0
ISRA.US,5,20251212,160500,60.148,60.148,60.148,60.148,500,0
ISRA.US,5,20251212,173000,59.4282,59.4282,59.4282,59.4282,1750,0
ISRA.US,5,20251212,184500,59.8499,59.8499,59.8499,59.8499,100,0
ISRA.US,5,20251212,192000,59.7229,59.7229,59.7229,59.7229,443,0
ISRA.US,5,20251212,194000,59.735,59.735,59.735,59.735,100,0
ISRA.US,5,20251212,213500,59.485,59.485,59.485,59.485,100,0
ISRA.US,5,20251215,154000,59.65,59.65,59.65,59.65,100,0
ISRA.US,5,20251215,164500,59.5,59.5,59.5,59.5,100,0
ISRA.US,5,20251215,165500,59.4199,59.4199,59.4199,59.4199,250,0
ISRA.US,5,20251215,172000,59.39,59.39,59.39,59.39,1000,0
ISRA.US,5,20251215,183000,59.3,59.3,59.3,59.3,100,0
ISRA.US,5,20251215,204000,59.2118,59.2118,59.2118,59.2118,258,0
ISRA.US,5,20251215,205000,59.1569,59.1569,59.1569,59.1569,687,0
ISRA.US,5,20251215,213500,59.3,59.32,59.3,59.32,400,0
ISRA.US,5,20251216,153500,59.28,59.28,59.28,59.28,200,0
ISRA.US,5,20251216,164000,59.25,59.84,59.1437,59.84,1244,0
ISRA.US,5,20251216,180000,59.33,59.34,59.33,59.34,200,0
ISRA.US,5,20251216,193000,59.0896,59.0896,59.0896,59.0896,1000,0
ISRA.US,5,20251216,195000,59.3114,59.3114,59.3114,59.3114,500,0
ISRA.US,5,20251216,202500,59.29,59.33,59.1705,59.27,1428,0
ISRA.US,5,20251216,215500,59.44,59.44,59.44,59.44,126,0
ISRA.US,5,20251217,160500,59.82,59.82,59.82,59.82,100,0
ISRA.US,5,20251217,164500,59.6699,59.68,59.6699,59.68,500,0
ISRA.US,5,20251217,170500,59.675,59.68,59.675,59.68,200,0
ISRA.US,5,20251217,171500,59.675,59.675,59.675,59.675,100,0
ISRA.US,5,20251217,175500,59.67,59.67,59.5,59.5,36000,0
ISRA.US,5,20251217,183000,59.44,59.44,59.44,59.44,150,0
ISRA.US,5,20251217,184000,59.5899,59.5899,59.5899,59.5899,500,0
ISRA.US,5,20251217,190000,59.5899,59.5899,59.5899,59.5899,100,0
ISRA.US,5,20251217,190500,59.4194,59.4194,59.4194,59.4194,130,0
ISRA.US,5,20251217,191000,59.561,59.561,59.33,59.33,338,0
ISRA.US,5,20251217,200500,59.335,59.335,59.335,59.335,150,0
ISRA.US,5,20251217,211500,59.16,59.16,59.16,59.16,100,0
ISRA.US,5,20251217,215500,59.11,59.11,59.11,59.11,114,0
ISRA.US,5,20251218,160500,60.21,60.21,60.21,60.21,310,0
ISRA.US,5,20251218,162500,60.12,60.136,60.12,60.136,400,0
ISRA.US,5,20251218,170500,60.275,60.275,60.275,60.275,199,0
ISRA.US,5,20251218,171000,60.295,60.295,60.295,60.295,132,0
ISRA.US,5,20251218,180000,60.3,60.3,60.3,60.3,100,0
ISRA.US,5,20251218,181000,60.3,60.3,60.3,60.3,252,0
ISRA.US,5,20251218,182000,60.3065,60.3065,60.3,60.3,250,0
ISRA.US,5,20251218,183500,60.15,60.15,60.15,60.15,116,0
ISRA.US,5,20251218,185500,60.0409,60.0409,60.0409,60.0409,100,0
ISRA.US,5,20251218,202000,59.82,59.82,59.82,59.82,100,0
ISRA.US,5,20251218,203000,60.0284,60.0284,60.0284,60.0284,831,0
ISRA.US,5,20251218,204000,60.13,60.13,60.13,60.13,100,0
ISRA.US,5,20251218,211500,60.18,60.18,60.18,60.18,100,0
ISRA.US,5,20251218,215000,60.06,60.06,60.06,60.06,100,0
ISRA.US,5,20251218,215500,60.06,60.06,60.06,60.06,100,0
ISRA.US,5,20251219,155500,60.2921,60.3674,60.2921,60.3674,632,0
ISRA.US,5,20251219,162500,60.28,60.28,60.2357,60.2357,400,0
ISRA.US,5,20251219,165000,60.28,60.28,60.28,60.28,100,0
ISRA.US,5,20251219,170000,60.35,60.35,60.3,60.3,600,0
ISRA.US,5,20251219,192000,60.8143,60.8143,60.8143,60.8143,100,0
ISRA.US,5,20251219,201500,60.7325,60.7325,60.715,60.715,200,0
ISRA.US,5,20251219,202000,60.715,60.715,60.715,60.715,191,0
ISRA.US,5,20251219,203000,60.8332,60.8332,60.8332,60.8332,996,0
ISRA.US,5,20251219,211500,60.69,60.8,60.69,60.8,1082,0
ISRA.US,5,20251219,212000,60.8,60.8,60.8,60.8,246,0
ISRA.US,5,20251219,214000,60.8,60.8,60.8,60.8,1351,0
ISRA.US,5,20251222,155000,60.25,60.25,60.25,60.25,332,0
ISRA.US,5,20251222,160000,60.36,60.36,60.2376,60.2376,200,0
ISRA.US,5,20251222,173000,60.4172,60.4172,60.4172,60.4172,413,0
ISRA.US,5,20251222,174500,60.355,60.355,60.355,60.355,121,0
ISRA.US,5,20251222,190500,60.3601,60.435,60.3601,60.435,298,0
ISRA.US,5,20251222,194500,60.425,60.425,60.425,60.425,169,0
ISRA.US,5,20251222,202000,60.405,60.405,60.405,60.405,500,0
ISRA.US,5,20251222,211000,60.415,60.415,60.415,60.415,200,0
ISRA.US,5,20251222,211500,60.3615,60.3615,60.3615,60.3615,230,0
ISRA.US,5,20251222,215500,60.4496,60.4496,60.37,60.37,200,0
ISRA.US,5,20251223,153500,60.035,60.035,60.035,60.035,250,0
ISRA.US,5,20251223,155000,60.135,60.135,60.135,60.135,100,0
ISRA.US,5,20251223,155500,60.18,60.18,60.18,60.18,100,0
ISRA.US,5,20251223,172500,60.0975,60.0975,60.0975,60.0975,100,0
ISRA.US,5,20251223,201500,60.34,60.34,60.3019,60.3019,200,0
ISRA.US,5,20251223,202000,60.195,60.195,60.195,60.195,300,0
ISRA.US,5,20251223,210000,60.215,60.215,60.215,60.215,100,0
ISRA.US,5,20251223,212500,60.25,60.25,60.25,60.25,300,0
ISRA.US,5,20251223,215500,60.23,60.23,60.23,60.23,200,0
ISRA.US,5,20251224,154000,60.22,60.22,60.22,60.22,200,0
ISRA.US,5,20251224,154500,60.2,60.2,60.2,60.2,500,0
ISRA.US,5,20251224,155500,60.05,60.12,60.05,60.12,300,0
ISRA.US,5,20251224,160500,60.15,60.15,60.15,60.15,100,0
ISRA.US,5,20251224,161000,60.1899,60.1899,60.1899,60.1899,110,0
ISRA.US,5,20251224,162500,60.33,60.33,60.33,60.33,100,0
ISRA.US,5,20251224,163000,60.33,60.33,60.33,60.33,100,0
ISRA.US,5,20251224,164000,60.35,60.35,60.35,60.35,100,0
ISRA.US,5,20251224,164500,60.35,60.35,60.35,60.35,400,0
ISRA.US,5,20251224,165500,60.32,60.32,60.32,60.32,100,0
ISRA.US,5,20251224,170000,60.28,60.34,60.28,60.34,350,0
ISRA.US,5,20251224,171000,60.37,60.37,60.37,60.37,300,0
ISRA.US,5,20251224,171500,60.215,60.215,60.215,60.215,100,0
ISRA.US,5,20251224,172000,60.243654,60.35,60.243654,60.35,202,0
ISRA.US,5,20251224,173000,60.39,60.39,60.39,60.39,100,0
ISRA.US,5,20251224,174000,60.46,60.46,60.46,60.46,200,0
ISRA.US,5,20251224,175000,60.285,60.285,60.285,60.285,100,0
ISRA.US,5,20251224,175500,60.42,60.42,60.42,60.42,100,0
ISRA.US,5,20251224,180500,60.42,60.42,60.42,60.42,100,0
ISRA.US,5,20251224,181500,60.44,60.44,60.44,60.44,100,0
ISRA.US,5,20251224,182500,60.44,60.44,60.44,60.44,100,0
ISRA.US,5,20251224,183500,60.4385,60.47,60.385,60.47,1080,0
ISRA.US,5,20251224,184500,60.44,60.44,60.44,60.44,100,0
ISRA.US,5,20251224,185000,60.42,60.42,60.42,60.42,200,0
ISRA.US,5,20251224,185500,60.42,60.46,60.42,60.46,200,0
ISRA.US,5,20251226,154500,59.01,59.01,59.01,59.01,165,0
ISRA.US,5,20251226,155000,59.01,59.01,59.01,59.01,100,0
ISRA.US,5,20251226,155500,59.01,59.01,59.01,59.01,300,0
ISRA.US,5,20251226,160500,59.01,59.01,59.01,59.01,559,0
ISRA.US,5,20251226,161000,59.01,59.01,59.01,59.01,101,0
ISRA.US,5,20251226,161500,59.01,59.01,59.01,59.01,100,0
ISRA.US,5,20251226,162000,59.03,59.03,59.03,59.03,440,0
ISRA.US,5,20251226,162500,59.0099,59.01,59.009,59.01,3964,0
ISRA.US,5,20251226,164000,59.09,59.2,59.09,59.2,673,0
ISRA.US,5,20251226,165000,59.13,59.13,59.1299,59.1299,386,0
ISRA.US,5,20251226,171000,59.11,59.11,59.11,59.11,748,0
ISRA.US,5,20251226,173000,59.09,59.2,59.09,59.2,942,0
ISRA.US,5,20251226,174000,59.11,59.11,59.11,59.11,200,0
ISRA.US,5,20251226,175000,59.11,59.11,59.11,59.11,164,0
ISRA.US,5,20251226,175500,59.11,59.11,59.11,59.11,176,0
ISRA.US,5,20251226,205000,59.175,59.175,59.175,59.175,400,0
ISRA.US,5,20251226,205500,59.175,59.175,59.175,59.175,100,0
ISRA.US,5,20251226,211000,59.175,59.175,59.175,59.175,300,0
ISRA.US,5,20251229,155000,59.16,59.16,59.16,59.16,100,0
ISRA.US,5,20251229,160500,59,59,59,59,395,0
ISRA.US,5,20251229,161500,59.16,59.16,59.16,59.16,100,0
ISRA.US,5,20251229,165500,59.1102,59.1102,59.1102,59.1102,169,0
ISRA.US,5,20251229,171500,59.18,59.18,59.18,59.18,100,0
ISRA.US,5,20251229,172500,59.065,59.065,59.065,59.065,168,0
ISRA.US,5,20251229,192500,59.11,59.11,59.11,59.11,200,0
ISRA.US,5,20251229,194000,59.05,59.05,59.05,59.05,982,0
ISRA.US,5,20251229,194500,58.9535,58.9535,58.9535,58.9535,100,0
ISRA.US,5,20251229,195500,59.075,59.075,59.075,59.075,100,0
ISRA.US,5,20251229,202000,59.0841,59.0841,59.0841,59.0841,101,0
ISRA.US,5,20251229,203000,58.931,58.931,58.931,58.931,190,0
ISRA.US,5,20251229,210500,59.28,59.28,59.01,59.01,340,0
ISRA.US,5,20251229,214500,59.27,59.27,59.27,59.27,100,0
ISRA.US,5,20251229,215000,59.29,59.29,59.2577,59.29,474,0
ISRA.US,5,20251229,215500,59.29,59.294,59.15,59.294,830,0
ISRA.US,5,20251230,155000,59.589,59.589,59.589,59.589,600,0
ISRA.US,5,20251230,155500,59.5489,59.5489,59.5489,59.5489,335,0
ISRA.US,5,20251230,160500,59.56,59.56,59.4778,59.4778,200,0
ISRA.US,5,20251230,182500,59.5099,59.5099,59.5099,59.5099,500,0
ISRA.US,5,20251230,183000,59.4013,59.4013,59.4013,59.4013,100,0
ISRA.US,5,20251230,183500,59.405,59.405,59.405,59.405,100,0
ISRA.US,5,20251230,184000,59.4215,59.4215,59.405,59.405,200,0
ISRA.US,5,20251230,185500,59.405,59.405,59.405,59.405,200,0
ISRA.US,5,20251230,190000,59.405,59.405,59.405,59.405,100,0
ISRA.US,5,20251230,194000,59.4751,59.4751,59.455,59.455,332,0
ISRA.US,5,20251230,210000,59.5375,59.548,59.425,59.425,2200,0
ISRA.US,5,20251231,153500,58.8531,58.8531,58.8531,58.8531,200,0
ISRA.US,5,20251231,163500,58.9485,58.9485,58.9485,58.9485,152,0
ISRA.US,5,20251231,165000,58.9192,58.9192,58.9192,58.9192,101,0
ISRA.US,5,20251231,184000,58.9,58.9,58.7801,58.7801,313,0
ISRA.US,5,20251231,185000,58.8745,58.8745,58.8745,58.8745,340,0
ISRA.US,5,20251231,185500,58.865,58.865,58.865,58.865,424,0
ISRA.US,5,20251231,193500,58.934,58.934,58.934,58.934,200,0
ISRA.US,5,20251231,200500,59,59,59,59,100,0
ISRA.US,5,20251231,201500,59,59,58.92,58.995,4003,0
ISRA.US,5,20251231,202500,58.92,58.92,58.92,58.92,200,0
ISRA.US,5,20251231,205000,58.9996,58.9996,58.9996,58.9996,162,0
ISRA.US,5,20251231,210000,58.91,58.91,58.91,58.91,100,0
ISRA.US,5,20251231,210500,58.91,58.91,58.91,58.91,100,0
ISRA.US,5,20251231,215000,58.915,58.915,58.835,58.835,400,0
ISRA.US,5,20260102,154500,59.82,59.82,59.82,59.82,100,0
ISRA.US,5,20260102,161500,59.64,59.64,59.55,59.55,240,0
ISRA.US,5,20260102,164000,59.56,59.56,59.56,59.56,100,0
ISRA.US,5,20260102,174000,59.52,59.52,59.52,59.52,100,0
ISRA.US,5,20260102,185000,59.4256,59.53,59.41,59.53,700,0
ISRA.US,5,20260102,185500,59.41,59.41,59.41,59.41,100,0
ISRA.US,5,20260102,191000,59.42,59.42,59.42,59.42,840,0
ISRA.US,5,20260102,194500,59.45,59.45,59.45,59.45,100,0
ISRA.US,5,20260102,200000,59.425,59.425,59.425,59.425,100,0
ISRA.US,5,20260102,202500,59.552,59.552,59.552,59.552,283,0
ISRA.US,5,20260102,204500,59.7,59.7,59.7,59.7,104,0
ISRA.US,5,20260102,211500,59.615,59.615,59.5,59.5,200,0
ISRA.US,5,20260102,213000,59.75,59.75,59.75,59.75,277,0
ISRA.US,5,20260102,214500,59.66,59.66,59.66,59.66,840,0
ISRA.US,5,20260105,155000,60.55,60.55,60.39,60.39,925,0
ISRA.US,5,20260105,155500,60.37705,60.45,60.32917,60.4419,1292,0
ISRA.US,5,20260105,172000,60.49,60.49,60.49,60.49,165,0
ISRA.US,5,20260105,173000,60.56,60.56,60.56,60.56,100,0
ISRA.US,5,20260105,174500,60.6,60.6,60.6,60.6,200,0
ISRA.US,5,20260105,175000,60.62,60.62,60.62,60.62,382,0
ISRA.US,5,20260105,194500,60.5935,60.5935,60.5935,60.5935,100,0
ISRA.US,5,20260105,200500,60.62,60.62,60.62,60.62,100,0
ISRA.US,5,20260105,201500,60.65,60.65,60.65,60.65,100,0
ISRA.US,5,20260105,202000,60.58,60.58,60.58,60.58,330,0
ISRA.US,5,20260105,205500,60.65,60.65,60.65,60.65,200,0
ISRA.US,5,20260105,211500,60.4995,60.4995,60.4995,60.4995,600,0
ISRA.US,5,20260105,214000,60.63,60.63,60.63,60.63,800,0
ISRA.US,5,20260105,214500,60.61,60.61,60.61,60.61,100,0
ISRA.US,5,20260105,215500,60.62,60.62,60.62,60.62,380,0
ISRA.US,5,20260106,153000,61.07,61.07,61.07,61.07,181,0
ISRA.US,5,20260106,155000,61.35,61.35,61.35,61.35,100,0
ISRA.US,5,20260106,162000,61.35,61.35,61.35,61.35,500,0
ISRA.US,5,20260106,165000,61.44,61.6299,61.44,61.565678,5134,0
ISRA.US,5,20260106,165500,61.465,61.465,61.465,61.465,100,0
ISRA.US,5,20260106,170000,61.475,61.4768,61.475,61.4768,388,0
ISRA.US,5,20260106,170500,61.475,61.475,61.475,61.475,100,0
ISRA.US,5,20260106,171000,61.465,61.465,61.465,61.465,265,0
ISRA.US,5,20260106,171500,61.475,61.55,61.455,61.455,1576,0
ISRA.US,5,20260106,172000,61.455,61.455,61.455,61.455,100,0
ISRA.US,5,20260106,172500,61.36,61.5599,61.35,61.455,2585,0
ISRA.US,5,20260106,175500,61.4,61.4,61.4,61.4,100,0
ISRA.US,5,20260106,184000,61.5183,61.5183,61.5183,61.5183,200,0
ISRA.US,5,20260106,190500,61.48,61.48,61.48,61.48,100,0
ISRA.US,5,20260106,193500,61.67,61.67,61.67,61.67,100,0
ISRA.US,5,20260106,195500,61.61,61.61,61.61,61.61,150,0
ISRA.US,5,20260106,200500,61.5824,61.5824,61.5824,61.5824,111,0
ISRA.US,5,20260106,201500,61.77,61.77,61.72,61.76,300,0
ISRA.US,5,20260106,202000,61.72,61.72,61.72,61.72,100,0
ISRA.US,5,20260106,202500,61.76,61.76,61.76,61.76,100,0
ISRA.US,5,20260106,203500,61.72,61.72,61.72,61.72,100,0
ISRA.US,5,20260106,210000,61.81,61.81,61.81,61.81,324,0
ISRA.US,5,20260106,212000,61.72,61.72,61.72,61.72,100,0
ISRA.US,5,20260106,213500,61.7101,61.7101,61.7101,61.7101,350,0
ISRA.US,5,20260106,214500,61.64,61.64,61.635,61.635,505,0
ISRA.US,5,20260106,215000,61.6751,61.6751,61.6751,61.6751,650,0
ISRA.US,5,20260106,215500,61.763,61.799,61.763,61.795,820,0
ISRA.US,5,20260107,155500,61.97,61.97,61.95,61.95,6661,0
ISRA.US,5,20260107,161000,61.89,61.89,61.875,61.89,300,0
ISRA.US,5,20260107,161500,61.89,61.89,61.89,61.89,1300,0
ISRA.US,5,20260107,162500,61.76,61.76,61.76,61.76,128,0
ISRA.US,5,20260107,170500,62.031,62.031,62.031,62.031,186,0
ISRA.US,5,20260107,171000,62.05,62.05,62.05,62.05,1214,0
ISRA.US,5,20260107,175000,62.2799,62.2799,62.105,62.105,4600,0
ISRA.US,5,20260107,180000,62.3,62.3,62.3,62.3,100,0
ISRA.US,5,20260107,180500,62.36,62.37,62.36,62.37,389,0
ISRA.US,5,20260107,182500,62.39,62.41,62.245,62.245,1338,0
ISRA.US,5,20260107,190000,62.33,62.33,62.33,62.33,200,0
ISRA.US,5,20260107,191500,62.35,62.35,62.35,62.35,800,0
ISRA.US,5,20260107,192000,62.38,62.38,62.38,62.38,100,0
ISRA.US,5,20260107,200000,62.21,62.21,62.21,62.21,348,0
ISRA.US,5,20260107,201000,62.225,62.225,62.225,62.225,160,0
ISRA.US,5,20260107,210000,62.295,62.295,62.295,62.295,100,0
ISRA.US,5,20260107,211000,62.32,62.32,62.32,62.32,100,0
ISRA.US,5,20260107,214500,62.3,62.3,62.3,62.3,200,0
ISRA.US,5,20260108,153000,62.01,62.01,62,62,303,0
ISRA.US,5,20260108,153500,62.07,62.07,62.07,62.07,400,0
ISRA.US,5,20260108,154000,61.97,62.0099,61.83,62.0099,600,0
ISRA.US,5,20260108,171500,61.78,61.827415,61.78,61.825664,798,0
ISRA.US,5,20260108,172000,61.87,61.87,61.87,61.87,100,0
ISRA.US,5,20260108,174000,61.87,61.87,61.87,61.87,300,0
ISRA.US,5,20260108,184000,61.96,61.96,61.96,61.96,100,0
ISRA.US,5,20260108,184500,61.94,61.94,61.94,61.94,500,0
ISRA.US,5,20260108,200000,61.848,61.848,61.8,61.8401,2017,0
ISRA.US,5,20260108,200500,61.67,61.67,61.67,61.67,161,0
ISRA.US,5,20260108,204500,62.0099,62.0099,62.0099,62.0099,371,0
ISRA.US,5,20260108,205000,61.8295,61.8295,61.8295,61.8295,105,0
ISRA.US,5,20260108,213500,61.9,61.9,61.9,61.9,100,0
ISRA.US,5,20260109,160500,62.145,62.145,62.145,62.145,100,0
ISRA.US,5,20260109,161000,62.17,62.17,62.17,62.17,100,0
ISRA.US,5,20260109,162000,62.27,62.31,62.27,62.282,719,0
ISRA.US,5,20260109,162500,62.19,62.45,62.19,62.33,4760,0
ISRA.US,5,20260109,164000,62.33,62.33,62.33,62.33,145,0
ISRA.US,5,20260109,170000,62.46,62.5099,62.46,62.5099,300,0
ISRA.US,5,20260109,171000,62.4022,62.46,62.4022,62.46,560,0
ISRA.US,5,20260109,173500,62.41,62.41,62.41,62.41,100,0
ISRA.US,5,20260109,174000,62.51,62.51,62.42,62.42,320,0
ISRA.US,5,20260109,175000,62.31,62.31,62.31,62.31,125,0
ISRA.US,5,20260109,182000,62.4999,62.4999,62.405,62.41,5134,0
ISRA.US,5,20260109,182500,62.41,62.41,62.41,62.41,1100,0
ISRA.US,5,20260109,183000,62.425,62.425,62.425,62.425,200,0
ISRA.US,5,20260109,190500,62.425,62.425,62.425,62.425,250,0
ISRA.US,5,20260109,191500,62.5621,62.5621,62.5621,62.5621,100,0
ISRA.US,5,20260109,200000,62.45,62.58,62.45,62.57,400,0
ISRA.US,5,20260109,201500,62.5599,62.5599,62.435,62.435,1400,0
ISRA.US,5,20260109,211000,62.4451,62.4451,62.445,62.445,409,0
ISRA.US,5,20260109,213000,62.465,62.465,62.465,62.465,100,0
ISRA.US,5,20260109,214000,62.475,62.475,62.475,62.475,483,0
ISRA.US,5,20260109,214500,62.56,62.56,62.56,62.56,100,0
ISRA.US,5,20260109,215000,62.565,62.57,62.565,62.57,500,0
ISRA.US,5,20260109,215500,62.53,62.62,62.53,62.62,285,0
ISRA.US,5,20260112,153000,62.6,62.6,62.6,62.6,100,0
ISRA.US,5,20260112,153500,62.62,62.7,62.6,62.7,4600,0
ISRA.US,5,20260112,154000,62.584,62.6485,62.584,62.6485,345,0
ISRA.US,5,20260112,154500,62.69,62.69,62.5,62.5,659,0
ISRA.US,5,20260112,155000,62.655,62.655,62.655,62.655,300,0
ISRA.US,5,20260112,155500,62.675,62.675,62.675,62.675,3000,0
ISRA.US,5,20260112,160000,62.9,62.9,62.87,62.87,300,0
ISRA.US,5,20260112,160500,62.8,62.8,62.8,62.8,102,0
ISRA.US,5,20260112,165500,62.8233,62.8233,62.77,62.77,385,0
ISRA.US,5,20260112,172000,63.0271,63.0271,63.0271,63.0271,100,0
ISRA.US,5,20260112,173000,63,63,63,63,1000,0
ISRA.US,5,20260112,174000,62.87,62.87,62.87,62.87,150,0
ISRA.US,5,20260112,174500,63.0587,63.0587,63.0587,63.0587,150,0
ISRA.US,5,20260112,175000,63.06,63.06,63.06,63.06,634,0
ISRA.US,5,20260112,181000,62.96,62.96,62.95,62.95,400,0
ISRA.US,5,20260112,182500,62.95,62.95,62.95,62.95,200,0
ISRA.US,5,20260112,184500,62.97,62.97,62.97,62.97,100,0
ISRA.US,5,20260112,191000,63.07,63.07,63.07,63.07,1000,0
ISRA.US,5,20260112,192000,62.95,62.95,62.95,62.95,200,0
ISRA.US,5,20260112,193000,63,63.02,63,63.02,404,0
ISRA.US,5,20260112,194000,63.01,63.0328,63.01,63.0328,258,0
ISRA.US,5,20260112,195000,63,63,63,63,100,0
ISRA.US,5,20260112,200500,62.95,62.95,62.95,62.95,100,0
ISRA.US,5,20260112,202000,62.855,62.855,62.855,62.855,118,0
ISRA.US,5,20260112,205500,63,63,62.94,62.94,223,0
ISRA.US,5,20260112,210000,63.0286,63.0286,62.95,62.95,1000,0
ISRA.US,5,20260112,212000,62.9386,62.9386,62.88,62.88,600,0
ISRA.US,5,20260112,212500,62.88,62.88,62.88,62.88,200,0
ISRA.US,5,20260112,214500,62.895,62.895,62.895,62.895,100,0
ISRA.US,5,20260112,215000,62.9,62.93,62.9,62.9,1000,0
ISRA.US,5,20260112,215500,62.92,62.92,62.92,62.92,100,0
ISRA.US,5,20260113,154000,62.5,62.5,62.5,62.5,500,0
ISRA.US,5,20260113,160000,62.245,62.245,62.245,62.245,500,0
ISRA.US,5,20260113,162500,62.1626,62.1626,62.1626,62.1626,340,0
ISRA.US,5,20260113,171500,62.2361,62.2361,62.2361,62.2361,1000,0
ISRA.US,5,20260113,184000,62.355,62.355,62.355,62.355,100,0
ISRA.US,5,20260113,190000,62.3426,62.3426,62.335,62.335,201,0
ISRA.US,5,20260113,192500,62.39,62.39,62.39,62.39,1600,0
ISRA.US,5,20260113,200000,62.22,62.22,62.22,62.22,200,0
ISRA.US,5,20260113,200500,62.21,62.21,62.21,62.21,1300,0
ISRA.US,5,20260113,201000,62.19,62.19,62.19,62.19,100,0
ISRA.US,5,20260113,203500,62.37,62.37,62.37,62.37,692,0
ISRA.US,5,20260113,204500,62.39,62.39,62.2657,62.2657,500,0
ISRA.US,5,20260113,215500,62.3,62.3,62.3,62.3,235,0
ISRA.US,5,20260114,153000,62.75,62.75,62.75,62.75,332,0
ISRA.US,5,20260114,154000,62.38,62.6499,62.35,62.6499,2976,0
ISRA.US,5,20260114,161500,62.78,62.78,62.78,62.78,100,0
ISRA.US,5,20260114,162500,62.71,62.71,62.71,62.71,300,0
ISRA.US,5,20260114,163000,62.67,62.71,62.67,62.71,300,0
ISRA.US,5,20260114,170500,62.56,62.56,62.56,62.56,135,0
ISRA.US,5,20260114,191500,62.535,62.535,62.535,62.535,614,0
ISRA.US,5,20260114,202000,62.7,62.7,62.7,62.7,100,0
ISRA.US,5,20260114,210500,62.7,62.7,62.7,62.7,100,0
ISRA.US,5,20260114,211000,62.725,62.725,62.725,62.725,145,0
ISRA.US,5,20260114,213500,62.855,62.855,62.855,62.855,100,0
ISRA.US,5,20260114,215000,62.97,62.97,62.97,62.97,3181,0
ISRA.US,5,20260114,215500,62.85,62.85,62.85,62.85,100,0
ISRA.US,5,20260115,154500,63,63,63,63,100,0
ISRA.US,5,20260115,161000,63.18,63.18,63.18,63.18,100,0
ISRA.US,5,20260115,162500,63.215,63.215,63.215,63.215,100,0
ISRA.US,5,20260115,163000,63.2563,63.2649,63.2563,63.2649,204,0
ISRA.US,5,20260115,163500,63.3,63.3,63.3,63.3,100,0
ISRA.US,5,20260115,164000,63.3,63.3,63.2082,63.22,3166,0
ISRA.US,5,20260115,165500,63.3,63.372,63.3,63.32,1196,0
ISRA.US,5,20260115,181000,63.365,63.365,63.365,63.365,100,0
ISRA.US,5,20260115,195000,63.43,63.43,63.43,63.43,100,0
ISRA.US,5,20260115,202500,63.27,63.27,63.265,63.265,409,0
ISRA.US,5,20260115,203000,63.265,63.265,63.26,63.26,664,0
ISRA.US,5,20260115,205500,63.245,63.245,63.245,63.245,300,0
ISRA.US,5,20260115,211000,63.2582,63.2582,63.245,63.245,457,0
ISRA.US,5,20260115,211500,63.21,63.225,63.21,63.225,2496,0
ISRA.US,5,20260115,212000,63.21,63.21,63.2,63.2,1493,0
ISRA.US,5,20260115,212500,63.16,63.16,63.16,63.16,121,0
ISRA.US,5,20260115,213500,63.2,63.2,63.2,63.2,100,0
ISRA.US,5,20260115,215000,63.16,63.16,63.16,63.16,100,0
ISRA.US,5,20260115,215500,63.08,63.14,63.08,63.14,500,0
ISRA.US,5,20260116,154000,63.072,63.072,63.072,63.072,791,0
ISRA.US,5,20260116,154500,63.21,63.21,63.21,63.21,100,0
ISRA.US,5,20260116,155000,63.11,63.11,63.11,63.11,100,0
ISRA.US,5,20260116,155500,63.0549,63.0549,62.7701,62.79,735,0
ISRA.US,5,20260116,161500,63.085,63.085,63.085,63.085,150,0
ISRA.US,5,20260116,163000,63.15,63.15,63.15,63.15,100,0
ISRA.US,5,20260116,165500,63.005,63.005,63.005,63.005,220,0
ISRA.US,5,20260116,171500,63.0544,63.112,63.0544,63.112,525,0
ISRA.US,5,20260116,173000,63.135,63.135,63.135,63.135,100,0
ISRA.US,5,20260116,175000,63.225,63.225,63.225,63.225,104,0
ISRA.US,5,20260116,181000,63.27,63.27,63.27,63.27,100,0
ISRA.US,5,20260116,182500,63.175,63.175,63.175,63.175,100,0
ISRA.US,5,20260116,184500,63.22,63.22,63.145,63.145,500,0
ISRA.US,5,20260116,191500,63.1482,63.1681,63.1482,63.155,680,0
ISRA.US,5,20260116,205000,63.1896,63.1896,63.1896,63.1896,158,0
ISRA.US,5,20260116,212000,63.155,63.155,63.155,63.155,164,0
ISRA.US,5,20260116,214000,63.1006,63.15,63.1006,63.15,810,0
ISRA.US,5,20260116,214500,63.1,63.14,62.94,62.94,700,0
ISRA.US,5,20260116,215500,63.03,63.03,63.03,63.03,135,0
ISRA.US,5,20260120,153000,62,62,62,62,400,0
ISRA.US,5,20260120,162000,62.19,62.19,62.19,62.19,100,0
ISRA.US,5,20260120,164500,62.3999,62.3999,62.3999,62.3999,200,0
ISRA.US,5,20260120,171500,62.26,62.26,62.19,62.19,200,0
ISRA.US,5,20260120,172000,62.43,62.43,62.43,62.43,100,0
ISRA.US,5,20260120,174000,62.2568,62.2568,62.2568,62.2568,161,0
ISRA.US,5,20260120,182500,62.31,62.31,62.31,62.31,100,0
ISRA.US,5,20260120,183000,62.25,62.25,62.25,62.25,802,0
ISRA.US,5,20260120,183500,62.205,62.205,62.2015,62.2015,814,0
ISRA.US,5,20260120,184500,62.185,62.185,62.17,62.17,259,0
ISRA.US,5,20260120,191000,62.0778,62.0778,62.0778,62.0778,200,0
ISRA.US,5,20260120,194500,62.04,62.04,62.04,62.04,100,0
ISRA.US,5,20260120,202000,61.905,61.905,61.905,61.905,100,0
ISRA.US,5,20260120,205000,61.85,61.885,61.85,61.885,200,0
ISRA.US,5,20260120,210500,61.87,61.87,61.87,61.87,100,0
ISRA.US,5,20260120,211000,61.8,61.93,61.8,61.903,647,0
ISRA.US,5,20260120,211500,61.8702,61.8998,61.87,61.87,361,0
ISRA.US,5,20260120,212000,61.8,61.8,61.8,61.8,201,0
ISRA.US,5,20260120,212500,61.92,61.92,61.92,61.92,700,0
ISRA.US,5,20260120,213000,61.86,61.87,61.86,61.87,1118,0
ISRA.US,5,20260120,213500,61.95,61.95,61.87,61.87,200,0
ISRA.US,5,20260120,214000,61.91,61.91,61.85,61.85,200,0
ISRA.US,5,20260120,214500,61.86,61.9199,61.86,61.9199,1600,0
ISRA.US,5,20260120,215000,61.86,61.87,61.86,61.87,200,0
ISRA.US,5,20260121,153000,61.93,61.93,61.93,61.93,129,0
ISRA.US,5,20260121,155000,61.705,61.705,61.705,61.705,100,0
ISRA.US,5,20260121,160000,61.835,61.835,61.805,61.805,423,0
ISRA.US,5,20260121,170500,61.83,61.9999,61.83,61.9999,800,0
ISRA.US,5,20260121,172000,61.802,61.802,61.802,61.802,100,0
ISRA.US,5,20260121,180500,61.55,61.63,61.55,61.63,1300,0
ISRA.US,5,20260121,181000,61.5,61.5,61.5,61.5,500,0
ISRA.US,5,20260121,181500,61.59,61.59,61.425,61.425,400,0
ISRA.US,5,20260121,190500,61.56,61.56,61.56,61.56,100,0
ISRA.US,5,20260121,193000,61.5153,61.64,61.5153,61.64,600,0
ISRA.US,5,20260121,202000,61.48,61.48,61.48,61.48,200,0
ISRA.US,5,20260121,202500,61.6,61.6,61.6,61.6,100,0
ISRA.US,5,20260121,203500,61.93,61.93,61.93,61.93,100,0
ISRA.US,5,20260121,210000,62.17,62.17,62.005,62.005,300,0
ISRA.US,5,20260121,214500,61.86,61.86,61.86,61.86,500,0
ISRA.US,5,20260121,215500,62.08,62.08,62.06,62.08,301,0
ISRA.US,5,20260122,153000,62.609,62.609,62.609,62.609,323,0
ISRA.US,5,20260122,155500,62.5058,62.5058,62.5058,62.5058,125,0
ISRA.US,5,20260122,160000,62.599,62.599,62.599,62.599,100,0
ISRA.US,5,20260122,160500,62.6,62.6,62.5999,62.5999,2000,0
ISRA.US,5,20260122,161500,62.6,62.6876,62.6,62.6876,300,0
ISRA.US,5,20260122,163000,62.63,62.64,62.6,62.6,937,0
ISRA.US,5,20260122,163500,62.835,62.835,62.835,62.835,120,0
ISRA.US,5,20260122,164000,62.835,62.835,62.835,62.835,100,0
ISRA.US,5,20260122,164500,62.9325,62.9325,62.865,62.8948,300,0
ISRA.US,5,20260122,165000,62.99,62.99,62.97,62.97,346,0
ISRA.US,5,20260122,165500,62.85,62.85,62.85,62.85,692,0
ISRA.US,5,20260122,170000,63,63,62.99,62.99,300,0
ISRA.US,5,20260122,171000,62.999,62.999,62.999,62.999,793,0
ISRA.US,5,20260122,172500,62.99,62.99,62.99,62.99,500,0
ISRA.US,5,20260122,174000,62.8492,62.8492,62.8492,62.8492,125,0
ISRA.US,5,20260122,174500,63,63,63,63,100,0
ISRA.US,5,20260122,181500,63.08,63.08,62.948,62.948,1000,0
ISRA.US,5,20260122,185500,62.975,62.975,62.975,62.975,100,0
ISRA.US,5,20260122,190000,62.9277,62.93,62.9277,62.93,300,0
ISRA.US,5,20260122,193000,62.9,62.9,62.9,62.9,1000,0
ISRA.US,5,20260122,200000,63.01,63.01,63.01,63.01,100,0
ISRA.US,5,20260122,203500,62.937,62.937,62.937,62.937,100,0
ISRA.US,5,20260122,211000,62.845,62.845,62.845,62.845,400,0
ISRA.US,5,20260122,212500,63.01,63.01,62.845,62.845,2597,0
ISRA.US,5,20260123,161500,62.8942,62.8942,62.85,62.85,238,0
ISRA.US,5,20260123,165500,63.25,63.25,63.25,63.25,269,0
ISRA.US,5,20260123,170000,63.27,63.27,63.27,63.27,100,0
ISRA.US,5,20260123,175000,63.2,63.21,63.2,63.2,300,0
ISRA.US,5,20260123,180500,63.025,63.025,63.025,63.025,158,0
ISRA.US,5,20260123,181500,63.05,63.05,63.05,63.05,217,0
ISRA.US,5,20260123,190500,62.89,62.89,62.89,62.89,100,0
ISRA.US,5,20260123,191000,62.9134,62.9134,62.9134,62.9134,250,0
ISRA.US,5,20260123,193500,63.07,63.07,63.07,63.07,200,0
ISRA.US,5,20260123,195000,63.07,63.07,63.0216,63.07,400,0
ISRA.US,5,20260123,202000,63.17,63.17,63.17,63.17,100,0
ISRA.US,5,20260123,204500,63.11,63.11,63.11,63.11,100,0
ISRA.US,5,20260123,214500,63.075,63.075,63.075,63.075,300,0
ISRA.US,5,20260123,215500,62.91,62.92,62.91,62.92,200,0
