<TICKER>,<PER>,<DATE>,<TIME>,<OPEN>,<HIGH>,<LOW>,<CLOSE>,<VOL>,<OPENINT>
JULW.US,5,20250829,161000,37.88,37.88,37.88,37.88,100,0
JULW.US,5,20250829,162000,37.8906,37.9499,37.8906,37.9005,790,0
JULW.US,5,20250829,163000,37.9,37.9,37.9,37.9,100,0
JULW.US,5,20250829,170000,37.8901,37.8901,37.8901,37.8901,575,0
JULW.US,5,20250829,173000,37.9,37.9007,37.9,37.9007,300,0
JULW.US,5,20250829,175500,37.9296,37.9296,37.9296,37.9296,1897,0
JULW.US,5,20250829,180000,37.9,37.9,37.9,37.9,165914,0
JULW.US,5,20250829,180500,37.91,37.91,37.91,37.91,64627,0
JULW.US,5,20250829,182500,37.915,37.915,37.915,37.915,512,0
JULW.US,5,20250829,184500,37.92,37.92,37.92,37.92,3300,0
JULW.US,5,20250829,185500,37.92,37.92,37.895,37.895,2713,0
JULW.US,5,20250829,190500,37.9441,37.9441,37.9441,37.9441,618,0
JULW.US,5,20250829,191500,37.89,37.89,37.89,37.89,2104,0
JULW.US,5,20250829,192500,37.915,37.915,37.915,37.915,528,0
JULW.US,5,20250829,201500,37.9192,37.9192,37.9192,37.9192,267,0
JULW.US,5,20250829,202000,37.926,37.9278,37.87,37.9278,622,0
JULW.US,5,20250829,202500,37.925,37.9506,37.89,37.89,764,0
JULW.US,5,20250829,213000,37.935,37.935,37.935,37.935,231,0
JULW.US,5,20250829,215000,37.938109,37.938109,37.938109,37.938109,1490,0
JULW.US,5,20250902,161500,37.79,37.79,37.79,37.79,100,0
JULW.US,5,20250902,162500,37.781,37.82,37.781,37.82,2296,0
JULW.US,5,20250902,164500,37.77,37.77,37.77,37.77,200,0
JULW.US,5,20250902,170500,37.75,37.75,37.75,37.75,100,0
JULW.US,5,20250902,174500,37.7422,37.7422,37.7422,37.7422,226,0
JULW.US,5,20250902,175000,37.73,37.73,37.73,37.73,1963,0
JULW.US,5,20250902,180500,37.71,37.71,37.71,37.71,100,0
JULW.US,5,20250902,182000,37.75,37.75,37.72,37.72,1300,0
JULW.US,5,20250902,182500,37.72,37.73,37.72,37.73,3282,0
JULW.US,5,20250902,191000,37.755,37.755,37.755,37.755,160,0
JULW.US,5,20250902,192000,37.75,37.75,37.75,37.75,200,0
JULW.US,5,20250902,193000,37.77,37.77,37.72,37.72,237,0
JULW.US,5,20250902,195000,37.8095,37.8095,37.8062,37.8062,356,0
JULW.US,5,20250902,201500,37.82,37.82,37.82,37.82,238,0
JULW.US,5,20250902,213500,37.8,37.8092,37.8,37.8092,1288,0
JULW.US,5,20250902,214000,37.81,37.81,37.81,37.81,200,0
JULW.US,5,20250903,162000,37.88,37.8962,37.87,37.8962,1150,0
JULW.US,5,20250903,164500,37.9,37.905,37.9,37.905,612,0
JULW.US,5,20250903,170000,37.9,37.9,37.9,37.9,100,0
JULW.US,5,20250903,171000,37.9053,37.9053,37.9053,37.9053,166,0
JULW.US,5,20250903,174000,37.8905,37.8905,37.8905,37.8905,161,0
JULW.US,5,20250903,180000,37.89,37.89,37.89,37.89,360,0
JULW.US,5,20250903,185000,37.8956,37.8956,37.86,37.86,587,0
JULW.US,5,20250903,190500,37.8845,37.8845,37.8845,37.8845,127,0
JULW.US,5,20250903,192500,37.87,37.87,37.87,37.87,100,0
JULW.US,5,20250903,201500,37.8959,37.8959,37.85,37.875,1024,0
JULW.US,5,20250903,203500,37.85,37.85,37.85,37.85,100,0
JULW.US,5,20250903,210500,37.87,37.87,37.87,37.87,1345,0
JULW.US,5,20250903,213000,37.8615,37.8899,37.8615,37.8684,1221,0
JULW.US,5,20250903,214000,37.8709,37.8709,37.8709,37.8709,280,0
JULW.US,5,20250903,215500,37.89,37.89,37.89,37.89,100,0
JULW.US,5,20250904,160500,37.94,37.94,37.94,37.94,100,0
JULW.US,5,20250904,161000,37.9431,37.9895,37.94,37.9895,1559,0
JULW.US,5,20250904,161500,37.94,37.94,37.92,37.92,298,0
JULW.US,5,20250904,170000,37.95,37.95,37.95,37.95,100,0
JULW.US,5,20250904,173500,37.96,37.96,37.9101,37.96,1082,0
JULW.US,5,20250904,181500,37.993,37.993,37.993,37.993,328,0
JULW.US,5,20250904,184500,37.9836,37.9836,37.9836,37.9836,267,0
JULW.US,5,20250904,185500,37.997,37.997,37.997,37.997,542,0
JULW.US,5,20250904,193000,37.9804,37.9804,37.9804,37.9804,433,0
JULW.US,5,20250904,194500,37.997,37.997,37.997,37.997,965,0
JULW.US,5,20250904,214000,38,38.0001,38,38.0001,232,0
JULW.US,5,20250904,214500,38.01,38.01,38.01,38.01,100,0
JULW.US,5,20250904,215500,38.0195,38.02,37.995,38,2672,0
JULW.US,5,20250905,154500,38.11,38.11,38.11,38.11,100,0
JULW.US,5,20250905,161500,38.0801,38.0801,38.0801,38.0801,640,0
JULW.US,5,20250905,163000,37.98,37.98,37.98,37.98,100,0
JULW.US,5,20250905,172500,37.973,37.973,37.97,37.97,209,0
JULW.US,5,20250905,174000,38.0184,38.0184,38.0184,38.0184,209,0
JULW.US,5,20250905,182000,38.01,38.01,38.01,38.01,100,0
JULW.US,5,20250905,182500,37.99,37.99,37.99,37.99,100,0
JULW.US,5,20250905,183000,37.9975,37.9975,37.9803,37.981,1312,0
JULW.US,5,20250905,184500,37.99,37.99,37.99,37.99,100,0
JULW.US,5,20250905,193500,38.01,38.01,38.01,38.01,200,0
JULW.US,5,20250905,195500,37.97,37.97,37.97,37.97,2498,0
JULW.US,5,20250905,200000,37.9804,37.9804,37.97,37.97,3530,0
JULW.US,5,20250905,201000,37.98,37.98,37.96,37.97,4686,0
JULW.US,5,20250905,201500,37.97,38.0299,37.965,38.0299,7109,0
JULW.US,5,20250905,203000,37.98,37.98,37.98,37.98,100,0
JULW.US,5,20250905,203500,37.99,37.99,37.99,37.99,100,0
JULW.US,5,20250905,211500,38.0162,38.0162,38.0162,38.0162,100,0
JULW.US,5,20250905,212000,38.0192,38.0192,38.01,38.01,234,0
JULW.US,5,20250905,212500,38.01,38.01,38.01,38.01,600,0
JULW.US,5,20250905,214500,38,38.0162,38,38.0017,392,0
JULW.US,5,20250905,215000,38.0166,38.0166,38.0166,38.0166,1977,0
JULW.US,5,20250908,154500,38.05,38.05,38.05,38.05,100,0
JULW.US,5,20250908,162000,38.0574,38.0574,38.04,38.04,1014,0
JULW.US,5,20250908,163000,38.0868,38.0868,38.06,38.0792,1409,0
JULW.US,5,20250908,163500,38.05,38.05,38.05,38.05,100,0
JULW.US,5,20250908,164500,38.09,38.09,38.09,38.09,1193,0
JULW.US,5,20250908,170500,38.09,38.09,38.09,38.09,101,0
JULW.US,5,20250908,173000,38.095,38.095,38.095,38.095,474,0
JULW.US,5,20250908,174500,38.05,38.05,38.05,38.05,200,0
JULW.US,5,20250908,183500,38.0978,38.0978,38.061,38.061,250,0
JULW.US,5,20250908,194500,38.0409,38.1299,38.0409,38.1299,554,0
JULW.US,5,20250908,195000,38.04,38.04,38.04,38.04,100,0
JULW.US,5,20250908,204500,38.092,38.092,38.092,38.092,206,0
JULW.US,5,20250908,205500,38.1,38.1,38.05,38.05,265,0
JULW.US,5,20250908,213000,38.056,38.056,38.056,38.056,262,0
JULW.US,5,20250908,214000,38.0381,38.0381,38.0381,38.0381,135,0
JULW.US,5,20250909,160500,38.07,38.07,38.07,38.07,100,0
JULW.US,5,20250909,163500,38.0302,38.1092,38.0302,38.0308,1191,0
JULW.US,5,20250909,173500,38.06,38.06,38.06,38.06,100,0
JULW.US,5,20250909,181500,38.0601,38.0601,38.06,38.06,768,0
JULW.US,5,20250909,182500,38.0889,38.0889,38.0889,38.0889,561,0
JULW.US,5,20250909,183000,38.06,38.06,38.06,38.06,100,0
JULW.US,5,20250909,192000,38.0997,38.1,38.0997,38.1,232,0
JULW.US,5,20250909,192500,38.105,38.105,38.105,38.105,268,0
JULW.US,5,20250909,201000,38.106,38.106,38.106,38.106,253,0
JULW.US,5,20250909,202000,38.0944,38.105,38.08,38.08,303,0
JULW.US,5,20250909,211500,38.1,38.1,38.1,38.1,350,0
JULW.US,5,20250909,214500,38.105,38.105,38.105,38.105,100,0
JULW.US,5,20250910,153000,38.17,38.17,38.17,38.17,100,0
JULW.US,5,20250910,154500,38.16,38.16,38.16,38.16,100,0
JULW.US,5,20250910,160500,38.18,38.18,38.18,38.18,100,0
JULW.US,5,20250910,162000,38.2213,38.2213,38.196,38.196,294,0
JULW.US,5,20250910,162500,38.17,38.1751,38.142232,38.142232,700,0
JULW.US,5,20250910,170000,38.1528,38.1528,38.1528,38.1528,157,0
JULW.US,5,20250910,175500,38.15,38.15,38.15,38.15,1096,0
JULW.US,5,20250910,180500,38.15,38.15,38.15,38.15,100,0
JULW.US,5,20250910,184500,38.1499,38.1499,38.1499,38.1499,292,0
JULW.US,5,20250910,193500,38.165,38.165,38.165,38.165,390,0
JULW.US,5,20250910,210500,38.12,38.1608,38.12,38.1608,373,0
JULW.US,5,20250910,211500,38.1131,38.1131,38.1131,38.1131,102,0
JULW.US,5,20250910,213000,38.1109,38.1109,38.1109,38.1109,268,0
JULW.US,5,20250910,214000,38.1384,38.1384,38.1384,38.1384,115,0
JULW.US,5,20250910,214500,38.12,38.12,38.12,38.12,100,0
JULW.US,5,20250911,161500,38.2,38.2001,38.2,38.2001,200,0
JULW.US,5,20250911,163500,38.24,38.24,38.24,38.24,149,0
JULW.US,5,20250911,172000,38.24,38.24,38.24,38.24,100,0
JULW.US,5,20250911,172500,38.2,38.2,38.2,38.2,100,0
JULW.US,5,20250911,181500,38.23,38.2399,38.2264,38.2301,1165,0
JULW.US,5,20250911,182000,38.2332,38.2332,38.2332,38.2332,148,0
JULW.US,5,20250911,184500,38.23,38.23,38.23,38.23,105,0
JULW.US,5,20250911,190000,38.2117,38.2117,38.2117,38.2117,143,0
JULW.US,5,20250911,192500,38.221,38.2237,38.22,38.2237,545,0
JULW.US,5,20250911,200000,38.2,38.2,38.2,38.2,100,0
JULW.US,5,20250911,200500,38.2264,38.2264,38.2264,38.2264,572,0
JULW.US,5,20250911,204000,38.24,38.24,38.24,38.24,100,0
JULW.US,5,20250911,205000,38.2264,38.233,38.22,38.233,1626,0
JULW.US,5,20250911,213000,38.235,38.24,38.23,38.23,957,0
JULW.US,5,20250911,213500,38.23,38.24,38.23,38.24,200,0
JULW.US,5,20250911,215000,38.23,38.23,38.23,38.23,123,0
JULW.US,5,20250912,153500,38.24,38.2401,38.24,38.2401,1770,0
JULW.US,5,20250912,161000,38.25,38.25,38.25,38.25,100,0
JULW.US,5,20250912,161500,38.2404,38.2796,38.2404,38.2796,1611,0
JULW.US,5,20250912,163000,38.25,38.2627,38.2,38.25,12633,0
JULW.US,5,20250912,163500,38.25,38.263,38.198,38.263,3251,0
JULW.US,5,20250912,165500,38.26,38.26,38.26,38.26,100,0
JULW.US,5,20250912,173500,38.24,38.24,38.1801,38.23,7452,0
JULW.US,5,20250912,174000,38.224,38.24,38.22,38.24,569,0
JULW.US,5,20250912,181500,38.23,38.23,38.23,38.23,100,0
JULW.US,5,20250912,182000,38.25,38.25,38.25,38.25,100,0
JULW.US,5,20250912,182500,38.25,38.2599,38.25,38.2599,215,0
JULW.US,5,20250912,183000,38.25,38.25,38.25,38.25,600,0
JULW.US,5,20250912,193000,38.27,38.272,38.24,38.24,951,0
JULW.US,5,20250912,201500,38.275,38.275,38.275,38.275,309,0
JULW.US,5,20250912,203000,38.275,38.275,38.275,38.275,104,0
JULW.US,5,20250912,203500,38.26,38.2696,38.26,38.2696,289,0
JULW.US,5,20250912,210000,38.271492,38.271492,38.271492,38.271492,242,0
JULW.US,5,20250912,210500,38.26,38.26,38.26,38.26,100,0
JULW.US,5,20250912,211500,38.26,38.26,38.26,38.26,100,0
JULW.US,5,20250912,212500,38.25,38.2628,38.25,38.2628,303,0
JULW.US,5,20250912,214500,38.24,38.24,38.24,38.24,100,0
JULW.US,5,20250915,160500,38.3095,38.3095,38.3095,38.3095,126,0
JULW.US,5,20250915,161500,38.33,38.33,38.33,38.33,222,0
JULW.US,5,20250915,162500,38.3005,38.3005,38.3005,38.3005,238,0
JULW.US,5,20250915,164500,38.27,38.27,38.27,38.27,180,0
JULW.US,5,20250915,170500,38.2879,38.2879,38.2879,38.2879,1928,0
JULW.US,5,20250915,173500,38.262,38.262,38.262,38.262,104,0
JULW.US,5,20250915,175000,38.3095,38.3095,38.3095,38.3095,293,0
JULW.US,5,20250915,184000,38.26,38.305,38.26,38.305,322,0
JULW.US,5,20250915,185500,38.26,38.26,38.26,38.26,183,0
JULW.US,5,20250915,190000,38.25,38.25,38.25,38.25,100,0
JULW.US,5,20250915,194500,38.25,38.2719,38.25,38.25,1172,0
JULW.US,5,20250915,200000,38.25,38.25,38.25,38.25,100,0
JULW.US,5,20250915,201000,38.25,38.25,38.24,38.24,200,0
JULW.US,5,20250915,203500,38.24,38.28,38.24,38.28,657,0
JULW.US,5,20250915,210500,38.24,38.24,38.24,38.24,200,0
JULW.US,5,20250915,214000,38.2749,38.2749,38.2749,38.2749,200,0
JULW.US,5,20250915,214500,38.25,38.25,38.25,38.25,100,0
JULW.US,5,20250915,215000,38.25,38.25,38.25,38.25,100,0
JULW.US,5,20250916,162000,38.24,38.2895,38.24,38.2895,441,0
JULW.US,5,20250916,164500,38.27,38.27,38.27,38.27,1448,0
JULW.US,5,20250916,182000,38.234,38.234,38.234,38.234,100,0
JULW.US,5,20250916,182500,38.275,38.275,38.275,38.275,159,0
JULW.US,5,20250916,184000,38.3076,38.3184,38.27,38.3184,1097,0
JULW.US,5,20250916,193000,38.264,38.264,38.23,38.235,8307,0
JULW.US,5,20250916,195000,38.28,38.3,38.28,38.3,965,0
JULW.US,5,20250916,202000,38.288,38.288,38.288,38.288,118,0
JULW.US,5,20250916,204000,38.3192,38.3192,38.3192,38.3192,177,0
JULW.US,5,20250916,204500,38.2401,38.2401,38.2401,38.2401,136,0
JULW.US,5,20250916,212000,38.24,38.28,38.24,38.28,3789,0
JULW.US,5,20250917,164000,38.2628,38.2994,38.2628,38.273,706,0
JULW.US,5,20250917,180500,38.26,38.26,38.26,38.26,269,0
JULW.US,5,20250917,195500,38.24,38.24,38.24,38.24,100,0
JULW.US,5,20250917,200000,38.27,38.27,38.27,38.27,100,0
JULW.US,5,20250917,202500,38.25,38.27,38.23,38.23,504,0
JULW.US,5,20250917,203500,38.24,38.24,38.24,38.24,100,0
JULW.US,5,20250917,204000,38.2699,38.27,38.237,38.237,569,0
JULW.US,5,20250917,205500,38.22,38.22,38.22,38.22,100,0
JULW.US,5,20250917,212000,38.26,38.26,38.26,38.26,100,0
JULW.US,5,20250917,213000,38.2609,38.2609,38.2609,38.2609,191,0
JULW.US,5,20250917,213500,38.25,38.25,38.25,38.25,300,0
JULW.US,5,20250917,215000,38.24,38.245,38.24,38.24,1055,0
JULW.US,5,20250918,155500,38.2851,38.2851,38.2851,38.2851,840,0
JULW.US,5,20250918,163000,38.33,38.351,38.3207,38.3207,1111,0
JULW.US,5,20250918,164000,38.343,38.343,38.343,38.343,428,0
JULW.US,5,20250918,165000,38.3,38.3,38.3,38.3,100,0
JULW.US,5,20250918,171500,38.3001,38.3001,38.3001,38.3001,474,0
JULW.US,5,20250918,175000,38.3,38.3,38.3,38.3,100,0
JULW.US,5,20250918,180500,38.29,38.29,38.29,38.29,200,0
JULW.US,5,20250918,183000,38.336,38.336,38.336,38.336,152,0
JULW.US,5,20250918,184500,38.347,38.347,38.31,38.31,975,0
JULW.US,5,20250918,192000,38.3174,38.35,38.3174,38.35,330,0
JULW.US,5,20250918,200500,38.3,38.3249,38.28,38.3249,820,0
JULW.US,5,20250918,201000,38.29,38.29,38.29,38.29,100,0
JULW.US,5,20250918,212000,38.3,38.3,38.3,38.3,100,0
JULW.US,5,20250918,213000,38.29,38.29,38.29,38.29,100,0
JULW.US,5,20250918,213500,38.2828,38.307,38.2828,38.307,323,0
JULW.US,5,20250919,161500,38.38,38.38,38.38,38.38,126,0
JULW.US,5,20250919,162500,38.33,38.3549,38.32,38.32,401,0
JULW.US,5,20250919,163000,38.32,38.32,38.32,38.32,3601,0
JULW.US,5,20250919,163500,38.32,38.32,38.3,38.3,1026,0
JULW.US,5,20250919,164000,38.31,38.31,38.3,38.3,200,0
JULW.US,5,20250919,170500,38.32,38.32,38.32,38.32,198,0
JULW.US,5,20250919,172500,38.3,38.3,38.3,38.3,100,0
JULW.US,5,20250919,180000,38.31,38.32,38.295,38.295,404,0
JULW.US,5,20250919,182500,38.33,38.33,38.33,38.33,142,0
JULW.US,5,20250919,184000,38.33,38.33,38.3,38.3,324,0
JULW.US,5,20250919,193000,38.3295,38.3295,38.3295,38.3295,374,0
JULW.US,5,20250919,193500,38.315,38.315,38.315,38.315,100,0
JULW.US,5,20250919,194500,38.33,38.33,38.33,38.33,100,0
JULW.US,5,20250919,200000,38.31,38.31,38.31,38.31,100,0
JULW.US,5,20250919,201000,38.33,38.33,38.33,38.33,200,0
JULW.US,5,20250919,204500,38.3225,38.33,38.3225,38.33,517,0
JULW.US,5,20250919,205000,38.3235,38.3235,38.3235,38.3235,165,0
JULW.US,5,20250919,205500,38.33,38.33,38.31,38.325,2315,0
JULW.US,5,20250919,210000,38.31,38.31,38.31,38.31,200,0
JULW.US,5,20250919,215000,38.35,38.3662,38.35,38.3662,389,0
JULW.US,5,20250922,160000,38.32,38.32,38.32,38.32,100,0
JULW.US,5,20250922,161000,38.3857,38.3857,38.3857,38.3857,462,0
JULW.US,5,20250922,161500,38.3427,38.3427,38.3427,38.3427,196,0
JULW.US,5,20250922,162500,38.3575,38.3575,38.3575,38.3575,113,0
JULW.US,5,20250922,163000,38.34,38.34,38.34,38.34,100,0
JULW.US,5,20250922,172000,38.3603,38.3603,38.3603,38.3603,383,0
JULW.US,5,20250922,175000,38.35,38.35,38.35,38.35,100,0
JULW.US,5,20250922,180500,38.3748,38.3748,38.3748,38.3748,137,0
JULW.US,5,20250922,181500,38.375,38.375,38.375,38.375,550,0
JULW.US,5,20250922,182000,38.3876,38.3876,38.3876,38.3876,144,0
JULW.US,5,20250922,190000,38.355,38.3856,38.325,38.3794,8046,0
JULW.US,5,20250922,190500,38.38,38.38,38.355,38.355,300,0
JULW.US,5,20250922,192500,38.3806,38.3806,38.3806,38.3806,771,0
JULW.US,5,20250922,195500,38.37,38.3701,38.355,38.3701,1003,0
JULW.US,5,20250922,200000,38.37,38.37,38.37,38.37,100,0
JULW.US,5,20250922,205000,38.37,38.37,38.37,38.37,100,0
JULW.US,5,20250922,211500,38.38,38.38,38.38,38.38,12630,0
JULW.US,5,20250922,215000,38.39,38.39,38.39,38.39,201,0
JULW.US,5,20250923,154500,38.38,38.38,38.38,38.38,100,0
JULW.US,5,20250923,161500,38.38,38.4153,38.36,38.395,2360,0
JULW.US,5,20250923,162000,38.37,38.37,38.37,38.37,200,0
JULW.US,5,20250923,164000,38.36,38.36,38.36,38.36,100,0
JULW.US,5,20250923,182500,38.35,38.4099,38.35,38.4099,394,0
JULW.US,5,20250923,183500,38.3694,38.3694,38.3694,38.3694,140,0
JULW.US,5,20250923,184500,38.35,38.35,38.35,38.35,100,0
JULW.US,5,20250923,191500,38.4013,38.4013,38.4013,38.4013,1089,0
JULW.US,5,20250923,192500,38.34,38.34,38.33,38.33,200,0
JULW.US,5,20250923,193000,38.35,38.35,38.35,38.35,210,0
JULW.US,5,20250923,195500,38.33,38.3318,38.33,38.3318,655,0
JULW.US,5,20250923,202500,38.3,38.3,38.29,38.3,1700,0
JULW.US,5,20250923,203000,38.3,38.3,38.3,38.3,100,0
JULW.US,5,20250923,204500,38.3,38.3,38.3,38.3,100,0
JULW.US,5,20250923,205000,38.3175,38.3175,38.3175,38.3175,110,0
JULW.US,5,20250923,214500,38.3152,38.3152,38.3152,38.3152,220,0
JULW.US,5,20250924,155000,38.29,38.29,38.29,38.29,100,0
JULW.US,5,20250924,162500,38.32,38.3449,38.2601,38.32,637,0
JULW.US,5,20250924,163500,38.3695,38.3695,38.3439,38.3439,2295,0
JULW.US,5,20250924,164000,38.32,38.32,38.32,38.32,100,0
JULW.US,5,20250924,180500,38.295,38.295,38.295,38.295,358,0
JULW.US,5,20250924,190000,38.3057,38.3057,38.2941,38.2941,590,0
JULW.US,5,20250924,194500,38.3,38.306,38.28,38.28,720,0
JULW.US,5,20250924,195000,38.2885,38.2885,38.2885,38.2885,1515,0
JULW.US,5,20250924,205000,38.29,38.29,38.26,38.26,300,0
JULW.US,5,20250924,205500,38.29,38.29,38.22,38.26,3008,0
JULW.US,5,20250924,210000,38.26,38.29,38.24,38.28,1374,0
JULW.US,5,20250924,211500,38.2802,38.2802,38.2802,38.2802,500,0
JULW.US,5,20250924,213500,38.2886,38.2886,38.2886,38.2886,2000,0
JULW.US,5,20250924,215000,38.29,38.295,38.25,38.295,509,0
JULW.US,5,20250925,163000,38.24,38.24,38.24,38.24,100,0
JULW.US,5,20250925,163500,38.24,38.2894,38.24,38.26,1406,0
JULW.US,5,20250925,170000,38.25,38.2899,38.25,38.2899,687,0
JULW.US,5,20250925,172500,38.245,38.245,38.245,38.245,108,0
JULW.US,5,20250925,174500,38.2771,38.2771,38.2771,38.2771,120,0
JULW.US,5,20250925,180500,38.25,38.25,38.25,38.25,100,0
JULW.US,5,20250925,182500,38.266,38.266,38.266,38.266,177,0
JULW.US,5,20250925,190000,38.24,38.24,38.24,38.24,100,0
JULW.US,5,20250925,191000,38.245,38.245,38.245,38.245,200,0
JULW.US,5,20250925,191500,38.2465,38.2465,38.2465,38.2465,115,0
JULW.US,5,20250925,192000,38.23,38.23,38.23,38.23,100,0
JULW.US,5,20250925,200500,38.215,38.215,38.19,38.19,509,0
JULW.US,5,20250925,201000,38.19,38.19,38.19,38.19,100,0
JULW.US,5,20250925,202000,38.2,38.2,38.2,38.2,100,0
JULW.US,5,20250925,202500,38.22,38.22,38.22,38.22,300,0
JULW.US,5,20250925,203000,38.22,38.22,38.22,38.22,100,0
JULW.US,5,20250925,204000,38.23,38.24,38.23,38.24,300,0
JULW.US,5,20250925,205000,38.2201,38.2201,38.2201,38.2201,141,0
JULW.US,5,20250925,210500,38.2335,38.2335,38.2335,38.2335,123,0
JULW.US,5,20250925,211500,38.23,38.23,38.23,38.23,169,0
JULW.US,5,20250925,213000,38.23,38.23,38.23,38.23,100,0
JULW.US,5,20250925,215000,38.235,38.235,38.235,38.235,3403,0
JULW.US,5,20250925,215500,38.235,38.235,38.21,38.21,300,0
JULW.US,5,20250926,155000,38.3315,38.3315,38.3315,38.3315,193,0
JULW.US,5,20250926,162500,38.26,38.26,38.26,38.26,2254,0
JULW.US,5,20250926,163000,38.275,38.2855,38.275,38.2761,1240,0
JULW.US,5,20250926,171000,38.2677,38.2677,38.2677,38.2677,841,0
JULW.US,5,20250926,173500,38.2875,38.2875,38.2875,38.2875,333,0
JULW.US,5,20250926,174000,38.2925,38.2925,38.2925,38.2925,201,0
JULW.US,5,20250926,183000,38.29,38.29,38.29,38.29,100,0
JULW.US,5,20250926,183500,38.29,38.29,38.29,38.29,100,0
JULW.US,5,20250926,184000,38.295,38.295,38.295,38.295,468,0
JULW.US,5,20250926,185500,38.2994,38.2994,38.2994,38.2994,167,0
JULW.US,5,20250926,190000,38.3,38.3,38.3,38.3,100,0
JULW.US,5,20250926,190500,38.31,38.31,38.31,38.31,100,0
JULW.US,5,20250926,194000,38.3265,38.3295,38.325,38.325,442,0
JULW.US,5,20250926,200000,38.3295,38.3295,38.3295,38.3295,111,0
JULW.US,5,20250926,204000,38.31,38.31,38.31,38.31,100,0
JULW.US,5,20250926,204500,38.32,38.32,38.31,38.31,335,0
JULW.US,5,20250926,205000,38.3241,38.3241,38.3241,38.3241,257,0
JULW.US,5,20250926,205500,38.315,38.315,38.315,38.315,200,0
JULW.US,5,20250929,162000,38.3923,38.3977,38.3501,38.3501,679,0
JULW.US,5,20250929,172500,38.35,38.3724,38.35,38.3724,200,0
JULW.US,5,20250929,174000,38.34,38.3401,38.34,38.3401,200,0
JULW.US,5,20250929,182500,38.37,38.37,38.37,38.37,125,0
JULW.US,5,20250929,183000,38.37,38.4099,38.37,38.4099,410,0
JULW.US,5,20250929,191000,38.3576,38.36,38.3576,38.36,445,0
JULW.US,5,20250929,192500,38.34,38.34,38.32,38.32,12983,0
JULW.US,5,20250929,202500,38.35,38.35,38.35,38.35,170,0
JULW.US,5,20250929,210500,38.35,38.3575,38.35,38.3575,513,0
JULW.US,5,20250929,211000,38.34,38.365,38.34,38.365,4177,0
JULW.US,5,20250929,211500,38.35,38.35,38.35,38.35,1182,0
JULW.US,5,20250929,215000,38.3618,38.3618,38.3618,38.3618,294,0
JULW.US,5,20250930,172500,38.33,38.3301,38.33,38.3301,1590,0
JULW.US,5,20250930,180000,38.33,38.399,38.33,38.399,525,0
JULW.US,5,20250930,180500,38.3624,38.3992,38.36,38.36,835,0
JULW.US,5,20250930,185500,38.4,38.4,38.4,38.4,406,0
JULW.US,5,20250930,194000,38.32,38.3599,38.32,38.3599,1109,0
JULW.US,5,20250930,194500,38.3504,38.3999,38.32,38.3999,1563,0
JULW.US,5,20250930,195000,38.38,38.38,38.38,38.38,720,0
JULW.US,5,20250930,201000,38.36,38.36,38.36,38.36,100,0
JULW.US,5,20250930,202500,38.35,38.351,38.331,38.3475,1274,0
JULW.US,5,20250930,203000,38.365,38.365,38.365,38.365,350,0
JULW.US,5,20250930,211000,38.375,38.375,38.375,38.375,1358,0
JULW.US,5,20250930,212500,38.38,38.38,38.38,38.38,299,0
JULW.US,5,20250930,214500,38.37638,38.37638,38.37638,38.37638,473,0
JULW.US,5,20250930,215000,38.4,38.4,38.4,38.4,200,0
JULW.US,5,20250930,215500,38.405,38.405,38.405,38.405,715,0
JULW.US,5,20251001,153000,38.33,38.33,38.33,38.33,150,0
JULW.US,5,20251001,162000,38.3975,38.3975,38.3975,38.3975,384,0
JULW.US,5,20251001,163500,38.4,38.4,38.4,38.4,145,0
JULW.US,5,20251001,165500,38.43,38.43,38.4299,38.4299,444,0
JULW.US,5,20251001,170000,38.405,38.405,38.405,38.405,100,0
JULW.US,5,20251001,171000,38.3803,38.3803,38.3803,38.3803,124,0
JULW.US,5,20251001,174000,38.4063,38.41,38.4063,38.41,496,0
JULW.US,5,20251001,180000,38.416,38.43,38.404,38.43,2149,0
JULW.US,5,20251001,180500,38.41,38.41,38.41,38.41,200,0
JULW.US,5,20251001,181000,38.4073,38.4299,38.4073,38.4299,878,0
JULW.US,5,20251001,181500,38.412,38.42,38.4088,38.42,2266,0
JULW.US,5,20251001,182500,38.41,38.41,38.41,38.41,100,0
JULW.US,5,20251001,184000,38.4148,38.4148,38.41,38.41,253,0
JULW.US,5,20251001,190500,38.43,38.435,38.43,38.435,641,0
JULW.US,5,20251001,204500,38.46,38.46,38.46,38.46,200,0
JULW.US,5,20251001,205500,38.46,38.46,38.46,38.46,100,0
JULW.US,5,20251001,212000,38.4672,38.4672,38.4672,38.4672,256,0
JULW.US,5,20251001,214500,38.469,38.469,38.4575,38.4575,248,0
JULW.US,5,20251001,215000,38.455,38.455,38.455,38.455,200,0
JULW.US,5,20251002,160000,38.465,38.465,38.465,38.465,656,0
JULW.US,5,20251002,161000,38.445467,38.445467,38.445467,38.445467,270,0
JULW.US,5,20251002,161500,38.4556,38.4556,38.4556,38.4556,221,0
JULW.US,5,20251002,162500,38.4205,38.445,38.42,38.4401,11289,0
JULW.US,5,20251002,163000,38.44,38.44,38.4219,38.43,1874,0
JULW.US,5,20251002,163500,38.43791,38.4429,38.4205,38.43,4467,0
JULW.US,5,20251002,164000,38.43,38.445,38.43,38.445,6315,0
JULW.US,5,20251002,164500,38.43,38.4599,38.42,38.4599,3362,0
JULW.US,5,20251002,165000,38.434741,38.44,38.42,38.44,6928,0
JULW.US,5,20251002,165500,38.42,38.42,38.4,38.42,8813,0
JULW.US,5,20251002,170000,38.42,38.43,38.4156,38.4156,4043,0
JULW.US,5,20251002,170500,38.3906,38.42,38.39,38.395,6146,0
JULW.US,5,20251002,171000,38.41,38.42,38.39,38.413391,7501,0
JULW.US,5,20251002,171500,38.39,38.4158,38.39,38.4158,1325,0
JULW.US,5,20251002,172000,38.42,38.42,38.42,38.42,105,0
JULW.US,5,20251002,174000,38.41,38.41,38.41,38.41,100,0
JULW.US,5,20251002,174500,38.3918,38.3918,38.3918,38.3918,238,0
JULW.US,5,20251002,175000,38.415,38.415,38.415,38.415,107,0
JULW.US,5,20251002,180500,38.42,38.42,38.39,38.41,1390,0
JULW.US,5,20251002,182000,38.4182,38.4182,38.4182,38.4182,500,0
JULW.US,5,20251002,182500,38.42,38.42,38.42,38.42,154,0
JULW.US,5,20251002,183500,38.3906,38.4199,38.3906,38.4199,4077,0
JULW.US,5,20251002,184000,38.395,38.42,38.39,38.41,1834,0
JULW.US,5,20251002,185000,38.43,38.43,38.405,38.405,2152,0
JULW.US,5,20251002,185500,38.425,38.425,38.419,38.4235,755,0
JULW.US,5,20251002,190500,38.41,38.41,38.4,38.4,1250,0
JULW.US,5,20251002,191000,38.42,38.42,38.42,38.42,100,0
JULW.US,5,20251002,200000,38.43,38.43,38.43,38.43,1000,0
JULW.US,5,20251002,200500,38.43,38.4321,38.4104,38.4104,4366,0
JULW.US,5,20251002,202500,38.4476,38.4476,38.43,38.43,419,0
JULW.US,5,20251002,214500,38.436,38.436,38.43,38.43,1427,0
JULW.US,5,20251002,215500,38.43,38.44,38.43,38.44,971,0
JULW.US,5,20251003,154500,38.46,38.47,38.46,38.47,400,0
JULW.US,5,20251003,160000,38.45,38.5,38.45,38.5,600,0
JULW.US,5,20251003,160500,38.45,38.45,38.45,38.45,100,0
JULW.US,5,20251003,161500,38.46,38.46,38.46,38.46,100,0
JULW.US,5,20251003,180000,38.4999,38.4999,38.4814,38.485,2205,0
JULW.US,5,20251003,182000,38.47,38.47,38.47,38.47,290,0
JULW.US,5,20251003,190000,38.4628,38.4628,38.46,38.46,993,0
JULW.US,5,20251003,190500,38.46,38.47,38.46,38.47,328,0
JULW.US,5,20251003,191000,38.45,38.4509,38.45,38.4509,1526,0
JULW.US,5,20251003,191500,38.47,38.47,38.46,38.46,200,0
JULW.US,5,20251003,192500,38.46,38.46,38.46,38.46,584,0
JULW.US,5,20251003,193000,38.4765,38.4765,38.4765,38.4765,827,0
JULW.US,5,20251003,201000,38.42,38.435,38.42,38.435,670,0
JULW.US,5,20251003,201500,38.44,38.44,38.44,38.44,300,0
JULW.US,5,20251003,202000,38.44,38.4451,38.434207,38.445,3960,0
JULW.US,5,20251003,202500,38.45,38.45,38.45,38.45,100,0
JULW.US,5,20251003,205000,38.45,38.45,38.45,38.45,100,0
JULW.US,5,20251003,205500,38.44,38.44,38.44,38.44,100,0
JULW.US,5,20251003,211000,38.4696,38.47,38.43,38.43,1783,0
JULW.US,5,20251003,211500,38.45,38.4696,38.45,38.45,1506,0
JULW.US,5,20251003,213000,38.45,38.45,38.45,38.45,381,0
JULW.US,5,20251003,214000,38.45,38.46,38.45,38.45,1360,0
JULW.US,5,20251006,154000,38.46,38.46,38.45,38.45,994,0
JULW.US,5,20251006,161500,38.43,38.46,38.43,38.46,1241,0
JULW.US,5,20251006,162500,38.4747,38.4747,38.4747,38.4747,146,0
JULW.US,5,20251006,172000,38.47,38.47,38.47,38.47,600,0
JULW.US,5,20251006,173000,38.4559,38.4559,38.4559,38.4559,120,0
JULW.US,5,20251006,174500,38.49,38.49,38.48,38.48,654,0
JULW.US,5,20251006,175500,38.49,38.49,38.48,38.48,987,0
JULW.US,5,20251006,180500,38.4812,38.4812,38.48,38.48,700,0
JULW.US,5,20251006,183500,38.48,38.48,38.48,38.48,215,0
JULW.US,5,20251006,192000,38.5,38.5,38.5,38.5,300,0
JULW.US,5,20251006,192500,38.47,38.47,38.47,38.47,100,0
JULW.US,5,20251006,193500,38.4728,38.4989,38.47,38.47,769,0
JULW.US,5,20251006,203000,38.4818,38.4818,38.4818,38.4818,131,0
JULW.US,5,20251006,204000,38.47,38.47,38.47,38.47,100,0
JULW.US,5,20251006,213000,38.46,38.46,38.46,38.46,478,0
JULW.US,5,20251006,214500,38.4771,38.4771,38.45,38.45,224,0
JULW.US,5,20251007,154500,38.48,38.48,38.48,38.48,100,0
JULW.US,5,20251007,162000,38.47,38.47,38.47,38.47,100,0
JULW.US,5,20251007,164000,38.459,38.4895,38.45,38.45,1312,0
JULW.US,5,20251007,172500,38.44,38.44,38.429,38.429,325,0
JULW.US,5,20251007,174000,38.425,38.425,38.425,38.425,1526,0
JULW.US,5,20251007,174500,38.425,38.425,38.425,38.425,167,0
JULW.US,5,20251007,175000,38.41,38.41,38.41,38.41,100,0
JULW.US,5,20251007,181000,38.41,38.42,38.41,38.42,1092,0
JULW.US,5,20251007,182500,38.42,38.42,38.42,38.42,500,0
JULW.US,5,20251007,183500,38.44,38.44,38.44,38.44,800,0
JULW.US,5,20251007,184000,38.44,38.44,38.42,38.42,200,0
JULW.US,5,20251007,185000,38.43,38.43,38.43,38.43,100,0
JULW.US,5,20251007,203500,38.45,38.45,38.45,38.45,179,0
JULW.US,5,20251007,204500,38.41,38.45,38.41,38.4249,685,0
JULW.US,5,20251007,215500,38.425,38.425,38.42,38.42,500,0
JULW.US,5,20251008,153500,38.44,38.44,38.44,38.44,300,0
JULW.US,5,20251008,160000,38.47,38.47,38.47,38.47,300,0
JULW.US,5,20251008,160500,38.46,38.46,38.46,38.46,100,0
JULW.US,5,20251008,161000,38.48,38.48,38.48,38.48,200,0
JULW.US,5,20251008,161500,38.46,38.48,38.45,38.48,399,0
JULW.US,5,20251008,162000,38.48,38.48,38.48,38.48,100,0
JULW.US,5,20251008,163000,38.475,38.475,38.475,38.475,257,0
JULW.US,5,20251008,163500,38.47,38.47,38.46,38.46,222,0
JULW.US,5,20251008,164000,38.475,38.4801,38.471001,38.471001,1565,0
JULW.US,5,20251008,164500,38.48,38.49,38.48,38.49,3588,0
JULW.US,5,20251008,165000,38.482,38.482,38.482,38.482,214,0
JULW.US,5,20251008,165500,38.47,38.47,38.47,38.47,100,0
JULW.US,5,20251008,172000,38.48,38.48,38.48,38.48,100,0
JULW.US,5,20251008,172500,38.48,38.48,38.48,38.48,200,0
JULW.US,5,20251008,173000,38.49,38.49,38.49,38.49,1900,0
JULW.US,5,20251008,175000,38.495,38.495,38.49,38.49,200,0
JULW.US,5,20251008,181500,38.5,38.5,38.5,38.5,200,0
JULW.US,5,20251008,182000,38.5,38.5173,38.5,38.5173,708,0
JULW.US,5,20251008,182500,38.5,38.5,38.48,38.48,900,0
JULW.US,5,20251008,183500,38.48,38.48,38.48,38.48,100,0
JULW.US,5,20251008,192500,38.475,38.475,38.4675,38.4675,738,0
JULW.US,5,20251008,195000,38.459,38.459,38.459,38.459,392,0
JULW.US,5,20251008,200500,38.4675,38.4675,38.4675,38.4675,542,0
JULW.US,5,20251008,204000,38.45,38.4675,38.45,38.4562,1568,0
JULW.US,5,20251008,212000,38.48,38.48,38.48,38.48,300,0
JULW.US,5,20251008,213500,38.48,38.48,38.46,38.46,244,0
JULW.US,5,20251008,214000,38.48,38.48,38.48,38.48,100,0
JULW.US,5,20251008,214500,38.4844,38.4844,38.4844,38.4844,505,0
JULW.US,5,20251009,155000,38.47,38.47,38.47,38.47,100,0
JULW.US,5,20251009,162500,38.465,38.465,38.465,38.465,105,0
JULW.US,5,20251009,165000,38.44,38.45,38.421,38.4475,2882,0
JULW.US,5,20251009,165500,38.47,38.47,38.47,38.47,833,0
JULW.US,5,20251009,170000,38.4899,38.4899,38.4401,38.4725,719,0
JULW.US,5,20251009,171000,38.46,38.46,38.46,38.46,100,0
JULW.US,5,20251009,172500,38.4604,38.4604,38.4604,38.4604,300,0
JULW.US,5,20251009,173500,38.44,38.44,38.44,38.44,100,0
JULW.US,5,20251009,180500,38.46,38.46,38.46,38.46,100,0
JULW.US,5,20251009,184000,38.455,38.455,38.45,38.45,200,0
JULW.US,5,20251009,193000,38.44,38.44,38.43,38.44,609,0
JULW.US,5,20251009,194000,38.44,38.44,38.44,38.44,200,0
JULW.US,5,20251009,202000,38.439,38.44,38.439,38.44,399,0
JULW.US,5,20251009,203000,38.43,38.46,38.43,38.46,2384,0
JULW.US,5,20251009,203500,38.44,38.44,38.43,38.43,298,0
JULW.US,5,20251009,211000,38.45,38.45,38.45,38.45,174,0
JULW.US,5,20251009,211500,38.45,38.45,38.44,38.44,200,0
JULW.US,5,20251009,212000,38.45,38.4514,38.45,38.4514,332,0
JULW.US,5,20251009,214000,38.455,38.455,38.45,38.45,200,0
JULW.US,5,20251009,215000,38.4505,38.455,38.44,38.455,618,0
JULW.US,5,20251009,215500,38.455,38.455,38.44,38.44,200,0
JULW.US,5,20251010,154000,38.51,38.51,38.51,38.51,200,0
JULW.US,5,20251010,161000,38.51,38.51,38.48,38.5052,10139,0
JULW.US,5,20251010,161500,38.49,38.5,38.4701,38.4748,2036,0
JULW.US,5,20251010,162000,38.5294,38.5294,38.49,38.5,1134,0
JULW.US,5,20251010,163000,38.5,38.5,38.5,38.5,100,0
JULW.US,5,20251010,170000,38.46,38.46,38.46,38.46,130,0
JULW.US,5,20251010,170500,38.42,38.42,38.42,38.42,300,0
JULW.US,5,20251010,171500,38.4,38.4,38.4,38.4,100,0
JULW.US,5,20251010,175500,38.28,38.28,38.28,38.28,100,0
JULW.US,5,20251010,180500,38.3,38.3,38.3,38.3,410,0
JULW.US,5,20251010,184500,38.2994,38.2994,38.2994,38.2994,149,0
JULW.US,5,20251010,185000,38.25,38.25,38.25,38.25,100,0
JULW.US,5,20251010,202000,38.304,38.304,38.2708,38.2708,602,0
JULW.US,5,20251010,215000,38.16,38.1792,38.16,38.1792,499,0
JULW.US,5,20251013,153500,38.28,38.28,38.28,38.28,200,0
JULW.US,5,20251013,155000,38.33,38.33,38.33,38.33,300,0
JULW.US,5,20251013,160500,38.34,38.34,38.34,38.34,118,0
JULW.US,5,20251013,161500,38.33,38.33,38.33,38.33,100,0
JULW.US,5,20251013,163500,38.33,38.33,38.33,38.33,763,0
JULW.US,5,20251013,172000,38.34,38.34,38.34,38.34,200,0
JULW.US,5,20251013,183500,38.3301,38.3301,38.3301,38.3301,293,0
JULW.US,5,20251013,185000,38.36,38.36,38.36,38.36,1101,0
JULW.US,5,20251013,185500,38.37,38.37,38.37,38.37,159,0
JULW.US,5,20251013,192500,38.351,38.3625,38.351,38.3525,1647,0
JULW.US,5,20251013,194500,38.33,38.33,38.33,38.33,100,0
JULW.US,5,20251013,202500,38.355,38.355,38.355,38.355,100,0
JULW.US,5,20251013,203500,38.36,38.36,38.36,38.36,100,0
JULW.US,5,20251013,210000,38.34,38.34,38.34,38.34,735,0
JULW.US,5,20251013,214000,38.366,38.3796,38.366,38.3796,1900,0
JULW.US,5,20251014,153000,38.21,38.22,38.2,38.21,1400,0
JULW.US,5,20251014,155000,38.15,38.19,38.15,38.1625,1375,0
JULW.US,5,20251014,161000,38.22,38.22,38.21,38.21,1000,0
JULW.US,5,20251014,162500,38.26,38.26,38.26,38.26,388,0
JULW.US,5,20251014,163000,38.28,38.2982,38.263,38.2955,1814,0
JULW.US,5,20251014,163500,38.27,38.27,38.27,38.27,1216,0
JULW.US,5,20251014,165000,38.27,38.27,38.25,38.26,7609,0
JULW.US,5,20251014,170000,38.275,38.275,38.275,38.275,100,0
JULW.US,5,20251014,171500,38.26,38.26,38.26,38.26,100,0
JULW.US,5,20251014,173500,38.28,38.28,38.27,38.28,400,0
JULW.US,5,20251014,174000,38.28,38.28,38.28,38.28,100,0
JULW.US,5,20251014,174500,38.3,38.3,38.3,38.3,1255,0
JULW.US,5,20251014,175000,38.305,38.32,38.305,38.32,388,0
JULW.US,5,20251014,181000,38.3075,38.3075,38.3075,38.3075,118,0
JULW.US,5,20251014,182000,38.34,38.34,38.338,38.338,617,0
JULW.US,5,20251014,184000,38.35,38.35,38.35,38.35,300,0
JULW.US,5,20251014,184500,38.36,38.36,38.36,38.36,477,0
JULW.US,5,20251014,191000,38.36,38.36,38.36,38.36,500,0
JULW.US,5,20251014,194000,38.3752,38.4099,38.35,38.35,1459,0
JULW.US,5,20251014,194500,38.3662,38.3662,38.3662,38.3662,200,0
JULW.US,5,20251014,205000,38.38,38.38,38.36,38.36,292,0
JULW.US,5,20251014,213500,38.32,38.32,38.3,38.3,300,0
JULW.US,5,20251014,214000,38.33,38.33,38.33,38.33,878,0
JULW.US,5,20251014,215500,38.304,38.313,38.2901,38.31,4045,0
JULW.US,5,20251015,160000,38.42,38.42,38.42,38.42,200,0
JULW.US,5,20251015,160500,38.48,38.48,38.48,38.48,103,0
JULW.US,5,20251015,162000,38.4201,38.48,38.4201,38.48,439,0
JULW.US,5,20251015,162500,38.48,38.48,38.42,38.45,846,0
JULW.US,5,20251015,174500,38.36,38.41,38.36,38.36,500,0
JULW.US,5,20251015,180500,38.3687,38.3687,38.36,38.36,362,0
JULW.US,5,20251015,182500,38.375,38.375,38.375,38.375,300,0
JULW.US,5,20251015,185500,38.36,38.36,38.36,38.36,420,0
JULW.US,5,20251015,190000,38.36,38.36,38.36,38.36,319,0
JULW.US,5,20251015,192000,38.28,38.3099,38.28,38.2848,1167,0
JULW.US,5,20251015,194500,38.31,38.31,38.31,38.31,200,0
JULW.US,5,20251015,195000,38.33,38.33,38.33,38.33,100,0
JULW.US,5,20251015,202000,38.35,38.36,38.341,38.3567,1135,0
JULW.US,5,20251015,204000,38.36,38.36,38.36,38.36,208,0
JULW.US,5,20251015,210500,38.36,38.36,38.355,38.355,39604,0
JULW.US,5,20251015,214000,38.3338,38.37,38.32,38.345,9838,0
JULW.US,5,20251015,215000,38.34,38.34,38.34,38.34,300,0
JULW.US,5,20251016,153500,38.38,38.38,38.38,38.38,197,0
JULW.US,5,20251016,154000,38.3922,38.3922,38.3922,38.3922,1250,0
JULW.US,5,20251016,160000,38.44,38.44,38.44,38.44,100,0
JULW.US,5,20251016,164000,38.41,38.41,38.41,38.41,500,0
JULW.US,5,20251016,165000,38.41,38.41,38.4091,38.4091,616,0
JULW.US,5,20251016,173500,38.365,38.365,38.365,38.365,397,0
JULW.US,5,20251016,180000,38.3091,38.3091,38.3091,38.3091,122,0
JULW.US,5,20251016,181000,38.34,38.34,38.34,38.34,205,0
JULW.US,5,20251016,184500,38.247,38.247,38.2206,38.2206,808,0
JULW.US,5,20251016,194500,38.27,38.2701,38.27,38.2701,692,0
JULW.US,5,20251016,210500,38.25,38.25,38.25,38.25,2030,0
JULW.US,5,20251016,211000,38.241,38.245,38.241,38.245,580,0
JULW.US,5,20251016,211500,38.2252,38.2363,38.2252,38.2363,531,0
JULW.US,5,20251016,212500,38.225,38.225,38.225,38.225,533,0
JULW.US,5,20251016,213500,38.19,38.205,38.19,38.205,422,0
JULW.US,5,20251016,215000,38.2375,38.2375,38.2375,38.2375,106,0
JULW.US,5,20251017,161000,38.29,38.31,38.29,38.31,682,0
JULW.US,5,20251017,161500,38.3145,38.3145,38.31,38.31,1218,0
JULW.US,5,20251017,174500,38.2785,38.2806,38.2407,38.2407,972,0
JULW.US,5,20251017,180500,38.32,38.32,38.32,38.32,357,0
JULW.US,5,20251017,182500,38.33,38.3335,38.33,38.3335,760,0
JULW.US,5,20251017,193000,38.3048,38.3048,38.291,38.291,537,0
JULW.US,5,20251017,200500,38.33,38.33,38.33,38.33,312,0
JULW.US,5,20251017,203500,38.36,38.36,38.36,38.36,100,0
JULW.US,5,20251017,211500,38.38,38.38,38.38,38.38,194,0
JULW.US,5,20251017,213500,38.4,38.4,38.4,38.4,2142,0
JULW.US,5,20251017,214000,38.37,38.4009,38.3501,38.4009,1077,0
JULW.US,5,20251020,155500,38.4887,38.4887,38.4887,38.4887,529,0
JULW.US,5,20251020,160000,38.49,38.49,38.49,38.49,405,0
JULW.US,5,20251020,164000,38.52,38.52,38.52,38.52,247,0
JULW.US,5,20251020,171000,38.5252,38.5252,38.5252,38.5252,200,0
JULW.US,5,20251020,174000,38.51,38.55,38.51,38.55,429,0
JULW.US,5,20251020,174500,38.52,38.5201,38.51,38.5101,3568,0
JULW.US,5,20251020,175500,38.515,38.515,38.515,38.515,100,0
JULW.US,5,20251020,183000,38.51,38.51,38.51,38.51,253,0
JULW.US,5,20251020,191500,38.515,38.515,38.515,38.515,1389,0
JULW.US,5,20251020,194500,38.519,38.519,38.519,38.519,137,0
JULW.US,5,20251020,200000,38.51,38.515,38.51,38.515,4504,0
JULW.US,5,20251020,200500,38.515,38.52,38.515,38.52,471,0
JULW.US,5,20251020,201500,38.5004,38.5004,38.5004,38.5004,313,0
JULW.US,5,20251020,202500,38.5189,38.54,38.5189,38.54,1237,0
JULW.US,5,20251020,203500,38.5128,38.5128,38.5128,38.5128,133,0
JULW.US,5,20251020,210500,38.5,38.5,38.5,38.5,101,0
JULW.US,5,20251020,212000,38.52,38.522,38.52,38.52,411,0
JULW.US,5,20251020,212500,38.52,38.5201,38.52,38.5201,2468,0
JULW.US,5,20251020,215000,38.515,38.515,38.515,38.515,200,0
JULW.US,5,20251020,215500,38.515,38.515,38.515,38.515,340,0
JULW.US,5,20251021,160500,38.49,38.49,38.49,38.49,200,0
JULW.US,5,20251021,164000,38.5413,38.5499,38.51,38.525,2009,0
JULW.US,5,20251021,165500,38.535,38.535,38.535,38.535,200,0
JULW.US,5,20251021,170500,38.535,38.535,38.535,38.535,100,0
JULW.US,5,20251021,181000,38.535,38.5351,38.535,38.535,572,0
JULW.US,5,20251021,183000,38.55,38.55,38.55,38.55,500,0
JULW.US,5,20251021,184500,38.55,38.5897,38.54,38.54,714,0
JULW.US,5,20251021,194000,38.52,38.52,38.52,38.52,285,0
JULW.US,5,20251021,202500,38.54,38.58,38.54,38.5499,998,0
JULW.US,5,20251021,215000,38.53,38.545,38.52,38.5355,3317,0
JULW.US,5,20251022,162500,38.48,38.529,38.48,38.529,2150,0
JULW.US,5,20251022,163500,38.4864,38.4864,38.4864,38.4864,134,0
JULW.US,5,20251022,164500,38.46,38.46,38.4549,38.4549,1205,0
JULW.US,5,20251022,165500,38.48,38.48,38.48,38.48,100,0
JULW.US,5,20251022,170500,38.495,38.495,38.495,38.495,200,0
JULW.US,5,20251022,174000,38.4677,38.4677,38.4677,38.4677,155,0
JULW.US,5,20251022,175500,38.4999,38.4999,38.485,38.485,762,0
JULW.US,5,20251022,180000,38.4874,38.4874,38.4874,38.4874,246,0
JULW.US,5,20251022,180500,38.48,38.48,38.48,38.48,100,0
JULW.US,5,20251022,182000,38.47,38.47,38.46,38.46,200,0
JULW.US,5,20251022,183000,38.44,38.44,38.44,38.44,200,0
JULW.US,5,20251022,200000,38.41,38.41,38.401,38.401,724,0
JULW.US,5,20251022,202500,38.415,38.415,38.415,38.415,1501,0
JULW.US,5,20251022,203500,38.43,38.43,38.43,38.43,100,0
JULW.US,5,20251022,213000,38.47,38.47,38.47,38.47,1266,0
JULW.US,5,20251022,213500,38.48,38.51,38.48,38.51,481,0
JULW.US,5,20251022,214000,38.51,38.51,38.51,38.51,141,0
JULW.US,5,20251023,162000,38.48,38.48,38.48,38.48,500,0
JULW.US,5,20251023,163000,38.4874,38.5199,38.47,38.47,1022,0
JULW.US,5,20251023,164000,38.4878,38.52,38.4878,38.52,315,0
JULW.US,5,20251023,172000,38.5,38.5,38.5,38.5,300,0
JULW.US,5,20251023,172500,38.54,38.54,38.501,38.501,354,0
JULW.US,5,20251023,175000,38.5,38.53,38.5,38.53,3389,0
JULW.US,5,20251023,175500,38.53,38.53,38.51,38.51,600,0
JULW.US,5,20251023,181000,38.53,38.53,38.53,38.53,115,0
JULW.US,5,20251023,191500,38.554,38.554,38.554,38.554,519,0
JULW.US,5,20251023,193500,38.5513,38.56,38.53,38.56,1013,0
JULW.US,5,20251023,203000,38.5291,38.55,38.5291,38.55,649,0
JULW.US,5,20251023,205500,38.54,38.54,38.54,38.54,452,0
JULW.US,5,20251023,210000,38.555,38.555,38.555,38.555,145,0
JULW.US,5,20251023,215500,38.52,38.52,38.52,38.52,200,0
JULW.US,5,20251024,155000,38.63,38.6455,38.63,38.6455,1200,0
JULW.US,5,20251024,161500,38.64,38.64,38.64,38.64,934,0
JULW.US,5,20251024,162000,38.63,38.63,38.63,38.63,563,0
JULW.US,5,20251024,173500,38.6375,38.6375,38.6375,38.6375,217,0
JULW.US,5,20251024,174000,38.64,38.6425,38.64,38.6425,262,0
JULW.US,5,20251024,175000,38.625,38.625,38.625,38.625,130,0
JULW.US,5,20251024,181000,38.645,38.645,38.62,38.62,242,0
JULW.US,5,20251024,190500,38.6452,38.68,38.6452,38.68,920,0
JULW.US,5,20251024,193500,38.65,38.65,38.65,38.65,437,0
JULW.US,5,20251024,194000,38.6536,38.659,38.6536,38.659,622,0
JULW.US,5,20251024,203500,38.68,38.68,38.68,38.68,100,0
JULW.US,5,20251024,204500,38.64,38.64,38.64,38.64,199,0
JULW.US,5,20251024,205000,38.6475,38.6475,38.6475,38.6475,225,0
JULW.US,5,20251024,212500,38.6988,38.6988,38.6988,38.6988,415,0
JULW.US,5,20251024,215000,38.61,38.662,38.61,38.662,494,0
JULW.US,5,20251027,152500,38.73,38.73,38.73,38.73,130,0
JULW.US,5,20251027,154000,38.7145,38.7145,38.7145,38.7145,393,0
JULW.US,5,20251027,165000,38.74,38.74,38.74,38.74,174,0
JULW.US,5,20251027,170000,38.69,38.69,38.69,38.69,160,0
JULW.US,5,20251027,171500,38.7366,38.7366,38.7366,38.7366,250,0
JULW.US,5,20251027,173500,38.7355,38.7355,38.7355,38.7355,340,0
JULW.US,5,20251027,185000,38.7355,38.7355,38.7355,38.7355,337,0
JULW.US,5,20251027,190000,38.7,38.725,38.7,38.725,673,0
JULW.US,5,20251027,191000,38.7,38.7059,38.7,38.7059,808,0
JULW.US,5,20251027,191500,38.6904,38.6904,38.6904,38.6904,393,0
JULW.US,5,20251028,143500,38.74,38.74,38.74,38.74,910,0
JULW.US,5,20251028,150000,38.725,38.725,38.725,38.725,765,0
JULW.US,5,20251028,164000,38.7,38.73,38.7,38.73,2232,0
JULW.US,5,20251028,165000,38.71,38.71,38.7,38.71,327,0
JULW.US,5,20251028,173000,38.72,38.72,38.72,38.72,300,0
JULW.US,5,20251028,174500,38.74,38.74,38.74,38.74,1705,0
JULW.US,5,20251028,180500,38.734451,38.734451,38.734451,38.734451,445,0
JULW.US,5,20251028,184000,38.7327,38.7327,38.7327,38.7327,812,0
JULW.US,5,20251028,190000,38.7436,38.75,38.737,38.75,1540,0
JULW.US,5,20251028,201000,38.7436,38.7436,38.7436,38.7436,190,0
JULW.US,5,20251028,205500,38.724,38.76,38.7,38.732,715,0
JULW.US,5,20251029,151000,38.72,38.72,38.72,38.72,294,0
JULW.US,5,20251029,154500,38.729,38.7455,38.729,38.7455,463,0
JULW.US,5,20251029,171500,38.7318,38.7318,38.7318,38.7318,113,0
JULW.US,5,20251029,174500,38.7316,38.7316,38.7316,38.7316,704,0
JULW.US,5,20251029,175500,38.7,38.7,38.7,38.7,259,0
JULW.US,5,20251029,181000,38.7699,38.7699,38.7699,38.7699,152,0
JULW.US,5,20251029,182500,38.73,38.73,38.73,38.73,144,0
JULW.US,5,20251029,185500,38.73,38.76,38.73,38.7599,526,0
JULW.US,5,20251029,190000,38.6908,38.77,38.6908,38.7699,646,0
JULW.US,5,20251029,195500,38.68,38.68,38.68,38.68,300,0
JULW.US,5,20251029,200000,38.6601,38.685,38.6601,38.685,752,0
JULW.US,5,20251029,202000,38.678,38.678,38.678,38.678,362,0
JULW.US,5,20251029,205500,38.7,38.7,38.675,38.675,409,0
JULW.US,5,20251030,145000,38.68,38.68,38.68,38.68,100,0
JULW.US,5,20251030,150500,38.66,38.66,38.66,38.66,100,0
JULW.US,5,20251030,151000,38.66,38.662,38.66,38.662,700,0
JULW.US,5,20251030,154500,38.67,38.67,38.661,38.661,1343,0
JULW.US,5,20251030,163000,38.66,38.66,38.66,38.66,100,0
JULW.US,5,20251030,164000,38.665,38.665,38.665,38.665,194,0
JULW.US,5,20251030,165000,38.69,38.69,38.69,38.69,190,0
JULW.US,5,20251030,165500,38.655,38.655,38.64,38.64,300,0
JULW.US,5,20251030,173000,38.668,38.668,38.65,38.65,561,0
JULW.US,5,20251030,175500,38.665,38.665,38.665,38.665,100,0
JULW.US,5,20251030,181500,38.6501,38.66,38.65,38.66,407,0
JULW.US,5,20251030,190500,38.65,38.6501,38.65,38.6501,1864,0
JULW.US,5,20251030,191000,38.6306,38.6306,38.6306,38.6306,594,0
JULW.US,5,20251030,192000,38.64,38.64,38.64,38.64,100,0
JULW.US,5,20251030,192500,38.6301,38.6301,38.6301,38.6301,168,0
JULW.US,5,20251030,193500,38.66,38.66,38.66,38.66,300,0
JULW.US,5,20251030,194000,38.6475,38.6475,38.6475,38.6475,255,0
JULW.US,5,20251030,205500,38.6136,38.6136,38.58,38.58,355,0
JULW.US,5,20251031,153500,38.6899,38.6899,38.6899,38.6899,526,0
JULW.US,5,20251031,154000,38.66,38.6636,38.6498,38.6636,901,0
JULW.US,5,20251031,155000,38.66,38.66,38.66,38.66,260,0
JULW.US,5,20251031,160000,38.6306,38.6306,38.6306,38.6306,927,0
JULW.US,5,20251031,160500,38.6603,38.6603,38.6603,38.6603,381,0
JULW.US,5,20251031,174000,38.64,38.64,38.615,38.615,575,0
JULW.US,5,20251031,182500,38.6011,38.6011,38.6011,38.6011,1027,0
JULW.US,5,20251031,183500,38.585,38.585,38.56,38.57,3043,0
JULW.US,5,20251031,191500,38.595,38.595,38.595,38.595,200,0
JULW.US,5,20251031,192000,38.62,38.62,38.62,38.62,100,0
JULW.US,5,20251031,193000,38.6148,38.6148,38.6148,38.6148,115,0
JULW.US,5,20251031,193500,38.6144,38.6144,38.6144,38.6144,189,0
JULW.US,5,20251031,205500,38.6052,38.6052,38.6052,38.6052,448,0
JULW.US,5,20251103,163000,38.5945,38.5945,38.58,38.5801,1378,0
JULW.US,5,20251103,171000,38.6105,38.6105,38.6105,38.6105,744,0
JULW.US,5,20251103,171500,38.6047,38.6047,38.6047,38.6047,1335,0
JULW.US,5,20251103,185000,38.64,38.64,38.64,38.64,100,0
JULW.US,5,20251103,190000,38.6336,38.6336,38.6336,38.6336,268,0
JULW.US,5,20251103,190500,38.645,38.645,38.645,38.645,414,0
JULW.US,5,20251103,194000,38.63,38.645,38.61,38.61,1732,0
JULW.US,5,20251103,194500,38.6799,38.6799,38.6799,38.6799,1129,0
JULW.US,5,20251103,200000,38.645,38.645,38.645,38.645,198,0
JULW.US,5,20251103,200500,38.645,38.645,38.645,38.645,200,0
JULW.US,5,20251103,210000,38.645,38.645,38.6345,38.6345,303,0
JULW.US,5,20251103,215000,38.635,38.635,38.61,38.6215,1174,0
JULW.US,5,20251104,160000,38.56,38.56,38.56,38.56,100,0
JULW.US,5,20251104,160500,38.55,38.5501,38.55,38.5501,200,0
JULW.US,5,20251104,163500,38.57,38.57,38.57,38.57,157,0
JULW.US,5,20251104,164000,38.6,38.639827,38.5804,38.639827,1500,0
JULW.US,5,20251104,182000,38.555,38.555,38.555,38.555,100,0
JULW.US,5,20251104,191000,38.5223,38.5223,38.5223,38.5223,1050,0
JULW.US,5,20251104,192000,38.525,38.525,38.52,38.52,300,0
JULW.US,5,20251104,194500,38.51,38.515,38.51,38.5101,560,0
JULW.US,5,20251104,203500,38.515,38.515,38.515,38.515,200,0
JULW.US,5,20251104,215000,38.515,38.515,38.48,38.48,1426,0
JULW.US,5,20251104,215500,38.5,38.52,38.5,38.52,965,0
JULW.US,5,20251105,161500,38.61,38.62,38.61,38.62,3392,0
JULW.US,5,20251105,163000,38.5885,38.5885,38.57,38.57,373,0
JULW.US,5,20251105,170000,38.6157,38.6157,38.6157,38.6157,119,0
JULW.US,5,20251105,181000,38.5813,38.5813,38.5813,38.5813,228,0
JULW.US,5,20251105,184500,38.6,38.6693,38.6,38.6385,1055,0
JULW.US,5,20251105,193000,38.67,38.67,38.67,38.67,100,0
JULW.US,5,20251105,201500,38.633,38.66,38.63,38.66,984,0
JULW.US,5,20251105,202000,38.65,38.66,38.65,38.66,6265,0
JULW.US,5,20251105,202500,38.66,38.66,38.66,38.66,100,0
JULW.US,5,20251105,215000,38.6115,38.6115,38.6115,38.6115,475,0
JULW.US,5,20251105,215500,38.605,38.605,38.5805,38.59,580,0
JULW.US,5,20251106,153000,38.58,38.58,38.57,38.57,3768,0
JULW.US,5,20251106,160000,38.53,38.53,38.525,38.525,8000,0
JULW.US,5,20251106,161000,38.5201,38.5201,38.5201,38.5201,109,0
JULW.US,5,20251106,163000,38.52,38.52,38.5,38.52,1480,0
JULW.US,5,20251106,163500,38.495,38.495,38.495,38.495,100,0
JULW.US,5,20251106,164000,38.49,38.49,38.49,38.49,100,0
JULW.US,5,20251106,184000,38.46,38.46,38.46,38.46,114,0
JULW.US,5,20251106,190000,38.47,38.47,38.47,38.47,100,0
JULW.US,5,20251106,190500,38.47,38.47,38.47,38.47,100,0
JULW.US,5,20251106,192500,38.4675,38.47,38.4501,38.4501,1345,0
JULW.US,5,20251106,193000,38.47,38.5,38.47,38.5,2942,0
JULW.US,5,20251106,201000,38.5,38.502,38.5,38.502,432,0
JULW.US,5,20251106,202500,38.5,38.5,38.5,38.5,278,0
JULW.US,5,20251106,204000,38.505,38.505,38.505,38.505,100,0
JULW.US,5,20251106,212000,38.529,38.5499,38.4901,38.4901,472,0
JULW.US,5,20251106,215000,38.46,38.52,38.46,38.52,316,0
JULW.US,5,20251106,215500,38.47,38.52,38.45,38.45,353,0
JULW.US,5,20251107,171500,38.36,38.36,38.36,38.36,100,0
JULW.US,5,20251107,180000,38.35,38.35,38.35,38.35,100,0
JULW.US,5,20251107,203500,38.42,38.45,38.42,38.45,500,0
JULW.US,5,20251107,205000,38.445,38.46,38.445,38.46,1089,0
JULW.US,5,20251107,211500,38.47,38.51,38.47,38.5099,1238,0
JULW.US,5,20251110,155500,38.67,38.67,38.67,38.67,110,0
JULW.US,5,20251110,160000,38.62,38.62,38.61,38.6157,2408,0
JULW.US,5,20251110,162000,38.6692,38.6692,38.635,38.635,353,0
JULW.US,5,20251110,162500,38.647848,38.647848,38.612,38.6364,1395,0
JULW.US,5,20251110,164000,38.635,38.635,38.635,38.635,198,0
JULW.US,5,20251110,165500,38.6,38.6,38.6,38.6,100,0
JULW.US,5,20251110,170500,38.58,38.62,38.58,38.62,3168,0
JULW.US,5,20251110,173500,38.6199,38.62,38.596866,38.6042,2086,0
JULW.US,5,20251110,180000,38.6111,38.6111,38.6111,38.6111,245,0
JULW.US,5,20251110,180500,38.6388,38.6388,38.6388,38.6388,120,0
JULW.US,5,20251110,200000,38.6101,38.6799,38.6101,38.6799,1568,0
JULW.US,5,20251110,204500,38.66,38.66,38.66,38.66,123,0
JULW.US,5,20251110,205000,38.66,38.66,38.66,38.66,2429,0
JULW.US,5,20251110,212500,38.6615,38.6875,38.6615,38.6875,366,0
JULW.US,5,20251110,214500,38.7099,38.7099,38.7099,38.7099,553,0
JULW.US,5,20251110,215500,38.665,38.7,38.665,38.698,326,0
JULW.US,5,20251111,155500,38.65,38.65,38.65,38.65,1600,0
JULW.US,5,20251111,163000,38.6694,38.6694,38.649,38.65,2122,0
JULW.US,5,20251111,165000,38.6352,38.6352,38.6352,38.6352,715,0
JULW.US,5,20251111,180000,38.645,38.679,38.63,38.645,14003,0
JULW.US,5,20251111,184500,38.63,38.63,38.63,38.63,100,0
JULW.US,5,20251111,195000,38.65,38.6701,38.65,38.6501,1333,0
JULW.US,5,20251111,200000,38.65,38.65,38.65,38.65,100,0
JULW.US,5,20251111,201000,38.65,38.65,38.65,38.65,100,0
JULW.US,5,20251111,204000,38.671,38.671,38.671,38.671,100,0
JULW.US,5,20251112,160500,38.692,38.692,38.692,38.692,400,0
JULW.US,5,20251112,162500,38.67,38.67,38.67,38.67,1047,0
JULW.US,5,20251112,163500,38.6605,38.685,38.66,38.6843,5028,0
JULW.US,5,20251112,165500,38.66,38.66,38.64,38.64,300,0
JULW.US,5,20251112,173000,38.655,38.66,38.65,38.66,300,0
JULW.US,5,20251112,173500,38.66,38.66,38.65,38.655,519,0
JULW.US,5,20251112,174000,38.655,38.655,38.655,38.655,301,0
JULW.US,5,20251112,175500,38.64,38.64,38.64,38.64,100,0
JULW.US,5,20251112,180500,38.66,38.66,38.66,38.66,100,0
JULW.US,5,20251112,181000,38.63,38.64,38.63,38.63,700,0
JULW.US,5,20251112,181500,38.66,38.66,38.64,38.64,500,0
JULW.US,5,20251112,182500,38.64,38.66,38.63,38.63,1302,0
JULW.US,5,20251112,183000,38.663,38.663,38.65,38.65,583,0
JULW.US,5,20251112,184000,38.67,38.67,38.67,38.67,305,0
JULW.US,5,20251112,184500,38.67,38.67,38.65,38.66,837,0
JULW.US,5,20251112,185000,38.6501,38.6501,38.6501,38.6501,266,0
JULW.US,5,20251112,185500,38.67,38.67,38.67,38.67,200,0
JULW.US,5,20251112,190500,38.665,38.665,38.665,38.665,188,0
JULW.US,5,20251112,191500,38.66,38.66,38.655,38.66,1300,0
JULW.US,5,20251112,192500,38.66,38.6601,38.66,38.6601,1754,0
JULW.US,5,20251112,193000,38.665,38.665,38.665,38.665,200,0
JULW.US,5,20251112,195500,38.68,38.68,38.665,38.68,1300,0
JULW.US,5,20251112,200500,38.69,38.69,38.69,38.69,200,0
JULW.US,5,20251112,201000,38.69,38.73,38.66,38.68,1773,0
JULW.US,5,20251112,203500,38.68,38.68,38.68,38.68,100,0
JULW.US,5,20251112,205000,38.68,38.68,38.68,38.68,900,0
JULW.US,5,20251112,205500,38.69,38.69,38.69,38.69,100,0
JULW.US,5,20251112,210000,38.68,38.71,38.66,38.68,884,0
JULW.US,5,20251112,210500,38.68,38.68,38.68,38.68,1100,0
JULW.US,5,20251112,211500,38.68,38.68,38.68,38.68,205,0
JULW.US,5,20251112,213000,38.7,38.7,38.7,38.7,100,0
JULW.US,5,20251112,215000,38.67,38.69,38.66,38.67,827,0
JULW.US,5,20251113,154500,38.59,38.59,38.59,38.59,100,0
JULW.US,5,20251113,165000,38.5899,38.63,38.56,38.59,1647,0
JULW.US,5,20251113,170000,38.56,38.56,38.56,38.56,100,0
JULW.US,5,20251113,173000,38.55,38.55,38.55,38.55,100,0
JULW.US,5,20251113,175000,38.58,38.58,38.58,38.58,229,0
JULW.US,5,20251113,182500,38.5764,38.5764,38.5764,38.5764,129,0
JULW.US,5,20251113,184000,38.6099,38.6099,38.55,38.56,2876,0
JULW.US,5,20251113,201500,38.5164,38.5164,38.47,38.47,375,0
JULW.US,5,20251113,204500,38.5179,38.5185,38.5179,38.5185,1874,0
JULW.US,5,20251113,205000,38.51,38.51,38.51,38.51,175,0
JULW.US,5,20251113,210000,38.491622,38.491622,38.491622,38.491622,1441,0
JULW.US,5,20251113,215000,38.5045,38.5045,38.47,38.47,3402,0
JULW.US,5,20251114,160500,38.4304,38.4304,38.42,38.42,739,0
JULW.US,5,20251114,161000,38.4296,38.4296,38.4296,38.4296,666,0
JULW.US,5,20251114,162500,38.4302,38.46,38.4302,38.46,1294,0
JULW.US,5,20251114,163000,38.46,38.46,38.46,38.46,100,0
JULW.US,5,20251114,172000,38.52,38.52,38.52,38.52,100,0
JULW.US,5,20251114,172500,38.6,38.6,38.57,38.57,1453,0
JULW.US,5,20251114,173500,38.52,38.565,38.52,38.53,456,0
JULW.US,5,20251114,174500,38.52,38.52,38.52,38.52,100,0
JULW.US,5,20251114,181500,38.5851,38.5851,38.5851,38.5851,123,0
JULW.US,5,20251114,183000,38.54,38.54,38.54,38.54,100,0
JULW.US,5,20251114,184500,38.5784,38.5784,38.5784,38.5784,278,0
JULW.US,5,20251114,190000,38.555,38.555,38.555,38.555,342,0
JULW.US,5,20251114,202000,38.58,38.58,38.58,38.58,100,0
JULW.US,5,20251114,202500,38.58,38.58,38.58,38.58,260,0
JULW.US,5,20251117,153500,38.51,38.51,38.51,38.51,100,0
JULW.US,5,20251117,160000,38.52,38.52,38.51,38.51,2171,0
JULW.US,5,20251117,160500,38.5215,38.5215,38.5215,38.5215,107,0
JULW.US,5,20251117,161500,38.5179,38.5179,38.5179,38.5179,189,0
JULW.US,5,20251117,162000,38.49,38.49,38.48,38.48,550,0
JULW.US,5,20251117,163500,38.49,38.49,38.49,38.49,100,0
JULW.US,5,20251117,172500,38.4704,38.4704,38.4704,38.4704,104,0
JULW.US,5,20251117,174500,38.54,38.54,38.54,38.54,234,0
JULW.US,5,20251117,181500,38.5425,38.5425,38.5425,38.5425,1490,0
JULW.US,5,20251117,202500,38.42,38.42,38.4,38.4,200,0
JULW.US,5,20251117,203500,38.381,38.414,38.381,38.406,1648,0
JULW.US,5,20251117,214000,38.3477,38.3477,38.3477,38.3477,747,0
JULW.US,5,20251117,215000,38.4073,38.4073,38.4073,38.4073,132,0
JULW.US,5,20251118,153500,38.32,38.32,38.32,38.32,100,0
JULW.US,5,20251118,160000,38.25,38.25,38.25,38.25,275,0
JULW.US,5,20251118,162500,38.295,38.295,38.25,38.25,208,0
JULW.US,5,20251118,165000,38.231,38.2749,38.231,38.2749,260,0
JULW.US,5,20251118,165500,38.22,38.22,38.22,38.22,100,0
JULW.US,5,20251118,172500,38.28,38.2988,38.28,38.2988,866,0
JULW.US,5,20251118,173500,38.3,38.3,38.3,38.3,100,0
JULW.US,5,20251118,175500,38.3065,38.3065,38.3065,38.3065,760,0
JULW.US,5,20251118,180000,38.316,38.316,38.316,38.316,1014,0
JULW.US,5,20251118,181000,38.2801,38.2801,38.2801,38.2801,104,0
JULW.US,5,20251118,181500,38.27,38.27,38.27,38.27,100,0
JULW.US,5,20251118,184500,38.31,38.31,38.31,38.31,100,0
JULW.US,5,20251118,191000,38.35,38.35,38.35,38.35,200,0
JULW.US,5,20251118,192000,38.3593,38.3593,38.3416,38.3416,826,0
JULW.US,5,20251118,192500,38.35,38.35,38.35,38.35,100,0
JULW.US,5,20251118,195000,38.37,38.375,38.36,38.36,365,0
JULW.US,5,20251118,202500,38.34,38.34,38.34,38.34,100,0
JULW.US,5,20251118,215500,38.3495,38.3495,38.3495,38.3495,216,0
JULW.US,5,20251119,153000,38.28,38.28,38.28,38.28,100,0
JULW.US,5,20251119,160000,38.39,38.39,38.39,38.39,100,0
JULW.US,5,20251119,162000,38.4011,38.4011,38.4011,38.4011,1177,0
JULW.US,5,20251119,165000,38.388,38.4,38.36,38.36,1124,0
JULW.US,5,20251119,171000,38.321,38.321,38.31,38.31,300,0
JULW.US,5,20251119,172500,38.32,38.32,38.32,38.32,100,0
JULW.US,5,20251119,182000,38.291,38.32,38.29,38.29,3289,0
JULW.US,5,20251119,183500,38.26,38.26,38.26,38.26,100,0
JULW.US,5,20251119,185000,38.291,38.291,38.29,38.29,350,0
JULW.US,5,20251119,190500,38.352,38.352,38.352,38.352,156,0
JULW.US,5,20251119,191000,38.31,38.31,38.31,38.31,100,0
JULW.US,5,20251119,193000,38.3316,38.3316,38.3316,38.3316,177,0
JULW.US,5,20251119,200000,38.31,38.31,38.31,38.31,100,0
JULW.US,5,20251119,203500,38.3,38.3,38.3,38.3,182,0
JULW.US,5,20251119,205500,38.335,38.335,38.335,38.335,588,0
JULW.US,5,20251119,213000,38.34,38.3503,38.34,38.3503,975,0
JULW.US,5,20251119,213500,38.38,38.38,38.36,38.36,2564,0
JULW.US,5,20251119,215000,38.3685,38.3685,38.33,38.33,662,0
JULW.US,5,20251119,215500,38.3607,38.3607,38.3607,38.3607,474,0
JULW.US,5,20251120,160500,38.54,38.54,38.54,38.54,100,0
JULW.US,5,20251120,164500,38.58,38.58,38.58,38.58,100,0
JULW.US,5,20251120,171000,38.452,38.48,38.452,38.48,2787,0
JULW.US,5,20251120,174500,38.36,38.36,38.36,38.36,100,0
JULW.US,5,20251120,182500,38.235,38.235,38.235,38.235,100,0
JULW.US,5,20251120,183000,38.24,38.24,38.24,38.24,100,0
JULW.US,5,20251120,185000,38.1923,38.2301,38.1923,38.2045,2094,0
JULW.US,5,20251120,185500,38.19,38.19,38.19,38.19,100,0
JULW.US,5,20251120,192000,38.319,38.319,38.29,38.29,266,0
JULW.US,5,20251120,193500,38.2742,38.2742,38.2742,38.2742,273,0
JULW.US,5,20251120,201000,38.2044,38.2044,38.18,38.18,356,0
JULW.US,5,20251120,201500,38.17,38.17,38.17,38.17,122,0
JULW.US,5,20251120,204500,38.223,38.223,38.1901,38.1901,625,0
JULW.US,5,20251120,210000,38.21,38.21,38.2,38.2,500,0
JULW.US,5,20251120,211500,38.233881,38.2496,38.233881,38.2496,2514,0
JULW.US,5,20251120,215000,38.171,38.171,38.15,38.15,774,0
JULW.US,5,20251121,153000,38.1943,38.1943,38.1943,38.1943,155,0
JULW.US,5,20251121,162000,38.14,38.14,38.14,38.14,100,0
JULW.US,5,20251121,165500,38.151,38.22,38.15,38.16,2210,0
JULW.US,5,20251121,173000,38.23,38.23,38.21,38.21,486,0
JULW.US,5,20251121,174500,38.25,38.25,38.25,38.25,100,0
JULW.US,5,20251121,181000,38.34,38.34,38.34,38.34,278,0
JULW.US,5,20251121,181500,38.28,38.28,38.28,38.28,100,0
JULW.US,5,20251121,183500,38.31,38.31,38.3,38.3,209,0
JULW.US,5,20251121,185000,38.3352,38.3352,38.3352,38.3352,138,0
JULW.US,5,20251121,192500,38.277,38.277,38.277,38.277,256,0
JULW.US,5,20251121,195000,38.395,38.395,38.395,38.395,268,0
JULW.US,5,20251121,200500,38.386,38.4005,38.386,38.39,2903,0
JULW.US,5,20251121,205000,38.33,38.33,38.33,38.33,353,0
JULW.US,5,20251121,210500,38.355,38.3552,38.34,38.34,70903,0
JULW.US,5,20251121,211000,38.33,38.33,38.33,38.33,100,0
JULW.US,5,20251124,153000,38.4,38.4,38.4,38.4,100,0
JULW.US,5,20251124,162000,38.423,38.423,38.423,38.423,208,0
JULW.US,5,20251124,163000,38.4345,38.445,38.4345,38.44,558,0
JULW.US,5,20251124,164000,38.45,38.45,38.45,38.45,100,0
JULW.US,5,20251124,174500,38.52,38.53,38.48,38.53,1929,0
JULW.US,5,20251124,180000,38.505,38.505,38.505,38.505,741,0
JULW.US,5,20251124,183000,38.49,38.49,38.49,38.49,100,0
JULW.US,5,20251124,190000,38.552,38.552,38.552,38.552,734,0
JULW.US,5,20251124,190500,38.54,38.5569,38.54,38.5569,1122,0
JULW.US,5,20251124,191500,38.531,38.531,38.531,38.531,290,0
JULW.US,5,20251124,195500,38.57,38.57,38.57,38.57,125,0
JULW.US,5,20251124,200000,38.537321,38.537321,38.537321,38.537321,124,0
JULW.US,5,20251124,205000,38.49,38.49,38.4801,38.4801,1625,0
JULW.US,5,20251124,205500,38.49,38.5099,38.49,38.5098,1144,0
JULW.US,5,20251124,213000,38.5086,38.5086,38.5,38.5,532,0
JULW.US,5,20251124,215000,38.525,38.5291,38.5,38.5,1615,0
JULW.US,5,20251124,215500,38.5229,38.5229,38.5229,38.5229,230,0
JULW.US,5,20251125,153000,38.51,38.51,38.51,38.51,100,0
JULW.US,5,20251125,155500,38.5,38.51,38.5,38.51,306,0
JULW.US,5,20251125,161000,38.5,38.5,38.5,38.5,200,0
JULW.US,5,20251125,161500,38.49,38.49,38.49,38.49,100,0
JULW.US,5,20251125,162000,38.48,38.4801,38.48,38.4801,200,0
JULW.US,5,20251125,162500,38.49,38.49,38.49,38.49,100,0
JULW.US,5,20251125,163000,38.49,38.49,38.49,38.49,100,0
JULW.US,5,20251125,163500,38.52,38.52,38.52,38.52,100,0
JULW.US,5,20251125,164000,38.52,38.53,38.52,38.53,500,0
JULW.US,5,20251125,164500,38.54,38.56,38.54,38.56,1715,0
JULW.US,5,20251125,165000,38.52,38.52,38.52,38.52,100,0
JULW.US,5,20251125,165500,38.53,38.53,38.53,38.53,5050,0
JULW.US,5,20251125,170000,38.56,38.56,38.56,38.56,100,0
JULW.US,5,20251125,170500,38.52,38.521,38.52,38.5201,589,0
JULW.US,5,20251125,172000,38.55,38.5651,38.55,38.5651,340,0
JULW.US,5,20251125,172500,38.5515,38.565,38.5515,38.565,546,0
JULW.US,5,20251125,180500,38.58,38.58,38.58,38.58,300,0
JULW.US,5,20251125,182000,38.59,38.6,38.59,38.6,600,0
JULW.US,5,20251125,193500,38.6355,38.6355,38.63,38.63,1918,0
JULW.US,5,20251125,194000,38.6,38.6,38.6,38.6,100,0
JULW.US,5,20251125,200500,38.59,38.625,38.59,38.625,368,0
JULW.US,5,20251125,201000,38.625,38.625,38.625,38.625,164,0
JULW.US,5,20251125,201500,38.59,38.6,38.59,38.6,254,0
JULW.US,5,20251125,203500,38.615,38.615,38.615,38.615,392,0
JULW.US,5,20251125,204000,38.5801,38.5801,38.5801,38.5801,314,0
JULW.US,5,20251125,204500,38.61,38.61,38.58,38.58,250,0
JULW.US,5,20251125,205000,38.5801,38.6399,38.5801,38.6399,370,0
JULW.US,5,20251125,205500,38.615,38.615,38.615,38.615,122,0
JULW.US,5,20251125,210000,38.601,38.635,38.6,38.635,359,0
JULW.US,5,20251125,210500,38.6294,38.6294,38.6294,38.6294,160,0
JULW.US,5,20251125,212000,38.61,38.61,38.61,38.61,100,0
JULW.US,5,20251125,212500,38.6352,38.6352,38.6352,38.6352,141,0
JULW.US,5,20251125,214000,38.645,38.645,38.62,38.62,278,0
JULW.US,5,20251125,214500,38.6307,38.6307,38.6307,38.6307,190,0
JULW.US,5,20251125,215000,38.631,38.631,38.631,38.631,146,0
JULW.US,5,20251125,215500,38.63,38.6699,38.62,38.62,2057,0
JULW.US,5,20251126,154000,38.69,38.69,38.69,38.69,100,0
JULW.US,5,20251126,154500,38.7101,38.7101,38.7101,38.7101,105,0
JULW.US,5,20251126,160000,38.67,38.67,38.67,38.67,100,0
JULW.US,5,20251126,161500,38.68,38.689,38.67,38.67,691,0
JULW.US,5,20251126,165000,38.705,38.7057,38.69,38.69,1762,0
JULW.US,5,20251126,171500,38.71,38.71,38.71,38.71,100,0
JULW.US,5,20251126,173500,38.725,38.725,38.725,38.725,500,0
JULW.US,5,20251126,174000,38.725,38.73,38.725,38.73,500,0
JULW.US,5,20251126,174500,38.73,38.73,38.73,38.73,100,0
JULW.US,5,20251126,180000,38.72,38.72,38.72,38.72,100,0
JULW.US,5,20251126,181500,38.724,38.724,38.72,38.72,500,0
JULW.US,5,20251126,182500,38.721,38.721,38.72,38.72,720,0
JULW.US,5,20251126,183000,38.745,38.745,38.73,38.73,248,0
JULW.US,5,20251126,191000,38.72,38.735,38.715,38.715,1677,0
JULW.US,5,20251126,191500,38.72,38.72,38.72,38.72,200,0
JULW.US,5,20251126,192500,38.73,38.73,38.73,38.73,100,0
JULW.US,5,20251126,194000,38.7456,38.7456,38.7456,38.7456,800,0
JULW.US,5,20251126,194500,38.71,38.71,38.71,38.71,100,0
JULW.US,5,20251126,195000,38.721,38.721,38.721,38.721,155,0
JULW.US,5,20251126,195500,38.72,38.72,38.72,38.72,100,0
JULW.US,5,20251126,200000,38.715,38.715,38.715,38.715,200,0
JULW.US,5,20251126,200500,38.7341,38.7341,38.7341,38.7341,216,0
JULW.US,5,20251126,201000,38.72,38.72,38.72,38.72,700,0
JULW.US,5,20251126,201500,38.7394,38.7394,38.7394,38.7394,140,0
JULW.US,5,20251126,202000,38.73,38.7368,38.73,38.73,342,0
JULW.US,5,20251126,202500,38.75,38.7866,38.74,38.778,2741,0
JULW.US,5,20251126,203000,38.785,38.82,38.76,38.76,64984,0
JULW.US,5,20251126,204000,38.74,38.74,38.74,38.74,100,0
JULW.US,5,20251126,211000,38.73,38.73,38.73,38.73,100,0
JULW.US,5,20251126,211500,38.7784,38.7784,38.7784,38.7784,460,0
JULW.US,5,20251126,215500,38.765,38.765,38.73,38.73,1154,0
JULW.US,5,20251128,163000,38.81,38.81,38.795,38.795,1137,0
JULW.US,5,20251128,164000,38.79,38.816,38.79,38.816,1815,0
JULW.US,5,20251128,165000,38.79,38.7901,38.79,38.7901,262,0
JULW.US,5,20251128,165500,38.791,38.7911,38.79,38.7901,1312,0
JULW.US,5,20251128,170500,38.79,38.79,38.75,38.79,980,0
JULW.US,5,20251128,171500,38.8,38.8,38.79,38.79,309,0
JULW.US,5,20251128,172000,38.7917,38.7917,38.7917,38.7917,165,0
JULW.US,5,20251128,182000,38.7901,38.7901,38.7901,38.7901,336,0
JULW.US,5,20251128,183000,38.8181,38.8181,38.8181,38.8181,171,0
JULW.US,5,20251128,184000,38.817,38.82,38.817,38.82,366,0
JULW.US,5,20251128,185000,38.8,38.8001,38.8,38.8001,538,0
JULW.US,5,20251128,185500,38.81,38.81,38.81,38.81,100,0
JULW.US,5,20251201,162000,38.81,38.81,38.74,38.74,776,0
JULW.US,5,20251201,173000,38.7625,38.7625,38.7625,38.7625,1022,0
JULW.US,5,20251201,174000,38.775,38.78,38.775,38.78,300,0
JULW.US,5,20251201,174500,38.79,38.79,38.79,38.79,100,0
JULW.US,5,20251201,180500,38.79,38.79,38.79,38.79,100,0
JULW.US,5,20251201,190000,38.7962,38.7962,38.7962,38.7962,125,0
JULW.US,5,20251201,191000,38.79,38.7901,38.79,38.7901,600,0
JULW.US,5,20251201,195500,38.79,38.79,38.79,38.79,154,0
JULW.US,5,20251201,200500,38.79,38.8049,38.78,38.7843,948,0
JULW.US,5,20251201,201500,38.7893,38.7893,38.7893,38.7893,138,0
JULW.US,5,20251201,202500,38.79,38.79,38.79,38.79,110,0
JULW.US,5,20251201,203000,38.76,38.76,38.74,38.74,200,0
JULW.US,5,20251201,203500,38.7401,38.7401,38.7401,38.7401,138,0
JULW.US,5,20251201,204500,38.75,38.75,38.75,38.75,113,0
JULW.US,5,20251201,212500,38.7715,38.775,38.7715,38.775,326,0
JULW.US,5,20251201,214500,38.8099,38.8099,38.8099,38.8099,289,0
JULW.US,5,20251201,215000,38.75,38.75,38.75,38.75,181,0
JULW.US,5,20251202,165500,38.7968,38.8001,38.7968,38.8001,1094,0
JULW.US,5,20251202,170500,38.798,38.798,38.798,38.798,375,0
JULW.US,5,20251202,182000,38.785,38.785,38.785,38.785,400,0
JULW.US,5,20251202,183000,38.8,38.8,38.8,38.8,200,0
JULW.US,5,20251202,185500,38.7925,38.7925,38.7925,38.7925,554,0
JULW.US,5,20251202,200500,38.785,38.785,38.785,38.785,138,0
JULW.US,5,20251202,201000,38.7781,38.7862,38.7781,38.7862,437,0
JULW.US,5,20251202,211500,38.794351,38.794351,38.794351,38.794351,209,0
JULW.US,5,20251202,213000,38.83,38.83,38.83,38.83,100,0
JULW.US,5,20251202,215000,38.83,38.83,38.79,38.83,2087,0
JULW.US,5,20251202,215500,38.79,38.79,38.79,38.79,574,0
JULW.US,5,20251203,163500,38.815,38.8235,38.8075,38.8235,1759,0
JULW.US,5,20251203,174500,38.81,38.81,38.8,38.8001,1417,0
JULW.US,5,20251203,180500,38.8,38.8001,38.8,38.8001,200,0
JULW.US,5,20251203,182000,38.82,38.8232,38.82,38.822,996,0
JULW.US,5,20251203,185500,38.801,38.801,38.801,38.801,169,0
JULW.US,5,20251203,193500,38.8399,38.8399,38.8399,38.8399,470,0
JULW.US,5,20251203,194000,38.84,38.84,38.84,38.84,300,0
JULW.US,5,20251203,194500,38.84,38.84,38.84,38.84,830,0
JULW.US,5,20251203,212500,38.84,38.84,38.84,38.84,394,0
JULW.US,5,20251203,214000,38.8432,38.8699,38.8298,38.8298,1492,0
JULW.US,5,20251203,215500,38.86,38.86,38.86,38.86,100,0
JULW.US,5,20251204,155000,38.82,38.82,38.81,38.82,6212,0
JULW.US,5,20251204,161500,38.831,38.831,38.831,38.831,500,0
JULW.US,5,20251204,162500,38.8,38.85,38.8,38.8499,1075,0
JULW.US,5,20251204,175500,38.832,38.88,38.832,38.8499,1492,0
JULW.US,5,20251204,183500,38.864,38.864,38.864,38.864,135,0
JULW.US,5,20251204,191000,38.8438,38.8438,38.8438,38.8438,190,0
JULW.US,5,20251204,193500,38.821,38.821,38.821,38.821,224,0
JULW.US,5,20251204,202000,38.82,38.82,38.82,38.82,100,0
JULW.US,5,20251204,202500,38.81,38.81,38.81,38.81,100,0
JULW.US,5,20251204,210500,38.8296,38.83,38.8296,38.83,2300,0
JULW.US,5,20251204,211000,38.86,38.86,38.8,38.8,511,0
JULW.US,5,20251204,214000,38.8001,38.8001,38.8001,38.8001,505,0
JULW.US,5,20251204,215000,38.82,38.86,38.7901,38.8131,1992,0
JULW.US,5,20251204,215500,38.86,38.86,38.86,38.86,100,0
JULW.US,5,20251205,163500,38.9278,38.93,38.88,38.9076,974,0
JULW.US,5,20251205,170000,38.93,38.93,38.909,38.909,600,0
JULW.US,5,20251205,171500,38.93,38.93,38.93,38.93,276,0
JULW.US,5,20251205,175500,38.88,38.8904,38.88,38.8904,429,0
JULW.US,5,20251205,181000,38.9426,38.9426,38.9426,38.9426,209,0
JULW.US,5,20251205,182000,38.88,38.93,38.86,38.86,1001,0
JULW.US,5,20251205,183000,38.93,38.93,38.93,38.93,239,0
JULW.US,5,20251205,192000,38.87,38.8701,38.86,38.86,3500,0
JULW.US,5,20251205,193000,38.937,38.937,38.937,38.937,826,0
JULW.US,5,20251205,195500,38.87,38.8701,38.87,38.8701,256,0
JULW.US,5,20251205,202000,38.9251,38.9251,38.9251,38.9251,434,0
JULW.US,5,20251205,212500,38.9999,38.9999,38.87,38.9325,679,0
JULW.US,5,20251205,215000,38.9,38.9,38.9,38.9,520,0
JULW.US,5,20251208,162000,38.86,38.86,38.85,38.86,1881,0
JULW.US,5,20251208,171500,38.8913,38.8913,38.8913,38.8913,164,0
JULW.US,5,20251208,173000,38.83,38.83,38.83,38.83,100,0
JULW.US,5,20251208,174000,38.8101,38.8999,38.8101,38.83,1178,0
JULW.US,5,20251208,180000,38.8972,38.8972,38.8375,38.8375,1236,0
JULW.US,5,20251208,184500,38.83,38.8301,38.83,38.8301,200,0
JULW.US,5,20251208,192000,38.88,38.88,38.88,38.88,108,0
JULW.US,5,20251208,203500,38.887,38.887,38.88,38.88,943,0
JULW.US,5,20251208,204500,38.83,38.83,38.83,38.83,185,0
JULW.US,5,20251208,214000,38.8675,38.8675,38.8675,38.8675,191,0
JULW.US,5,20251209,162000,38.89,38.89,38.89,38.89,295,0
JULW.US,5,20251209,170500,38.8685,38.8685,38.8586,38.8586,656,0
JULW.US,5,20251209,171500,38.87,38.87,38.87,38.87,100,0
JULW.US,5,20251209,180000,38.8742,38.8742,38.8742,38.8742,191,0
JULW.US,5,20251209,190000,38.855,38.855,38.855,38.855,100,0
JULW.US,5,20251209,194000,38.85,38.85,38.85,38.85,100,0
JULW.US,5,20251209,195000,38.85,38.869,38.85,38.86,923,0
JULW.US,5,20251209,210000,38.86,38.86,38.86,38.86,1150,0
JULW.US,5,20251209,210500,38.86,38.86,38.86,38.86,139,0
JULW.US,5,20251209,215000,38.85,38.85,38.846,38.846,447,0
JULW.US,5,20251210,164000,38.84,38.84,38.81,38.84,1141,0
JULW.US,5,20251210,165000,38.8673,38.8673,38.8673,38.8673,146,0
JULW.US,5,20251210,170000,38.835,38.835,38.835,38.835,100,0
JULW.US,5,20251210,171000,38.843,38.843,38.843,38.843,190,0
JULW.US,5,20251210,181000,38.86,38.86,38.8536,38.8536,1252,0
JULW.US,5,20251210,183500,38.855,38.855,38.855,38.855,100,0
JULW.US,5,20251210,190500,38.86,38.863,38.86,38.86,728,0
JULW.US,5,20251210,191500,38.863,38.863,38.863,38.863,108,0
JULW.US,5,20251210,194500,38.863,38.863,38.863,38.863,168,0
JULW.US,5,20251210,195500,38.86,38.86,38.86,38.86,1110,0
JULW.US,5,20251210,203000,38.9,38.9,38.9,38.9,200,0
JULW.US,5,20251210,205000,38.92,38.92,38.92,38.92,200,0
JULW.US,5,20251210,212500,38.93,38.95,38.92,38.95,536,0
JULW.US,5,20251210,213500,38.93,38.9499,38.9101,38.9101,610,0
JULW.US,5,20251210,214500,38.93,38.93,38.93,38.93,100,0
JULW.US,5,20251210,215500,38.93,38.97,38.93,38.945,323,0
JULW.US,5,20251211,163000,38.9,38.905,38.8975,38.905,1577,0
JULW.US,5,20251211,174000,38.93,38.93,38.93,38.93,200,0
JULW.US,5,20251211,184000,38.95,38.95,38.95,38.95,200,0
JULW.US,5,20251211,190000,38.944,38.944,38.944,38.944,110,0
JULW.US,5,20251211,200500,38.9673,38.9673,38.9371,38.9371,419,0
JULW.US,5,20251211,201500,38.93,38.93,38.92,38.93,903,0
JULW.US,5,20251211,202000,38.95,38.95,38.95,38.95,100,0
JULW.US,5,20251211,205500,38.95,38.9799,38.95,38.95,1243,0
JULW.US,5,20251211,210000,38.94,38.94,38.94,38.94,100,0
JULW.US,5,20251211,211500,38.98,38.98,38.95,38.95,3519,0
JULW.US,5,20251211,213000,38.95,38.95,38.95,38.95,100,0
JULW.US,5,20251211,213500,38.94,38.9551,38.93,38.95,6406,0
JULW.US,5,20251211,214000,38.955,38.955,38.955,38.955,200,0
JULW.US,5,20251211,215000,38.95,38.9575,38.95,38.9575,261,0
JULW.US,5,20251211,215500,38.95,38.95,38.95,38.95,100,0
JULW.US,5,20251212,154000,38.96,38.972,38.96,38.96,600,0
JULW.US,5,20251212,161000,38.94,38.94,38.94,38.94,400,0
JULW.US,5,20251212,164500,38.92,38.92,38.92,38.92,100,0
JULW.US,5,20251212,165500,38.87,38.8806,38.87,38.88,2237,0
JULW.US,5,20251212,171500,38.86,38.86,38.86,38.86,300,0
JULW.US,5,20251212,175000,38.84,38.84,38.84,38.84,100,0
JULW.US,5,20251212,181500,38.88,38.88,38.88,38.88,800,0
JULW.US,5,20251212,184500,38.885,38.885,38.885,38.885,200,0
JULW.US,5,20251212,185000,38.9098,38.9099,38.885,38.885,3662,0
JULW.US,5,20251212,185500,38.885,38.8893,38.86,38.8875,1999,0
JULW.US,5,20251212,191000,38.91,38.91,38.91,38.91,800,0
JULW.US,5,20251212,192500,38.8901,38.8901,38.8901,38.8901,140,0
JULW.US,5,20251212,195000,38.917,38.9213,38.917,38.9213,780,0
JULW.US,5,20251212,215500,38.87,38.91,38.87,38.91,587,0
JULW.US,5,20251215,161000,38.9382,38.9382,38.9382,38.9382,982,0
JULW.US,5,20251215,162000,38.885,38.885,38.885,38.885,307,0
JULW.US,5,20251215,163500,38.87,38.87,38.86,38.86,686,0
JULW.US,5,20251215,165500,38.88,38.88,38.88,38.88,100,0
JULW.US,5,20251215,171500,38.9,38.9,38.9,38.9,1241,0
JULW.US,5,20251215,173000,38.88,38.91,38.88,38.885,7310,0
JULW.US,5,20251215,175500,38.89,38.89,38.89,38.89,500,0
JULW.US,5,20251215,181500,38.89,38.89,38.86,38.86,835,0
JULW.US,5,20251215,183000,38.88,38.92,38.88,38.92,223,0
JULW.US,5,20251215,184000,38.89,38.89,38.89,38.89,200,0
JULW.US,5,20251215,185500,38.8767,38.8983,38.8767,38.8983,353,0
JULW.US,5,20251215,190500,38.885,38.885,38.885,38.885,100,0
JULW.US,5,20251215,192000,38.87,38.92,38.87,38.92,485,0
JULW.US,5,20251215,192500,38.8767,38.8767,38.8767,38.8767,100,0
JULW.US,5,20251215,194500,38.88,38.88,38.85,38.875,3517,0
JULW.US,5,20251215,195000,38.875,38.875,38.875,38.875,500,0
JULW.US,5,20251215,200000,38.875,38.875,38.875,38.875,226,0
JULW.US,5,20251215,200500,38.87,38.87,38.87,38.87,100,0
JULW.US,5,20251215,201000,38.875,38.875,38.875,38.875,200,0
JULW.US,5,20251215,203500,38.87,38.8701,38.86,38.8701,300,0
JULW.US,5,20251215,205500,38.87,38.89,38.87,38.88,500,0
JULW.US,5,20251215,210500,38.895,38.895,38.895,38.895,250,0
JULW.US,5,20251215,211000,38.8992,38.8992,38.8992,38.8992,180,0
JULW.US,5,20251215,213000,38.88,38.88,38.88,38.88,100,0
JULW.US,5,20251216,155000,38.88,38.88,38.88,38.88,239,0
JULW.US,5,20251216,163000,38.8275,38.8325,38.82,38.82,427,0
JULW.US,5,20251216,164500,38.86,38.86,38.86,38.86,200,0
JULW.US,5,20251216,170000,38.85,38.85,38.85,38.85,100,0
JULW.US,5,20251216,183000,38.8375,38.8375,38.8375,38.8375,121,0
JULW.US,5,20251216,194000,38.84,38.84,38.84,38.84,313,0
JULW.US,5,20251216,203500,38.83,38.8486,38.83,38.83,1311,0
JULW.US,5,20251216,205000,38.84,38.84,38.84,38.84,100,0
JULW.US,5,20251216,213000,38.84,38.84,38.84,38.84,257,0
JULW.US,5,20251216,213500,38.89,38.89,38.89,38.89,200,0
JULW.US,5,20251216,215000,38.8808,38.8808,38.8808,38.8808,169,0
JULW.US,5,20251216,215500,38.8687,38.9,38.8501,38.875,968,0
JULW.US,5,20251217,164500,38.82,38.82,38.82,38.82,600,0
JULW.US,5,20251217,165000,38.8,38.8,38.8,38.8,200,0
JULW.US,5,20251217,170000,38.8,38.8,38.7801,38.8,1614,0
JULW.US,5,20251217,170500,38.8,38.8,38.8,38.8,700,0
JULW.US,5,20251217,174500,38.7702,38.795,38.7702,38.795,831,0
JULW.US,5,20251217,182000,38.78,38.78,38.78,38.78,103,0
JULW.US,5,20251217,190000,38.79,38.79,38.79,38.79,100,0
JULW.US,5,20251217,190500,38.78,38.78,38.78,38.78,181,0
JULW.US,5,20251217,194000,38.77,38.77,38.75,38.7601,1033,0
JULW.US,5,20251217,203500,38.74,38.76,38.74,38.76,1667,0
JULW.US,5,20251217,205500,38.77,38.7748,38.74,38.7748,1093,0
JULW.US,5,20251217,210000,38.7742,38.7742,38.7742,38.7742,311,0
JULW.US,5,20251217,211000,38.8,38.8,38.8,38.8,1598,0
JULW.US,5,20251217,211500,38.77,38.77,38.77,38.77,210,0
JULW.US,5,20251217,213500,38.76,38.76,38.76,38.76,180,0
JULW.US,5,20251217,214000,38.76,38.76,38.76,38.76,200,0
JULW.US,5,20251218,154500,38.85,38.85,38.85,38.85,457,0
JULW.US,5,20251218,162500,38.86,38.86,38.84,38.86,1731,0
JULW.US,5,20251218,163000,38.88,38.88,38.88,38.88,600,0
JULW.US,5,20251218,163500,38.89,38.89,38.89,38.89,400,0
JULW.US,5,20251218,170000,38.884,38.89,38.88,38.89,1300,0
JULW.US,5,20251218,180500,38.8999,38.8999,38.8742,38.8742,695,0
JULW.US,5,20251218,184000,38.85,38.85,38.85,38.85,467,0
JULW.US,5,20251218,200500,38.864,38.864,38.864,38.864,100,0
JULW.US,5,20251218,201500,38.873,38.873,38.873,38.873,100,0
JULW.US,5,20251218,202500,38.84,38.84,38.84,38.84,100,0
JULW.US,5,20251218,203000,38.854187,38.866,38.8319,38.86,999,0
JULW.US,5,20251218,214500,38.87,38.87,38.87,38.87,200,0
JULW.US,5,20251219,153000,38.925,38.9251,38.89,38.9001,2365,0
JULW.US,5,20251219,171500,38.945,38.9621,38.93,38.93,1909,0
JULW.US,5,20251219,182000,38.96,38.96,38.96,38.96,100,0
JULW.US,5,20251219,183500,38.96,38.96,38.96,38.96,183,0
JULW.US,5,20251219,185500,38.97,38.97,38.97,38.97,1100,0
JULW.US,5,20251219,192000,38.981,38.985,38.981,38.985,760,0
JULW.US,5,20251219,200500,38.9764,38.9764,38.9764,38.9764,261,0
JULW.US,5,20251219,201000,38.97,38.97,38.955,38.955,10450,0
JULW.US,5,20251219,203500,38.9698,38.9698,38.9698,38.9698,740,0
JULW.US,5,20251219,214000,38.961,38.961,38.961,38.961,231,0
JULW.US,5,20251219,215000,38.972,38.99,38.96,38.96,2641,0
JULW.US,5,20251219,215500,38.97,38.97,38.96,38.96,255,0
JULW.US,5,20251222,155500,39.04,39.04,39.04,39.04,100,0
JULW.US,5,20251222,165000,39.04,39.06,39.04,39.0599,1382,0
JULW.US,5,20251222,170500,39.04,39.04,39.04,39.04,100,0
JULW.US,5,20251222,171500,39.06,39.06,39.06,39.06,138,0
JULW.US,5,20251222,172000,39.06,39.06,39.06,39.06,167,0
JULW.US,5,20251222,173000,39.06,39.06,39.06,39.06,100,0
JULW.US,5,20251222,173500,39.06,39.06,39.06,39.06,157,0
JULW.US,5,20251222,174000,39.06,39.06,39.06,39.06,212,0
JULW.US,5,20251222,175500,39.06,39.06,39.06,39.06,100,0
JULW.US,5,20251222,181500,39.06,39.06,39.06,39.06,204,0
JULW.US,5,20251222,203500,39.08,39.08,39.0672,39.0672,287,0
JULW.US,5,20251222,204500,39.06,39.06,39.0488,39.06,5754,0
JULW.US,5,20251222,205500,39.055,39.06,39.055,39.06,263,0
JULW.US,5,20251222,210500,39.06,39.06,39.06,39.06,411,0
JULW.US,5,20251222,211500,39.08,39.08,39.0728,39.0728,491,0
JULW.US,5,20251222,212000,39.08,39.08,39.079,39.08,445,0
JULW.US,5,20251222,212500,39.07,39.07,39.07,39.07,100,0
JULW.US,5,20251222,213000,39.07,39.07,39.07,39.07,104,0
JULW.US,5,20251222,215000,39.07,39.09,39.07,39.0899,1406,0
JULW.US,5,20251223,154000,39.12,39.12,39.12,39.12,100,0
JULW.US,5,20251223,155500,39.06,39.06,39.06,39.06,100,0
JULW.US,5,20251223,164500,39.08,39.08,39.08,39.08,107,0
JULW.US,5,20251223,170500,39.0758,39.086,39.0758,39.08,1338,0
JULW.US,5,20251223,171000,39.1,39.1,39.1,39.1,1412,0
JULW.US,5,20251223,175500,39.1,39.1,39.1,39.1,333,0
JULW.US,5,20251223,180000,39.1,39.1,39.1,39.1,100,0
JULW.US,5,20251223,191000,39.1,39.103,39.0968,39.103,643,0
JULW.US,5,20251223,191500,39.11,39.11,39.11,39.11,112,0
JULW.US,5,20251223,200500,39.11,39.11,39.11,39.11,200,0
JULW.US,5,20251223,201000,39.1201,39.1201,39.12,39.12,200,0
JULW.US,5,20251223,201500,39.1316,39.1316,39.1316,39.1316,250,0
JULW.US,5,20251223,202000,39.12,39.12,39.11,39.11,506,0
JULW.US,5,20251223,211000,39.1325,39.135,39.1325,39.135,935,0
JULW.US,5,20251223,211500,39.1192,39.1192,39.1192,39.1192,245,0
JULW.US,5,20251223,212500,39.15,39.15,39.13,39.13,449,0
JULW.US,5,20251223,214000,39.11,39.11,39.11,39.11,100,0
JULW.US,5,20251224,160000,39.09,39.09,39.09,39.09,100,0
JULW.US,5,20251224,160500,39.0827,39.0827,39.0827,39.0827,104,0
JULW.US,5,20251224,161000,39.127,39.127,39.0701,39.0701,393,0
JULW.US,5,20251224,170000,39.17,39.17,39.17,39.17,823,0
JULW.US,5,20251224,174000,39.13,39.13,39.13,39.13,255,0
JULW.US,5,20251224,180000,39.11,39.11,39.11,39.11,100,0
JULW.US,5,20251224,183000,39.13,39.17,39.13,39.17,439,0
JULW.US,5,20251224,185500,39.11,39.11,39.11,39.11,102,0
JULW.US,5,20251226,160000,39.2,39.2,39.2,39.2,350,0
JULW.US,5,20251226,160500,39.17,39.17,39.17,39.17,849,0
JULW.US,5,20251226,163500,39.1555,39.1555,39.1555,39.1555,200,0
JULW.US,5,20251226,181000,39.15,39.15,39.15,39.15,812,0
JULW.US,5,20251226,185000,39.19,39.19,39.19,39.19,102,0
JULW.US,5,20251229,153000,39.145,39.145,39.145,39.145,300,0
JULW.US,5,20251229,161000,39.1499,39.1499,39.1499,39.1499,166,0
JULW.US,5,20251229,164000,39.1427,39.1427,39.1427,39.1427,204,0
JULW.US,5,20251229,173000,39.17,39.17,39.12,39.12,413,0
JULW.US,5,20251229,180500,39.1196,39.1196,39.1196,39.1196,150,0
JULW.US,5,20251229,201000,39.16,39.16,39.1449,39.1449,499,0
JULW.US,5,20251229,203500,39.1274,39.1274,39.1274,39.1274,108,0
JULW.US,5,20251229,213000,39.1599,39.16,39.1396,39.1536,2377,0
JULW.US,5,20251229,214500,39.14,39.14,39.14,39.14,100,0
JULW.US,5,20251230,153500,39.11,39.11,39.11,39.11,5923,0
JULW.US,5,20251230,155500,39.14,39.14,39.14,39.14,100,0
JULW.US,5,20251230,163500,39.15,39.15,39.1101,39.15,533,0
JULW.US,5,20251230,181000,39.153,39.153,39.153,39.153,500,0
JULW.US,5,20251230,181500,39.14,39.163,39.14,39.16,461,0
JULW.US,5,20251230,182000,39.14,39.14,39.14,39.14,100,0
JULW.US,5,20251230,185500,39.15,39.15,39.13,39.13,12457,0
JULW.US,5,20251230,191500,39.15,39.1501,39.15,39.1501,200,0
JULW.US,5,20251230,192500,39.1636,39.1636,39.1636,39.1636,126,0
JULW.US,5,20251230,193500,39.15,39.15,39.15,39.15,100,0
JULW.US,5,20251230,195500,39.15,39.15,39.15,39.15,195,0
JULW.US,5,20251230,203500,39.1799,39.1799,39.1799,39.1799,453,0
JULW.US,5,20251230,213000,39.14,39.1476,39.14,39.1476,1659,0
JULW.US,5,20251231,153500,39.13,39.13,39.13,39.13,100,0
JULW.US,5,20251231,162500,39.13,39.13,39.13,39.13,1909,0
JULW.US,5,20251231,165000,39.11,39.11,39.11,39.11,100,0
JULW.US,5,20251231,165500,39.1215,39.14,39.1215,39.14,1064,0
JULW.US,5,20251231,182000,39.13,39.13,39.13,39.13,283,0
JULW.US,5,20251231,192000,39.1201,39.148,39.1201,39.148,1101,0
JULW.US,5,20251231,192500,39.16,39.17,39.16,39.17,2343,0
JULW.US,5,20251231,193000,39.12,39.12,39.12,39.12,102,0
JULW.US,5,20251231,195000,39.14,39.14,39.14,39.14,243,0
JULW.US,5,20251231,195500,39.12,39.12,39.12,39.12,100,0
JULW.US,5,20251231,205000,39.16,39.16,39.1568,39.1568,447,0
JULW.US,5,20251231,210500,39.09,39.09,39.09,39.09,100,0
JULW.US,5,20251231,212500,39.104,39.104,39.104,39.104,249,0
JULW.US,5,20251231,215000,39.095,39.095,39.095,39.095,650,0
JULW.US,5,20251231,215500,39.12,39.12,39.12,39.12,104,0
JULW.US,5,20260102,154000,39.12,39.12,39.12,39.12,100,0
JULW.US,5,20260102,165000,39.1,39.1,39.1,39.1,100,0
JULW.US,5,20260102,180000,39.085,39.085,39.085,39.085,234,0
JULW.US,5,20260102,184000,39.0955,39.15,39.08,39.15,395,0
JULW.US,5,20260102,190000,39.1,39.1,39.1,39.1,335,0
JULW.US,5,20260102,190500,39.1,39.1,39.1,39.1,213,0
JULW.US,5,20260102,191000,39.075,39.09,39.07,39.09,2520,0
JULW.US,5,20260102,192000,39.08,39.08,39.08,39.08,100,0
JULW.US,5,20260102,194000,39.08,39.1106,39.08,39.1106,790,0
JULW.US,5,20260102,195500,39.06,39.06,39.06,39.06,100,0
JULW.US,5,20260102,200500,39.0885,39.0885,39.0885,39.0885,592,0
JULW.US,5,20260102,205500,39.11,39.11,39.094,39.094,675,0
JULW.US,5,20260102,211000,39.11,39.11,39.11,39.11,100,0
JULW.US,5,20260102,215000,39.123,39.129,39.123,39.129,375,0
JULW.US,5,20260102,215500,39.11,39.11,39.11,39.11,293,0
JULW.US,5,20260105,153500,39.17,39.17,39.17,39.17,100,0
JULW.US,5,20260105,162000,39.17,39.17,39.17,39.17,100,0
JULW.US,5,20260105,162500,39.17,39.19,39.17,39.19,343,0
JULW.US,5,20260105,181000,39.18,39.18,39.18,39.18,100,0
JULW.US,5,20260105,194500,39.18,39.2077,39.1728,39.1728,645,0
JULW.US,5,20260105,195500,39.18,39.18,39.18,39.18,100,0
JULW.US,5,20260105,200500,39.18,39.18,39.18,39.18,37560,0
JULW.US,5,20260105,202000,39.18,39.18,39.18,39.18,100,0
JULW.US,5,20260105,204000,39.1792,39.1893,39.165,39.178881,4700,0
JULW.US,5,20260105,212500,39.16,39.16,39.16,39.16,148,0
JULW.US,5,20260105,215500,39.17,39.21,39.16,39.16,1587,0
JULW.US,5,20260106,153000,39.176,39.176,39.176,39.176,227,0
JULW.US,5,20260106,153500,39.18,39.18,39.18,39.18,100,0
JULW.US,5,20260106,155000,39.2,39.2,39.2,39.2,100,0
JULW.US,5,20260106,164500,39.205,39.205,39.205,39.205,134,0
JULW.US,5,20260106,165500,39.19,39.19,39.19,39.19,111,0
JULW.US,5,20260106,171000,39.1701,39.185,39.17,39.182,1668,0
JULW.US,5,20260106,172000,39.2,39.2,39.2,39.2,200,0
JULW.US,5,20260106,173500,39.19,39.19,39.19,39.19,100,0
JULW.US,5,20260106,183500,39.23,39.23,39.23,39.23,200,0
JULW.US,5,20260106,194000,39.225,39.225,39.19,39.19,1528,0
JULW.US,5,20260106,195000,39.21,39.21,39.2,39.2,510,0
JULW.US,5,20260106,200000,39.21,39.21,39.21,39.21,100,0
JULW.US,5,20260106,211500,39.22,39.22,39.22,39.22,100,0
JULW.US,5,20260106,214000,39.2263,39.2263,39.2263,39.2263,375,0
JULW.US,5,20260106,215000,39.26,39.26,39.26,39.26,265,0
JULW.US,5,20260107,154000,39.23,39.23,39.23,39.23,100,0
JULW.US,5,20260107,171000,39.248,39.29,39.22,39.29,804,0
JULW.US,5,20260107,174000,39.2529,39.2529,39.2529,39.2529,173,0
JULW.US,5,20260107,183500,39.2624,39.2624,39.2624,39.2624,556,0
JULW.US,5,20260107,184000,39.2894,39.2894,39.2894,39.2894,2525,0
JULW.US,5,20260107,191000,39.24,39.2795,39.24,39.2795,510,0
JULW.US,5,20260107,194000,39.245,39.26,39.245,39.26,358,0
JULW.US,5,20260107,195000,39.24,39.24,39.24,39.24,100,0
JULW.US,5,20260107,205500,39.29,39.29,39.29,39.29,185,0
JULW.US,5,20260107,211000,39.23,39.23,39.23,39.23,100,0
JULW.US,5,20260107,211500,39.22,39.22,39.22,39.22,100,0
JULW.US,5,20260107,212000,39.2416,39.2416,39.2416,39.2416,188,0
JULW.US,5,20260107,213500,39.23,39.23,39.23,39.23,152,0
JULW.US,5,20260107,214000,39.2001,39.2006,39.2001,39.2006,329,0
JULW.US,5,20260107,215000,39.2,39.2,39.2,39.2,100,0
JULW.US,5,20260107,215500,39.1801,39.22,39.1801,39.22,264,0
JULW.US,5,20260108,153500,39.19,39.19,39.19,39.19,100,0
JULW.US,5,20260108,161500,39.2,39.2,39.1924,39.1924,495,0
JULW.US,5,20260108,162000,39.2,39.2,39.2,39.2,100,0
JULW.US,5,20260108,163000,39.2,39.2,39.2,39.2,100,0
JULW.US,5,20260108,164000,39.2,39.2,39.19,39.1901,800,0
JULW.US,5,20260108,170000,39.2,39.2,39.2,39.2,100,0
JULW.US,5,20260108,174000,39.2116,39.2116,39.21,39.21,991,0
JULW.US,5,20260108,175000,39.21,39.2295,39.21,39.2295,584,0
JULW.US,5,20260108,185500,39.215,39.215,39.215,39.215,100,0
JULW.US,5,20260108,194000,39.23,39.23,39.23,39.23,1020,0
JULW.US,5,20260108,201000,39.23,39.23,39.205,39.205,797,0
JULW.US,5,20260108,211000,39.208,39.26,39.208,39.2328,2837,0
JULW.US,5,20260108,211500,39.22,39.22,39.22,39.22,428,0
JULW.US,5,20260108,212000,39.2,39.2,39.2,39.2,105,0
JULW.US,5,20260108,212500,39.22,39.22,39.22,39.22,269,0
JULW.US,5,20260108,213500,39.22,39.26,39.2,39.2,1888,0
JULW.US,5,20260108,214500,39.22,39.22,39.22,39.22,100,0
JULW.US,5,20260108,215500,39.27,39.27,39.27,39.27,200,0
JULW.US,5,20260109,154000,39.25,39.3046,39.25,39.3046,1051,0
JULW.US,5,20260109,155500,39.29,39.29,39.28,39.2899,7192,0
JULW.US,5,20260109,163000,39.27,39.27,39.27,39.27,100,0
JULW.US,5,20260109,184500,39.29,39.29,39.275,39.275,255,0
JULW.US,5,20260109,185500,39.26,39.275,39.26,39.275,1540,0
JULW.US,5,20260109,192500,39.29,39.29,39.29,39.29,100,0
JULW.US,5,20260109,193000,39.29,39.29,39.275,39.275,300,0
JULW.US,5,20260109,195000,39.28,39.28,39.28,39.28,100,0
JULW.US,5,20260109,200500,39.29,39.29,39.28,39.28,250,0
JULW.US,5,20260109,204000,39.28,39.28,39.28,39.28,528,0
JULW.US,5,20260109,204500,39.28,39.28,39.28,39.28,100,0
JULW.US,5,20260109,211000,39.28,39.28,39.28,39.28,415,0
JULW.US,5,20260109,215000,39.28,39.28,39.28,39.28,257,0
JULW.US,5,20260109,215500,39.29,39.29,39.29,39.29,100,0
JULW.US,5,20260112,153500,39.28,39.28,39.28,39.28,100,0
JULW.US,5,20260112,155500,39.29,39.29,39.29,39.29,100,0
JULW.US,5,20260112,161500,39.29,39.29,39.29,39.29,100,0
JULW.US,5,20260112,162000,39.29,39.29,39.29,39.29,100,0
JULW.US,5,20260112,162500,39.2882,39.3,39.2882,39.2999,1100,0
JULW.US,5,20260112,163000,39.285,39.285,39.285,39.285,100,0
JULW.US,5,20260112,163500,39.29,39.29,39.29,39.29,100,0
JULW.US,5,20260112,171500,39.3,39.3,39.3,39.3,200,0
JULW.US,5,20260112,172000,39.295,39.295,39.295,39.295,100,0
JULW.US,5,20260112,174500,39.295,39.295,39.295,39.295,111,0
JULW.US,5,20260112,175000,39.3,39.3,39.3,39.3,825,0
JULW.US,5,20260112,180500,39.3,39.3,39.3,39.3,100,0
JULW.US,5,20260112,183500,39.3,39.3,39.3,39.3,100,0
JULW.US,5,20260112,194000,39.2942,39.2942,39.2942,39.2942,1070,0
JULW.US,5,20260112,194500,39.31,39.31,39.31,39.31,100,0
JULW.US,5,20260112,203000,39.315,39.315,39.315,39.315,100,0
JULW.US,5,20260112,212000,39.32,39.32,39.32,39.32,160,0
JULW.US,5,20260112,212500,39.3208,39.3208,39.3208,39.3208,397,0
JULW.US,5,20260112,213000,39.32,39.32,39.32,39.32,861,0
JULW.US,5,20260112,215500,39.3208,39.3208,39.32,39.32,200,0
JULW.US,5,20260113,154500,39.325,39.325,39.325,39.325,254,0
JULW.US,5,20260113,161500,39.27,39.27,39.27,39.27,100,0
JULW.US,5,20260113,162500,39.278,39.278,39.278,39.278,135,0
JULW.US,5,20260113,163500,39.28,39.3199,39.28,39.3199,1602,0
JULW.US,5,20260113,165000,39.28,39.28,39.28,39.28,100,0
JULW.US,5,20260113,174000,39.295,39.295,39.295,39.295,154,0
JULW.US,5,20260113,181500,39.3,39.3,39.3,39.3,100,0
JULW.US,5,20260113,182000,39.3016,39.3016,39.3016,39.3016,150,0
JULW.US,5,20260113,182500,39.3,39.3,39.3,39.3,100,0
JULW.US,5,20260113,185500,39.29,39.29,39.29,39.29,100,0
JULW.US,5,20260113,203500,39.27,39.27,39.27,39.27,100,0
JULW.US,5,20260113,211000,39.3199,39.3199,39.3199,39.3199,219,0
JULW.US,5,20260113,212000,39.27,39.27,39.27,39.27,100,0
JULW.US,5,20260113,213500,39.26,39.285,39.26,39.285,500,0
JULW.US,5,20260113,215500,39.31,39.31,39.31,39.31,100,0
JULW.US,5,20260114,155500,39.23,39.23,39.23,39.23,100,0
JULW.US,5,20260114,163000,39.24,39.24,39.24,39.24,1542,0
JULW.US,5,20260114,170500,39.23,39.23,39.16,39.195,2109,0
JULW.US,5,20260114,171500,39.18,39.18,39.18,39.18,100,0
JULW.US,5,20260114,174000,39.2098,39.2098,39.2098,39.2098,166,0
JULW.US,5,20260114,174500,39.19,39.1901,39.19,39.1901,200,0
JULW.US,5,20260114,175000,39.195,39.195,39.195,39.195,181,0
JULW.US,5,20260114,180500,39.18,39.18,39.18,39.18,100,0
JULW.US,5,20260114,194000,39.2,39.2,39.2,39.2,640,0
JULW.US,5,20260114,195000,39.1976,39.1976,39.1976,39.1976,262,0
JULW.US,5,20260114,200000,39.2,39.2,39.2,39.2,100,0
JULW.US,5,20260114,210500,39.215,39.215,39.215,39.215,100,0
JULW.US,5,20260114,211500,39.22,39.23,39.2101,39.2299,1240,0
JULW.US,5,20260114,213500,39.2301,39.2301,39.23,39.23,200,0
JULW.US,5,20260114,214000,39.245,39.245,39.23,39.23,278,0
JULW.US,5,20260114,215000,39.25,39.28,39.25,39.28,272,0
JULW.US,5,20260115,153000,39.32,39.32,39.32,39.32,100,0
JULW.US,5,20260115,153500,39.34,39.34,39.34,39.34,872,0
JULW.US,5,20260115,162500,39.33,39.3431,39.32,39.3384,1271,0
JULW.US,5,20260115,172500,39.335,39.335,39.335,39.335,100,0
JULW.US,5,20260115,180000,39.335,39.335,39.335,39.335,520,0
JULW.US,5,20260115,180500,39.35,39.35,39.35,39.35,143,0
JULW.US,5,20260115,181000,39.335,39.34,39.335,39.34,743,0
JULW.US,5,20260115,181500,39.3201,39.3201,39.3201,39.3201,600,0
JULW.US,5,20260115,185500,39.33,39.33,39.33,39.33,329,0
JULW.US,5,20260115,192500,39.33,39.33,39.31,39.31,999,0
JULW.US,5,20260115,205500,39.32,39.32,39.32,39.32,106,0
JULW.US,5,20260115,212500,39.33,39.33,39.31,39.31,680,0
JULW.US,5,20260115,215500,39.3013,39.303,39.3013,39.303,511,0
JULW.US,5,20260116,161000,39.322,39.3394,39.322,39.3394,892,0
JULW.US,5,20260116,161500,39.3399,39.3399,39.3399,39.3399,331,0
JULW.US,5,20260116,164000,39.29,39.29,39.29,39.29,100,0
JULW.US,5,20260116,170000,39.28,39.3194,39.28,39.3194,635,0
JULW.US,5,20260116,180500,39.315,39.315,39.31,39.31,463,0
JULW.US,5,20260116,181000,39.32,39.33,39.314,39.33,2802,0
JULW.US,5,20260116,182500,39.3368,39.3368,39.3368,39.3368,532,0
JULW.US,5,20260116,183500,39.34,39.3495,39.34,39.34,1724,0
JULW.US,5,20260116,184000,39.34,39.34,39.34,39.34,200,0
JULW.US,5,20260116,185000,39.3499,39.3499,39.34,39.34,928,0
JULW.US,5,20260116,195500,39.3499,39.3499,39.3499,39.3499,133,0
JULW.US,5,20260116,200000,39.35,39.35,39.315,39.315,994,0
JULW.US,5,20260116,200500,39.35,39.35,39.32,39.3312,3722,0
JULW.US,5,20260116,201000,39.3224,39.3491,39.32,39.32,3150,0
JULW.US,5,20260116,204500,39.32,39.32,39.32,39.32,427,0
JULW.US,5,20260116,205000,39.32,39.32,39.32,39.32,125,0
JULW.US,5,20260116,210500,39.349,39.349,39.349,39.349,107,0
JULW.US,5,20260116,211000,39.3491,39.3491,39.3491,39.3491,114,0
JULW.US,5,20260116,211500,39.3499,39.3499,39.3499,39.3499,201,0
JULW.US,5,20260116,212000,39.3494,39.3494,39.3494,39.3494,289,0
JULW.US,5,20260116,212500,39.349,39.349,39.349,39.349,597,0
JULW.US,5,20260116,213000,39.349,39.349,39.32,39.32,411,0
JULW.US,5,20260116,213500,39.33,39.33,39.3224,39.3224,1347,0
JULW.US,5,20260116,214000,39.34,39.34,39.34,39.34,360,0
JULW.US,5,20260116,215000,39.34,39.34,39.34,39.34,100,0
JULW.US,5,20260116,215500,39.35,39.35,39.34,39.34,385,0
JULW.US,5,20260120,154500,39.1684,39.1684,39.15,39.15,970,0
JULW.US,5,20260120,155500,39.17,39.17,39.17,39.17,100,0
JULW.US,5,20260120,161000,39.1368,39.1368,39.1368,39.1368,130,0
JULW.US,5,20260120,161500,39.1332,39.1332,39.13,39.13,433,0
JULW.US,5,20260120,162500,39.16,39.16,39.16,39.16,119,0
JULW.US,5,20260120,165000,39.22,39.22,39.22,39.22,290,0
JULW.US,5,20260120,172500,39.19,39.19,39.19,39.19,100,0
JULW.US,5,20260120,180000,39.18,39.18,39.18,39.18,2520,0
JULW.US,5,20260120,182000,39.18,39.18,39.18,39.18,100,0
JULW.US,5,20260120,184000,39.17,39.17,39.17,39.17,100,0
JULW.US,5,20260120,190500,39.13,39.13,39.13,39.13,300,0
JULW.US,5,20260120,193500,39.1,39.1,39.1,39.1,100,0
JULW.US,5,20260120,200000,39.13,39.13,39.05,39.05,788,0
JULW.US,5,20260120,204500,39.0703,39.0703,39.0703,39.0703,2837,0
JULW.US,5,20260120,210000,39.11,39.11,39.11,39.11,154,0
JULW.US,5,20260120,211000,39.05,39.0501,39.05,39.0501,500,0
JULW.US,5,20260120,214000,39.0724,39.0724,39.0724,39.0724,256,0
JULW.US,5,20260121,155500,39.19,39.19,39.19,39.19,100,0
JULW.US,5,20260121,171500,39.205,39.205,39.205,39.205,1328,0
JULW.US,5,20260121,173000,39.2015,39.239,39.2015,39.239,663,0
JULW.US,5,20260121,191500,39.135,39.135,39.135,39.135,2535,0
JULW.US,5,20260121,195500,39.1577,39.1577,39.1577,39.1577,136,0
JULW.US,5,20260121,201500,39.14,39.14,39.14,39.14,400,0
JULW.US,5,20260121,203000,39.1999,39.23,39.1991,39.23,777,0
JULW.US,5,20260121,203500,39.24,39.2799,39.24,39.2528,673,0
JULW.US,5,20260121,205000,39.3,39.3,39.29,39.2925,512,0
JULW.US,5,20260121,205500,39.27,39.27,39.27,39.27,131,0
JULW.US,5,20260121,210000,39.3099,39.3099,39.3099,39.3099,142,0
JULW.US,5,20260121,212500,39.22,39.22,39.22,39.22,323,0
JULW.US,5,20260121,213500,39.2378,39.2378,39.2378,39.2378,150,0
JULW.US,5,20260121,215000,39.2092,39.2092,39.2092,39.2092,253,0
JULW.US,5,20260122,154500,39.32,39.33,39.32,39.32,1302,0
JULW.US,5,20260122,161000,39.274,39.274,39.274,39.274,204,0
JULW.US,5,20260122,163000,39.2736,39.2838,39.2736,39.28,2146,0
JULW.US,5,20260122,164000,39.27,39.33,39.27,39.33,872,0
JULW.US,5,20260122,164500,39.2845,39.295,39.2845,39.295,200,0
JULW.US,5,20260122,170500,39.316,39.316,39.316,39.316,207,0
JULW.US,5,20260122,180500,39.3078,39.3078,39.3078,39.3078,176,0
JULW.US,5,20260122,185500,39.34,39.34,39.34,39.34,387,0
JULW.US,5,20260122,200500,39.2808,39.2808,39.2808,39.2808,125,0
JULW.US,5,20260122,203000,39.29,39.29,39.29,39.29,100,0
JULW.US,5,20260122,211500,39.2985,39.316,39.28,39.295,1426,0
JULW.US,5,20260122,215000,39.29,39.29,39.29,39.29,506,0
JULW.US,5,20260122,215500,39.32,39.32,39.32,39.32,100,0
JULW.US,5,20260123,154000,39.38,39.38,39.38,39.38,100,0
JULW.US,5,20260123,154500,39.33,39.33,39.33,39.33,100,0
JULW.US,5,20260123,161500,39.2843,39.324,39.2843,39.31,806,0
JULW.US,5,20260123,162500,39.3247,39.3247,39.3247,39.3247,136,0
JULW.US,5,20260123,165500,39.32,39.36,39.32,39.36,1200,0
JULW.US,5,20260123,173000,39.33,39.33,39.33,39.33,1416,0
JULW.US,5,20260123,175000,39.3276,39.3276,39.3276,39.3276,248,0
JULW.US,5,20260123,181500,39.34,39.34,39.34,39.34,893,0
JULW.US,5,20260123,183500,39.3001,39.3001,39.3001,39.3001,568,0
JULW.US,5,20260123,184000,39.31,39.31,39.31,39.31,300,0
JULW.US,5,20260123,190500,39.27,39.33,39.27,39.29,1197,0
JULW.US,5,20260123,193000,39.3,39.3,39.3,39.3,2253,0
JULW.US,5,20260123,195000,39.2976,39.2976,39.2976,39.2976,294,0
JULW.US,5,20260123,201000,39.305,39.305,39.305,39.305,135,0
JULW.US,5,20260123,201500,39.305,39.305,39.305,39.305,100,0
JULW.US,5,20260123,214500,39.3122,39.3199,39.29,39.3199,573,0
