<TICKER>,<PER>,<DATE>,<TIME>,<OPEN>,<HIGH>,<LOW>,<CLOSE>,<VOL>,<OPENINT>
LOWV.US,5,20250829,162000,76.4001,76.4001,76.4001,76.4001,129,0
LOWV.US,5,20250829,170000,76.43,76.43,76.43,76.43,102,0
LOWV.US,5,20250829,173000,76.41,76.41,76.4099,76.4099,532,0
LOWV.US,5,20250829,182500,76.4193,76.4193,76.4193,76.4193,150,0
LOWV.US,5,20250829,191500,76.41,76.41,76.41,76.41,100,0
LOWV.US,5,20250829,202000,76.47,76.47,76.46,76.46,517,0
LOWV.US,5,20250829,210000,76.483,76.483,76.483,76.483,104,0
LOWV.US,5,20250902,153000,75.5216,75.5216,75.5216,75.5216,145,0
LOWV.US,5,20250902,160500,75.895,75.895,75.895,75.895,163,0
LOWV.US,5,20250902,161000,75.95,75.95,75.95,75.95,100,0
LOWV.US,5,20250902,162500,75.91,75.91,75.91,75.91,100,0
LOWV.US,5,20250902,164000,75.94,75.94,75.94,75.94,100,0
LOWV.US,5,20250902,164500,75.93,75.93,75.93,75.93,100,0
LOWV.US,5,20250902,173500,75.65,75.65,75.65,75.65,457,0
LOWV.US,5,20250902,184500,75.66,75.66,75.66,75.66,800,0
LOWV.US,5,20250902,185000,75.66,75.66,75.66,75.66,203,0
LOWV.US,5,20250902,185500,75.68,75.69,75.65,75.65,400,0
LOWV.US,5,20250902,205500,75.82,75.82,75.82,75.82,2666,0
LOWV.US,5,20250902,211500,75.86,75.86,75.85,75.8501,958,0
LOWV.US,5,20250902,214000,75.95,75.95,75.95,75.95,373,0
LOWV.US,5,20250902,215500,76.05,76.05,76.05,76.05,666,0
LOWV.US,5,20250903,170000,76.36,76.36,76.36,76.36,300,0
LOWV.US,5,20250903,171000,76.34,76.34,76.34,76.34,302,0
LOWV.US,5,20250903,172500,76.34,76.34,76.34,76.34,100,0
LOWV.US,5,20250903,201500,76.0922,76.0922,76.0922,76.0922,107,0
LOWV.US,5,20250903,210500,76.13,76.13,76.12,76.12,2186,0
LOWV.US,5,20250903,215000,76.3592,76.3592,76.3592,76.3592,131,0
LOWV.US,5,20250904,161000,76.42,76.42,76.42,76.42,100,0
LOWV.US,5,20250904,181000,76.64,76.64,76.64,76.64,167,0
LOWV.US,5,20250904,183000,76.595,76.595,76.5253,76.5253,329,0
LOWV.US,5,20250904,184500,76.59,76.59,76.53,76.53,491,0
LOWV.US,5,20250904,203000,76.7,76.7,76.69,76.69,453,0
LOWV.US,5,20250904,213500,76.725,76.725,76.725,76.725,159,0
LOWV.US,5,20250905,155500,77.245,77.245,77.245,77.245,100,0
LOWV.US,5,20250905,174500,76.83,76.83,76.83,76.83,795,0
LOWV.US,5,20250905,181000,76.72,76.72,76.72,76.72,157,0
LOWV.US,5,20250905,181500,76.77,76.77,76.77,76.77,126,0
LOWV.US,5,20250905,184500,76.7068,76.7068,76.7068,76.7068,332,0
LOWV.US,5,20250905,195000,76.62,76.62,76.62,76.62,100,0
LOWV.US,5,20250905,202500,76.67,76.67,76.66,76.66,370,0
LOWV.US,5,20250905,205000,76.7044,76.7044,76.7044,76.7044,203,0
LOWV.US,5,20250905,211000,76.8,76.8,76.74,76.74,200,0
LOWV.US,5,20250905,211500,76.797,76.797,76.797,76.797,156,0
LOWV.US,5,20250905,215500,77.29,77.29,77.29,77.29,654,0
LOWV.US,5,20250908,163500,77.15,77.15,77.15,77.15,100,0
LOWV.US,5,20250908,165000,77.22,77.22,77.22,77.22,100,0
LOWV.US,5,20250908,165500,77.2599,77.2599,77.2599,77.2599,200,0
LOWV.US,5,20250908,172000,77.23,77.23,77.23,77.23,500,0
LOWV.US,5,20250908,175500,77.23,77.23,77.23,77.23,100,0
LOWV.US,5,20250908,183500,77.18,77.18,77.18,77.18,100,0
LOWV.US,5,20250908,185500,77.17,77.17,77.1699,77.1699,200,0
LOWV.US,5,20250908,201500,77.11,77.11,77.1099,77.1099,200,0
LOWV.US,5,20250908,203000,77.14,77.14,77.13,77.13,5582,0
LOWV.US,5,20250908,214000,77.1342,77.135,77.133,77.135,706,0
LOWV.US,5,20250909,155500,77.27,77.27,77.27,77.27,100,0
LOWV.US,5,20250909,161000,77.2742,77.2742,77.2742,77.2742,136,0
LOWV.US,5,20250909,171000,77.2102,77.2102,77.2102,77.2102,139,0
LOWV.US,5,20250909,174000,77.21,77.21,77.2077,77.2077,1000,0
LOWV.US,5,20250909,180500,77.2,77.2,77.2,77.2,100,0
LOWV.US,5,20250909,204000,77.33,77.34,77.33,77.34,2645,0
LOWV.US,5,20250909,205500,77.3702,77.3702,77.3702,77.3702,326,0
LOWV.US,5,20250909,210000,77.39,77.39,77.3882,77.3882,400,0
LOWV.US,5,20250910,160500,78.028,78.028,78.028,78.028,100,0
LOWV.US,5,20250910,175000,77.97,77.97,77.9699,77.9699,307,0
LOWV.US,5,20250910,181000,77.878,77.878,77.86,77.86,550,0
LOWV.US,5,20250910,185500,77.8706,77.8706,77.8706,77.8706,100,0
LOWV.US,5,20250910,192000,77.88,77.88,77.88,77.88,290,0
LOWV.US,5,20250910,194500,77.7668,77.7668,77.7668,77.7668,150,0
LOWV.US,5,20250910,203500,77.718,77.718,77.718,77.718,215,0
LOWV.US,5,20250910,210000,77.74,77.75,77.74,77.75,930,0
LOWV.US,5,20250910,213000,77.7099,77.71,77.7099,77.71,382,0
LOWV.US,5,20250911,165000,78.27,78.27,78.27,78.27,128,0
LOWV.US,5,20250911,165500,78.32,78.32,78.3199,78.3199,200,0
LOWV.US,5,20250911,174500,78.3768,78.3768,78.3768,78.3768,127,0
LOWV.US,5,20250911,181000,78.49,78.49,78.4899,78.4899,300,0
LOWV.US,5,20250911,184500,78.42,78.42,78.42,78.42,212,0
LOWV.US,5,20250911,195000,78.34,78.34,78.34,78.34,105,0
LOWV.US,5,20250911,205500,78.43,78.43,78.42,78.42,4955,0
LOWV.US,5,20250911,212500,78.45,78.45,78.4485,78.4485,830,0
LOWV.US,5,20250912,172500,78.3899,78.3899,78.3899,78.3899,130,0
LOWV.US,5,20250912,174000,78.31467,78.31467,78.31467,78.31467,102,0
LOWV.US,5,20250912,183500,78.3076,78.3076,78.3076,78.3076,125,0
LOWV.US,5,20250912,191000,78.26768,78.26768,78.26768,78.26768,138,0
LOWV.US,5,20250912,205000,78.43,78.43,78.43,78.43,1296,0
LOWV.US,5,20250912,211500,78.4299,78.4299,78.4299,78.4299,133,0
LOWV.US,5,20250915,153000,78.43,78.43,78.43,78.43,247,0
LOWV.US,5,20250915,154500,78.3451,78.3451,78.3451,78.3451,172,0
LOWV.US,5,20250915,174000,78.46,78.46,78.45,78.4599,3100,0
LOWV.US,5,20250915,193000,78.35,78.35,78.35,78.35,100,0
LOWV.US,5,20250915,205000,78.42,78.42,78.41,78.41,3102,0
LOWV.US,5,20250916,174000,78.215,78.215,78.215,78.215,261,0
LOWV.US,5,20250916,175000,78.1942,78.1942,78.1942,78.1942,156,0
LOWV.US,5,20250916,183000,78.22,78.22,78.22,78.22,200,0
LOWV.US,5,20250916,190500,78.278,78.278,78.278,78.278,222,0
LOWV.US,5,20250916,202000,78.3,78.3,78.3,78.3,206,0
LOWV.US,5,20250916,205500,78.36,78.36,78.35,78.35,1605,0
LOWV.US,5,20250917,192000,78.19,78.19,78.19,78.19,267,0
LOWV.US,5,20250917,192500,78.24,78.24,78.2108,78.2108,600,0
LOWV.US,5,20250917,204000,78.07,78.07,78.07,78.07,446,0
LOWV.US,5,20250917,211500,78.36,78.36,78.3599,78.3599,370,0
LOWV.US,5,20250918,161000,78.515,78.515,78.515,78.515,100,0
LOWV.US,5,20250918,164000,78.57,78.57,78.5699,78.5699,600,0
LOWV.US,5,20250918,203000,78.37,78.37,78.37,78.37,2436,0
LOWV.US,5,20250918,210500,78.3218,78.3218,78.3218,78.3218,133,0
LOWV.US,5,20250918,214000,78.22,78.22,78.22,78.22,133,0
LOWV.US,5,20250919,153000,78.35,78.35,78.35,78.35,741,0
LOWV.US,5,20250919,180500,78.26,78.26,78.2042,78.2042,739,0
LOWV.US,5,20250919,205500,78.35,78.35,78.35,78.35,5422,0
LOWV.US,5,20250919,215000,78.45,78.45,78.4499,78.4499,200,0
LOWV.US,5,20250922,160000,78.32,78.32,78.3199,78.3199,720,0
LOWV.US,5,20250922,161500,78.35,78.35,78.3,78.3,300,0
LOWV.US,5,20250922,162500,78.4,78.4,78.4,78.4,100,0
LOWV.US,5,20250922,183000,78.5,78.5,78.5,78.5,100,0
LOWV.US,5,20250922,203000,78.65,78.65,78.64,78.64,1649,0
LOWV.US,5,20250922,205500,78.65,78.65,78.65,78.65,100,0
LOWV.US,5,20250922,215500,78.63,78.63,78.63,78.63,414,0
LOWV.US,5,20250923,203500,78.29,78.29,78.29,78.29,100,0
LOWV.US,5,20250923,204000,78.24,78.24,78.24,78.24,271,0
LOWV.US,5,20250923,205000,78.21,78.21,78.21,78.21,100,0
LOWV.US,5,20250923,212500,78.17,78.17,78.1444,78.1444,502,0
LOWV.US,5,20250923,213500,78.19,78.19,78.19,78.19,363,0
LOWV.US,5,20250924,175500,78.0831,78.0831,78.0831,78.0831,200,0
LOWV.US,5,20250924,204500,78.13,78.13,78.13,78.13,3080,0
LOWV.US,5,20250924,205500,78.14,78.14,78.14,78.14,163,0
LOWV.US,5,20250924,215500,78.22,78.61,78.22,78.61,263,0
LOWV.US,5,20250925,171500,77.689,77.689,77.6406,77.6406,322,0
LOWV.US,5,20250925,174500,77.7,77.7,77.6999,77.6999,200,0
LOWV.US,5,20250925,181000,77.57,77.57,77.57,77.57,100,0
LOWV.US,5,20250925,204000,77.62,77.62,77.62,77.62,12176,0
LOWV.US,5,20250925,205500,77.57,77.57,77.57,77.57,150,0
LOWV.US,5,20250925,212000,77.59,77.59,77.59,77.59,106,0
LOWV.US,5,20250925,215500,77.60259,77.60259,77.60259,77.60259,107,0
LOWV.US,5,20250926,161500,77.96,77.96,77.96,77.96,100,0
LOWV.US,5,20250926,172000,77.7304,77.7304,77.7304,77.7304,319,0
LOWV.US,5,20250926,184000,77.99,77.99,77.988,77.988,200,0
LOWV.US,5,20250926,204500,78.13,78.13,78.12,78.12,2814,0
LOWV.US,5,20250926,214500,78.075,78.075,78.075,78.075,100,0
LOWV.US,5,20250926,215500,78.14,78.14,78.14,78.14,272,0
LOWV.US,5,20250929,153500,78.45,78.45,78.345,78.45,1930,0
LOWV.US,5,20250929,161000,78.5,78.5,78.4972,78.4972,254,0
LOWV.US,5,20250929,172500,78.37,78.37,78.37,78.37,327,0
LOWV.US,5,20250929,175000,78.3,78.3,78.25,78.25,816,0
LOWV.US,5,20250929,180500,78.275,78.275,78.275,78.275,105,0
LOWV.US,5,20250929,193500,78.21,78.21,78.21,78.21,105,0
LOWV.US,5,20250929,203000,78.32,78.32,78.3199,78.3199,200,0
LOWV.US,5,20250929,204000,78.31,78.31,78.31,78.31,100,0
LOWV.US,5,20250929,205000,78.31,78.31,78.31,78.31,100,0
LOWV.US,5,20250929,205500,78.28,78.29,78.28,78.29,1040,0
LOWV.US,5,20250929,215500,78.27,78.27,78.2699,78.2699,200,0
LOWV.US,5,20250930,164500,78.29,78.29,78.2559,78.2559,1912,0
LOWV.US,5,20250930,165500,78.27,78.27,78.22,78.22,242,0
LOWV.US,5,20250930,203000,78.41,78.42,78.41,78.42,2228,0
LOWV.US,5,20251001,174500,78.715,78.715,78.715,78.715,144,0
LOWV.US,5,20251001,181500,78.69,78.69,78.69,78.69,237,0
LOWV.US,5,20251001,182000,78.66,78.66,78.66,78.66,500,0
LOWV.US,5,20251001,205000,78.89,78.89,78.89,78.89,1388,0
LOWV.US,5,20251002,184500,78.66,78.66,78.66,78.66,198,0
LOWV.US,5,20251002,191500,78.6508,78.6508,78.6508,78.6508,148,0
LOWV.US,5,20251002,200000,78.75,78.75,78.7499,78.7499,1000,0
LOWV.US,5,20251002,205000,78.79,78.79,78.79,78.79,2672,0
LOWV.US,5,20251002,210000,78.8,78.8,78.7999,78.7999,200,0
LOWV.US,5,20251002,212500,78.72,78.72,78.72,78.72,100,0
LOWV.US,5,20251002,213500,78.695,78.695,78.695,78.695,750,0
LOWV.US,5,20251002,215000,78.74,78.74,78.74,78.74,100,0
LOWV.US,5,20251003,153500,78.824,78.824,78.824,78.824,120,0
LOWV.US,5,20251003,192500,79.05,79.05,79.0499,79.0499,200,0
LOWV.US,5,20251003,212000,78.9,78.9,78.9,78.9,991,0
LOWV.US,5,20251003,213000,78.8789,78.8789,78.8789,78.8789,380,0
LOWV.US,5,20251003,214000,78.94,78.94,78.93233,78.93244,1400,0
LOWV.US,5,20251006,170500,78.88,78.88,78.88,78.88,1165,0
LOWV.US,5,20251006,173500,78.87,78.87,78.8677,78.8677,200,0
LOWV.US,5,20251006,180500,78.95,78.95,78.95,78.95,167,0
LOWV.US,5,20251006,182500,78.8915,78.8915,78.8915,78.8915,1266,0
LOWV.US,5,20251006,205000,79.08,79.08,79.07,79.07,5906,0
LOWV.US,5,20251006,205500,79.08,79.08,79.08,79.08,225,0
LOWV.US,5,20251006,215000,79.1155,79.1155,79.1155,79.1155,100,0
LOWV.US,5,20251007,153000,79.13,79.13,79.13,79.13,196,0
LOWV.US,5,20251007,164500,78.93,78.93,78.93,78.93,319,0
LOWV.US,5,20251007,175500,78.7102,78.7102,78.7102,78.7102,110,0
LOWV.US,5,20251007,191500,78.7715,78.7715,78.7715,78.7715,143,0
LOWV.US,5,20251007,210500,78.78,78.78,78.7596,78.7596,2537,0
LOWV.US,5,20251007,211000,78.72,78.72,78.72,78.72,182,0
LOWV.US,5,20251007,212000,78.75,78.75,78.75,78.75,244,0
LOWV.US,5,20251007,212500,78.79,78.79,78.79,78.79,100,0
LOWV.US,5,20251007,213000,78.7551,78.7551,78.7551,78.7551,111,0
LOWV.US,5,20251007,215500,78.83,78.84,78.83,78.84,379,0
LOWV.US,5,20251008,165500,79.12,79.12,79.1177,79.1177,276,0
LOWV.US,5,20251008,170500,79.13,79.13,79.13,79.13,1304,0
LOWV.US,5,20251008,181000,79.22,79.22,79.22,79.22,388,0
LOWV.US,5,20251008,194500,79.18,79.18,79.18,79.18,100,0
LOWV.US,5,20251008,195500,79.15,79.15,79.148,79.148,494,0
LOWV.US,5,20251008,201500,79.155,79.155,79.155,79.155,800,0
LOWV.US,5,20251008,202000,79.18,79.18,79.178,79.178,200,0
LOWV.US,5,20251008,203000,79.09,79.17,79.09,79.17,232,0
LOWV.US,5,20251008,205000,79.11,79.11,79.1,79.1,3743,0
LOWV.US,5,20251008,210500,79.09,79.09,79.09,79.09,1165,0
LOWV.US,5,20251008,212000,79.18,79.18,79.18,79.18,105,0
LOWV.US,5,20251008,215500,79.16,79.16,79.1599,79.1599,200,0
LOWV.US,5,20251009,163500,78.93,78.93,78.93,78.93,100,0
LOWV.US,5,20251009,174000,78.89,78.89,78.89,78.89,100,0
LOWV.US,5,20251009,182000,78.85,78.85,78.85,78.85,794,0
LOWV.US,5,20251009,211500,78.7453,78.7453,78.7453,78.7453,146,0
LOWV.US,5,20251010,161500,78.959,78.959,78.959,78.959,182,0
LOWV.US,5,20251010,163500,78.95,78.95,78.95,78.95,100,0
LOWV.US,5,20251010,175000,78.26,78.26,78.2203,78.2203,200,0
LOWV.US,5,20251010,184500,77.9689,77.9689,77.9689,77.9689,105,0
LOWV.US,5,20251010,192500,77.85,77.93,77.85,77.9299,565,0
LOWV.US,5,20251010,193000,77.925,77.925,77.925,77.925,131,0
LOWV.US,5,20251010,205500,77.73,77.73,77.73,77.73,950,0
LOWV.US,5,20251010,212500,77.64,77.64,77.64,77.64,100,0
LOWV.US,5,20251010,214000,77.56,77.56,77.56,77.56,100,0
LOWV.US,5,20251010,215000,77.54,77.54,77.54,77.54,100,0
LOWV.US,5,20251013,161500,78.17,78.17,78.1,78.1,272,0
LOWV.US,5,20251013,164500,77.9801,77.9801,77.9801,77.9801,300,0
LOWV.US,5,20251013,175000,78.2,78.2,78.2,78.2,214,0
LOWV.US,5,20251013,180000,78.2213,78.2213,78.2213,78.2213,100,0
LOWV.US,5,20251013,181500,78.32,78.32,78.32,78.32,210,0
LOWV.US,5,20251013,182500,78.25,78.25,78.25,78.25,100,0
LOWV.US,5,20251013,192000,78.22,78.22,78.22,78.22,100,0
LOWV.US,5,20251013,203000,78.315,78.315,78.315,78.315,200,0
LOWV.US,5,20251013,210000,78.17,78.17,78.16,78.16,6201,0
LOWV.US,5,20251013,213000,78.21,78.21,78.21,78.21,115,0
LOWV.US,5,20251014,162500,77.861,77.861,77.861,77.861,924,0
LOWV.US,5,20251014,180500,78.0991,78.0991,78.0991,78.0991,335,0
LOWV.US,5,20251014,181000,78.14,78.14,78.14,78.14,135,0
LOWV.US,5,20251014,192000,78.39,78.39,78.39,78.39,100,0
LOWV.US,5,20251014,193000,78.4,78.41,78.4,78.4099,805,0
LOWV.US,5,20251014,200000,78.41,78.41,78.41,78.41,100,0
LOWV.US,5,20251014,201000,78.415,78.415,78.415,78.415,255,0
LOWV.US,5,20251014,203000,78.42,78.44,78.42,78.43,480,0
LOWV.US,5,20251014,204500,78.4099,78.41,78.4099,78.41,400,0
LOWV.US,5,20251014,212500,78.395,78.4,78.395,78.4,600,0
LOWV.US,5,20251014,213000,78.38,78.38,78.3799,78.3799,600,0
LOWV.US,5,20251014,214500,77.9533,78.06,77.9533,78.0599,500,0
LOWV.US,5,20251014,215000,78.1,78.14,78.1,78.14,600,0
LOWV.US,5,20251015,154500,78.525,78.525,78.525,78.525,136,0
LOWV.US,5,20251015,155000,78.6,78.62,78.6,78.6199,438,0
LOWV.US,5,20251015,161500,78.77,78.77,78.7699,78.7699,220,0
LOWV.US,5,20251015,164000,78.65,78.65,78.6,78.6,369,0
LOWV.US,5,20251015,172500,78.56,78.56,78.56,78.56,100,0
LOWV.US,5,20251015,183500,78.19,78.19,78.19,78.19,515,0
LOWV.US,5,20251015,190000,77.9799,77.9799,77.9799,77.9799,411,0
LOWV.US,5,20251015,190500,77.898,77.898,77.898,77.898,185,0
LOWV.US,5,20251015,193000,77.7999,77.8,77.75,77.7635,628,0
LOWV.US,5,20251015,210000,78.21,78.21,78.17,78.17,4859,0
LOWV.US,5,20251015,210500,78.2,78.2,78.1999,78.1999,380,0
LOWV.US,5,20251015,211000,78.1464,78.1799,78.1464,78.1799,295,0
LOWV.US,5,20251015,211500,78.22,78.22,78.22,78.22,867,0
LOWV.US,5,20251015,212000,78.21,78.21,78.1808,78.1808,320,0
LOWV.US,5,20251015,212500,78.1664,78.1664,78.1664,78.1664,165,0
LOWV.US,5,20251015,214000,78.06,78.06,78.0599,78.0599,500,0
LOWV.US,5,20251016,154000,78.37,78.37,78.37,78.37,100,0
LOWV.US,5,20251016,154500,78.3174,78.3174,78.3174,78.3174,238,0
LOWV.US,5,20251016,155500,78.2212,78.2212,78.2212,78.2212,128,0
LOWV.US,5,20251016,173500,78.16,78.16,78.16,78.16,403,0
LOWV.US,5,20251016,174000,78.2099,78.2099,78.2099,78.2099,160,0
LOWV.US,5,20251016,182000,78.14,78.14,78.14,78.14,100,0
LOWV.US,5,20251016,183000,77.88,77.88,77.88,77.88,100,0
LOWV.US,5,20251016,183500,77.6103,77.6103,77.6103,77.6103,100,0
LOWV.US,5,20251016,192000,77.83,77.83,77.83,77.83,100,0
LOWV.US,5,20251016,193500,77.89,77.89,77.89,77.89,100,0
LOWV.US,5,20251016,194500,77.7499,77.7499,77.7499,77.7499,129,0
LOWV.US,5,20251016,195000,77.7,77.7,77.6804,77.6804,2586,0
LOWV.US,5,20251016,201000,77.68,77.68,77.415,77.55,716,0
LOWV.US,5,20251016,203500,77.41,77.41,77.4099,77.4099,200,0
LOWV.US,5,20251016,205000,77.51,77.51,77.51,77.51,2252,0
LOWV.US,5,20251016,213000,77.38,77.38,77.38,77.38,126,0
LOWV.US,5,20251016,213500,77.44,77.44,77.44,77.44,121,0
LOWV.US,5,20251017,155000,77.57,77.57,77.57,77.57,295,0
LOWV.US,5,20251017,161500,77.7972,77.7972,77.7972,77.7972,187,0
LOWV.US,5,20251017,162000,77.75,77.75,77.7499,77.7499,600,0
LOWV.US,5,20251017,163500,77.65,77.65,77.545,77.545,220,0
LOWV.US,5,20251017,180500,77.81,77.81,77.81,77.81,126,0
LOWV.US,5,20251017,193000,77.6548,77.6548,77.6548,77.6548,100,0
LOWV.US,5,20251017,194500,77.6697,77.6697,77.6697,77.6697,100,0
LOWV.US,5,20251017,195500,77.7895,77.7895,77.7895,77.7895,120,0
LOWV.US,5,20251017,200000,77.8682,77.87,77.8682,77.87,200,0
LOWV.US,5,20251017,204500,77.99,77.99,77.99,77.99,3882,0
LOWV.US,5,20251017,205000,77.98,77.98,77.98,77.98,159,0
LOWV.US,5,20251020,181500,78.59,78.59,78.59,78.59,438,0
LOWV.US,5,20251020,194500,78.75,78.75,78.75,78.75,242,0
LOWV.US,5,20251020,203500,78.69,78.69,78.69,78.69,1145,0
LOWV.US,5,20251020,215000,78.7396,78.7396,78.7396,78.7396,100,0
LOWV.US,5,20251021,164500,78.79,78.79,78.7899,78.7899,424,0
LOWV.US,5,20251021,183500,78.8999,78.9,78.8999,78.9,200,0
LOWV.US,5,20251021,185000,78.905,78.905,78.905,78.905,2450,0
LOWV.US,5,20251021,193000,78.795,78.795,78.795,78.795,166,0
LOWV.US,5,20251021,211000,78.86,78.86,78.85,78.85,2220,0
LOWV.US,5,20251022,182000,78.71,78.71,78.71,78.71,373,0
LOWV.US,5,20251022,183000,78.32,78.32,78.32,78.32,100,0
LOWV.US,5,20251022,205000,78.43,78.43,78.42,78.42,2143,0
LOWV.US,5,20251023,162000,78.52,78.52,78.52,78.52,100,0
LOWV.US,5,20251023,205000,78.76,78.76,78.75,78.75,1500,0
LOWV.US,5,20251023,211500,78.65,78.6501,78.65,78.65,1209,0
LOWV.US,5,20251024,161500,79.13,79.13,79.13,79.13,183,0
LOWV.US,5,20251024,172500,79.185,79.185,79.185,79.185,146,0
LOWV.US,5,20251024,194500,79.27,79.27,79.2699,79.2699,200,0
LOWV.US,5,20251024,205500,79.25,79.25,79.24,79.24,677,0
LOWV.US,5,20251024,211500,79.2,79.2,79.2,79.2,1975,0
LOWV.US,5,20251024,215500,79.08,79.08,79.08,79.08,100,0
LOWV.US,5,20251027,175000,79.52,79.52,79.52,79.52,100,0
LOWV.US,5,20251027,183500,79.555,79.555,79.555,79.555,244,0
LOWV.US,5,20251027,185500,79.61,79.61,79.5884,79.5884,300,0
LOWV.US,5,20251027,194000,79.66,79.66,79.65,79.65,1203,0
LOWV.US,5,20251027,205000,79.728,79.728,79.728,79.728,100,0
LOWV.US,5,20251028,150500,79.73,79.73,79.73,79.73,100,0
LOWV.US,5,20251028,153000,79.8799,79.8799,79.8799,79.8799,100,0
LOWV.US,5,20251028,170500,79.77,79.77,79.77,79.77,100,0
LOWV.US,5,20251028,185000,79.86,79.86,79.86,79.86,100,0
LOWV.US,5,20251028,200500,79.93,79.93,79.92,79.92,2779,0
LOWV.US,5,20251028,202000,79.91,79.91,79.91,79.91,100,0
LOWV.US,5,20251028,203000,79.95,79.95,79.949,79.949,366,0
LOWV.US,5,20251029,145500,79.49,79.49,79.4608,79.4608,200,0
LOWV.US,5,20251029,150500,79.34,79.34,79.34,79.34,100,0
LOWV.US,5,20251029,154500,79.38,79.38,79.38,79.38,160,0
LOWV.US,5,20251029,155500,79.3302,79.3302,79.3302,79.3302,600,0
LOWV.US,5,20251029,160000,79.3101,79.3101,79.3101,79.3101,200,0
LOWV.US,5,20251029,160500,79.3,79.3255,79.3,79.3255,596,0
LOWV.US,5,20251029,171500,79.32,79.32,79.32,79.32,112,0
LOWV.US,5,20251029,175000,79.41,79.41,79.41,79.41,112,0
LOWV.US,5,20251029,183500,79.33,79.33,79.3299,79.3299,629,0
LOWV.US,5,20251029,195500,79.15,79.15,79.14,79.14,3917,0
LOWV.US,5,20251030,145500,79.2699,79.27,79.2699,79.27,200,0
LOWV.US,5,20251030,154500,79.33,79.33,79.295,79.295,592,0
LOWV.US,5,20251030,175500,79.1434,79.1434,79.1434,79.1434,158,0
LOWV.US,5,20251030,181500,79.094,79.094,79.094,79.094,160,0
LOWV.US,5,20251030,202500,78.91008,78.91008,78.91008,78.91008,183,0
LOWV.US,5,20251030,203000,78.94,78.94,78.94,78.94,1489,0
LOWV.US,5,20251030,203500,78.93,78.93,78.93,78.93,739,0
LOWV.US,5,20251031,154500,78.9755,78.9755,78.9755,78.9755,319,0
LOWV.US,5,20251031,162000,78.9642,78.9642,78.9642,78.9642,198,0
LOWV.US,5,20251031,174500,78.76,78.76,78.7599,78.7599,200,0
LOWV.US,5,20251031,180500,78.623,78.623,78.623,78.623,444,0
LOWV.US,5,20251031,184500,78.68,78.68,78.6799,78.6799,200,0
LOWV.US,5,20251031,200000,78.79,78.79,78.79,78.79,564,0
LOWV.US,5,20251031,204500,78.96,78.96,78.96,78.96,100,0
LOWV.US,5,20251103,154000,78.7077,78.7077,78.7077,78.7077,200,0
LOWV.US,5,20251103,161500,78.56,78.56,78.5,78.5,2586,0
LOWV.US,5,20251103,163000,78.38,78.38,78.3659,78.3659,200,0
LOWV.US,5,20251103,180000,78.65,78.65,78.65,78.65,966,0
LOWV.US,5,20251103,182500,78.63,78.63,78.63,78.63,201,0
LOWV.US,5,20251103,183000,78.65,78.65,78.65,78.65,150,0
LOWV.US,5,20251103,210000,78.74,78.74,78.74,78.74,12354,0
LOWV.US,5,20251103,215500,78.76,78.76,78.76,78.76,578,0
LOWV.US,5,20251104,153000,78.21,78.21,78.21,78.21,375,0
LOWV.US,5,20251104,155000,78.37,78.37,78.37,78.37,100,0
LOWV.US,5,20251104,181000,78.505,78.505,78.505,78.505,100,0
LOWV.US,5,20251104,181500,78.5,78.5,78.5,78.5,1763,0
LOWV.US,5,20251104,184000,78.44,78.44,78.44,78.44,100,0
LOWV.US,5,20251104,205500,78.34,78.34,78.34,78.34,3648,0
LOWV.US,5,20251105,182000,78.68,78.68,78.68,78.68,1500,0
LOWV.US,5,20251105,183500,78.76,78.76,78.76,78.76,362,0
LOWV.US,5,20251105,185000,78.715,78.715,78.69,78.715,2209,0
LOWV.US,5,20251105,210000,78.64,78.64,78.64,78.64,4824,0
LOWV.US,5,20251105,215500,78.53,78.53,78.43,78.43,211,0
LOWV.US,5,20251106,154500,78.1195,78.1195,78.1112,78.1112,290,0
LOWV.US,5,20251106,174500,77.76,77.76,77.7599,77.7599,200,0
LOWV.US,5,20251106,192500,77.82,77.82,77.8199,77.8199,200,0
LOWV.US,5,20251106,193000,77.8025,77.8025,77.8025,77.8025,126,0
LOWV.US,5,20251106,210000,78.04,78.04,78.04,78.04,3146,0
LOWV.US,5,20251106,212500,78.1,78.1,78.0999,78.0999,200,0
LOWV.US,5,20251106,213000,78,78.04,77.9791,78.0399,700,0
LOWV.US,5,20251106,214500,77.8673,77.8673,77.8673,77.8673,200,0
LOWV.US,5,20251107,154500,77.52,77.52,77.52,77.52,135,0
LOWV.US,5,20251107,160000,77.48,77.48,77.46,77.46,200,0
LOWV.US,5,20251107,160500,77.4055,77.4055,77.4055,77.4055,100,0
LOWV.US,5,20251107,161000,77.5,77.5,77.5,77.5,100,0
LOWV.US,5,20251107,182000,77.35,77.35,77.3499,77.3499,200,0
LOWV.US,5,20251107,185000,77.15,77.15,77.15,77.15,135,0
LOWV.US,5,20251107,193500,77.39,77.39,77.39,77.39,100,0
LOWV.US,5,20251107,205500,77.77,77.77,77.77,77.77,1386,0
LOWV.US,5,20251107,210500,77.69,77.69,77.69,77.69,100,0
LOWV.US,5,20251107,212500,77.61,77.61,77.61,77.61,200,0
LOWV.US,5,20251107,215500,77.89,77.89,77.89,77.89,154,0
LOWV.US,5,20251110,181500,78.36,78.36,78.3599,78.3599,200,0
LOWV.US,5,20251110,185000,78.6,78.6,78.5999,78.5999,400,0
LOWV.US,5,20251110,191500,78.6264,78.6625,78.6264,78.6625,1053,0
LOWV.US,5,20251110,202000,78.71,78.71,78.71,78.71,100,0
LOWV.US,5,20251110,210000,78.8105,78.8105,78.8105,78.8105,634,0
LOWV.US,5,20251110,213000,78.84,78.84,78.83,78.83,5700,0
LOWV.US,5,20251110,214000,78.852,78.852,78.84,78.84,529,0
LOWV.US,5,20251110,215000,78.89,78.89,78.8899,78.8899,200,0
LOWV.US,5,20251110,215500,78.84,78.84,78.84,78.84,100,0
LOWV.US,5,20251111,160500,78.86,78.86,78.86,78.86,100,0
LOWV.US,5,20251111,175000,78.91,78.91,78.91,78.91,154,0
LOWV.US,5,20251111,193000,79.2,79.2,79.2,79.2,293,0
LOWV.US,5,20251111,202000,79.23,79.23,79.23,79.23,550,0
LOWV.US,5,20251111,203500,79.26,79.26,79.26,79.26,100,0
LOWV.US,5,20251111,215500,79.26,79.26,79.2599,79.2599,200,0
LOWV.US,5,20251112,154000,79.28,79.28,79.28,79.28,100,0
LOWV.US,5,20251112,160000,79.22,79.22,79.22,79.22,100,0
LOWV.US,5,20251112,181500,79.02,79.02,79.0199,79.0199,200,0
LOWV.US,5,20251112,182000,79.06,79.06,79.06,79.06,341,0
LOWV.US,5,20251112,192500,79.18,79.18,79.18,79.18,100,0
LOWV.US,5,20251112,200000,79.205,79.205,79.205,79.205,186,0
LOWV.US,5,20251112,202500,79.14,79.14,79.14,79.14,1455,0
LOWV.US,5,20251112,210500,79.12,79.12,79.12,79.12,239,0
LOWV.US,5,20251112,212000,79.14,79.14,79.14,79.14,100,0
LOWV.US,5,20251113,160000,79,79,79,79,100,0
LOWV.US,5,20251113,170000,78.8201,78.8499,78.82,78.8201,1166,0
LOWV.US,5,20251113,181500,78.74973,78.74973,78.74973,78.74973,109,0
LOWV.US,5,20251113,185000,78.7015,78.7015,78.7015,78.7015,100,0
LOWV.US,5,20251113,191500,78.66,78.66,78.66,78.66,100,0
LOWV.US,5,20251113,194000,78.43,78.4512,78.35,78.35,3600,0
LOWV.US,5,20251113,204000,78.4,78.41,78.4,78.41,1441,0
LOWV.US,5,20251113,214000,78.44,78.44,78.44,78.44,2540,0
LOWV.US,5,20251113,215500,78.28,78.29,78.28,78.29,592,0
LOWV.US,5,20251114,173000,78.45,78.45,78.45,78.45,130,0
LOWV.US,5,20251114,201500,78.46,78.46,78.46,78.46,822,0
LOWV.US,5,20251114,202000,78.5428,78.5428,78.5428,78.5428,101,0
LOWV.US,5,20251114,215500,78.8,78.8,78.8,78.8,251,0
LOWV.US,5,20251117,155500,78.44,78.44,78.44,78.44,100,0
LOWV.US,5,20251117,184500,78.1547,78.1547,78.1516,78.1516,200,0
LOWV.US,5,20251117,201000,77.807,77.807,77.807,77.807,100,0
LOWV.US,5,20251117,202500,77.75,77.75,77.74,77.74,5852,0
LOWV.US,5,20251118,160500,77.11,77.11,77.1099,77.1099,200,0
LOWV.US,5,20251118,171000,77.0841,77.0841,77.0841,77.0841,100,0
LOWV.US,5,20251118,211000,77.55,77.55,77.55,77.55,315,0
LOWV.US,5,20251119,153000,77.35,77.35,77.35,77.35,100,0
LOWV.US,5,20251119,162000,77.74,77.74,77.71,77.71,314,0
LOWV.US,5,20251119,170000,77.3741,77.3741,77.3741,77.3741,684,0
LOWV.US,5,20251119,173500,77.1943,77.1943,77.1943,77.1943,147,0
LOWV.US,5,20251119,180000,77.32,77.32,77.32,77.32,100,0
LOWV.US,5,20251119,185500,77.17,77.195,77.17,77.195,857,0
LOWV.US,5,20251119,200000,77.34,77.34,77.34,77.34,100,0
LOWV.US,5,20251119,203000,77.04,77.04,77.04,77.04,100,0
LOWV.US,5,20251119,210500,77.23,77.23,77.22,77.22,1869,0
LOWV.US,5,20251119,211000,77.21,77.244,77.21,77.244,216,0
LOWV.US,5,20251119,211500,77.34,77.34,77.34,77.34,100,0
LOWV.US,5,20251119,215500,77.32,77.32,77.32,77.32,287,0
LOWV.US,5,20251120,160500,78.28,78.28,78.22,78.22,200,0
LOWV.US,5,20251120,162000,78.25,78.25,78.25,78.25,350,0
LOWV.US,5,20251120,165500,78.22,78.22,78.22,78.22,100,0
LOWV.US,5,20251120,170500,78.0338,78.0338,78.0238,78.0238,200,0
LOWV.US,5,20251120,171500,77.835,77.835,77.7948,77.7948,200,0
LOWV.US,5,20251120,184500,76.73,76.73,76.7,76.7,236,0
LOWV.US,5,20251120,190500,76.98,76.98,76.98,76.98,500,0
LOWV.US,5,20251120,191000,77.125,77.125,77.12,77.12,200,0
LOWV.US,5,20251120,211000,76.6761,76.6761,76.6761,76.6761,219,0
LOWV.US,5,20251120,214500,76.3001,76.3001,76.3,76.3,200,0
LOWV.US,5,20251120,215000,76.3201,76.3201,76.3201,76.3201,100,0
LOWV.US,5,20251120,215500,76.35,76.37,76.35,76.37,287,0
LOWV.US,5,20251121,165500,76.741,76.741,76.741,76.741,319,0
LOWV.US,5,20251121,170500,76.52,76.52,76.52,76.52,100,0
LOWV.US,5,20251121,174500,77.01,77.01,77.01,77.01,114,0
LOWV.US,5,20251121,180000,77.22,77.22,77.22,77.22,100,0
LOWV.US,5,20251121,191000,77.045,77.045,77.045,77.045,100,0
LOWV.US,5,20251121,203500,77.56,77.5736,77.56,77.5736,200,0
LOWV.US,5,20251121,211500,77.33,77.33,77.33,77.33,501,0
LOWV.US,5,20251121,215000,77.23,77.23,77.12,77.12,228,0
LOWV.US,5,20251124,154000,77.48,77.48,77.48,77.48,100,0
LOWV.US,5,20251124,162500,77.64063,77.64063,77.64063,77.64063,135,0
LOWV.US,5,20251124,175500,77.759,77.759,77.759,77.759,540,0
LOWV.US,5,20251124,191000,77.93,77.93,77.93,77.93,100,0
LOWV.US,5,20251124,192000,77.94,77.94,77.94,77.94,100,0
LOWV.US,5,20251124,211500,77.94,77.94,77.93,77.93,7960,0
LOWV.US,5,20251124,213000,77.88,77.91,77.88,77.91,200,0
LOWV.US,5,20251124,215000,77.86,77.9753,77.86,77.9753,201,0
LOWV.US,5,20251124,215500,77.975,77.975,77.975,77.975,100,0
LOWV.US,5,20251125,154500,77.95,77.95,77.8,77.8,235,0
LOWV.US,5,20251125,180500,78.54,78.54,78.54,78.54,167,0
LOWV.US,5,20251125,195500,78.67,78.67,78.652,78.652,505,0
LOWV.US,5,20251125,204500,78.59,78.6,78.59,78.6,391,0
LOWV.US,5,20251125,215500,78.82,79.19,78.82,79.19,1468,0
LOWV.US,5,20251126,155500,78.98,78.98,78.98,78.98,100,0
LOWV.US,5,20251126,162000,78.87,78.87,78.87,78.87,100,0
LOWV.US,5,20251126,173000,79.12,79.12,79.1199,79.1199,200,0
LOWV.US,5,20251126,180000,79.17,79.17,79.17,79.17,200,0
LOWV.US,5,20251126,212000,79.11,79.12,79.11,79.12,2456,0
LOWV.US,5,20251126,213500,79.1001,79.1001,79.1001,79.1001,161,0
LOWV.US,5,20251126,215500,79.03,79.4,78.99,79.4,3544,0
LOWV.US,5,20251128,165000,79.22,79.22,79.22,79.22,200,0
LOWV.US,5,20251128,172500,79.17,79.17,79.17,79.17,1385,0
LOWV.US,5,20251128,180000,79.18,79.18,79.18,79.18,100,0
LOWV.US,5,20251128,184500,79.14,79.14,79.11,79.11,2081,0
LOWV.US,5,20251128,185500,79.235,79.235,79.235,79.235,100,0
LOWV.US,5,20251201,155000,78.91,78.91,78.8862,78.8862,200,0
LOWV.US,5,20251201,161500,78.93,78.93,78.93,78.93,100,0
LOWV.US,5,20251201,165500,78.985,78.985,78.985,78.985,100,0
LOWV.US,5,20251201,173500,78.9248,78.9248,78.9248,78.9248,580,0
LOWV.US,5,20251201,184500,78.98,78.98,78.98,78.98,350,0
LOWV.US,5,20251201,191000,78.99,78.99,78.99,78.99,350,0
LOWV.US,5,20251201,192500,78.9797,78.9797,78.9797,78.9797,139,0
LOWV.US,5,20251201,193000,78.97,78.97,78.97,78.97,1835,0
LOWV.US,5,20251201,203500,78.71,78.71,78.71,78.71,100,0
LOWV.US,5,20251201,205000,78.705,78.705,78.705,78.705,100,0
LOWV.US,5,20251201,210000,78.71,78.71,78.7,78.7,1484,0
LOWV.US,5,20251201,211500,78.745,78.745,78.745,78.745,200,0
LOWV.US,5,20251202,161000,78.73,78.73,78.73,78.73,100,0
LOWV.US,5,20251202,180000,78.65,78.65,78.649,78.649,200,0
LOWV.US,5,20251202,180500,78.5825,78.5825,78.5825,78.5825,178,0
LOWV.US,5,20251202,182000,78.74,78.74,78.723,78.723,600,0
LOWV.US,5,20251202,182500,78.74,78.74,78.74,78.74,100,0
LOWV.US,5,20251202,185000,78.7,78.7,78.7,78.7,100,0
LOWV.US,5,20251202,193500,78.53,78.53,78.53,78.53,100,0
LOWV.US,5,20251202,205500,78.68,78.68,78.67,78.67,8613,0
LOWV.US,5,20251202,211000,78.635,78.635,78.635,78.635,100,0
LOWV.US,5,20251202,215500,78.56,78.57,78.56,78.57,342,0
LOWV.US,5,20251203,161500,78.38,78.38,78.38,78.38,100,0
LOWV.US,5,20251203,175500,78.482,78.482,78.482,78.482,100,0
LOWV.US,5,20251203,181000,78.57,78.57,78.5687,78.5687,210,0
LOWV.US,5,20251203,181500,78.57,78.57,78.57,78.57,100,0
LOWV.US,5,20251203,193500,78.6599,78.66,78.64,78.66,498,0
LOWV.US,5,20251203,194500,78.67,78.67,78.67,78.67,117,0
LOWV.US,5,20251203,205000,78.72,78.72,78.72,78.72,100,0
LOWV.US,5,20251203,212000,78.73,78.73,78.73,78.73,1256,0
LOWV.US,5,20251203,212500,78.69,78.69,78.68,78.68,2275,0
LOWV.US,5,20251203,215500,78.59,78.59,78.59,78.59,100,0
LOWV.US,5,20251204,174000,78.48,78.48,78.4799,78.4799,508,0
LOWV.US,5,20251204,180000,78.555,78.555,78.555,78.555,280,0
LOWV.US,5,20251204,192000,78.55,78.55,78.55,78.55,280,0
LOWV.US,5,20251204,210000,78.46,78.46,78.45,78.45,3407,0
LOWV.US,5,20251204,211000,78.42,78.42,78.42,78.42,100,0
LOWV.US,5,20251204,212000,78.42,78.42,78.42,78.42,100,0
LOWV.US,5,20251204,213500,78.4,78.4,78.4,78.4,100,0
LOWV.US,5,20251204,214000,78.39,78.39,78.39,78.39,117,0
LOWV.US,5,20251204,215000,78.44,78.44,78.44,78.44,126,0
LOWV.US,5,20251204,215500,78.72,78.72,78.72,78.72,150,0
LOWV.US,5,20251205,170000,78.651,78.651,78.651,78.651,100,0
LOWV.US,5,20251205,193000,78.65,78.65,78.65,78.65,100,0
LOWV.US,5,20251205,204000,78.57,78.58,78.57,78.58,7173,0
LOWV.US,5,20251205,215500,78.5,78.86,78.5,78.86,1751,0
LOWV.US,5,20251208,153500,78.51,78.51,78.51,78.51,100,0
LOWV.US,5,20251208,175000,78.37,78.37,78.37,78.37,149,0
LOWV.US,5,20251208,184500,78.33,78.33,78.33,78.33,846,0
LOWV.US,5,20251208,202000,78.33,78.33,78.32,78.32,5786,0
LOWV.US,5,20251208,203500,78.31,78.31,78.31,78.31,100,0
LOWV.US,5,20251209,175500,78.375,78.375,78.375,78.375,224,0
LOWV.US,5,20251209,180000,78.37,78.37,78.37,78.37,100,0
LOWV.US,5,20251209,182500,78.31,78.31,78.31,78.31,101,0
LOWV.US,5,20251209,183500,78.3,78.3,78.3,78.3,235,0
LOWV.US,5,20251209,184000,78.23,78.23,78.23,78.23,1000,0
LOWV.US,5,20251209,194000,78.24,78.24,78.24,78.24,306,0
LOWV.US,5,20251209,204000,78.22,78.22,78.22,78.22,13824,0
LOWV.US,5,20251209,212000,78.215,78.215,78.215,78.215,105,0
LOWV.US,5,20251209,215500,78.13,78.13,78.13,78.13,343,0
LOWV.US,5,20251210,175000,78.134,78.134,78.134,78.134,100,0
LOWV.US,5,20251210,181000,78.12,78.12,78.12,78.12,100,0
LOWV.US,5,20251210,212500,78.56,78.56,78.56,78.56,1025,0
LOWV.US,5,20251210,215500,78.48,78.4949,78.48,78.4949,782,0
LOWV.US,5,20251211,164500,78.4725,78.4725,78.4725,78.4725,100,0
LOWV.US,5,20251211,190500,78.69,78.69,78.69,78.69,150,0
LOWV.US,5,20251211,204500,78.7999,78.7999,78.7864,78.7864,200,0
LOWV.US,5,20251211,205500,78.78,78.78,78.77,78.77,2709,0
LOWV.US,5,20251211,215500,78.711,78.711,78.711,78.711,135,0
LOWV.US,5,20251212,165500,78.07,78.07,78.07,78.07,119,0
LOWV.US,5,20251212,172500,78.0547,78.0547,78.0547,78.0547,227,0
LOWV.US,5,20251212,173000,78.013,78.013,77.9884,77.9884,200,0
LOWV.US,5,20251212,175000,78.01,78.01,78.01,78.01,100,0
LOWV.US,5,20251212,190500,78.2,78.2,78.2,78.2,1603,0
LOWV.US,5,20251212,194500,78.1201,78.1336,78.1201,78.1336,200,0
LOWV.US,5,20251212,204000,78.08,78.08,78.08,78.08,2518,0
LOWV.US,5,20251215,165000,77.9,77.9,77.9,77.9,100,0
LOWV.US,5,20251215,180500,77.76,77.76,77.76,77.76,767,0
LOWV.US,5,20251215,184000,77.76,77.76,77.76,77.76,990,0
LOWV.US,5,20251215,184500,77.78,77.78,77.78,77.78,746,0
LOWV.US,5,20251215,195000,77.73,77.74,77.73,77.74,977,0
LOWV.US,5,20251215,205000,77.79,77.79,77.79,77.79,3633,0
LOWV.US,5,20251215,214000,77.8141,77.8141,77.8141,77.8141,144,0
LOWV.US,5,20251216,174500,77.46,77.46,77.4599,77.4599,935,0
LOWV.US,5,20251216,193000,77.29,77.29,77.29,77.29,161,0
LOWV.US,5,20251216,203500,77.49,77.49,77.49,77.49,777,0
LOWV.US,5,20251216,205500,77.48,77.48,77.48,77.48,6750,0
LOWV.US,5,20251216,211000,77.5564,77.5564,77.5564,77.5564,175,0
LOWV.US,5,20251216,213000,77.64,77.64,77.64,77.64,777,0
LOWV.US,5,20251216,215000,77.67,77.67,77.67,77.67,7042,0
LOWV.US,5,20251216,215500,77.6167,78.06,77.55,78.06,1375,0
LOWV.US,5,20251217,154000,77.5,77.5,77.5,77.5,100,0
LOWV.US,5,20251217,184500,77.25,77.25,77.25,77.25,102,0
LOWV.US,5,20251217,194500,77.1316,77.1316,77.1316,77.1316,600,0
LOWV.US,5,20251217,200500,77.13,77.13,77.13,77.13,200,0
LOWV.US,5,20251217,202000,77.22,77.22,77.21,77.21,1600,0
LOWV.US,5,20251217,203500,77.1974,77.1974,77.1974,77.1974,500,0
LOWV.US,5,20251217,210000,77.19,77.19,77.19,77.19,5987,0
LOWV.US,5,20251218,153000,77.64,77.64,77.64,77.64,1196,0
LOWV.US,5,20251218,153500,77.52,77.52,77.52,77.52,10644,0
LOWV.US,5,20251218,174000,77.82,77.82,77.82,77.82,256,0
LOWV.US,5,20251218,181000,77.4819,77.4819,77.4819,77.4819,159,0
LOWV.US,5,20251218,181500,77.46,77.46,77.46,77.46,100,0
LOWV.US,5,20251218,211000,77.59,77.59,77.59,77.59,1823,0
LOWV.US,5,20251219,153000,77.6799,77.6799,77.6799,77.6799,325,0
LOWV.US,5,20251219,161000,77.85,77.85,77.85,77.85,205,0
LOWV.US,5,20251219,164500,77.8702,77.8848,77.87,77.8848,741,0
LOWV.US,5,20251219,165000,77.89,77.89,77.873,77.89,1700,0
LOWV.US,5,20251219,170000,77.84,77.84,77.84,77.84,100,0
LOWV.US,5,20251219,171500,77.89,77.91,77.89,77.91,363,0
LOWV.US,5,20251219,184500,77.995,77.995,77.995,77.995,123,0
LOWV.US,5,20251219,192000,78.0282,78.0282,78,78,375,0
LOWV.US,5,20251219,192500,78.01,78.01,78.01,78.01,100,0
LOWV.US,5,20251219,210500,77.98,77.98,77.96,77.97,6458,0
LOWV.US,5,20251222,161500,78.2599,78.2599,78.2599,78.2599,195,0
LOWV.US,5,20251222,170000,78.27,78.27,78.27,78.27,650,0
LOWV.US,5,20251222,171000,78.3627,78.3627,78.3627,78.3627,100,0
LOWV.US,5,20251222,171500,78.38,78.38,78.38,78.38,100,0
LOWV.US,5,20251222,183500,78.4208,78.4208,78.4208,78.4208,358,0
LOWV.US,5,20251222,201500,78.34,78.34,78.34,78.34,814,0
LOWV.US,5,20251222,204000,78.4027,78.4027,78.4027,78.4027,100,0
LOWV.US,5,20251222,211500,78.43,78.43,78.42,78.42,3208,0
LOWV.US,5,20251222,215500,78.62,78.62,78.62,78.62,175,0
LOWV.US,5,20251223,183000,78.7892,78.7892,78.7892,78.7892,100,0
LOWV.US,5,20251223,191500,78.8026,78.8026,78.8026,78.8026,127,0
LOWV.US,5,20251223,195000,78.88,78.88,78.865,78.865,200,0
LOWV.US,5,20251223,210500,78.9,78.91,78.9,78.9,3513,0
LOWV.US,5,20251223,215000,78.89,78.89,78.89,78.89,100,0
LOWV.US,5,20251224,163000,79.033,79.033,79.033,79.033,176,0
LOWV.US,5,20251224,180500,79.15148,79.15148,79.15148,79.15148,109,0
LOWV.US,5,20251224,184000,79.144,79.144,79.144,79.144,114,0
LOWV.US,5,20251224,185000,79.15,79.15,79.15,79.15,5826,0
LOWV.US,5,20251226,161500,79.15,79.15,79.15,79.15,30222,0
LOWV.US,5,20251226,181000,79.07,79.07,79.07,79.07,100,0
LOWV.US,5,20251226,182500,79.075,79.075,79.075,79.075,127,0
LOWV.US,5,20251226,211500,79.12,79.12,79.12,79.12,459,0
LOWV.US,5,20251226,213000,79.12,79.12,79.12,79.12,219,0
LOWV.US,5,20251226,215500,79.14,79.14,79.14,79.14,103,0
LOWV.US,5,20251229,163500,79.02,79.02,79.02,79.02,100,0
LOWV.US,5,20251229,193000,78.94,78.94,78.94,78.94,410,0
LOWV.US,5,20251229,203000,78.95,78.95,78.95,78.95,485,0
LOWV.US,5,20251229,203500,78.96,78.96,78.96,78.96,682,0
LOWV.US,5,20251229,215500,78.97,78.97,78.926,78.97,1900,0
LOWV.US,5,20251230,161000,78.92,78.92,78.9199,78.9199,200,0
LOWV.US,5,20251230,171500,78.93,78.93,78.93,78.93,379,0
LOWV.US,5,20251230,182500,78.87,78.87,78.87,78.87,106,0
LOWV.US,5,20251230,194500,78.96,78.96,78.9599,78.9599,400,0
LOWV.US,5,20251230,210000,78.92,78.92,78.92,78.92,106,0
LOWV.US,5,20251230,211000,78.9,78.91,78.9,78.91,833,0
LOWV.US,5,20251230,214500,78.955,78.97,78.955,78.9598,610,0
LOWV.US,5,20251230,215500,78.9,78.9,78.874,78.89,1773,0
LOWV.US,5,20251231,160000,78.7529,78.7529,78.7529,78.7529,1947,0
LOWV.US,5,20251231,161000,78.77,78.77,78.73,78.73,300,0
LOWV.US,5,20251231,163500,78.67,78.67,78.63,78.63,200,0
LOWV.US,5,20251231,165500,78.59,78.59,78.59,78.59,300,0
LOWV.US,5,20251231,171500,78.6,78.6,78.6,78.6,100,0
LOWV.US,5,20251231,174500,78.65,78.65,78.65,78.65,100,0
LOWV.US,5,20251231,175500,78.68,78.68,78.68,78.68,100,0
LOWV.US,5,20251231,180000,78.69,78.69,78.69,78.69,100,0
LOWV.US,5,20251231,203000,78.7,78.7,78.7,78.7,200,0
LOWV.US,5,20251231,205000,78.59,78.6,78.59,78.6,1051,0
LOWV.US,5,20251231,210500,78.56,78.56,78.56,78.56,100,0
LOWV.US,5,20251231,215500,78.38,78.38,78.36,78.36,621,0
LOWV.US,5,20260102,170500,77.9491,77.9491,77.9491,77.9491,156,0
LOWV.US,5,20260102,172500,78.0225,78.0225,78.0225,78.0225,125,0
LOWV.US,5,20260102,210000,78.17,78.17,78.16,78.16,10140,0
LOWV.US,5,20260102,215500,78.15,78.15,78.15,78.15,470,0
LOWV.US,5,20260105,153000,78.44,78.44,78.44,78.44,2440,0
LOWV.US,5,20260105,164500,78.44,78.44,78.44,78.44,100,0
LOWV.US,5,20260105,201000,78.66,78.66,78.66,78.66,100,0
LOWV.US,5,20260105,205500,78.65,78.65,78.64,78.64,21015,0
LOWV.US,5,20260105,215500,78.615,78.65,78.615,78.65,942,0
LOWV.US,5,20260106,155500,78.945,78.95,78.945,78.95,277,0
LOWV.US,5,20260106,202000,79.041,79.041,79.041,79.041,127,0
LOWV.US,5,20260106,204500,79.038,79.038,79.038,79.038,800,0
LOWV.US,5,20260106,210000,79.03,79.03,79.02,79.02,13873,0
LOWV.US,5,20260106,210500,79.03,79.03,79.03,79.03,650,0
LOWV.US,5,20260106,215000,79.0218,79.04,79.0218,79.03,900,0
LOWV.US,5,20260106,215500,79.02,79.32,79.02,79.32,2978,0
LOWV.US,5,20260107,173500,79.34923,79.34923,79.34923,79.34923,165,0
LOWV.US,5,20260107,175000,79.45,79.45,79.45,79.45,1102,0
LOWV.US,5,20260107,182000,79.49,79.49,79.49,79.49,1209,0
LOWV.US,5,20260107,201000,79.3529,79.3529,79.32,79.32,200,0
LOWV.US,5,20260107,211000,79.25,79.25,79.24,79.25,7018,0
LOWV.US,5,20260107,213500,79.06,79.06,79.06,79.06,100,0
LOWV.US,5,20260107,215000,79.1,79.1,79.1,79.1,106,0
LOWV.US,5,20260107,215500,79.09,79.26,79.08,79.26,8816,0
LOWV.US,5,20260108,153000,79.22,79.22,79.22,79.22,369,0
LOWV.US,5,20260108,153500,79.14,79.14,79.14,79.14,100,0
LOWV.US,5,20260108,175000,79.19,79.19,79.19,79.19,100,0
LOWV.US,5,20260108,211500,79.1,79.1,79.09,79.09,1840,0
LOWV.US,5,20260109,172000,79.43,79.43,79.43,79.43,293,0
LOWV.US,5,20260109,193000,79.54,79.54,79.54,79.54,228,0
LOWV.US,5,20260109,212500,79.6,79.6,79.6,79.6,381,0
LOWV.US,5,20260109,214500,79.56,79.56,79.56,79.56,150,0
LOWV.US,5,20260109,215500,79.51724,79.53,79.51724,79.53,595,0
LOWV.US,5,20260112,162000,79.43,79.43,79.43,79.43,100,0
LOWV.US,5,20260112,174000,79.4,79.4,79.4,79.4,2105,0
LOWV.US,5,20260112,184500,79.3709,79.3709,79.37,79.37,466,0
LOWV.US,5,20260112,185500,79.365,79.365,79.365,79.365,100,0
LOWV.US,5,20260112,190500,79.42,79.42,79.42,79.42,245,0
LOWV.US,5,20260112,192000,79.4067,79.4299,79.4067,79.4299,384,0
LOWV.US,5,20260112,193000,79.43,79.43,79.43,79.43,102,0
LOWV.US,5,20260112,193500,79.42,79.42,79.4199,79.4199,250,0
LOWV.US,5,20260112,202500,79.535,79.535,79.535,79.535,250,0
LOWV.US,5,20260112,211000,79.615,79.615,79.615,79.615,314,0
LOWV.US,5,20260112,211500,79.59,79.59,79.59,79.59,1343,0
LOWV.US,5,20260112,213000,79.54,79.54,79.54,79.54,145,0
LOWV.US,5,20260112,214000,79.54156,79.54156,79.5409,79.5409,324,0
LOWV.US,5,20260112,215500,79.6,79.88,79.5739,79.88,3593,0
LOWV.US,5,20260113,153500,79.51,79.51,79.51,79.51,100,0
LOWV.US,5,20260113,161500,79.17,79.18,79.11,79.145,720,0
LOWV.US,5,20260113,163500,79.1778,79.1778,79.1778,79.1778,417,0
LOWV.US,5,20260113,165000,79.18,79.18,79.18,79.18,100,0
LOWV.US,5,20260113,165500,79.18,79.18,79.18,79.18,1166,0
LOWV.US,5,20260113,172500,79.2,79.2,79.2,79.2,100,0
LOWV.US,5,20260113,180000,79.28,79.28,79.28,79.28,734,0
LOWV.US,5,20260113,192500,79.08,79.08,79.08,79.08,451,0
LOWV.US,5,20260113,200000,79.025,79.025,79.025,79.025,146,0
LOWV.US,5,20260113,213000,78.88,78.88,78.88,78.88,100,0
LOWV.US,5,20260113,214000,78.94,78.94,78.94,78.94,100,0
LOWV.US,5,20260113,215500,79.1,79.1,79.1,79.1,337,0
LOWV.US,5,20260114,153500,78.85,78.86,78.85,78.86,227,0
LOWV.US,5,20260114,155000,78.63,78.63,78.63,78.63,100,0
LOWV.US,5,20260114,191500,78.38,78.38,78.38,78.38,142,0
LOWV.US,5,20260114,195000,78.43,78.43,78.43,78.43,153,0
LOWV.US,5,20260114,205000,78.51,78.51,78.51,78.51,2356,0
LOWV.US,5,20260114,205500,78.49,78.49,78.49,78.49,480,0
LOWV.US,5,20260114,210000,78.48,78.48,78.48,78.48,110,0
LOWV.US,5,20260114,211500,78.5219,78.5219,78.5219,78.5219,136,0
LOWV.US,5,20260114,212500,78.6,78.6,78.5999,78.5999,458,0
LOWV.US,5,20260114,213000,78.68,78.6801,78.68,78.6801,305,0
LOWV.US,5,20260114,214000,78.659,78.659,78.659,78.659,255,0
LOWV.US,5,20260114,215500,78.68,78.72,78.68,78.72,396,0
LOWV.US,5,20260115,153000,78.97,78.97,78.97,78.97,1960,0
LOWV.US,5,20260115,162500,78.8314,78.8314,78.8314,78.8314,1100,0
LOWV.US,5,20260115,174500,78.958,78.958,78.958,78.958,750,0
LOWV.US,5,20260115,185000,78.91,78.91,78.909,78.909,458,0
LOWV.US,5,20260115,212000,78.6334,78.6334,78.6334,78.6334,148,0
LOWV.US,5,20260115,212500,78.65,78.65,78.65,78.65,4231,0
LOWV.US,5,20260115,213000,78.66,78.66,78.66,78.66,1000,0
LOWV.US,5,20260116,162000,78.717,78.717,78.717,78.717,186,0
LOWV.US,5,20260116,162500,78.74,78.74,78.74,78.74,1200,0
LOWV.US,5,20260116,170500,78.72,78.72,78.72,78.72,1100,0
LOWV.US,5,20260116,180500,78.83,78.86,78.83,78.83,458,0
LOWV.US,5,20260116,181500,78.86,78.86,78.8599,78.8599,640,0
LOWV.US,5,20260116,182500,78.85,78.85,78.85,78.85,100,0
LOWV.US,5,20260116,201000,78.94,78.94,78.94,78.94,100,0
LOWV.US,5,20260116,210000,78.94,78.94,78.94,78.94,822,0
LOWV.US,5,20260116,210500,78.94,78.94,78.94,78.94,100,0
LOWV.US,5,20260116,212500,78.94,78.94,78.94,78.94,200,0
LOWV.US,5,20260116,213500,78.89,78.89,78.89,78.89,203,0
LOWV.US,5,20260116,215500,78.84,78.84,78.84,78.84,200,0
LOWV.US,5,20260120,154500,77.8744,77.8744,77.8744,77.8744,100,0
LOWV.US,5,20260120,155000,77.89,77.89,77.89,77.89,500,0
LOWV.US,5,20260120,160000,77.87,77.87,77.87,77.87,100,0
LOWV.US,5,20260120,160500,77.77,77.77,77.77,77.77,100,0
LOWV.US,5,20260120,172500,78.01,78.01,78.0099,78.0099,200,0
LOWV.US,5,20260120,174000,78.06,78.06,78.06,78.06,100,0
LOWV.US,5,20260120,175000,78.04,78.04,78.04,78.04,100,0
LOWV.US,5,20260120,183500,77.84,77.84,77.84,77.84,227,0
LOWV.US,5,20260120,200000,77.55,77.55,77.55,77.55,311,0
LOWV.US,5,20260120,210000,77.4016,77.4016,77.4016,77.4016,204,0
LOWV.US,5,20260120,211500,77.38,77.38,77.37,77.37,2618,0
LOWV.US,5,20260120,214000,77.37,77.37,77.33,77.33,420,0
LOWV.US,5,20260121,163000,77.8,77.8,77.8,77.8,120,0
LOWV.US,5,20260121,173000,77.716,77.716,77.716,77.716,122,0
LOWV.US,5,20260121,201000,77.3772,77.3772,77.375,77.375,206,0
LOWV.US,5,20260121,201500,77.365,77.365,77.365,77.365,109,0
LOWV.US,5,20260121,202000,77.39,77.39,77.39,77.39,165,0
LOWV.US,5,20260121,202500,77.46,77.617,77.46,77.617,308,0
LOWV.US,5,20260121,203000,77.77,77.77,77.77,77.77,510,0
LOWV.US,5,20260121,204000,78.0495,78.0495,78.0495,78.0495,500,0
LOWV.US,5,20260121,205500,78.12,78.12,78.12,78.12,162,0
LOWV.US,5,20260121,210000,78.12,78.12,78.12,78.12,382,0
LOWV.US,5,20260121,210500,78.11,78.11,78.11,78.11,142,0
LOWV.US,5,20260121,214000,77.85,77.8502,77.85,77.8502,400,0
LOWV.US,5,20260121,214500,77.8435,77.8435,77.8435,77.8435,218,0
LOWV.US,5,20260121,215000,77.86,77.86,77.86,77.86,754,0
LOWV.US,5,20260122,170500,78.34,78.34,78.34,78.34,100,0
LOWV.US,5,20260122,175000,78.35,78.35,78.35,78.35,116,0
LOWV.US,5,20260122,190500,78.415,78.415,78.415,78.415,430,0
LOWV.US,5,20260122,204500,78.4,78.4,78.4,78.4,100,0
LOWV.US,5,20260122,211500,78.36,78.38,78.35,78.35,2573,0
LOWV.US,5,20260122,213000,78.23,78.23,78.23,78.23,100,0
LOWV.US,5,20260122,215500,78.3,78.56,78.3,78.56,2480,0
LOWV.US,5,20260123,182000,78.62161,78.62161,78.62161,78.62161,115,0
LOWV.US,5,20260123,195000,78.59,78.59,78.59,78.59,312,0
LOWV.US,5,20260123,203500,78.7,78.7,78.7,78.7,100,0
LOWV.US,5,20260123,211500,78.61,78.62,78.61,78.62,5883,0
