<TICKER>,<PER>,<DATE>,<TIME>,<OPEN>,<HIGH>,<LOW>,<CLOSE>,<VOL>,<OPENINT>
LSAF.US,5,20250829,153500,44.365,44.365,44.365,44.365,264,0
LSAF.US,5,20250829,163500,44.235,44.235,44.235,44.235,229,0
LSAF.US,5,20250829,200500,44.2032,44.2032,44.2032,44.2032,566,0
LSAF.US,5,20250829,202500,44.2,44.2,44.195,44.195,424,0
LSAF.US,5,20250829,203000,44.18,44.2,44.18,44.2,722,0
LSAF.US,5,20250829,213500,44.165,44.165,44.165,44.165,100,0
LSAF.US,5,20250829,214000,44.18,44.18,44.18,44.18,100,0
LSAF.US,5,20250829,214500,44.19,44.25,44.19,44.25,200,0
LSAF.US,5,20250829,215000,44.26,44.26,44.26,44.26,100,0
LSAF.US,5,20250829,215500,44.29,44.32,44.28,44.32,800,0
LSAF.US,5,20250902,180500,43.9015,43.9015,43.9015,43.9015,353,0
LSAF.US,5,20250902,190000,43.89,43.89,43.89,43.89,100,0
LSAF.US,5,20250902,193000,43.96,43.96,43.96,43.96,100,0
LSAF.US,5,20250902,202000,43.9637,43.9637,43.9637,43.9637,213,0
LSAF.US,5,20250902,205000,43.97,43.97,43.97,43.97,100,0
LSAF.US,5,20250902,205500,44.0009,44.025,44.0009,44.025,416,0
LSAF.US,5,20250902,214000,44.06,44.06,44.06,44.06,100,0
LSAF.US,5,20250902,214500,44.08,44.08,44.04,44.04,200,0
LSAF.US,5,20250902,215000,44.12,44.12,44.12,44.12,100,0
LSAF.US,5,20250902,215500,44.11,44.16,44.11,44.16,1000,0
LSAF.US,5,20250903,161500,43.95,43.95,43.95,43.95,1291,0
LSAF.US,5,20250903,162000,44.01,44.01,43.9801,44.01,601,0
LSAF.US,5,20250903,171000,44.0362,44.05,44.0362,44.05,1213,0
LSAF.US,5,20250903,191500,43.9597,43.9597,43.9553,43.9553,314,0
LSAF.US,5,20250903,192000,43.955,43.955,43.955,43.955,196,0
LSAF.US,5,20250903,192500,43.98,44.01,43.98,44.01,200,0
LSAF.US,5,20250903,200500,43.9024,43.93,43.87,43.93,2128,0
LSAF.US,5,20250903,201500,43.9028,43.9028,43.9028,43.9028,100,0
LSAF.US,5,20250903,202000,43.9153,43.9153,43.8964,43.8964,500,0
LSAF.US,5,20250903,202500,43.92,43.9341,43.92,43.9341,331,0
LSAF.US,5,20250903,212000,43.87,43.9,43.86,43.8827,2720,0
LSAF.US,5,20250903,212500,43.87,43.87,43.87,43.87,352,0
LSAF.US,5,20250903,213500,43.92,43.96,43.92,43.96,200,0
LSAF.US,5,20250903,214500,44.0085,44.0085,43.9825,43.9825,200,0
LSAF.US,5,20250904,153500,44.1,44.1,44.1,44.1,100,0
LSAF.US,5,20250904,161000,43.9714,43.9714,43.9714,43.9714,249,0
LSAF.US,5,20250904,162500,44.0678,44.0678,44.0678,44.0678,113,0
LSAF.US,5,20250904,170500,44.1574,44.23,44.1574,44.23,3098,0
LSAF.US,5,20250904,172500,44.21,44.21,44.21,44.21,100,0
LSAF.US,5,20250904,174000,44.23,44.23,44.23,44.23,100,0
LSAF.US,5,20250904,183500,44.2862,44.2862,44.2862,44.2862,118,0
LSAF.US,5,20250904,184500,44.24,44.24,44.2012,44.24,1032,0
LSAF.US,5,20250904,190000,44.236,44.236,44.236,44.236,153,0
LSAF.US,5,20250904,191500,44.25,44.25,44.25,44.25,100,0
LSAF.US,5,20250904,200000,44.2828,44.2828,44.2828,44.2828,271,0
LSAF.US,5,20250904,200500,44.29,44.36,44.29,44.355,2089,0
LSAF.US,5,20250904,203500,44.28,44.28,44.28,44.28,100,0
LSAF.US,5,20250904,205500,44.2973,44.335,44.2973,44.335,531,0
LSAF.US,5,20250904,210500,44.33,44.33,44.33,44.33,100,0
LSAF.US,5,20250904,211000,44.3406,44.4,44.3406,44.4,1431,0
LSAF.US,5,20250904,212500,44.35,44.35,44.35,44.35,100,0
LSAF.US,5,20250904,213500,44.377,44.42,44.377,44.42,2088,0
LSAF.US,5,20250904,215000,44.41,44.41,44.41,44.41,100,0
LSAF.US,5,20250904,215500,44.45,44.45,44.45,44.45,800,0
LSAF.US,5,20250905,161000,44.696,44.696,44.696,44.696,258,0
LSAF.US,5,20250905,165500,44.38,44.38,44.38,44.38,100,0
LSAF.US,5,20250905,173500,44.43,44.4771,44.43,44.4771,201,0
LSAF.US,5,20250905,174000,44.4802,44.4802,44.4802,44.4802,283,0
LSAF.US,5,20250905,181000,44.47,44.47,44.47,44.47,200,0
LSAF.US,5,20250905,182000,44.46,44.46,44.46,44.46,100,0
LSAF.US,5,20250905,183500,44.3936,44.3936,44.3936,44.3936,125,0
LSAF.US,5,20250905,190500,44.3747,44.3747,44.3747,44.3747,170,0
LSAF.US,5,20250905,200000,44.31,44.31,44.31,44.31,100,0
LSAF.US,5,20250905,201000,44.337,44.337,44.337,44.337,151,0
LSAF.US,5,20250905,201500,44.34,44.379,44.34,44.379,1422,0
LSAF.US,5,20250905,202500,44.32,44.32,44.32,44.32,100,0
LSAF.US,5,20250905,203000,44.38,44.38,44.38,44.38,100,0
LSAF.US,5,20250905,204500,44.435,44.435,44.435,44.435,104,0
LSAF.US,5,20250908,160000,44.2149,44.2149,44.2149,44.2149,463,0
LSAF.US,5,20250908,160500,44.19,44.19,44.19,44.19,100,0
LSAF.US,5,20250908,162000,44.1905,44.1905,44.1905,44.1905,293,0
LSAF.US,5,20250908,162500,44.23,44.23,44.23,44.23,200,0
LSAF.US,5,20250908,164500,44.36,44.36,44.36,44.36,100,0
LSAF.US,5,20250908,172000,44.49,44.49,44.423,44.423,653,0
LSAF.US,5,20250908,173000,44.43,44.43,44.43,44.43,100,0
LSAF.US,5,20250908,185000,44.35,44.35,44.35,44.35,400,0
LSAF.US,5,20250908,193000,44.35,44.351,44.35,44.351,600,0
LSAF.US,5,20250908,193500,44.32,44.32,44.32,44.32,100,0
LSAF.US,5,20250908,201500,44.3,44.3,44.3,44.3,100,0
LSAF.US,5,20250908,202000,44.3265,44.38,44.325,44.38,1970,0
LSAF.US,5,20250908,203000,44.37,44.37,44.37,44.37,100,0
LSAF.US,5,20250908,205000,44.36,44.36,44.36,44.36,100,0
LSAF.US,5,20250908,205500,44.375,44.375,44.375,44.375,156,0
LSAF.US,5,20250908,213000,44.31,44.31,44.31,44.31,212,0
LSAF.US,5,20250908,213500,44.2709,44.28,44.27,44.28,654,0
LSAF.US,5,20250908,214000,44.29,44.29,44.29,44.29,100,0
LSAF.US,5,20250908,215500,44.4825,44.4825,44.45,44.45,3405,0
LSAF.US,5,20250909,161500,44.23,44.23,44.23,44.23,100,0
LSAF.US,5,20250909,171000,44.14,44.14,44.139,44.139,200,0
LSAF.US,5,20250909,172500,44.15,44.205,44.15,44.205,358,0
LSAF.US,5,20250909,173500,44.2,44.2,44.2,44.2,538,0
LSAF.US,5,20250909,174000,44.15,44.15,44.15,44.15,100,0
LSAF.US,5,20250909,181000,44.13,44.13,44.13,44.13,100,0
LSAF.US,5,20250909,183500,44.12,44.12,44.12,44.12,200,0
LSAF.US,5,20250909,190000,44.09,44.09,44.09,44.09,100,0
LSAF.US,5,20250909,190500,44.09,44.09,44.09,44.09,100,0
LSAF.US,5,20250909,194500,44.18,44.18,44.18,44.18,100,0
LSAF.US,5,20250909,201000,44.2124,44.2124,44.2112,44.2112,2417,0
LSAF.US,5,20250909,202500,44.24,44.24,44.24,44.24,100,0
LSAF.US,5,20250909,203500,44.25,44.25,44.25,44.25,100,0
LSAF.US,5,20250909,205000,44.2586,44.2586,44.25,44.25,484,0
LSAF.US,5,20250909,212500,44.2242,44.2242,44.2242,44.2242,254,0
LSAF.US,5,20250909,213500,44.19,44.19,44.19,44.19,141,0
LSAF.US,5,20250909,214500,44.22,44.22,44.22,44.22,200,0
LSAF.US,5,20250909,215000,44.25,44.25,44.25,44.25,100,0
LSAF.US,5,20250909,215500,44.23,44.23,44.23,44.23,1800,0
LSAF.US,5,20250910,161500,44.15,44.15,44.15,44.15,100,0
LSAF.US,5,20250910,172000,43.88,43.88,43.88,43.88,100,0
LSAF.US,5,20250910,175500,43.9632,43.9632,43.9632,43.9632,225,0
LSAF.US,5,20250910,182000,44,44,44,44,100,0
LSAF.US,5,20250910,185500,43.98,44,43.98,44,1683,0
LSAF.US,5,20250910,191500,43.97,43.97,43.96,43.96,612,0
LSAF.US,5,20250910,193000,43.93,43.9325,43.91,43.92,2254,0
LSAF.US,5,20250910,194000,43.96,43.96,43.95,43.95,300,0
LSAF.US,5,20250910,194500,43.93,43.93,43.93,43.93,100,0
LSAF.US,5,20250910,201500,43.95,43.95,43.92,43.9301,12533,0
LSAF.US,5,20250910,202000,43.94,43.94,43.94,43.94,200,0
LSAF.US,5,20250910,204500,43.98,43.98,43.98,43.98,100,0
LSAF.US,5,20250910,205500,44.02,44.02,44.02,44.02,200,0
LSAF.US,5,20250910,210000,44.04,44.04,44.04,44.04,100,0
LSAF.US,5,20250910,213500,43.88,43.88,43.88,43.88,102,0
LSAF.US,5,20250910,214000,43.92,43.92,43.92,43.92,100,0
LSAF.US,5,20250910,215500,44.01,44.01,44.01,44.01,2900,0
LSAF.US,5,20250911,164000,44.58,44.58,44.58,44.58,100,0
LSAF.US,5,20250911,170500,44.58,44.58,44.58,44.58,100,0
LSAF.US,5,20250911,171500,44.59,44.59,44.59,44.59,100,0
LSAF.US,5,20250911,172000,44.58,44.58,44.58,44.58,100,0
LSAF.US,5,20250911,203500,44.694,44.694,44.6404,44.6404,1614,0
LSAF.US,5,20250911,213000,44.73,44.76,44.73,44.76,319,0
LSAF.US,5,20250911,215000,44.82,44.82,44.82,44.82,100,0
LSAF.US,5,20250911,215500,44.8,44.8,44.78,44.788,977,0
LSAF.US,5,20250912,153500,44.69,44.69,44.69,44.69,200,0
LSAF.US,5,20250912,170000,44.56,44.56,44.56,44.56,100,0
LSAF.US,5,20250912,174000,44.52,44.52,44.5,44.5,819,0
LSAF.US,5,20250912,181500,44.49,44.49,44.49,44.49,200,0
LSAF.US,5,20250912,183000,44.49,44.49,44.49,44.49,488,0
LSAF.US,5,20250912,191000,44.4767,44.4767,44.4767,44.4767,160,0
LSAF.US,5,20250912,191500,44.49,44.49,44.49,44.49,100,0
LSAF.US,5,20250912,200500,44.563,44.563,44.563,44.563,273,0
LSAF.US,5,20250912,210500,44.553,44.553,44.553,44.553,917,0
LSAF.US,5,20250912,211000,44.5525,44.5525,44.5525,44.5525,669,0
LSAF.US,5,20250912,214000,44.38,44.41,44.38,44.41,200,0
LSAF.US,5,20250912,214500,44.42,44.42,44.42,44.42,217,0
LSAF.US,5,20250912,215500,44.36,44.36,44.36,44.36,100,0
LSAF.US,5,20250915,160500,44.3332,44.3332,44.3332,44.3332,167,0
LSAF.US,5,20250915,161000,44.355,44.355,44.355,44.355,115,0
LSAF.US,5,20250915,181000,44.39,44.39,44.39,44.39,100,0
LSAF.US,5,20250915,181500,44.38,44.38,44.38,44.38,100,0
LSAF.US,5,20250915,201000,44.293,44.293,44.293,44.293,186,0
LSAF.US,5,20250915,202000,44.27,44.27,44.27,44.27,100,0
LSAF.US,5,20250915,202500,44.3,44.3,44.3,44.3,100,0
LSAF.US,5,20250915,213500,44.2,44.2,44.2,44.2,139,0
LSAF.US,5,20250915,214500,44.25,44.25,44.25,44.25,100,0
LSAF.US,5,20250915,215000,44.27,44.27,44.27,44.27,200,0
LSAF.US,5,20250915,215500,44.23,44.23,44.23,44.23,800,0
LSAF.US,5,20250916,161500,43.93,43.93,43.93,43.93,113,0
LSAF.US,5,20250916,170000,43.89,43.89,43.89,43.89,100,0
LSAF.US,5,20250916,175000,43.91,43.91,43.91,43.91,100,0
LSAF.US,5,20250916,180000,43.98,43.98,43.98,43.98,159,0
LSAF.US,5,20250916,181000,43.95,43.95,43.95,43.95,100,0
LSAF.US,5,20250916,185000,43.95,43.95,43.95,43.95,100,0
LSAF.US,5,20250916,185500,43.955,43.955,43.955,43.955,349,0
LSAF.US,5,20250916,192500,43.93,43.93,43.93,43.93,117,0
LSAF.US,5,20250916,201000,43.984,43.984,43.984,43.984,108,0
LSAF.US,5,20250916,201500,43.985,43.985,43.985,43.985,2049,0
LSAF.US,5,20250916,202000,43.94,43.94,43.94,43.94,599,0
LSAF.US,5,20250916,210000,44,44,44,44,100,0
LSAF.US,5,20250916,214500,43.97,43.97,43.97,43.97,100,0
LSAF.US,5,20250916,215500,44.01,44.01,44,44,874,0
LSAF.US,5,20250917,163000,44.23,44.23,44.23,44.23,100,0
LSAF.US,5,20250917,165500,44.29,44.29,44.29,44.29,180,0
LSAF.US,5,20250917,170500,44.33,44.33,44.33,44.33,300,0
LSAF.US,5,20250917,181000,44.315,44.34,44.315,44.315,387,0
LSAF.US,5,20250917,183500,44.2609,44.2609,44.2609,44.2609,128,0
LSAF.US,5,20250917,185000,44.21,44.21,44.21,44.21,100,0
LSAF.US,5,20250917,193000,44.22,44.22,44.22,44.22,193,0
LSAF.US,5,20250917,195000,44.24,44.24,44.24,44.24,200,0
LSAF.US,5,20250917,200000,44.52,44.52,44.52,44.52,100,0
LSAF.US,5,20250917,202000,44.5426,44.5426,44.5426,44.5426,3685,0
LSAF.US,5,20250917,210000,44.08,44.08,44.08,44.08,100,0
LSAF.US,5,20250917,210500,44.12,44.12,44.12,44.12,100,0
LSAF.US,5,20250917,212500,44.193,44.193,44.193,44.193,166,0
LSAF.US,5,20250917,213000,44.135,44.135,44.135,44.135,948,0
LSAF.US,5,20250917,213500,44.12,44.12,44.12,44.12,100,0
LSAF.US,5,20250917,214500,44.15,44.15,44.15,44.15,200,0
LSAF.US,5,20250917,215000,44.12,44.12,44.12,44.12,300,0
LSAF.US,5,20250917,215500,44.09,44.09,44.09,44.09,1400,0
LSAF.US,5,20250918,161000,44.465,44.465,44.465,44.465,109,0
LSAF.US,5,20250918,162500,44.43,44.43,44.43,44.43,100,0
LSAF.US,5,20250918,163000,44.48,44.48,44.48,44.48,100,0
LSAF.US,5,20250918,163500,44.46,44.46,44.46,44.46,100,0
LSAF.US,5,20250918,164500,44.4218,44.4218,44.4218,44.4218,212,0
LSAF.US,5,20250918,171500,44.28,44.28,44.28,44.28,300,0
LSAF.US,5,20250918,184500,44.49,44.49,44.49,44.49,100,0
LSAF.US,5,20250918,203000,44.4,44.4,44.4,44.4,252,0
LSAF.US,5,20250918,211000,44.5,44.5,44.5,44.5,100,0
LSAF.US,5,20250918,213000,44.4325,44.4325,44.4,44.4,604,0
LSAF.US,5,20250918,213500,44.37,44.37,44.36,44.36,1600,0
LSAF.US,5,20250918,214000,44.4,44.4,44.4,44.4,680,0
LSAF.US,5,20250918,215000,44.365,44.46,44.365,44.46,200,0
LSAF.US,5,20250918,215500,44.42,44.42,44.42,44.42,2969,0
LSAF.US,5,20250919,161000,44.28,44.28,44.28,44.28,100,0
LSAF.US,5,20250919,173000,44.17,44.2028,44.17,44.17,408,0
LSAF.US,5,20250919,174500,44.29,44.3,44.29,44.3,300,0
LSAF.US,5,20250919,175000,44.33,44.33,44.3,44.32,800,0
LSAF.US,5,20250919,180000,44.34,44.34,44.34,44.34,100,0
LSAF.US,5,20250919,183000,44.38,44.38,44.38,44.38,800,0
LSAF.US,5,20250919,184000,44.46,44.46,44.46,44.46,331,0
LSAF.US,5,20250919,190500,44.39,44.39,44.39,44.39,100,0
LSAF.US,5,20250919,200500,44.42,44.48,44.41,44.4586,1359,0
LSAF.US,5,20250919,205500,44.4,44.4,44.4,44.4,764,0
LSAF.US,5,20250919,210000,44.45,44.45,44.45,44.45,100,0
LSAF.US,5,20250919,215000,44.47,44.47,44.46,44.47,3059,0
LSAF.US,5,20250919,215500,44.42,44.42,44.42,44.42,300,0
LSAF.US,5,20250922,160000,44.4415,44.48,44.4415,44.48,344,0
LSAF.US,5,20250922,160500,44.4732,44.4732,44.4732,44.4732,414,0
LSAF.US,5,20250922,161500,44.42,44.42,44.42,44.42,7790,0
LSAF.US,5,20250922,162500,44.33,44.3849,44.33,44.3849,1293,0
LSAF.US,5,20250922,163000,44.4349,44.4349,44.34,44.34,4440,0
LSAF.US,5,20250922,164500,44.35,44.35,44.34,44.35,1700,0
LSAF.US,5,20250922,165000,44.34,44.43,44.34,44.43,3398,0
LSAF.US,5,20250922,170500,44.44,44.44,44.44,44.44,100,0
LSAF.US,5,20250922,173000,44.41,44.45,44.41,44.45,204,0
LSAF.US,5,20250922,183500,44.41,44.41,44.41,44.41,100,0
LSAF.US,5,20250922,185500,44.45,44.45,44.45,44.45,100,0
LSAF.US,5,20250922,191000,44.4525,44.48,44.45,44.4682,635,0
LSAF.US,5,20250922,191500,44.49,44.49,44.49,44.49,469,0
LSAF.US,5,20250922,192000,44.4487,44.4487,44.4487,44.4487,4896,0
LSAF.US,5,20250922,192500,44.5147,44.5147,44.47,44.47,21285,0
LSAF.US,5,20250922,193000,44.46,44.46,44.46,44.46,100,0
LSAF.US,5,20250922,195000,44.46,44.4681,44.46,44.4681,217,0
LSAF.US,5,20250922,200500,44.4097,44.4097,44.4097,44.4097,114,0
LSAF.US,5,20250922,201000,44.46,44.46,44.46,44.46,203,0
LSAF.US,5,20250922,201500,44.43,44.5,44.43,44.46,184692,0
LSAF.US,5,20250922,202000,44.4859,44.5,44.4859,44.5,381,0
LSAF.US,5,20250922,202500,44.47,44.47,44.47,44.47,100,0
LSAF.US,5,20250922,203500,44.49,44.54,44.49,44.54,982,0
LSAF.US,5,20250922,210000,44.55,44.55,44.55,44.55,100,0
LSAF.US,5,20250922,211500,44.5685,44.58,44.54,44.58,499,0
LSAF.US,5,20250922,212000,44.5999,44.6,44.56,44.56,3562,0
LSAF.US,5,20250922,213000,44.56,44.56,44.56,44.56,100,0
LSAF.US,5,20250922,213500,44.55,44.55,44.55,44.55,703,0
LSAF.US,5,20250922,215500,44.54,44.54,44.54,44.54,2200,0
LSAF.US,5,20250923,161000,44.86,44.86,44.86,44.86,100,0
LSAF.US,5,20250923,164500,44.85,44.9089,44.85,44.9089,22500,0
LSAF.US,5,20250923,165500,44.85,44.85,44.85,44.85,270,0
LSAF.US,5,20250923,192000,44.77,44.77,44.77,44.77,1655,0
LSAF.US,5,20250923,194000,44.6466,44.6466,44.6466,44.6466,261,0
LSAF.US,5,20250923,195500,44.59,44.59,44.59,44.59,100,0
LSAF.US,5,20250923,203500,44.64,44.64,44.64,44.64,13487,0
LSAF.US,5,20250923,211000,44.6271,44.643,44.6271,44.643,1879,0
LSAF.US,5,20250923,212500,44.641,44.641,44.641,44.641,412,0
LSAF.US,5,20250923,215000,44.66,44.66,44.66,44.66,100,0
LSAF.US,5,20250924,153000,44.66,44.66,44.66,44.66,13548,0
LSAF.US,5,20250924,155000,44.81,44.81,44.75,44.75,300,0
LSAF.US,5,20250924,162500,44.74,44.74,44.74,44.74,2983,0
LSAF.US,5,20250924,164500,44.66,44.66,44.66,44.66,100,0
LSAF.US,5,20250924,181500,44.56,44.56,44.56,44.56,100,0
LSAF.US,5,20250924,183000,44.5301,44.5301,44.5301,44.5301,198,0
LSAF.US,5,20250924,185000,44.55,44.55,44.55,44.55,2011,0
LSAF.US,5,20250924,191000,44.573,44.573,44.573,44.573,262,0
LSAF.US,5,20250924,191500,44.58,44.58,44.58,44.58,100,0
LSAF.US,5,20250924,193500,44.56,44.56,44.56,44.56,100,0
LSAF.US,5,20250924,200000,44.5096,44.5096,44.5096,44.5096,485,0
LSAF.US,5,20250924,201500,44.49,44.5249,44.49,44.503,1405,0
LSAF.US,5,20250924,202500,44.48,44.48,44.47,44.47,9088,0
LSAF.US,5,20250924,210000,44.5,44.5,44.5,44.5,100,0
LSAF.US,5,20250924,211500,44.512,44.512,44.512,44.512,1478,0
LSAF.US,5,20250924,215500,44.47,44.48,44.47,44.48,200,0
LSAF.US,5,20250925,181000,44.01,44.0115,44.01,44.0115,200,0
LSAF.US,5,20250925,183500,44.02,44.0477,44.02,44.0477,1480,0
LSAF.US,5,20250925,185000,43.96,43.96,43.96,43.96,100,0
LSAF.US,5,20250925,191000,44,44,44,44,200,0
LSAF.US,5,20250925,201500,43.9401,43.9401,43.9401,43.9401,310,0
LSAF.US,5,20250925,202000,44.06,44.06,44.06,44.06,225,0
LSAF.US,5,20250925,215500,44.09,44.11,44.09,44.11,997,0
LSAF.US,5,20250926,153000,44.09,44.09,44.09,44.09,100,0
LSAF.US,5,20250926,153500,44.265,44.265,44.265,44.265,200,0
LSAF.US,5,20250926,170000,44.3217,44.3217,44.28,44.28,4962,0
LSAF.US,5,20250926,171000,44.35,44.35,44.35,44.35,636,0
LSAF.US,5,20250926,171500,44.33,44.4377,44.32,44.3991,2001,0
LSAF.US,5,20250926,173500,44.44,44.485,44.43,44.485,846,0
LSAF.US,5,20250926,183500,44.59,44.59,44.59,44.59,2201,0
LSAF.US,5,20250926,194500,44.47,44.47,44.47,44.47,100,0
LSAF.US,5,20250926,202000,44.49,44.524,44.49,44.524,3918,0
LSAF.US,5,20250926,204000,44.67,44.67,44.67,44.67,819,0
LSAF.US,5,20250926,204500,44.58,44.58,44.58,44.58,100,0
LSAF.US,5,20250926,210500,44.6,44.6,44.6,44.6,1383,0
LSAF.US,5,20250926,211500,44.64,44.64,44.64,44.64,276,0
LSAF.US,5,20250926,215000,44.65,44.65,44.65,44.65,100,0
LSAF.US,5,20250929,153500,44.68,44.68,44.5901,44.5901,814,0
LSAF.US,5,20250929,163000,44.47,44.47,44.47,44.47,100,0
LSAF.US,5,20250929,164000,44.58,44.58,44.58,44.58,381,0
LSAF.US,5,20250929,164500,44.6,44.6,44.6,44.6,100,0
LSAF.US,5,20250929,184000,44.58,44.58,44.58,44.58,500,0
LSAF.US,5,20250929,185500,44.61,44.61,44.61,44.61,200,0
LSAF.US,5,20250929,192500,44.59,44.59,44.59,44.59,367,0
LSAF.US,5,20250929,193500,44.56,44.56,44.56,44.56,200,0
LSAF.US,5,20250929,194000,44.5902,44.5902,44.5902,44.5902,577,0
LSAF.US,5,20250929,194500,44.6,44.6,44.6,44.6,324,0
LSAF.US,5,20250929,195500,44.631,44.6651,44.63,44.63,1939,0
LSAF.US,5,20250929,200000,44.6219,44.6219,44.6219,44.6219,273,0
LSAF.US,5,20250929,202500,44.7241,44.7241,44.7241,44.7241,2897,0
LSAF.US,5,20250929,214000,44.7202,44.7202,44.72,44.72,4170,0
LSAF.US,5,20250929,214500,44.758,44.758,44.758,44.758,205,0
LSAF.US,5,20250929,215500,44.68,44.68,44.68,44.68,300,0
LSAF.US,5,20250930,155500,44.56,44.72,44.56,44.72,326,0
LSAF.US,5,20250930,160000,44.71,44.71,44.71,44.71,227,0
LSAF.US,5,20250930,160500,44.675,44.675,44.615,44.615,716,0
LSAF.US,5,20250930,161000,44.6,44.6,44.565,44.565,489,0
LSAF.US,5,20250930,161500,44.565,44.575,44.565,44.575,2386,0
LSAF.US,5,20250930,162000,44.58,44.58,44.58,44.58,464,0
LSAF.US,5,20250930,162500,44.57,44.57,44.57,44.57,643,0
LSAF.US,5,20250930,163000,44.57,44.57,44.55,44.55,3052,0
LSAF.US,5,20250930,185500,44.32,44.32,44.32,44.32,100,0
LSAF.US,5,20250930,201500,44.33,44.33,44.3,44.3,406,0
LSAF.US,5,20250930,212000,44.3,44.3,44.3,44.3,594,0
LSAF.US,5,20250930,215000,44.35,44.52,44.35,44.52,305,0
LSAF.US,5,20250930,215500,44.48,44.73,44.48,44.73,3977,0
LSAF.US,5,20251001,164500,44.55,44.55,44.55,44.55,100,0
LSAF.US,5,20251001,170000,44.555,44.555,44.555,44.555,121,0
LSAF.US,5,20251001,184500,44.53,44.53,44.53,44.53,105,0
LSAF.US,5,20251001,190000,44.555,44.555,44.555,44.555,174,0
LSAF.US,5,20251001,193500,44.4962,44.4962,44.4962,44.4962,298,0
LSAF.US,5,20251001,194000,44.49,44.49,44.49,44.49,100,0
LSAF.US,5,20251001,200000,44.46,44.46,44.46,44.46,196,0
LSAF.US,5,20251001,200500,44.46,44.46,44.46,44.46,137,0
LSAF.US,5,20251001,201000,44.4155,44.4736,44.4155,44.47,1672,0
LSAF.US,5,20251001,202000,44.4247,44.4247,44.4247,44.4247,450,0
LSAF.US,5,20251001,202500,44.4301,44.4325,44.43,44.43,974,0
LSAF.US,5,20251001,204000,44.5248,44.5248,44.5248,44.5248,118,0
LSAF.US,5,20251001,204500,44.53,44.53,44.53,44.53,229,0
LSAF.US,5,20251001,205000,44.478854,44.478854,44.478854,44.478854,291,0
LSAF.US,5,20251001,210000,44.4144,44.4502,44.4144,44.4502,1163,0
LSAF.US,5,20251001,211000,44.4502,44.58,44.4502,44.58,2999,0
LSAF.US,5,20251001,211500,44.417,44.58,44.417,44.58,4380,0
LSAF.US,5,20251001,212000,44.495,44.495,44.495,44.495,200,0
LSAF.US,5,20251001,213000,44.44,44.4758,44.44,44.4758,1808,0
LSAF.US,5,20251001,215500,44.36,44.36,44.36,44.36,100,0
LSAF.US,5,20251002,153500,44.7984,44.7984,44.7984,44.7984,102,0
LSAF.US,5,20251002,154500,44.8354,44.8354,44.8354,44.8354,263,0
LSAF.US,5,20251002,155000,44.924,44.998,44.924,44.998,545,0
LSAF.US,5,20251002,160000,44.8693,44.8693,44.8693,44.8693,250,0
LSAF.US,5,20251002,160500,44.83,44.83,44.83,44.83,11015,0
LSAF.US,5,20251002,161000,44.74,44.74,44.74,44.74,100,0
LSAF.US,5,20251002,161500,44.7328,44.7328,44.7328,44.7328,152,0
LSAF.US,5,20251002,163000,44.63,44.63,44.6,44.63,811,0
LSAF.US,5,20251002,164000,44.6638,44.72,44.6638,44.72,392,0
LSAF.US,5,20251002,164500,44.6743,44.6743,44.6743,44.6743,154,0
LSAF.US,5,20251002,165000,44.6743,44.6916,44.6743,44.6916,224,0
LSAF.US,5,20251002,165500,44.7001,44.7001,44.7001,44.7001,209,0
LSAF.US,5,20251002,170000,44.7025,44.7152,44.7025,44.7152,319,0
LSAF.US,5,20251002,170500,44.7025,44.7025,44.7,44.7,427,0
LSAF.US,5,20251002,171000,44.729,44.729,44.6745,44.6745,841,0
LSAF.US,5,20251002,174000,44.67,44.67,44.67,44.67,200,0
LSAF.US,5,20251002,175500,44.71,44.71,44.71,44.71,100,0
LSAF.US,5,20251002,181000,44.6967,44.6967,44.6967,44.6967,1002,0
LSAF.US,5,20251002,182500,44.725,44.73,44.725,44.73,200,0
LSAF.US,5,20251002,183500,44.76,44.76,44.76,44.76,975,0
LSAF.US,5,20251002,185500,44.8003,44.8003,44.79,44.79,1120,0
LSAF.US,5,20251002,191000,44.79,44.82,44.79,44.82,250,0
LSAF.US,5,20251002,193500,44.85,44.85,44.85,44.85,500,0
LSAF.US,5,20251002,195000,44.88,44.88,44.88,44.88,128,0
LSAF.US,5,20251002,200500,44.9675,44.9675,44.9596,44.9596,648,0
LSAF.US,5,20251002,201500,44.98,44.98,44.98,44.98,100,0
LSAF.US,5,20251002,211000,44.9977,44.9977,44.9977,44.9977,416,0
LSAF.US,5,20251002,212500,45.015,45.015,45.015,45.015,253,0
LSAF.US,5,20251002,213000,44.9935,44.9935,44.9935,44.9935,450,0
LSAF.US,5,20251002,213500,44.99,44.99,44.99,44.99,500,0
LSAF.US,5,20251002,214500,44.98,44.98,44.98,44.98,129,0
LSAF.US,5,20251002,215500,44.99,44.99,44.99,44.99,2300,0
LSAF.US,5,20251003,161000,44.99,44.99,44.99,44.99,581,0
LSAF.US,5,20251003,162000,45.1186,45.1186,45.1186,45.1186,1846,0
LSAF.US,5,20251003,163000,45.14,45.15,45.14,45.15,10595,0
LSAF.US,5,20251003,170500,45.133,45.133,45.133,45.133,164,0
LSAF.US,5,20251003,171500,45.076,45.076,45.076,45.076,156,0
LSAF.US,5,20251003,174000,45.12,45.12,45.0408,45.0408,1098,0
LSAF.US,5,20251003,181500,45.209,45.25,45.209,45.25,1288,0
LSAF.US,5,20251003,182500,45.2166,45.2166,45.2166,45.2166,101,0
LSAF.US,5,20251003,183000,45.1942,45.1942,45.1942,45.1942,110,0
LSAF.US,5,20251003,184000,45.21,45.25,45.21,45.25,600,0
LSAF.US,5,20251003,184500,45.2207,45.255,45.2207,45.255,268,0
LSAF.US,5,20251003,190000,45.2431,45.2431,45.2431,45.2431,104,0
LSAF.US,5,20251003,191000,45.16,45.16,45.16,45.16,100,0
LSAF.US,5,20251003,200500,45.06,45.06,45.0025,45.0025,2679,0
LSAF.US,5,20251003,201000,45.0212,45.04,45.0212,45.04,864,0
LSAF.US,5,20251003,201500,45.06,45.06,45.06,45.06,120,0
LSAF.US,5,20251003,202500,45.08,45.082,45.08,45.082,412,0
LSAF.US,5,20251003,203500,45.03,45.0555,45.03,45.0555,832,0
LSAF.US,5,20251003,205500,45.03,45.03,45.03,45.03,100,0
LSAF.US,5,20251003,211500,45.055,45.055,45.055,45.055,447,0
LSAF.US,5,20251003,213500,45.04,45.05,45.04,45.05,400,0
LSAF.US,5,20251003,215500,44.96,44.98,44.96,44.97,1800,0
LSAF.US,5,20251006,160000,44.95,44.95,44.95,44.95,117,0
LSAF.US,5,20251006,160500,44.841,44.841,44.841,44.841,516,0
LSAF.US,5,20251006,162500,44.94,44.97,44.94,44.97,631,0
LSAF.US,5,20251006,164500,45.02,45.02,45.02,45.02,100,0
LSAF.US,5,20251006,170500,45.09,45.09,45.09,45.09,2250,0
LSAF.US,5,20251006,171000,45.09,45.09,45.09,45.09,100,0
LSAF.US,5,20251006,171500,45.11,45.11,45.11,45.11,100,0
LSAF.US,5,20251006,173500,45.1382,45.1382,45.125,45.125,604,0
LSAF.US,5,20251006,180000,45.07,45.07,45.07,45.07,300,0
LSAF.US,5,20251006,182500,45.07,45.07,45.07,45.07,100,0
LSAF.US,5,20251006,183000,45.08,45.08,45.08,45.08,100,0
LSAF.US,5,20251006,185000,45.05,45.05,45.05,45.05,100,0
LSAF.US,5,20251006,185500,45.07,45.07,45.07,45.07,165,0
LSAF.US,5,20251006,192000,45.07,45.07,45.07,45.07,100,0
LSAF.US,5,20251006,192500,45.16,45.16,45.16,45.16,100,0
LSAF.US,5,20251006,200000,45.1203,45.1203,45.1203,45.1203,107,0
LSAF.US,5,20251006,201000,45.1125,45.1125,45.0878,45.0878,1683,0
LSAF.US,5,20251006,204500,45.035,45.035,45.035,45.035,999,0
LSAF.US,5,20251006,205000,45.03,45.03,45.03,45.03,100,0
LSAF.US,5,20251006,211000,44.95,44.98,44.95,44.98,300,0
LSAF.US,5,20251006,214000,44.95,44.9545,44.95,44.9545,316,0
LSAF.US,5,20251006,215000,44.925,44.925,44.925,44.925,100,0
LSAF.US,5,20251006,215500,44.9402,44.9402,44.94,44.94,2035,0
LSAF.US,5,20251007,160000,44.82,44.82,44.79,44.81,1000,0
LSAF.US,5,20251007,161500,44.74,44.74,44.74,44.74,900,0
LSAF.US,5,20251007,182000,44.42,44.42,44.42,44.42,100,0
LSAF.US,5,20251007,182500,44.42,44.472,44.42,44.472,610,0
LSAF.US,5,20251007,183500,44.51,44.51,44.5,44.5,1938,0
LSAF.US,5,20251007,184500,44.517677,44.517677,44.49,44.49,555,0
LSAF.US,5,20251007,185000,44.49,44.49,44.49,44.49,100,0
LSAF.US,5,20251007,190000,44.465,44.465,44.465,44.465,100,0
LSAF.US,5,20251007,190500,44.5,44.5,44.5,44.5,200,0
LSAF.US,5,20251007,191000,44.5,44.51,44.5,44.5,12379,0
LSAF.US,5,20251007,191500,44.52,44.555,44.52,44.555,6255,0
LSAF.US,5,20251007,193000,44.484234,44.484234,44.484234,44.484234,787,0
LSAF.US,5,20251007,200000,44.4651,44.4651,44.4651,44.4651,948,0
LSAF.US,5,20251007,200500,44.5,44.5,44.5,44.5,385,0
LSAF.US,5,20251007,201000,44.5,44.5,44.5,44.5,140,0
LSAF.US,5,20251007,201500,44.475,44.475,44.475,44.475,100,0
LSAF.US,5,20251007,204000,44.49,44.49,44.49,44.49,100,0
LSAF.US,5,20251007,210000,44.5,44.5,44.5,44.5,3976,0
LSAF.US,5,20251007,212000,44.5165,44.5201,44.5,44.5,773,0
LSAF.US,5,20251007,213000,44.5135,44.5135,44.5135,44.5135,330,0
LSAF.US,5,20251007,213500,44.5003,44.5003,44.5003,44.5003,729,0
LSAF.US,5,20251007,215000,44.495,44.525,44.495,44.525,4322,0
LSAF.US,5,20251007,215500,44.48,44.51,44.48,44.51,1300,0
LSAF.US,5,20251008,160000,44.53,44.54,44.53,44.54,332,0
LSAF.US,5,20251008,160500,44.55,44.55,44.55,44.55,219,0
LSAF.US,5,20251008,163000,44.67,44.71,44.67,44.71,600,0
LSAF.US,5,20251008,164500,44.66,44.66,44.66,44.66,200,0
LSAF.US,5,20251008,170000,44.68,44.68,44.68,44.68,800,0
LSAF.US,5,20251008,172500,44.72,44.72,44.72,44.72,500,0
LSAF.US,5,20251008,174500,44.71,44.715,44.71,44.715,7696,0
LSAF.US,5,20251008,175000,44.72,44.76,44.715,44.76,1516,0
LSAF.US,5,20251008,182000,44.75,44.75,44.75,44.75,200,0
LSAF.US,5,20251008,182500,44.72,44.72,44.72,44.72,274,0
LSAF.US,5,20251008,184500,44.78,44.78,44.78,44.78,107,0
LSAF.US,5,20251008,191000,44.7599,44.7599,44.7599,44.7599,110,0
LSAF.US,5,20251008,193000,44.71,44.7117,44.68,44.7117,2462,0
LSAF.US,5,20251008,195500,44.6496,44.6496,44.6101,44.6101,631,0
LSAF.US,5,20251008,200500,44.6346,44.6346,44.6346,44.6346,112,0
LSAF.US,5,20251008,201000,44.6007,44.6455,44.6007,44.6455,818,0
LSAF.US,5,20251008,203500,44.61,44.625,44.61,44.625,220,0
LSAF.US,5,20251008,205000,44.55,44.55,44.55,44.55,200,0
LSAF.US,5,20251008,210500,44.55,44.55,44.55,44.55,200,0
LSAF.US,5,20251008,211000,44.56,44.56,44.56,44.56,600,0
LSAF.US,5,20251008,211500,44.57,44.59,44.565,44.59,500,0
LSAF.US,5,20251008,213000,44.6,44.6,44.6,44.6,705,0
LSAF.US,5,20251008,213500,44.6,44.61,44.6,44.61,200,0
LSAF.US,5,20251008,214500,44.62,44.62,44.62,44.62,100,0
LSAF.US,5,20251008,215500,44.63,44.63,44.63,44.63,900,0
LSAF.US,5,20251009,154500,44.6235,44.6235,44.6235,44.6235,742,0
LSAF.US,5,20251009,161500,44.3217,44.3217,44.3217,44.3217,1963,0
LSAF.US,5,20251009,172000,44.24,44.24,44.24,44.24,100,0
LSAF.US,5,20251009,192000,44.1109,44.1109,44.1109,44.1109,119,0
LSAF.US,5,20251009,193500,44.16,44.16,44.16,44.16,200,0
LSAF.US,5,20251009,195000,44.165,44.165,44.165,44.165,257,0
LSAF.US,5,20251009,200000,44.09,44.09,44.09,44.09,100,0
LSAF.US,5,20251009,200500,44.0966,44.0966,44.0401,44.0645,1259,0
LSAF.US,5,20251009,201000,44.0775,44.0775,44.0625,44.0625,842,0
LSAF.US,5,20251009,201500,44.0905,44.0905,44.0846,44.0846,1803,0
LSAF.US,5,20251009,202000,44.11,44.11,44.11,44.11,357,0
LSAF.US,5,20251009,211000,44.08,44.08,44.08,44.08,300,0
LSAF.US,5,20251009,211500,44.0702,44.0702,44.0702,44.0702,308,0
LSAF.US,5,20251009,212000,44.08,44.08,44.08,44.08,292,0
LSAF.US,5,20251009,213000,44.0835,44.0835,44.0835,44.0835,151,0
LSAF.US,5,20251009,214500,44.09,44.14,44.085,44.14,708,0
LSAF.US,5,20251009,215000,44.1,44.1,44.1,44.1,100,0
LSAF.US,5,20251009,215500,44.1237,44.1237,44.08,44.08,1480,0
LSAF.US,5,20251010,162000,44.01,44.01,44.01,44.01,100,0
LSAF.US,5,20251010,163500,44.1211,44.1211,44.1211,44.1211,454,0
LSAF.US,5,20251010,165500,44.13,44.13,44.13,44.13,100,0
LSAF.US,5,20251010,174500,43.4789,43.4789,43.4789,43.4789,567,0
LSAF.US,5,20251010,180000,43.332,43.332,43.332,43.332,198,0
LSAF.US,5,20251010,184500,43.3543,43.3543,43.3543,43.3543,1822,0
LSAF.US,5,20251010,201000,43.3749,43.3749,43.3749,43.3749,803,0
LSAF.US,5,20251010,203000,43.32,43.32,43.32,43.32,100,0
LSAF.US,5,20251013,161500,43.5001,43.5001,43.5001,43.5001,288,0
LSAF.US,5,20251013,171500,43.48,43.48,43.48,43.48,100,0
LSAF.US,5,20251013,172500,43.578,43.578,43.578,43.578,494,0
LSAF.US,5,20251013,183500,43.6,43.6,43.6,43.6,100,0
LSAF.US,5,20251013,190500,43.64,43.64,43.64,43.64,100,0
LSAF.US,5,20251014,153000,43.18,43.18,43.18,43.18,100,0
LSAF.US,5,20251014,160500,43.73,43.745,43.73,43.74,500,0
LSAF.US,5,20251014,163000,43.77,43.77,43.77,43.77,2600,0
LSAF.US,5,20251014,163500,43.77,43.77,43.77,43.77,200,0
LSAF.US,5,20251014,164000,43.76,43.76,43.76,43.76,100,0
LSAF.US,5,20251014,170000,43.82,43.82,43.82,43.82,100,0
LSAF.US,5,20251014,174000,44,44,44,44,100,0
LSAF.US,5,20251014,180000,44.0268,44.11,44.0268,44.09,522,0
LSAF.US,5,20251014,181500,44.05,44.05,44.05,44.05,100,0
LSAF.US,5,20251014,182000,44.1,44.1,44.1,44.1,100,0
LSAF.US,5,20251014,183500,44.13,44.1317,44.12,44.1317,1636,0
LSAF.US,5,20251014,184000,44.16,44.16,44.16,44.16,100,0
LSAF.US,5,20251014,184500,44.21,44.21,44.21,44.21,200,0
LSAF.US,5,20251014,191000,44.23,44.305,44.23,44.305,2265,0
LSAF.US,5,20251014,191500,44.33,44.35,44.33,44.35,200,0
LSAF.US,5,20251014,193000,44.2948,44.2948,44.2948,44.2948,1367,0
LSAF.US,5,20251014,194000,44.3,44.3,44.3,44.3,100,0
LSAF.US,5,20251014,195000,44.45,44.45,44.45,44.45,287,0
LSAF.US,5,20251014,195500,44.45,44.45,44.45,44.45,303,0
LSAF.US,5,20251014,200000,44.43,44.43,44.43,44.43,930,0
LSAF.US,5,20251014,203000,44.37,44.37,44.37,44.37,100,0
LSAF.US,5,20251014,205000,44.3601,44.37,44.3601,44.37,254,0
LSAF.US,5,20251014,210000,44.43,44.43,44.43,44.43,100,0
LSAF.US,5,20251014,210500,44.445,44.445,44.445,44.445,120,0
LSAF.US,5,20251014,211500,44.45,44.45,44.43,44.43,358,0
LSAF.US,5,20251014,212000,44.4536,44.4536,44.4536,44.4536,534,0
LSAF.US,5,20251014,213500,44.39,44.39,44.39,44.39,252,0
LSAF.US,5,20251014,214000,44.25,44.25,44.25,44.25,341,0
LSAF.US,5,20251014,215000,44.22,44.22,44.22,44.22,100,0
LSAF.US,5,20251015,153000,44.66,44.66,44.66,44.66,100,0
LSAF.US,5,20251015,161000,44.75,44.75,44.603,44.72,314,0
LSAF.US,5,20251015,162500,44.6036,44.64,44.6036,44.64,380,0
LSAF.US,5,20251015,172000,44.43,44.43,44.43,44.43,300,0
LSAF.US,5,20251015,173500,44.235,44.31,44.235,44.31,500,0
LSAF.US,5,20251015,182500,44.26,44.26,44.26,44.26,100,0
LSAF.US,5,20251015,190500,44.07,44.07,44.07,44.07,100,0
LSAF.US,5,20251015,192500,44.01,44.01,44.01,44.01,200,0
LSAF.US,5,20251015,200000,44.18,44.18,44.18,44.18,100,0
LSAF.US,5,20251015,201000,44.1549,44.23,44.1549,44.1754,699,0
LSAF.US,5,20251015,202000,44.18,44.18,44.18,44.18,200,0
LSAF.US,5,20251015,202500,44.2,44.2,44.16,44.1601,5152,0
LSAF.US,5,20251015,203000,44.184,44.184,44.184,44.184,1250,0
LSAF.US,5,20251015,204000,44.185,44.185,44.185,44.185,165,0
LSAF.US,5,20251015,205500,44.185,44.19,44.185,44.19,200,0
LSAF.US,5,20251015,210500,44.23,44.23,44.17,44.17,1241,0
LSAF.US,5,20251015,211000,44.14,44.17,44.14,44.17,200,0
LSAF.US,5,20251015,211500,44.2096,44.2096,44.2096,44.2096,868,0
LSAF.US,5,20251015,213000,44.1817,44.1817,44.1817,44.1817,190,0
LSAF.US,5,20251015,213500,44.15,44.15,44.15,44.15,100,0
LSAF.US,5,20251015,215000,44.13,44.13,44.13,44.13,200,0
LSAF.US,5,20251016,161500,43.9,43.96,43.9,43.96,1192,0
LSAF.US,5,20251016,162000,43.9914,43.9914,43.9914,43.9914,768,0
LSAF.US,5,20251016,163000,44.03,44.03,44.03,44.03,2400,0
LSAF.US,5,20251016,163500,43.995,43.995,43.995,43.995,200,0
LSAF.US,5,20251016,164000,44.02,44.02,44.02,44.02,100,0
LSAF.US,5,20251016,164500,44.025,44.025,44.02,44.02,200,0
LSAF.US,5,20251016,165000,44.03,44.06,44.03,44.06,1307,0
LSAF.US,5,20251016,171000,44.07,44.07,44.07,44.07,100,0
LSAF.US,5,20251016,171500,44.17,44.17,44.16,44.16,200,0
LSAF.US,5,20251016,173500,43.96,43.9639,43.96,43.9639,758,0
LSAF.US,5,20251016,174000,43.96,43.96,43.96,43.96,1001,0
LSAF.US,5,20251016,174500,43.96,43.96,43.96,43.96,444,0
LSAF.US,5,20251016,175000,43.973,43.973,43.973,43.973,199,0
LSAF.US,5,20251016,175500,43.96,43.96,43.96,43.96,176,0
LSAF.US,5,20251016,180500,43.8902,43.9,43.8902,43.9,471,0
LSAF.US,5,20251016,181500,43.91,43.91,43.91,43.91,100,0
LSAF.US,5,20251016,184000,43.69,43.69,43.69,43.69,200,0
LSAF.US,5,20251016,184500,43.68,43.73,43.68,43.73,391,0
LSAF.US,5,20251016,190000,43.76,43.76,43.76,43.76,100,0
LSAF.US,5,20251016,191000,43.77,43.77,43.77,43.77,100,0
LSAF.US,5,20251016,191500,43.84,43.84,43.84,43.84,200,0
LSAF.US,5,20251016,192000,43.78,43.78,43.78,43.78,100,0
LSAF.US,5,20251016,193500,43.79,43.79,43.79,43.79,440,0
LSAF.US,5,20251016,200500,43.5701,43.5701,43.5701,43.5701,142,0
LSAF.US,5,20251016,202000,43.51,43.51,43.51,43.51,100,0
LSAF.US,5,20251016,204500,43.604,43.604,43.604,43.604,124,0
LSAF.US,5,20251016,210000,43.57,43.5712,43.57,43.5712,476,0
LSAF.US,5,20251016,210500,43.61,43.61,43.61,43.61,100,0
LSAF.US,5,20251016,211500,43.5483,43.5483,43.5201,43.5201,3793,0
LSAF.US,5,20251016,212500,43.5405,43.5405,43.5405,43.5405,570,0
LSAF.US,5,20251016,213000,43.53,43.53,43.53,43.53,125,0
LSAF.US,5,20251016,213500,43.54,43.54,43.535,43.535,300,0
LSAF.US,5,20251016,214500,43.6,43.61,43.6,43.61,300,0
LSAF.US,5,20251017,153000,43.72,43.72,43.6215,43.6215,820,0
LSAF.US,5,20251017,164500,43.65,43.65,43.65,43.65,100,0
LSAF.US,5,20251017,165000,43.6501,43.6501,43.6501,43.6501,153,0
LSAF.US,5,20251017,170500,43.69,43.69,43.69,43.69,100,0
LSAF.US,5,20251017,174500,43.7055,43.7055,43.7055,43.7055,328,0
LSAF.US,5,20251017,175000,43.73,43.76,43.73,43.76,474,0
LSAF.US,5,20251017,183500,43.77,43.77,43.77,43.77,438,0
LSAF.US,5,20251017,185500,43.659,43.659,43.659,43.659,472,0
LSAF.US,5,20251017,194500,43.6108,43.6108,43.6108,43.6108,704,0
LSAF.US,5,20251017,195000,43.66,43.68,43.66,43.68,200,0
LSAF.US,5,20251017,200000,43.7693,43.7693,43.7693,43.7693,307,0
LSAF.US,5,20251017,201000,43.7501,43.7501,43.7501,43.7501,1876,0
LSAF.US,5,20251017,201500,43.7361,43.77,43.7361,43.77,976,0
LSAF.US,5,20251017,202000,43.77,43.77,43.77,43.77,100,0
LSAF.US,5,20251017,203500,43.81,43.81,43.81,43.81,100,0
LSAF.US,5,20251017,204500,43.83,43.83,43.83,43.83,151,0
LSAF.US,5,20251017,211000,43.85,43.86,43.85,43.86,502,0
LSAF.US,5,20251017,213500,43.85,43.85,43.85,43.85,100,0
LSAF.US,5,20251017,214500,43.86,43.86,43.86,43.86,100,0
LSAF.US,5,20251017,215500,43.81,43.81,43.81,43.81,1100,0
LSAF.US,5,20251020,154500,44.13,44.13,44.13,44.13,100,0
LSAF.US,5,20251020,160500,44.21,44.21,44.21,44.21,997,0
LSAF.US,5,20251020,161500,44.07,44.07,44.067,44.067,951,0
LSAF.US,5,20251020,162500,44.14,44.14,44.14,44.14,100,0
LSAF.US,5,20251020,171000,44.17,44.17,44.17,44.17,112,0
LSAF.US,5,20251020,180000,44.0874,44.0874,44.0874,44.0874,235,0
LSAF.US,5,20251020,181000,44.12,44.12,44.11,44.11,666,0
LSAF.US,5,20251020,185500,44.17,44.17,44.17,44.17,100,0
LSAF.US,5,20251020,190500,44.1965,44.1965,44.1965,44.1965,556,0
LSAF.US,5,20251020,191000,44.1902,44.1902,44.1902,44.1902,984,0
LSAF.US,5,20251020,192500,44.1956,44.1956,44.1956,44.1956,278,0
LSAF.US,5,20251020,193000,44.2,44.2,44.2,44.2,100,0
LSAF.US,5,20251020,210000,44.28,44.28,44.28,44.28,100,0
LSAF.US,5,20251020,210500,44.3,44.3,44.3,44.3,1661,0
LSAF.US,5,20251020,212000,44.3076,44.3076,44.3076,44.3076,267,0
LSAF.US,5,20251020,213000,44.3007,44.33,44.3,44.33,561,0
LSAF.US,5,20251020,214000,44.305,44.305,44.305,44.305,429,0
LSAF.US,5,20251020,215000,44.275,44.275,44.275,44.275,100,0
LSAF.US,5,20251020,215500,44.27,44.27,44.25,44.25,945,0
LSAF.US,5,20251021,153500,44.26,44.26,44.26,44.26,198,0
LSAF.US,5,20251021,165000,44.5809,44.625,44.58,44.625,1344,0
LSAF.US,5,20251021,171500,44.66,44.66,44.66,44.66,100,0
LSAF.US,5,20251021,172000,44.6548,44.6548,44.6548,44.6548,425,0
LSAF.US,5,20251021,174500,44.671,44.671,44.671,44.671,571,0
LSAF.US,5,20251021,182000,44.69,44.7149,44.69,44.69,1000,0
LSAF.US,5,20251021,194500,44.695,44.7,44.695,44.7,200,0
LSAF.US,5,20251021,195000,44.73,44.73,44.73,44.73,298,0
LSAF.US,5,20251021,200000,44.73,44.73,44.73,44.73,100,0
LSAF.US,5,20251021,200500,44.7505,44.7505,44.7505,44.7505,2158,0
LSAF.US,5,20251021,201500,44.7625,44.7625,44.73,44.73,862,0
LSAF.US,5,20251021,204000,44.7624,44.7624,44.7624,44.7624,957,0
LSAF.US,5,20251021,210500,44.71,44.7112,44.71,44.7112,375,0
LSAF.US,5,20251021,212000,44.72,44.72,44.72,44.72,100,0
LSAF.US,5,20251021,212500,44.75,44.75,44.69,44.69,1171,0
LSAF.US,5,20251021,213500,44.68,44.6812,44.68,44.6812,310,0
LSAF.US,5,20251021,214000,44.69,44.7,44.69,44.7,389,0
LSAF.US,5,20251021,215000,44.7126,44.7126,44.7126,44.7126,290,0
LSAF.US,5,20251021,215500,44.65,44.65,44.65,44.65,1351,0
LSAF.US,5,20251022,160500,44.56,44.635,44.56,44.635,1550,0
LSAF.US,5,20251022,165500,44.56,44.56,44.56,44.56,200,0
LSAF.US,5,20251022,174000,44.6102,44.6102,44.6102,44.6102,394,0
LSAF.US,5,20251022,175500,44.6695,44.6695,44.6695,44.6695,128,0
LSAF.US,5,20251022,191000,44.5,44.5,44.5,44.5,200,0
LSAF.US,5,20251022,192500,44.4299,44.4299,44.37,44.37,1220,0
LSAF.US,5,20251022,194000,44.35,44.35,44.35,44.35,605,0
LSAF.US,5,20251022,194500,44.32,44.32,44.32,44.32,100,0
LSAF.US,5,20251022,200000,44.37,44.37,44.37,44.37,400,0
LSAF.US,5,20251022,201000,44.39,44.39,44.39,44.39,173,0
LSAF.US,5,20251022,201500,44.3419,44.3419,44.336,44.336,2727,0
LSAF.US,5,20251022,202000,44.35,44.35,44.35,44.35,389,0
LSAF.US,5,20251022,203500,44.4,44.4,44.38,44.38,300,0
LSAF.US,5,20251022,204500,44.4488,44.4488,44.4488,44.4488,1237,0
LSAF.US,5,20251022,205000,44.41,44.41,44.41,44.41,100,0
LSAF.US,5,20251022,211000,44.41,44.41,44.41,44.41,100,0
LSAF.US,5,20251022,211500,44.41,44.41,44.41,44.41,946,0
LSAF.US,5,20251022,212000,44.41,44.41,44.41,44.41,334,0
LSAF.US,5,20251022,213000,44.38,44.38,44.38,44.38,100,0
LSAF.US,5,20251022,213500,44.41,44.415,44.41,44.415,761,0
LSAF.US,5,20251022,214500,44.41,44.41,44.41,44.41,180,0
LSAF.US,5,20251022,215000,44.375,44.41,44.375,44.41,314,0
LSAF.US,5,20251022,215500,44.41,44.41,44.39,44.39,800,0
LSAF.US,5,20251023,155000,44.556413,44.556413,44.556413,44.556413,489,0
LSAF.US,5,20251023,155500,44.5796,44.5796,44.5796,44.5796,332,0
LSAF.US,5,20251023,160000,44.49,44.49,44.49,44.49,100,0
LSAF.US,5,20251023,161000,44.4516,44.4516,44.4516,44.4516,1908,0
LSAF.US,5,20251023,161500,44.37,44.37,44.3675,44.3675,957,0
LSAF.US,5,20251023,163500,44.38,44.41,44.38,44.41,200,0
LSAF.US,5,20251023,171500,44.4084,44.4084,44.4084,44.4084,203,0
LSAF.US,5,20251023,173000,44.43,44.43,44.43,44.43,100,0
LSAF.US,5,20251023,184000,44.53,44.53,44.53,44.53,100,0
LSAF.US,5,20251023,194500,44.66,44.7,44.66,44.7,300,0
LSAF.US,5,20251023,200000,44.71,44.71,44.71,44.71,200,0
LSAF.US,5,20251023,201500,44.71,44.71,44.71,44.71,819,0
LSAF.US,5,20251023,202000,44.72,44.73,44.72,44.73,5311,0
LSAF.US,5,20251023,202500,44.72,44.725,44.72,44.725,300,0
LSAF.US,5,20251023,203500,44.7,44.7,44.7,44.7,100,0
LSAF.US,5,20251023,211500,44.7107,44.7107,44.7107,44.7107,265,0
LSAF.US,5,20251023,212000,44.71,44.71,44.71,44.71,140,0
LSAF.US,5,20251023,212500,44.6775,44.6775,44.6775,44.6775,627,0
LSAF.US,5,20251023,213500,44.64,44.64,44.63,44.63,323,0
LSAF.US,5,20251023,215000,44.595,44.595,44.59,44.59,200,0
LSAF.US,5,20251023,215500,44.59,44.61,44.59,44.61,2349,0
LSAF.US,5,20251024,155000,44.89,44.89,44.89,44.89,300,0
LSAF.US,5,20251024,164500,44.89,44.89,44.89,44.89,300,0
LSAF.US,5,20251024,171500,44.92,44.92,44.92,44.92,400,0
LSAF.US,5,20251024,185000,44.846,44.846,44.846,44.846,136,0
LSAF.US,5,20251024,202500,44.8416,44.8675,44.8416,44.8675,1187,0
LSAF.US,5,20251024,203500,44.8416,44.8416,44.8416,44.8416,244,0
LSAF.US,5,20251024,211500,44.78,44.78,44.78,44.78,132,0
LSAF.US,5,20251024,213000,44.77,44.77,44.77,44.77,300,0
LSAF.US,5,20251024,215000,44.74,44.74,44.74,44.74,500,0
LSAF.US,5,20251024,215500,44.65,44.65,44.65,44.65,100,0
LSAF.US,5,20251027,150500,45.1,45.1,45.1,45.1,100,0
LSAF.US,5,20251027,151000,45.07,45.07,45.07,45.07,100,0
LSAF.US,5,20251027,152000,45.13,45.13,45.13,45.13,100,0
LSAF.US,5,20251027,154500,45.1,45.1,45.1,45.1,100,0
LSAF.US,5,20251027,164000,45.095,45.095,45.095,45.095,1828,0
LSAF.US,5,20251027,170000,45.0246,45.0343,45.0246,45.0343,350,0
LSAF.US,5,20251027,180000,44.9101,44.9101,44.9101,44.9101,582,0
LSAF.US,5,20251027,185000,44.92,44.92,44.92,44.92,100,0
LSAF.US,5,20251027,193000,44.9365,44.9365,44.935,44.935,1174,0
LSAF.US,5,20251027,194500,44.94,44.94,44.94,44.94,100,0
LSAF.US,5,20251027,195000,44.9645,44.99,44.9645,44.99,3716,0
LSAF.US,5,20251027,195500,45.0009,45.0009,45.0009,45.0009,1252,0
LSAF.US,5,20251027,200000,44.9846,45,44.9808,44.9808,788,0
LSAF.US,5,20251027,200500,44.9801,44.9801,44.9801,44.9801,900,0
LSAF.US,5,20251027,201000,44.9926,45,44.9926,45,809,0
LSAF.US,5,20251027,201500,45,45,45,45,100,0
LSAF.US,5,20251027,203500,45.0056,45.01,45.0056,45.01,786,0
LSAF.US,5,20251027,204000,45.03,45.03,45.03,45.03,100,0
LSAF.US,5,20251027,204500,45.03,45.03,45.03,45.03,854,0
LSAF.US,5,20251027,205000,45,45,45,45,100,0
LSAF.US,5,20251027,205500,45.02,45.04,45.02,45.035,1809,0
LSAF.US,5,20251028,144000,45.11,45.11,45.11,45.11,207,0
LSAF.US,5,20251028,144500,44.98,44.98,44.98,44.98,300,0
LSAF.US,5,20251028,154500,44.86,44.87,44.8,44.82,900,0
LSAF.US,5,20251028,180000,44.8114,44.8114,44.8114,44.8114,150,0
LSAF.US,5,20251028,180500,44.91,44.91,44.91,44.91,500,0
LSAF.US,5,20251028,191000,44.864,44.864,44.864,44.864,547,0
LSAF.US,5,20251028,191500,44.8551,44.8551,44.8551,44.8551,147,0
LSAF.US,5,20251028,192500,44.8,44.8,44.8,44.8,100,0
LSAF.US,5,20251028,194500,44.7983,44.7983,44.7983,44.7983,500,0
LSAF.US,5,20251028,202500,44.7044,44.7505,44.69,44.7505,4469,0
LSAF.US,5,20251028,203000,44.722,44.7293,44.722,44.7293,1862,0
LSAF.US,5,20251028,204500,44.665,44.665,44.665,44.665,134,0
LSAF.US,5,20251028,205500,44.63,44.63,44.63,44.63,200,0
LSAF.US,5,20251029,144500,44.66,44.66,44.66,44.66,300,0
LSAF.US,5,20251029,151000,44.51,44.64,44.5,44.5,1074,0
LSAF.US,5,20251029,153000,44.62,44.62,44.62,44.62,300,0
LSAF.US,5,20251029,153500,44.54,44.54,44.54,44.54,300,0
LSAF.US,5,20251029,154500,44.5,44.5,44.5,44.5,300,0
LSAF.US,5,20251029,155000,44.56,44.56,44.56,44.56,100,0
LSAF.US,5,20251029,164000,44.64,44.64,44.64,44.64,100,0
LSAF.US,5,20251029,171500,44.7699,44.8,44.7699,44.8,539,0
LSAF.US,5,20251029,174000,44.73,44.73,44.72,44.72,11812,0
LSAF.US,5,20251029,180000,44.81,44.81,44.81,44.81,100,0
LSAF.US,5,20251029,191000,44.77,44.77,44.77,44.77,432,0
LSAF.US,5,20251029,192000,44.69,44.7,44.69,44.7,500,0
LSAF.US,5,20251029,193000,44.7,44.7,44.7,44.7,200,0
LSAF.US,5,20251029,194000,44.33,44.33,44.33,44.33,200,0
LSAF.US,5,20251029,195000,44.37,44.37,44.37,44.37,100,0
LSAF.US,5,20251029,195500,44.355,44.355,44.355,44.355,100,0
LSAF.US,5,20251029,200500,44.37,44.37,44.37,44.37,100,0
LSAF.US,5,20251029,202000,44.25,44.39,44.25,44.39,2846,0
LSAF.US,5,20251029,202500,44.33,44.33,44.29,44.29,200,0
LSAF.US,5,20251029,203500,44.14,44.2,44.14,44.2,200,0
LSAF.US,5,20251029,204500,44.19,44.2,44.19,44.2,300,0
LSAF.US,5,20251029,205000,44.27,44.28,44.23,44.26,3266,0
LSAF.US,5,20251029,205500,44.26,44.26,44.26,44.26,390,0
LSAF.US,5,20251030,144500,44.13,44.28,44.13,44.28,432,0
LSAF.US,5,20251030,150000,44.34,44.34,44.34,44.34,100,0
LSAF.US,5,20251030,151500,44.29,44.29,44.29,44.29,300,0
LSAF.US,5,20251030,152000,44.35,44.35,44.35,44.35,200,0
LSAF.US,5,20251030,152500,44.33,44.33,44.33,44.33,300,0
LSAF.US,5,20251030,153500,44.41,44.41,44.41,44.41,100,0
LSAF.US,5,20251030,154000,44.55,44.58,44.53,44.53,700,0
LSAF.US,5,20251030,155000,44.3399,44.3399,44.3399,44.3399,117,0
LSAF.US,5,20251030,155500,44.4,44.4,44.4,44.4,200,0
LSAF.US,5,20251030,162000,44.34,44.34,44.34,44.34,100,0
LSAF.US,5,20251030,172000,44.2297,44.2297,44.2297,44.2297,403,0
LSAF.US,5,20251030,172500,44.32,44.32,44.32,44.32,100,0
LSAF.US,5,20251030,175500,44.31,44.32,44.31,44.32,2948,0
LSAF.US,5,20251030,180500,44.12,44.12,44.12,44.12,100,0
LSAF.US,5,20251030,182500,44.22,44.22,44.22,44.22,100,0
LSAF.US,5,20251030,183500,44.15,44.15,44.15,44.15,100,0
LSAF.US,5,20251030,192500,44.2099,44.2099,44.2099,44.2099,768,0
LSAF.US,5,20251030,195500,44.01,44.01,44.01,44.01,100,0
LSAF.US,5,20251030,203000,43.9196,43.9196,43.8601,43.8601,314,0
LSAF.US,5,20251030,204000,43.8975,43.8975,43.8975,43.8975,1055,0
LSAF.US,5,20251030,205500,43.83,43.83,43.83,43.83,200,0
LSAF.US,5,20251031,162000,44.055,44.055,44.055,44.055,147,0
LSAF.US,5,20251031,162500,44.0195,44.0195,44.0195,44.0195,397,0
LSAF.US,5,20251031,165500,43.95,43.95,43.95,43.95,100,0
LSAF.US,5,20251031,170000,43.93,43.93,43.92,43.92,400,0
LSAF.US,5,20251031,171500,43.92,43.92,43.9,43.9,500,0
LSAF.US,5,20251031,173000,43.96,43.96,43.95,43.95,300,0
LSAF.US,5,20251031,174000,43.9459,43.9459,43.9459,43.9459,3540,0
LSAF.US,5,20251031,174500,43.89,43.89,43.88,43.88,1517,0
LSAF.US,5,20251031,175000,43.88,43.88,43.88,43.88,100,0
LSAF.US,5,20251031,175500,43.82,43.82,43.82,43.82,100,0
LSAF.US,5,20251031,182000,43.81,43.92,43.81,43.92,200,0
LSAF.US,5,20251031,182500,43.97,43.97,43.97,43.97,2260,0
LSAF.US,5,20251031,184000,43.949,43.949,43.949,43.949,735,0
LSAF.US,5,20251031,184500,43.935,43.935,43.935,43.935,1881,0
LSAF.US,5,20251031,190500,44.04,44.04,44.04,44.04,100,0
LSAF.US,5,20251031,200500,44.1,44.1,44.1,44.1,267,0
LSAF.US,5,20251031,201500,44.07,44.07,44.06,44.06,549,0
LSAF.US,5,20251031,203000,44.1584,44.1584,44.1584,44.1584,182,0
LSAF.US,5,20251103,153500,44.05,44.05,44.05,44.05,300,0
LSAF.US,5,20251103,154000,44,44,44,44,800,0
LSAF.US,5,20251103,163000,43.62,43.62,43.62,43.62,2800,0
LSAF.US,5,20251103,165000,43.8812,43.8812,43.8812,43.8812,1682,0
LSAF.US,5,20251103,170500,43.94,43.94,43.94,43.94,200,0
LSAF.US,5,20251103,173000,44,44,44,44,125,0
LSAF.US,5,20251103,183500,43.97,43.98,43.97,43.98,346,0
LSAF.US,5,20251103,185500,44.06,44.06,44.06,44.06,263,0
LSAF.US,5,20251103,202500,44.075,44.075,44.075,44.075,620,0
LSAF.US,5,20251103,203500,44.1182,44.1182,44.1182,44.1182,568,0
LSAF.US,5,20251103,211500,44.06,44.06,44.06,44.06,181,0
LSAF.US,5,20251103,215500,44.0573,44.0573,44.0573,44.0573,320,0
LSAF.US,5,20251104,154500,43.7,43.7,43.7,43.7,300,0
LSAF.US,5,20251104,155500,43.8,43.8,43.8,43.8,500,0
LSAF.US,5,20251104,160500,43.85,43.85,43.85,43.85,100,0
LSAF.US,5,20251104,161000,43.93,43.93,43.93,43.93,400,0
LSAF.US,5,20251104,162000,43.91,43.91,43.91,43.91,148,0
LSAF.US,5,20251104,164000,43.9,43.9,43.87,43.89,1697,0
LSAF.US,5,20251104,172000,43.86,43.86,43.86,43.86,100,0
LSAF.US,5,20251104,175500,43.9,43.91,43.9,43.91,200,0
LSAF.US,5,20251104,184000,43.839,43.839,43.79,43.79,2562,0
LSAF.US,5,20251104,192500,43.79,43.79,43.79,43.79,100,0
LSAF.US,5,20251104,195500,43.8678,43.8678,43.8678,43.8678,616,0
LSAF.US,5,20251104,213500,43.9105,43.9105,43.9105,43.9105,576,0
LSAF.US,5,20251104,214500,43.9195,43.9195,43.9195,43.9195,177,0
LSAF.US,5,20251105,153000,43.94,43.94,43.94,43.94,100,0
LSAF.US,5,20251105,153500,43.89,43.89,43.89,43.89,100,0
LSAF.US,5,20251105,164500,43.84,43.84,43.84,43.84,2600,0
LSAF.US,5,20251105,190500,44.2856,44.2856,44.2856,44.2856,330,0
LSAF.US,5,20251105,194000,44.21,44.23,44.21,44.21,2447,0
LSAF.US,5,20251105,200500,44.28,44.28,44.28,44.28,617,0
LSAF.US,5,20251105,211500,44.2915,44.2915,44.2915,44.2915,945,0
LSAF.US,5,20251105,212500,44.221,44.221,44.221,44.221,1350,0
LSAF.US,5,20251105,213500,44.225,44.225,44.225,44.225,131,0
LSAF.US,5,20251105,215500,44.11,44.11,44.11,44.11,100,0
LSAF.US,5,20251106,153500,44.34,44.34,44.34,44.34,100,0
LSAF.US,5,20251106,163500,44.04,44.04,44.04,44.04,2500,0
LSAF.US,5,20251106,173500,43.8501,43.8501,43.8501,43.8501,307,0
LSAF.US,5,20251106,185500,43.82,43.82,43.82,43.82,100,0
LSAF.US,5,20251106,200500,43.967,43.967,43.967,43.967,825,0
LSAF.US,5,20251106,204000,44.009297,44.009297,43.94,43.94,443,0
LSAF.US,5,20251106,210000,43.9411,43.9411,43.9411,43.9411,400,0
LSAF.US,5,20251106,213500,44.025,44.025,44.025,44.025,336,0
LSAF.US,5,20251106,214500,43.9035,43.9035,43.9035,43.9035,2263,0
LSAF.US,5,20251107,161500,43.89,43.89,43.89,43.89,100,0
LSAF.US,5,20251107,200000,43.98,43.98,43.98,43.98,100,0
LSAF.US,5,20251107,201500,44.15,44.15,44.15,44.15,1028,0
LSAF.US,5,20251107,205000,44.36,44.36,44.36,44.36,238,0
LSAF.US,5,20251107,211000,44.41,44.41,44.36,44.39,1882,0
LSAF.US,5,20251107,212500,44.2,44.2,44.2,44.2,1068,0
LSAF.US,5,20251107,215500,44.28,44.38,44.28,44.38,688,0
LSAF.US,5,20251110,182500,44.5382,44.5382,44.5382,44.5382,120,0
LSAF.US,5,20251110,185000,44.54,44.54,44.54,44.54,161,0
LSAF.US,5,20251110,191000,44.63,44.63,44.63,44.63,200,0
LSAF.US,5,20251110,205000,44.76,44.76,44.76,44.76,950,0
LSAF.US,5,20251110,205500,44.78,44.78,44.78,44.78,2171,0
LSAF.US,5,20251110,210000,44.6901,44.6901,44.6901,44.6901,107,0
LSAF.US,5,20251110,212000,44.69,44.69,44.69,44.69,741,0
LSAF.US,5,20251110,213500,44.738,44.738,44.738,44.738,141,0
LSAF.US,5,20251110,215000,44.7099,44.7099,44.7099,44.7099,447,0
LSAF.US,5,20251110,215500,44.645,44.645,44.645,44.645,143,0
LSAF.US,5,20251111,161000,44.75,44.75,44.75,44.75,958,0
LSAF.US,5,20251111,190000,44.8524,44.8524,44.8524,44.8524,148,0
LSAF.US,5,20251111,201000,44.8415,44.8676,44.8415,44.8485,1036,0
LSAF.US,5,20251111,204000,44.7814,44.7814,44.7814,44.7814,316,0
LSAF.US,5,20251111,205000,44.8455,44.8455,44.8455,44.8455,1325,0
LSAF.US,5,20251111,210000,44.8046,44.8046,44.8046,44.8046,189,0
LSAF.US,5,20251111,210500,44.77,44.8799,44.77,44.8799,755,0
LSAF.US,5,20251111,211500,44.8342,44.88,44.8342,44.88,1286,0
LSAF.US,5,20251111,213000,44.73,44.73,44.71,44.71,1616,0
LSAF.US,5,20251111,213500,44.72,44.74,44.72,44.74,200,0
LSAF.US,5,20251111,214000,44.76,44.76,44.76,44.76,100,0
LSAF.US,5,20251111,215500,44.74,44.74,44.74,44.74,100,0
LSAF.US,5,20251112,163000,45.095,45.095,45.07,45.077,608,0
LSAF.US,5,20251112,165000,45.23,45.23,45.23,45.23,1008,0
LSAF.US,5,20251112,170000,45.13,45.13,45.13,45.13,100,0
LSAF.US,5,20251112,174500,45.1516,45.1516,45.1516,45.1516,171,0
LSAF.US,5,20251112,175500,45.31,45.31,45.31,45.31,379,0
LSAF.US,5,20251112,184000,45.2643,45.2643,45.2643,45.2643,305,0
LSAF.US,5,20251112,193500,45.2881,45.2881,45.2881,45.2881,313,0
LSAF.US,5,20251112,195500,45.2688,45.2688,45.2688,45.2688,241,0
LSAF.US,5,20251112,200500,45.2491,45.2491,45.1501,45.1501,684,0
LSAF.US,5,20251112,202500,45.2199,45.2199,45.2199,45.2199,543,0
LSAF.US,5,20251112,210000,45.205,45.205,45.14,45.14,342,0
LSAF.US,5,20251112,210500,45.14,45.1949,45.14,45.1949,492,0
LSAF.US,5,20251112,213500,45.27,45.27,45.27,45.27,146,0
LSAF.US,5,20251112,215000,45.20706,45.20706,45.18,45.18,649,0
LSAF.US,5,20251113,153500,45.05,45.05,45.05,45.05,300,0
LSAF.US,5,20251113,154500,45.05,45.05,45.05,45.05,300,0
LSAF.US,5,20251113,155000,45.08,45.08,45.08,45.08,100,0
LSAF.US,5,20251113,164500,45.07,45.11,45.07,45.11,400,0
LSAF.US,5,20251113,172000,44.9,44.9,44.9,44.9,133,0
LSAF.US,5,20251113,173500,44.861,44.861,44.861,44.861,142,0
LSAF.US,5,20251113,183000,44.8925,44.8925,44.8925,44.8925,251,0
LSAF.US,5,20251113,184500,44.82,44.82,44.82,44.82,100,0
LSAF.US,5,20251113,202000,44.603,44.6136,44.603,44.6136,1631,0
LSAF.US,5,20251113,205500,44.5,44.5,44.5,44.5,100,0
LSAF.US,5,20251113,212000,44.405,44.405,44.405,44.405,1001,0
LSAF.US,5,20251113,212500,44.35,44.35,44.35,44.35,758,0
LSAF.US,5,20251113,214000,44.43,44.43,44.43,44.43,100,0
LSAF.US,5,20251113,215500,44.36,44.39,44.36,44.39,264,0
LSAF.US,5,20251114,164500,44.16,44.16,44.16,44.16,100,0
LSAF.US,5,20251114,165500,44.165,44.17,44.165,44.1651,300,0
LSAF.US,5,20251114,183500,44.39,44.39,44.39,44.39,123,0
LSAF.US,5,20251114,185000,44.2704,44.2704,44.2704,44.2704,329,0
LSAF.US,5,20251114,185500,44.27,44.2701,44.27,44.2701,566,0
LSAF.US,5,20251114,192000,44.15,44.1601,44.15,44.1501,824,0
LSAF.US,5,20251114,193000,44.2,44.2,44.2,44.2,100,0
LSAF.US,5,20251114,201000,44.165,44.165,44.165,44.165,836,0
LSAF.US,5,20251114,212000,44.1,44.1,44.1,44.1,100,0
LSAF.US,5,20251114,213000,44.155,44.155,44.155,44.155,145,0
LSAF.US,5,20251114,215500,44.08,44.08,44.08,44.08,100,0
LSAF.US,5,20251117,162500,43.82,43.82,43.82,43.82,200,0
LSAF.US,5,20251117,172500,43.65,43.7,43.65,43.7,200,0
LSAF.US,5,20251117,173000,43.69,43.7,43.69,43.7,568,0
LSAF.US,5,20251117,180000,43.79,43.79,43.79,43.79,100,0
LSAF.US,5,20251117,192000,43.501,43.501,43.501,43.501,1000,0
LSAF.US,5,20251117,200500,43.3613,43.3613,43.3613,43.3613,669,0
LSAF.US,5,20251117,201000,43.3,43.3,43.3,43.3,100,0
LSAF.US,5,20251117,201500,43.3144,43.315,43.3144,43.315,241,0
LSAF.US,5,20251117,203000,43.2371,43.2371,43.2371,43.2371,109,0
LSAF.US,5,20251117,211500,43.09,43.09,43.0397,43.0899,446,0
LSAF.US,5,20251117,214500,43.16,43.16,43.16,43.16,279,0
LSAF.US,5,20251118,161000,42.9,42.9,42.9,42.9,100,0
LSAF.US,5,20251118,172500,43.09,43.09,43.09,43.09,100,0
LSAF.US,5,20251118,201000,43.31,43.31,43.2,43.2,3023,0
LSAF.US,5,20251118,212000,43.22,43.22,43.22,43.22,100,0
LSAF.US,5,20251118,213000,43.2234,43.2234,43.2234,43.2234,273,0
LSAF.US,5,20251118,215500,43.12,43.12,43.11,43.11,700,0
LSAF.US,5,20251119,153500,43.22,43.22,43.22,43.22,509,0
LSAF.US,5,20251119,154000,43.0846,43.0846,43.0846,43.0846,876,0
LSAF.US,5,20251119,161000,43.37,43.37,43.37,43.37,366,0
LSAF.US,5,20251119,165000,43.125,43.125,43.07,43.1042,390,0
LSAF.US,5,20251119,173000,43.015,43.015,43.015,43.015,288,0
LSAF.US,5,20251119,185500,43.0301,43.0301,43.0301,43.0301,165,0
LSAF.US,5,20251119,202000,42.9701,42.9701,42.9701,42.9701,140,0
LSAF.US,5,20251119,204000,42.8801,42.9405,42.8801,42.9405,880,0
LSAF.US,5,20251119,213000,43.08,43.0801,43.08,43.0801,324,0
LSAF.US,5,20251120,181000,42.7415,42.7415,42.7415,42.7415,968,0
LSAF.US,5,20251120,184000,42.69,42.69,42.69,42.69,743,0
LSAF.US,5,20251120,192500,42.79,42.79,42.79,42.79,249,0
LSAF.US,5,20251120,200500,42.49,42.505,42.49,42.505,901,0
LSAF.US,5,20251120,201000,42.5225,42.5225,42.5225,42.5225,2092,0
LSAF.US,5,20251120,210000,42.61,42.6127,42.61,42.6127,1067,0
LSAF.US,5,20251120,212000,42.6,42.6,42.6,42.6,132,0
LSAF.US,5,20251120,214000,42.4853,42.4853,42.4853,42.4853,109,0
LSAF.US,5,20251121,200500,43.615,43.615,43.57,43.57,2459,0
LSAF.US,5,20251121,201000,43.5608,43.6089,43.5608,43.6089,591,0
LSAF.US,5,20251121,204000,43.63,43.63,43.63,43.63,100,0
LSAF.US,5,20251121,212000,43.53,43.53,43.53,43.53,300,0
LSAF.US,5,20251121,213500,43.5105,43.5105,43.5105,43.5105,161,0
LSAF.US,5,20251124,162000,43.53,43.53,43.53,43.53,100,0
LSAF.US,5,20251124,164500,43.69,43.75,43.686,43.6878,2416,0
LSAF.US,5,20251124,165500,43.64,43.64,43.64,43.64,100,0
LSAF.US,5,20251124,184500,43.8323,43.87,43.8323,43.87,383,0
LSAF.US,5,20251124,185500,43.87,43.88,43.87,43.88,500,0
LSAF.US,5,20251124,202500,43.795,43.795,43.7889,43.7889,4710,0
LSAF.US,5,20251124,210000,43.81,43.81,43.81,43.81,100,0
LSAF.US,5,20251124,211500,43.775,43.775,43.7706,43.7706,505,0
LSAF.US,5,20251124,212000,43.72,43.7201,43.72,43.7201,200,0
LSAF.US,5,20251124,212500,43.71,43.71,43.71,43.71,100,0
LSAF.US,5,20251124,214000,43.785,43.785,43.785,43.785,271,0
LSAF.US,5,20251125,155500,44.09,44.09,44.09,44.09,100,0
LSAF.US,5,20251125,161000,44.2001,44.2001,44.2001,44.2001,351,0
LSAF.US,5,20251125,164000,44.39,44.39,44.39,44.39,210,0
LSAF.US,5,20251125,164500,44.475,44.475,44.475,44.475,101,0
LSAF.US,5,20251125,173000,44.475,44.475,44.475,44.475,363,0
LSAF.US,5,20251125,180000,44.556,44.62,44.556,44.56,638,0
LSAF.US,5,20251125,192000,44.58,44.58,44.58,44.58,347,0
LSAF.US,5,20251125,201500,44.55,44.55,44.55,44.55,331,0
LSAF.US,5,20251125,205500,44.54,44.54,44.54,44.54,100,0
LSAF.US,5,20251125,210000,44.53,44.53,44.53,44.53,1226,0
LSAF.US,5,20251125,210500,44.56,44.62,44.56,44.62,246,0
LSAF.US,5,20251125,211000,44.57,44.57,44.57,44.57,100,0
LSAF.US,5,20251125,213000,44.59,44.59,44.59,44.59,100,0
LSAF.US,5,20251125,213500,44.6463,44.6463,44.6463,44.6463,101,0
LSAF.US,5,20251125,214000,44.6424,44.6424,44.6424,44.6424,109,0
LSAF.US,5,20251125,215500,44.6648,44.6648,44.6648,44.6648,323,0
LSAF.US,5,20251126,160500,44.78,44.78,44.78,44.78,100,0
LSAF.US,5,20251126,161500,44.7906,44.7906,44.7906,44.7906,501,0
LSAF.US,5,20251126,163000,44.85,44.85,44.805,44.805,286,0
LSAF.US,5,20251126,164000,44.8418,44.8418,44.8418,44.8418,187,0
LSAF.US,5,20251126,165500,44.885,44.9,44.885,44.9,2492,0
LSAF.US,5,20251126,174000,44.98,44.98,44.98,44.98,100,0
LSAF.US,5,20251126,175000,45.0444,45.0444,45.0444,45.0444,998,0
LSAF.US,5,20251126,181000,45.065,45.065,45.065,45.065,115,0
LSAF.US,5,20251126,182000,45.08,45.08,45.08,45.08,3439,0
LSAF.US,5,20251126,182500,45.019123,45.019123,45.019123,45.019123,822,0
LSAF.US,5,20251126,183000,45.0367,45.13,45.0367,45.13,621,0
LSAF.US,5,20251126,185000,44.99,45.027,44.99,45.027,265,0
LSAF.US,5,20251126,190000,44.99,44.99,44.99,44.99,100,0
LSAF.US,5,20251126,204500,45.13,45.14,45.12,45.12,3622,0
LSAF.US,5,20251128,163000,45.03,45.03,44.96,44.96,400,0
LSAF.US,5,20251128,165000,45.06,45.06,45.06,45.06,200,0
LSAF.US,5,20251128,165500,45.13,45.13,45,45,400,0
LSAF.US,5,20251128,170000,45.04,45.05,45.03,45.03,700,0
LSAF.US,5,20251128,171500,45.06,45.06,45.06,45.06,100,0
LSAF.US,5,20251128,172000,45.03,45.03,45.03,45.03,100,0
LSAF.US,5,20251128,174000,45.03,45.03,45.03,45.03,100,0
LSAF.US,5,20251128,180500,45.06,45.06,45.06,45.06,993,0
LSAF.US,5,20251128,184000,45.1352,45.1352,45.1352,45.1352,931,0
LSAF.US,5,20251128,184500,45.02,45.105,45.02,45.105,257,0
LSAF.US,5,20251128,185000,45.02,45.02,44.94,44.94,400,0
LSAF.US,5,20251128,185500,44.87,44.93,44.87,44.93,300,0
LSAF.US,5,20251201,160000,44.98,44.98,44.98,44.98,300,0
LSAF.US,5,20251201,161000,45.02,45.02,45.02,45.02,100,0
LSAF.US,5,20251201,170000,45.04,45.18,45.04,45.18,527,0
LSAF.US,5,20251201,173500,45.07,45.07,45.07,45.07,200,0
LSAF.US,5,20251201,174000,45.09,45.19,45.09,45.19,500,0
LSAF.US,5,20251201,174500,45.03,45.03,45.03,45.03,225,0
LSAF.US,5,20251201,175000,45.2,45.2,45.2,45.2,400,0
LSAF.US,5,20251201,175500,45.07,45.07,45.07,45.07,2500,0
LSAF.US,5,20251201,180000,45.11,45.11,45.11,45.11,300,0
LSAF.US,5,20251201,181000,45.11,45.11,45.11,45.11,100,0
LSAF.US,5,20251201,190500,45.18,45.18,45.18,45.18,299,0
LSAF.US,5,20251201,192500,45.229,45.2299,45.229,45.2299,609,0
LSAF.US,5,20251201,193500,45.16,45.16,45.16,45.16,100,0
LSAF.US,5,20251201,194000,45.151,45.151,45.151,45.151,748,0
LSAF.US,5,20251201,195000,45.1605,45.25,45.1605,45.2155,6642,0
LSAF.US,5,20251201,200500,45.1536,45.1537,45.14,45.1537,3165,0
LSAF.US,5,20251201,202500,45.09,45.09,45.09,45.09,500,0
LSAF.US,5,20251201,203000,45.005,45.005,44.94,44.94,306,0
LSAF.US,5,20251201,211000,44.975,44.975,44.975,44.975,123,0
LSAF.US,5,20251201,211500,44.9962,44.9962,44.9962,44.9962,103,0
LSAF.US,5,20251201,215500,44.804,44.82,44.804,44.82,383,0
LSAF.US,5,20251202,162500,44.72,44.72,44.67,44.67,2200,0
LSAF.US,5,20251202,174500,44.7303,44.7303,44.7303,44.7303,115,0
LSAF.US,5,20251202,181500,44.7977,44.7977,44.7977,44.7977,433,0
LSAF.US,5,20251202,182000,44.86,44.86,44.86,44.86,100,0
LSAF.US,5,20251202,190500,44.8249,44.8249,44.8249,44.8249,148,0
LSAF.US,5,20251202,201000,44.89,44.89,44.86,44.86,1005,0
LSAF.US,5,20251202,201500,44.8559,44.865,44.8559,44.865,1048,0
LSAF.US,5,20251202,204500,44.89,44.89,44.89,44.89,100,0
LSAF.US,5,20251202,211500,44.9803,44.9803,44.94,44.94,571,0
LSAF.US,5,20251202,212000,44.94,44.94,44.92,44.92,400,0
LSAF.US,5,20251202,213500,44.97,44.97,44.97,44.97,264,0
LSAF.US,5,20251203,154000,45.03,45.03,45.03,45.03,100,0
LSAF.US,5,20251203,160500,45.03,45.095,45.03,45.095,228,0
LSAF.US,5,20251203,161000,45.01,45.0101,45.01,45.0101,200,0
LSAF.US,5,20251203,163500,44.97,44.97,44.97,44.97,100,0
LSAF.US,5,20251203,172500,45.06,45.06,45.06,45.06,100,0
LSAF.US,5,20251203,173500,45.13,45.13,45.13,45.13,100,0
LSAF.US,5,20251203,175000,45.08,45.115,45.08,45.115,649,0
LSAF.US,5,20251203,181500,45.0926,45.1063,45.0926,45.1063,557,0
LSAF.US,5,20251203,182000,45.1242,45.1242,45.1242,45.1242,290,0
LSAF.US,5,20251203,182500,45.13,45.13,45.13,45.13,700,0
LSAF.US,5,20251203,183500,45.12,45.12,45.12,45.12,100,0
LSAF.US,5,20251203,191000,45.11,45.11,45.11,45.11,100,0
LSAF.US,5,20251203,200500,45.11,45.11,45.11,45.11,500,0
LSAF.US,5,20251203,203500,45.1012,45.1012,45.1012,45.1012,1423,0
LSAF.US,5,20251203,205000,45.1,45.1,45.1,45.1,100,0
LSAF.US,5,20251203,210000,45.08,45.08,45.08,45.08,100,0
LSAF.US,5,20251203,211000,45.135,45.135,45.135,45.135,372,0
LSAF.US,5,20251203,213000,45.1,45.1,45.1,45.1,100,0
LSAF.US,5,20251203,213500,45.1899,45.1899,45.1899,45.1899,1171,0
LSAF.US,5,20251203,215500,45.105,45.105,45.105,45.105,234,0
LSAF.US,5,20251204,153000,45.09,45.09,45.09,45.09,200,0
LSAF.US,5,20251204,161500,45.09,45.09,45.09,45.09,1364,0
LSAF.US,5,20251204,162000,45.1,45.1,45.1,45.1,100,0
LSAF.US,5,20251204,162500,45.095,45.095,45.095,45.095,161,0
LSAF.US,5,20251204,164000,45.13,45.13,45.13,45.13,18697,0
LSAF.US,5,20251204,184500,45.148,45.148,45.148,45.148,298,0
LSAF.US,5,20251204,194500,45.21,45.21,45.21,45.21,100,0
LSAF.US,5,20251204,201500,45.1254,45.145,45.0901,45.145,1188,0
LSAF.US,5,20251204,205500,45.05,45.05,45.05,45.05,320,0
LSAF.US,5,20251204,210500,45.0456,45.0504,44.98,45.0125,9541,0
LSAF.US,5,20251204,213500,45,45.0465,45,45.0465,1827,0
LSAF.US,5,20251204,214500,45.02,45.02,45.02,45.02,145,0
LSAF.US,5,20251204,215000,45.06,45.06,45.06,45.06,100,0
LSAF.US,5,20251205,153500,45.26,45.26,45.26,45.26,100,0
LSAF.US,5,20251205,161000,45.5009,45.5009,45.5009,45.5009,343,0
LSAF.US,5,20251205,163000,45.42,45.42,45.42,45.42,100,0
LSAF.US,5,20251205,165500,45.48,45.5136,45.47,45.47,1769,0
LSAF.US,5,20251205,170000,45.46,45.46,45.46,45.46,100,0
LSAF.US,5,20251205,171000,45.45,45.45,45.44,45.45,908,0
LSAF.US,5,20251205,183500,45.2901,45.2901,45.29,45.29,388,0
LSAF.US,5,20251205,191000,45.42,45.42,45.42,45.42,100,0
LSAF.US,5,20251205,202000,45.35,45.3949,45.33,45.33,1200,0
LSAF.US,5,20251205,202500,45.395,45.395,45.395,45.395,966,0
LSAF.US,5,20251205,204000,45.35,45.35,45.35,45.35,388,0
LSAF.US,5,20251205,210000,45.41,45.41,45.41,45.41,7747,0
LSAF.US,5,20251205,210500,45.395,45.395,45.395,45.395,274,0
LSAF.US,5,20251205,211000,45.3902,45.3902,45.3902,45.3902,185,0
LSAF.US,5,20251205,211500,45.36,45.36,45.35,45.35,13063,0
LSAF.US,5,20251205,215500,45.31,45.31,45.31,45.31,3503,0
LSAF.US,5,20251208,153500,45.32,45.32,45.32,45.32,200,0
LSAF.US,5,20251208,162500,45.24,45.24,45.24,45.24,100,0
LSAF.US,5,20251208,172500,45.14,45.14,45.14,45.14,165,0
LSAF.US,5,20251208,182000,45.07,45.07,45.07,45.07,100,0
LSAF.US,5,20251208,183500,45.05,45.05,45.05,45.05,100,0
LSAF.US,5,20251208,184000,45.0503,45.0503,45.0503,45.0503,135,0
LSAF.US,5,20251208,190500,45.04,45.04,45.04,45.04,100,0
LSAF.US,5,20251208,192000,45,45,45,45,166,0
LSAF.US,5,20251208,193000,44.95,44.95,44.94,44.94,268,0
LSAF.US,5,20251208,201500,45.0003,45.0003,45.0003,45.0003,129,0
LSAF.US,5,20251208,204500,45.04,45.04,45.04,45.04,100,0
LSAF.US,5,20251208,211500,45.065,45.065,45.065,45.065,211,0
LSAF.US,5,20251208,212500,45,45,45,45,156,0
LSAF.US,5,20251209,162000,45.04,45.04,45.04,45.04,100,0
LSAF.US,5,20251209,171000,45.17,45.17,45.17,45.17,100,0
LSAF.US,5,20251209,182500,45.11,45.11,45.1,45.1,626,0
LSAF.US,5,20251209,184000,45.07,45.07,45.07,45.07,100,0
LSAF.US,5,20251209,200500,45.1795,45.1795,45.1705,45.1705,1008,0
LSAF.US,5,20251209,211500,45.1125,45.1523,45.1,45.1,713,0
LSAF.US,5,20251209,214000,45.1,45.1,45.1,45.1,234,0
LSAF.US,5,20251209,215000,45.0595,45.0595,45.0595,45.0595,717,0
LSAF.US,5,20251210,162500,45.05,45.05,45.05,45.05,100,0
LSAF.US,5,20251210,163000,45.06,45.065,45.04,45.04,1309,0
LSAF.US,5,20251210,172500,45.33,45.33,45.33,45.33,494,0
LSAF.US,5,20251210,174500,45.1573,45.1573,45.1573,45.1573,422,0
LSAF.US,5,20251210,181000,45.1507,45.1507,45.1507,45.1507,137,0
LSAF.US,5,20251210,181500,45.12,45.12,45.12,45.12,100,0
LSAF.US,5,20251210,182000,45.1535,45.1535,45.1535,45.1535,551,0
LSAF.US,5,20251210,193500,45.1915,45.1915,45.1915,45.1915,614,0
LSAF.US,5,20251210,194000,45.12,45.12,45.12,45.12,100,0
LSAF.US,5,20251210,200000,45.16,45.16,45.16,45.16,100,0
LSAF.US,5,20251210,214000,45.7905,45.7905,45.7905,45.7905,457,0
LSAF.US,5,20251210,215500,45.67,45.68,45.67,45.67,1274,0
LSAF.US,5,20251211,153000,45.78,45.78,45.78,45.78,100,0
LSAF.US,5,20251211,153500,45.76,45.83,45.76,45.83,759,0
LSAF.US,5,20251211,154000,45.85,46.18,45.85,46.1304,2075,0
LSAF.US,5,20251211,154500,46.09,46.09,46.08,46.08,313,0
LSAF.US,5,20251211,160500,45.99,45.99,45.99,45.99,240,0
LSAF.US,5,20251211,161000,46.085,46.15,46.04,46.04,765,0
LSAF.US,5,20251211,182500,46.22,46.22,46.22,46.22,100,0
LSAF.US,5,20251211,190500,46.22,46.315,46.21,46.315,750,0
LSAF.US,5,20251211,200500,46.17,46.17,46.17,46.17,100,0
LSAF.US,5,20251211,202500,46.226,46.305,46.19,46.305,2033,0
LSAF.US,5,20251211,204500,46.24,46.24,46.24,46.24,100,0
LSAF.US,5,20251211,212500,46.21,46.21,46.21,46.21,200,0
LSAF.US,5,20251211,213000,46.32,46.3399,46.31,46.3399,2497,0
LSAF.US,5,20251211,213500,46.22,46.22,46.22,46.22,100,0
LSAF.US,5,20251211,215500,46.24,46.24,46.24,46.24,100,0
LSAF.US,5,20251212,155500,46.301188,46.301188,46.301188,46.301188,127,0
LSAF.US,5,20251212,161000,46.19,46.28,46.19,46.28,1200,0
LSAF.US,5,20251212,161500,46.19,46.28,46.19,46.28,352,0
LSAF.US,5,20251212,163000,46.0403,46.0403,46.0403,46.0403,348,0
LSAF.US,5,20251212,165000,46.1,46.1,46.1,46.1,100,0
LSAF.US,5,20251212,173500,46.0543,46.0543,46.0543,46.0543,651,0
LSAF.US,5,20251212,181500,46.0016,46.09,46.0016,46.09,289,0
LSAF.US,5,20251212,182000,46.0298,46.0298,46.0298,46.0298,344,0
LSAF.US,5,20251212,185500,46.0204,46.0204,46.0204,46.0204,128,0
LSAF.US,5,20251212,193000,46.13,46.13,45.98,45.98,200,0
LSAF.US,5,20251212,200000,45.98,45.98,45.98,45.98,100,0
LSAF.US,5,20251212,201500,45.95,46.12,45.95,45.95,3212,0
LSAF.US,5,20251212,203500,45.96,45.96,45.96,45.96,100,0
LSAF.US,5,20251212,205500,45.96,46.11,45.96,46.11,463,0
LSAF.US,5,20251212,211000,45.95,45.95,45.95,45.95,100,0
LSAF.US,5,20251212,212000,46.01,46.03,46,46.03,1025,0
LSAF.US,5,20251212,213000,45.92,46.01,45.92,46.01,400,0
LSAF.US,5,20251212,215500,45.88,45.88,45.8,45.8,400,0
LSAF.US,5,20251215,153500,46.0955,46.155,46.0955,46.155,274,0
LSAF.US,5,20251215,154000,46.1037,46.1037,46.1037,46.1037,184,0
LSAF.US,5,20251215,164000,45.87,45.975,45.87,45.975,377,0
LSAF.US,5,20251215,164500,45.9883,45.9883,45.9883,45.9883,213,0
LSAF.US,5,20251215,175500,45.8,45.8,45.8,45.8,299,0
LSAF.US,5,20251215,180500,45.81,45.81,45.81,45.81,100,0
LSAF.US,5,20251215,192500,45.8672,45.8672,45.8672,45.8672,229,0
LSAF.US,5,20251215,195500,45.9035,45.9035,45.9035,45.9035,110,0
LSAF.US,5,20251215,200500,45.9516,45.9516,45.9516,45.9516,145,0
LSAF.US,5,20251215,205500,45.96,46.06,45.96,46.06,762,0
LSAF.US,5,20251215,212500,45.9795,46.04,45.94,46.03,2340,0
LSAF.US,5,20251215,215500,46.009,46.009,46.009,46.009,200,0
LSAF.US,5,20251216,155000,46.005,46.05,46.005,46.05,800,0
LSAF.US,5,20251216,160500,46.0167,46.0167,45.95,45.95,386,0
LSAF.US,5,20251216,174500,45.89,45.89,45.89,45.89,7255,0
LSAF.US,5,20251216,181000,45.9499,45.9499,45.9499,45.9499,326,0
LSAF.US,5,20251216,182000,45.9104,45.9104,45.87,45.87,207,0
LSAF.US,5,20251216,192500,45.67,45.67,45.67,45.67,100,0
LSAF.US,5,20251216,201000,45.65,45.6501,45.65,45.6501,330,0
LSAF.US,5,20251216,204000,45.83,45.83,45.83,45.83,332,0
LSAF.US,5,20251216,204500,45.76,45.7601,45.76,45.7601,400,0
LSAF.US,5,20251216,205000,45.75,45.75,45.75,45.75,100,0
LSAF.US,5,20251216,212500,45.835,45.835,45.835,45.835,266,0
LSAF.US,5,20251216,213500,45.9045,45.9045,45.84,45.84,397,0
LSAF.US,5,20251217,155000,45.69,45.69,45.69,45.69,100,0
LSAF.US,5,20251217,160500,45.73,45.73,45.73,45.73,100,0
LSAF.US,5,20251217,165000,45.49,45.51,45.49,45.51,208,0
LSAF.US,5,20251217,181000,45.351,45.351,45.351,45.351,231,0
LSAF.US,5,20251217,181500,45.43,45.43,45.43,45.43,404,0
LSAF.US,5,20251217,194500,45.2701,45.2701,45.2701,45.2701,908,0
LSAF.US,5,20251217,201000,45.37,45.37,45.37,45.37,100,0
LSAF.US,5,20251217,201500,45.4,45.43,45.4,45.43,5045,0
LSAF.US,5,20251217,210000,45.4,45.4,45.4,45.4,100,0
LSAF.US,5,20251217,211000,45.46,45.47,45.46,45.47,1200,0
LSAF.US,5,20251217,211500,45.38,45.38,45.38,45.38,100,0
LSAF.US,5,20251217,213500,45.34,45.34,45.34,45.34,259,0
LSAF.US,5,20251218,163000,45.68,45.68,45.68,45.68,100,0
LSAF.US,5,20251218,174000,45.82,45.82,45.82,45.82,497,0
LSAF.US,5,20251218,185000,45.5383,45.5383,45.5383,45.5383,210,0
LSAF.US,5,20251218,190000,45.45,45.45,45.45,45.45,200,0
LSAF.US,5,20251218,192500,45.605,45.605,45.605,45.605,267,0
LSAF.US,5,20251218,200500,45.48,45.5598,45.48,45.5598,1293,0
LSAF.US,5,20251218,201500,45.4986,45.4986,45.4986,45.4986,132,0
LSAF.US,5,20251218,203000,45.5046,45.5046,45.5046,45.5046,196,0
LSAF.US,5,20251218,204500,45.42,45.42,45.42,45.42,100,0
LSAF.US,5,20251218,214500,45.579,45.6,45.49,45.6,1499,0
LSAF.US,5,20251218,215500,45.43,45.48,45.43,45.48,2294,0
LSAF.US,5,20251219,155500,45.58,45.58,45.58,45.58,385,0
LSAF.US,5,20251219,160000,45.64,45.64,45.64,45.64,200,0
LSAF.US,5,20251219,161500,45.6634,45.7,45.6634,45.7,849,0
LSAF.US,5,20251219,170000,45.62,45.62,45.62,45.62,100,0
LSAF.US,5,20251219,170500,45.75,45.7565,45.75,45.7565,371,0
LSAF.US,5,20251219,171500,45.714,45.714,45.714,45.714,1440,0
LSAF.US,5,20251219,173000,45.7799,45.7799,45.7799,45.7799,217,0
LSAF.US,5,20251219,184000,45.68,45.68,45.68,45.68,100,0
LSAF.US,5,20251219,200500,45.755,45.81,45.7,45.755,1381,0
LSAF.US,5,20251219,201500,45.68,45.68,45.68,45.68,100,0
LSAF.US,5,20251219,205000,45.71,45.71,45.71,45.71,100,0
LSAF.US,5,20251219,214500,45.7142,45.7142,45.7142,45.7142,754,0
LSAF.US,5,20251219,215500,45.71,45.71,45.71,45.71,129,0
LSAF.US,5,20251222,153500,45.91,45.91,45.91,45.91,100,0
LSAF.US,5,20251222,154000,45.94,45.94,45.92,45.92,200,0
LSAF.US,5,20251222,154500,45.81,45.86,45.81,45.85,508,0
LSAF.US,5,20251222,155000,45.87,45.87,45.785,45.87,2000,0
LSAF.US,5,20251222,161000,45.83,45.83,45.83,45.83,100,0
LSAF.US,5,20251222,161500,45.85,45.85,45.85,45.85,100,0
LSAF.US,5,20251222,162000,45.95,45.98,45.94,45.98,871,0
LSAF.US,5,20251222,164500,46.05,46.09,46.05,46.09,800,0
LSAF.US,5,20251222,165000,46.06,46.15,46.06,46.15,500,0
LSAF.US,5,20251222,172000,46.09,46.09,46.09,46.09,100,0
LSAF.US,5,20251222,173000,46.07,46.07,46.07,46.07,100,0
LSAF.US,5,20251222,173500,46.09,46.09,46.09,46.09,100,0
LSAF.US,5,20251222,174500,46.1,46.1,46.1,46.1,532,0
LSAF.US,5,20251222,175000,46.055,46.055,46.05,46.05,200,0
LSAF.US,5,20251222,183000,46.0116,46.0116,46.0116,46.0116,432,0
LSAF.US,5,20251222,183500,46.01,46.01,46.01,46.01,423,0
LSAF.US,5,20251222,184500,46.075,46.075,46.075,46.075,203,0
LSAF.US,5,20251222,191500,46.0511,46.0511,46.0511,46.0511,200,0
LSAF.US,5,20251222,192000,46.055,46.055,46.055,46.055,256,0
LSAF.US,5,20251222,201000,45.986,45.986,45.986,45.986,261,0
LSAF.US,5,20251222,202500,45.94,45.94,45.93,45.93,2635,0
LSAF.US,5,20251222,204500,45.9842,45.9842,45.9842,45.9842,116,0
LSAF.US,5,20251222,210000,45.99,46.02,45.99,46.02,400,0
LSAF.US,5,20251222,210500,45.97,45.97,45.97,45.97,100,0
LSAF.US,5,20251222,213500,46,46,46,46,100,0
LSAF.US,5,20251222,214000,45.99,46.04,45.99,46.04,1971,0
LSAF.US,5,20251222,215500,45.96,45.97,45.95,45.96,729,0
LSAF.US,5,20251223,153500,46.06,46.06,46.06,46.06,100,0
LSAF.US,5,20251223,154000,46.13,46.13,46.13,46.13,200,0
LSAF.US,5,20251223,154500,46.035,46.035,46.035,46.035,192,0
LSAF.US,5,20251223,155500,45.9553,46.01,45.9553,46.01,1257,0
LSAF.US,5,20251223,160000,45.97,46.02,45.89,46.02,800,0
LSAF.US,5,20251223,160500,45.84,45.98,45.84,45.98,300,0
LSAF.US,5,20251223,161500,46,46,46,46,200,0
LSAF.US,5,20251223,162500,46.01,46.01,46.01,46.01,200,0
LSAF.US,5,20251223,163500,46,46,46,46,300,0
LSAF.US,5,20251223,164000,46.03,46.03,46.03,46.03,108,0
LSAF.US,5,20251223,164500,45.9,46.01,45.9,46.01,400,0
LSAF.US,5,20251223,165000,46.01,46.01,46.01,46.01,200,0
LSAF.US,5,20251223,170000,45.99,45.99,45.98,45.98,224,0
LSAF.US,5,20251223,170500,45.87,45.87,45.87,45.87,100,0
LSAF.US,5,20251223,171500,45.93,45.94,45.89,45.89,308,0
LSAF.US,5,20251223,172000,45.89,45.89,45.84,45.874,717,0
LSAF.US,5,20251223,172500,45.81,45.8227,45.81,45.8227,580,0
LSAF.US,5,20251223,173000,45.832191,45.832191,45.832191,45.832191,585,0
LSAF.US,5,20251223,173500,45.826,45.89,45.826,45.89,491,0
LSAF.US,5,20251223,174000,45.84,45.8401,45.79,45.79,800,0
LSAF.US,5,20251223,174500,45.835,45.846,45.7818,45.846,450,0
LSAF.US,5,20251223,175000,45.78,45.78,45.78,45.78,100,0
LSAF.US,5,20251223,175500,45.79,45.7901,45.79,45.7901,346,0
LSAF.US,5,20251223,180000,45.9,45.9,45.79,45.7901,1000,0
LSAF.US,5,20251223,181500,45.91,45.91,45.91,45.91,200,0
LSAF.US,5,20251223,182500,45.91,45.91,45.91,45.91,100,0
LSAF.US,5,20251223,183000,45.96,45.96,45.96,45.96,200,0
LSAF.US,5,20251223,184000,45.87,45.95,45.87,45.95,200,0
LSAF.US,5,20251223,185500,45.93,45.93,45.93,45.93,200,0
LSAF.US,5,20251223,190000,45.896,45.896,45.896,45.896,283,0
LSAF.US,5,20251223,190500,45.94,45.94,45.94,45.94,200,0
LSAF.US,5,20251223,191000,45.905,45.905,45.905,45.905,143,0
LSAF.US,5,20251223,192000,45.915,45.98,45.915,45.93,494,0
LSAF.US,5,20251223,192500,45.9303,45.9303,45.9303,45.9303,862,0
LSAF.US,5,20251223,193000,45.99,45.99,45.99,45.99,192,0
LSAF.US,5,20251223,194000,45.97,45.97,45.97,45.97,108,0
LSAF.US,5,20251223,195500,45.95,45.95,45.95,45.95,112,0
LSAF.US,5,20251223,201000,45.95,45.96,45.95,45.96,208,0
LSAF.US,5,20251223,202000,45.96,45.96,45.96,45.96,100,0
LSAF.US,5,20251223,203000,45.98,45.98,45.92,45.92,300,0
LSAF.US,5,20251223,204000,45.9,45.96,45.9,45.9,300,0
LSAF.US,5,20251223,204500,45.96,45.96,45.96,45.96,100,0
LSAF.US,5,20251223,205500,45.96,45.96,45.905,45.905,1865,0
LSAF.US,5,20251223,210500,45.96,45.96,45.96,45.96,200,0
LSAF.US,5,20251223,211500,45.96,45.96,45.96,45.96,112,0
LSAF.US,5,20251223,212000,45.96,45.96,45.96,45.96,108,0
LSAF.US,5,20251223,212500,45.96,45.96,45.96,45.96,220,0
LSAF.US,5,20251223,213000,45.9,45.96,45.9,45.96,400,0
LSAF.US,5,20251223,215500,45.825,45.875,45.825,45.875,433,0
LSAF.US,5,20251224,153000,46.0299,46.03,45.945,45.945,574,0
LSAF.US,5,20251224,160000,45.95,45.95,45.95,45.95,200,0
LSAF.US,5,20251224,182000,46.11,46.11,46.1099,46.1099,400,0
LSAF.US,5,20251224,185500,46.02,46.05,45.96,45.96,400,0
LSAF.US,5,20251226,161000,45.9454,45.9454,45.9454,45.9454,1096,0
LSAF.US,5,20251226,171000,45.92,45.92,45.92,45.92,100,0
LSAF.US,5,20251226,200000,45.8501,45.8501,45.8501,45.8501,553,0
LSAF.US,5,20251226,204500,45.9001,45.9001,45.9001,45.9001,1026,0
LSAF.US,5,20251226,214000,45.995,45.995,45.995,45.995,258,0
LSAF.US,5,20251226,215500,45.98,45.98,45.97,45.97,300,0
LSAF.US,5,20251229,161500,45.74,45.74,45.74,45.74,100,0
LSAF.US,5,20251229,164500,45.765,45.765,45.765,45.765,100,0
LSAF.US,5,20251229,170500,45.745,45.745,45.745,45.745,564,0
LSAF.US,5,20251229,173000,45.72,45.72,45.72,45.72,100,0
LSAF.US,5,20251229,173500,45.728,45.728,45.728,45.728,109,0
LSAF.US,5,20251229,184000,45.64,45.695,45.64,45.695,1757,0
LSAF.US,5,20251229,190500,45.7071,45.77,45.7071,45.7699,333,0
LSAF.US,5,20251229,194000,45.72,45.72,45.72,45.72,100,0
LSAF.US,5,20251229,203000,45.82,45.82,45.82,45.82,411,0
LSAF.US,5,20251229,213500,45.87,45.87,45.87,45.87,338,0
LSAF.US,5,20251229,215500,45.73,45.74,45.73,45.74,900,0
LSAF.US,5,20251230,184500,45.6147,45.62,45.6147,45.62,298,0
LSAF.US,5,20251230,185000,45.62,45.62,45.62,45.62,966,0
LSAF.US,5,20251230,190500,45.57,45.57,45.57,45.57,100,0
LSAF.US,5,20251230,192000,45.58,45.606,45.58,45.606,848,0
LSAF.US,5,20251230,192500,45.6149,45.625,45.6149,45.625,1572,0
LSAF.US,5,20251230,193000,45.57,45.63,45.57,45.63,849,0
LSAF.US,5,20251230,201500,45.6184,45.6249,45.57,45.6249,1580,0
LSAF.US,5,20251230,205000,45.63,45.63,45.63,45.63,197,0
LSAF.US,5,20251230,213500,45.6416,45.6416,45.58,45.58,359,0
LSAF.US,5,20251230,215500,45.54,45.54,45.51,45.52,1100,0
LSAF.US,5,20251231,160000,45.39,45.39,45.39,45.39,347,0
LSAF.US,5,20251231,172500,45.3009,45.3009,45.3009,45.3009,1243,0
LSAF.US,5,20251231,173000,45.29,45.2901,45.28,45.2802,1354,0
LSAF.US,5,20251231,183000,45.32,45.32,45.32,45.32,1400,0
LSAF.US,5,20251231,183500,45.31,45.31,45.31,45.31,600,0
LSAF.US,5,20251231,200500,45.395,45.395,45.395,45.395,267,0
LSAF.US,5,20251231,215000,45.13,45.13,45.095,45.095,1100,0
LSAF.US,5,20251231,215500,45.09,45.09,45.08,45.08,1523,0
LSAF.US,5,20260102,154000,45.1201,45.1201,45.12,45.12,550,0
LSAF.US,5,20260102,155500,45.24,45.24,45.24,45.24,100,0
LSAF.US,5,20260102,171500,45.33,45.33,45.33,45.33,100,0
LSAF.US,5,20260102,173000,45.3501,45.3501,45.3501,45.3501,474,0
LSAF.US,5,20260102,181000,45.42,45.42,45.42,45.42,100,0
LSAF.US,5,20260102,181500,45.4302,45.4302,45.4302,45.4302,105,0
LSAF.US,5,20260102,182000,45.44,45.44,45.44,45.44,100,0
LSAF.US,5,20260102,182500,45.37,45.37,45.37,45.37,1019,0
LSAF.US,5,20260102,185500,45.395,45.395,45.395,45.395,270,0
LSAF.US,5,20260102,191500,45.29,45.29,45.29,45.29,100,0
LSAF.US,5,20260102,200500,45.4407,45.5,45.3801,45.5,666,0
LSAF.US,5,20260102,201000,45.39,45.39,45.39,45.39,100,0
LSAF.US,5,20260105,153000,45.85,45.85,45.85,45.85,200,0
LSAF.US,5,20260105,153500,45.84,45.84,45.84,45.84,100,0
LSAF.US,5,20260105,154000,45.92,45.92,45.92,45.92,431,0
LSAF.US,5,20260105,155000,45.95,45.95,45.95,45.95,100,0
LSAF.US,5,20260105,160000,46.08,46.08,46.08,46.08,100,0
LSAF.US,5,20260105,161000,46.03,46.03,46.03,46.03,100,0
LSAF.US,5,20260105,164500,46.26,46.26,46.26,46.26,100,0
LSAF.US,5,20260105,202000,46.33,46.395,46.33,46.37,1684,0
LSAF.US,5,20260105,202500,46.43,46.43,46.43,46.43,131,0
LSAF.US,5,20260105,204500,46.4,46.4,46.4,46.4,287,0
LSAF.US,5,20260105,205500,46.32,46.32,46.32,46.32,100,0
LSAF.US,5,20260105,211000,46.36,46.36,46.36,46.36,165,0
LSAF.US,5,20260105,214000,46.2649,46.2649,46.2649,46.2649,422,0
LSAF.US,5,20260105,215000,46.264,46.264,46.264,46.264,584,0
LSAF.US,5,20260106,154000,46.35,46.35,46.35,46.35,100,0
LSAF.US,5,20260106,161000,46.3401,46.38,46.34,46.38,1368,0
LSAF.US,5,20260106,162500,46.56,46.5699,46.421,46.421,755,0
LSAF.US,5,20260106,185500,46.5749,46.5749,46.56,46.56,382,0
LSAF.US,5,20260106,202000,46.7,46.7,46.7,46.7,292,0
LSAF.US,5,20260106,210000,46.7351,46.7351,46.7351,46.7351,500,0
LSAF.US,5,20260106,210500,46.7437,46.7437,46.7437,46.7437,305,0
LSAF.US,5,20260106,211000,46.71,46.71,46.71,46.71,124,0
LSAF.US,5,20260106,213500,46.701,46.701,46.701,46.701,978,0
LSAF.US,5,20260106,215500,46.67,46.67,46.67,46.67,137,0
LSAF.US,5,20260107,154000,46.7,46.7,46.7,46.7,169,0
LSAF.US,5,20260107,161500,46.348,46.348,46.348,46.348,114,0
LSAF.US,5,20260107,174000,46.385,46.385,46.385,46.385,359,0
LSAF.US,5,20260107,182000,46.445,46.445,46.445,46.445,108,0
LSAF.US,5,20260107,183500,46.48,46.48,46.4248,46.4248,429,0
LSAF.US,5,20260107,184500,46.365,46.365,46.365,46.365,100,0
LSAF.US,5,20260107,192000,46.2506,46.35,46.2506,46.35,234,0
LSAF.US,5,20260107,210500,46.304,46.304,46.304,46.304,984,0
LSAF.US,5,20260107,211500,46.295,46.295,46.25,46.25,335,0
LSAF.US,5,20260107,212500,46.2505,46.2505,46.2505,46.2505,636,0
LSAF.US,5,20260107,214000,46.2468,46.2468,46.2468,46.2468,241,0
LSAF.US,5,20260107,215000,46.27,46.275,46.22,46.22,947,0
LSAF.US,5,20260108,153000,46.24,46.24,46.24,46.24,100,0
LSAF.US,5,20260108,162500,46.55,46.55,46.55,46.55,161,0
LSAF.US,5,20260108,175000,46.6367,46.6367,46.6367,46.6367,122,0
LSAF.US,5,20260108,175500,46.65,46.67,46.63,46.63,2627,0
LSAF.US,5,20260108,180000,46.6451,46.6451,46.6451,46.6451,351,0
LSAF.US,5,20260108,184000,46.715,46.715,46.715,46.715,514,0
LSAF.US,5,20260108,201000,46.774,46.774,46.77,46.77,1208,0
LSAF.US,5,20260108,202500,46.7932,46.7932,46.7932,46.7932,311,0
LSAF.US,5,20260108,210000,46.82,46.83,46.73,46.73,907,0
LSAF.US,5,20260108,212000,46.6801,46.6801,46.6801,46.6801,105,0
LSAF.US,5,20260108,215000,46.735592,46.735592,46.735592,46.735592,335,0
LSAF.US,5,20260108,215500,46.745,46.745,46.745,46.745,856,0
LSAF.US,5,20260109,200000,46.88,46.88,46.88,46.88,2477,0
LSAF.US,5,20260109,200500,46.86,46.86,46.86,46.86,929,0
LSAF.US,5,20260109,211500,46.84,46.87,46.8202,46.87,1618,0
LSAF.US,5,20260109,212500,46.905,46.905,46.905,46.905,437,0
LSAF.US,5,20260109,213000,46.96,46.96,46.96,46.96,342,0
LSAF.US,5,20260109,215500,46.8,46.8,46.8,46.8,200,0
LSAF.US,5,20260112,153500,46.7,46.7,46.7,46.7,100,0
LSAF.US,5,20260112,163500,46.69,46.69,46.69,46.69,100,0
LSAF.US,5,20260112,190000,46.77,46.77,46.77,46.77,110,0
LSAF.US,5,20260112,192000,46.76,46.76,46.76,46.76,171,0
LSAF.US,5,20260112,201000,46.72,46.81,46.72,46.81,1045,0
LSAF.US,5,20260112,211000,46.68,46.68,46.68,46.68,109,0
LSAF.US,5,20260112,213000,46.7,46.7,46.6614,46.6614,718,0
LSAF.US,5,20260112,214500,46.78,46.78,46.74,46.75,1340,0
LSAF.US,5,20260112,215000,46.764,46.764,46.764,46.764,171,0
LSAF.US,5,20260112,215500,46.789,46.789,46.789,46.789,100,0
LSAF.US,5,20260113,162000,46.81,46.81,46.81,46.81,396,0
LSAF.US,5,20260113,162500,46.885,46.885,46.885,46.885,100,0
LSAF.US,5,20260113,171000,46.835,46.835,46.83,46.83,200,0
LSAF.US,5,20260113,174000,46.7106,46.7106,46.7106,46.7106,213,0
LSAF.US,5,20260113,180000,46.62,46.62,46.62,46.62,977,0
LSAF.US,5,20260113,181000,46.665,46.665,46.665,46.665,280,0
LSAF.US,5,20260113,182500,46.711,46.711,46.711,46.711,172,0
LSAF.US,5,20260113,192500,46.6745,46.6745,46.6745,46.6745,175,0
LSAF.US,5,20260113,200000,46.755,46.755,46.755,46.755,129,0
LSAF.US,5,20260113,201500,46.7,46.7353,46.69,46.7353,5029,0
LSAF.US,5,20260113,213500,46.61,46.61,46.61,46.61,100,0
LSAF.US,5,20260113,214000,46.6595,46.6595,46.6595,46.6595,2160,0
LSAF.US,5,20260113,214500,46.66,46.66,46.66,46.66,205,0
LSAF.US,5,20260114,163500,46.665,46.665,46.665,46.665,108,0
LSAF.US,5,20260114,164000,46.66,46.66,46.64,46.64,305,0
LSAF.US,5,20260114,165500,46.74,46.74,46.74,46.74,822,0
LSAF.US,5,20260114,172500,46.88,46.88,46.88,46.88,171,0
LSAF.US,5,20260114,180500,46.67,46.67,46.67,46.67,100,0
LSAF.US,5,20260114,184000,46.6,46.6,46.6,46.6,100,0
LSAF.US,5,20260114,192500,46.715,46.715,46.715,46.715,343,0
LSAF.US,5,20260114,201500,46.7694,46.7694,46.7694,46.7694,385,0
LSAF.US,5,20260114,202500,46.74,46.74,46.74,46.74,100,0
LSAF.US,5,20260114,210500,46.8001,46.8001,46.8001,46.8001,176,0
LSAF.US,5,20260114,213000,46.855,46.855,46.855,46.855,573,0
LSAF.US,5,20260114,214000,46.83,46.83,46.83,46.83,100,0
LSAF.US,5,20260114,215000,46.7881,46.7881,46.74,46.74,3835,0
LSAF.US,5,20260114,215500,46.81,46.81,46.81,46.81,206,0
LSAF.US,5,20260115,153000,47.1,47.1,47.06,47.06,300,0
LSAF.US,5,20260115,155000,46.9401,47.0351,46.94,47.0351,530,0
LSAF.US,5,20260115,161000,47.05,47.05,47.05,47.05,693,0
LSAF.US,5,20260115,165500,47.15,47.15,47.15,47.15,100,0
LSAF.US,5,20260115,184500,47.14,47.14,47.13,47.13,300,0
LSAF.US,5,20260115,185000,47.11,47.11,47.1,47.11,791,0
LSAF.US,5,20260115,200500,47.2,47.2,47.1634,47.1634,493,0
LSAF.US,5,20260115,204000,47.095,47.095,47.095,47.095,722,0
LSAF.US,5,20260115,205500,47.09,47.09,47.09,47.09,100,0
LSAF.US,5,20260115,211500,47.08,47.1199,47.08,47.08,1468,0
LSAF.US,5,20260115,213000,47.1104,47.1104,47.1104,47.1104,3340,0
LSAF.US,5,20260115,215500,47.04,47.04,47.04,47.04,200,0
LSAF.US,5,20260116,153000,47.1,47.1,47.1,47.1,100,0
LSAF.US,5,20260116,163500,46.81,46.81,46.81,46.81,2894,0
LSAF.US,5,20260116,181000,46.83,46.83,46.83,46.83,100,0
LSAF.US,5,20260116,181500,46.8885,46.8885,46.8885,46.8885,131,0
LSAF.US,5,20260116,182000,46.8594,46.8594,46.8594,46.8594,435,0
LSAF.US,5,20260116,183000,46.843743,46.843743,46.843743,46.843743,374,0
LSAF.US,5,20260116,191000,46.817,46.817,46.79,46.79,200,0
LSAF.US,5,20260116,194500,46.82,46.84,46.72,46.72,5994,0
LSAF.US,5,20260116,204000,46.7,46.7,46.7,46.7,100,0
LSAF.US,5,20260116,204500,46.77,46.77,46.77,46.77,858,0
LSAF.US,5,20260116,205500,46.744,46.744,46.744,46.744,848,0
LSAF.US,5,20260116,212000,46.7006,46.7006,46.7006,46.7006,904,0
LSAF.US,5,20260116,215500,46.64,46.64,46.63,46.63,3851,0
LSAF.US,5,20260120,153500,46.18,46.18,46.18,46.18,100,0
LSAF.US,5,20260120,154500,46.2,46.2,46.2,46.2,100,0
LSAF.US,5,20260120,163000,46.28,46.34,46.27,46.34,600,0
LSAF.US,5,20260120,170500,46.17,46.17,46.17,46.17,100,0
LSAF.US,5,20260120,182500,46.13,46.13,46.13,46.13,100,0
LSAF.US,5,20260120,184500,46.02,46.02,45.98,45.98,1000,0
LSAF.US,5,20260120,200500,45.8876,45.8876,45.8876,45.8876,199,0
LSAF.US,5,20260120,205500,45.741,45.741,45.741,45.741,283,0
LSAF.US,5,20260120,212000,45.75,45.7899,45.75,45.76,1534,0
LSAF.US,5,20260120,213000,45.86,45.87,45.82,45.82,2852,0
LSAF.US,5,20260120,214000,45.8116,45.8116,45.8116,45.8116,199,0
LSAF.US,5,20260120,215500,45.83,45.84,45.82,45.82,3551,0
LSAF.US,5,20260121,153500,46.4,46.4,46.4,46.4,200,0
LSAF.US,5,20260121,164500,46.67,46.74,46.65,46.6802,1276,0
LSAF.US,5,20260121,180000,46.5395,46.5395,46.5395,46.5395,191,0
LSAF.US,5,20260121,184000,46.43,46.43,46.43,46.43,100,0
LSAF.US,5,20260121,201000,46.5006,46.5006,46.4504,46.4504,1868,0
LSAF.US,5,20260121,205000,46.84,46.84,46.84,46.84,6329,0
LSAF.US,5,20260121,211000,46.8001,46.85,46.765,46.7925,3530,0
LSAF.US,5,20260121,211500,46.75,46.75,46.75,46.75,100,0
LSAF.US,5,20260121,213000,46.78,46.8199,46.71,46.71,2262,0
LSAF.US,5,20260121,213500,46.741,46.741,46.741,46.741,554,0
LSAF.US,5,20260121,215500,46.76,46.76,46.76,46.76,200,0
LSAF.US,5,20260122,154000,47.04,47.0501,47.03,47.0401,1443,0
LSAF.US,5,20260122,161500,46.9,46.9001,46.9,46.9001,2592,0
LSAF.US,5,20260122,175000,47.03,47.03,47.03,47.03,400,0
LSAF.US,5,20260122,175500,46.96,46.96,46.96,46.96,396,0
LSAF.US,5,20260122,200500,46.87,46.87,46.87,46.87,821,0
LSAF.US,5,20260122,212000,46.745,46.745,46.745,46.745,260,0
LSAF.US,5,20260122,213500,46.69,46.69,46.69,46.69,913,0
LSAF.US,5,20260122,215500,46.76,46.76,46.76,46.76,866,0
LSAF.US,5,20260123,155000,46.73,46.73,46.73,46.73,141,0
LSAF.US,5,20260123,161000,46.58,46.58,46.58,46.58,100,0
LSAF.US,5,20260123,163500,46.4901,46.4901,46.4901,46.4901,119,0
LSAF.US,5,20260123,174500,46.425,46.425,46.425,46.425,273,0
LSAF.US,5,20260123,180000,46.3901,46.3901,46.3901,46.3901,621,0
LSAF.US,5,20260123,182000,46.43,46.44,46.41,46.44,1604,0
LSAF.US,5,20260123,185000,46.315,46.315,46.315,46.315,861,0
LSAF.US,5,20260123,201000,46.45,46.45,46.45,46.45,738,0
LSAF.US,5,20260123,202500,46.404,46.404,46.404,46.404,162,0
LSAF.US,5,20260123,204000,46.2901,46.2901,46.2901,46.2901,285,0
LSAF.US,5,20260123,204500,46.366,46.366,46.366,46.366,254,0
LSAF.US,5,20260123,205000,46.355,46.355,46.355,46.355,131,0
LSAF.US,5,20260123,205500,46.3113,46.3401,46.3113,46.3401,504,0
LSAF.US,5,20260123,210000,46.35,46.35,46.35,46.35,200,0
LSAF.US,5,20260123,210500,46.39,46.39,46.39,46.39,107,0
LSAF.US,5,20260123,212500,46.33,46.3301,46.33,46.3301,490,0
LSAF.US,5,20260123,214500,46.37,46.38,46.37,46.38,481,0
