<TICKER>,<PER>,<DATE>,<TIME>,<OPEN>,<HIGH>,<LOW>,<CLOSE>,<VOL>,<OPENINT>
MARM.US,5,20250829,153000,32.43,32.43,32.43,32.43,300,0
MARM.US,5,20250829,161500,32.4029,32.4029,32.4029,32.4029,594,0
MARM.US,5,20250829,172500,32.4,32.4,32.4,32.4,400,0
MARM.US,5,20250829,190000,32.4,32.4,32.4,32.4,300,0
MARM.US,5,20250829,200000,32.4,32.4,32.4,32.4,1650,0
MARM.US,5,20250829,205500,32.41,32.41,32.4,32.4,900,0
MARM.US,5,20250829,211500,32.41,32.41,32.41,32.41,269,0
MARM.US,5,20250829,212000,32.41,32.41,32.41,32.41,269,0
MARM.US,5,20250902,161000,32.37,32.37,32.37,32.37,100,0
MARM.US,5,20250902,170500,32.3601,32.3601,32.3601,32.3601,191,0
MARM.US,5,20250902,174500,32.361,32.365,32.36,32.36,500,0
MARM.US,5,20250902,182000,32.3601,32.3601,32.3601,32.3601,775,0
MARM.US,5,20250902,182500,32.36,32.36,32.36,32.36,100,0
MARM.US,5,20250902,190500,32.36,32.36,32.36,32.36,329,0
MARM.US,5,20250902,191000,32.36,32.36,32.36,32.36,100,0
MARM.US,5,20250902,193000,32.37,32.37,32.37,32.37,100,0
MARM.US,5,20250902,195000,32.37,32.37,32.37,32.37,100,0
MARM.US,5,20250902,200000,32.3766,32.3766,32.3766,32.3766,519,0
MARM.US,5,20250902,202500,32.37,32.37,32.37,32.37,100,0
MARM.US,5,20250902,205500,32.38,32.38,32.38,32.38,2327,0
MARM.US,5,20250902,210500,32.37,32.37,32.37,32.37,100,0
MARM.US,5,20250902,212500,32.37,32.37,32.37,32.37,200,0
MARM.US,5,20250902,214500,32.375,32.375,32.375,32.375,100,0
MARM.US,5,20250902,215000,32.38,32.38,32.38,32.38,200,0
MARM.US,5,20250903,160500,32.39,32.39,32.39,32.39,100,0
MARM.US,5,20250903,163500,32.41,32.43,32.41,32.43,995,0
MARM.US,5,20250903,164000,32.4004,32.4004,32.4004,32.4004,311,0
MARM.US,5,20250903,170000,32.4,32.4,32.4,32.4,100,0
MARM.US,5,20250903,180500,32.4,32.4,32.4,32.4,297,0
MARM.US,5,20250903,181500,32.39,32.39,32.39,32.39,100,0
MARM.US,5,20250903,193500,32.42,32.42,32.42,32.42,949,0
MARM.US,5,20250903,194000,32.41,32.41,32.41,32.41,500,0
MARM.US,5,20250903,201000,32.39,32.39,32.39,32.39,100,0
MARM.US,5,20250903,210500,32.39,32.39,32.39,32.39,800,0
MARM.US,5,20250904,215500,32.44,32.44,32.44,32.44,300,0
MARM.US,5,20250905,200500,32.4423,32.4423,32.4423,32.4423,118,0
MARM.US,5,20250905,212500,32.45,32.45,32.45,32.45,100,0
MARM.US,5,20250908,153500,32.46,32.46,32.46,32.46,300,0
MARM.US,5,20250908,155000,32.47,32.47,32.47,32.47,310,0
MARM.US,5,20250908,161000,32.4601,32.4601,32.4601,32.4601,138,0
MARM.US,5,20250908,165500,32.48,32.48,32.48,32.48,3017,0
MARM.US,5,20250908,171500,32.48,32.48,32.48,32.48,200,0
MARM.US,5,20250908,183500,32.48,32.48,32.48,32.48,2817,0
MARM.US,5,20250908,194000,32.48,32.48,32.475,32.475,969,0
MARM.US,5,20250908,204500,32.4701,32.4701,32.4701,32.4701,147,0
MARM.US,5,20250909,162000,32.47,32.4701,32.47,32.4701,428,0
MARM.US,5,20250909,165000,32.49,32.5075,32.49,32.5075,2130,0
MARM.US,5,20250909,181500,32.4975,32.4975,32.4975,32.4975,175,0
MARM.US,5,20250909,195000,32.4727,32.4727,32.4727,32.4727,172,0
MARM.US,5,20250909,201500,32.4895,32.4895,32.4895,32.4895,187,0
MARM.US,5,20250910,160000,32.51,32.51,32.51,32.51,100,0
MARM.US,5,20250910,163500,32.51,32.51,32.51,32.51,114,0
MARM.US,5,20250910,191500,32.5134,32.5134,32.5134,32.5134,196,0
MARM.US,5,20250910,192000,32.5125,32.515,32.51,32.51,4461,0
MARM.US,5,20250910,194500,32.51,32.52,32.51,32.5135,4224,0
MARM.US,5,20250910,195000,32.51,32.53,32.51,32.521112,10913,0
MARM.US,5,20250910,200500,32.5135,32.5135,32.5135,32.5135,2615,0
MARM.US,5,20250910,201000,32.515,32.515,32.515,32.515,2865,0
MARM.US,5,20250910,201500,32.515,32.515,32.515,32.515,632,0
MARM.US,5,20250910,202000,32.515,32.515,32.515,32.515,2159,0
MARM.US,5,20250910,202500,32.5135,32.515,32.5135,32.515,4770,0
MARM.US,5,20250910,203000,32.515,32.52,32.515,32.515,1695,0
MARM.US,5,20250910,214000,32.52,32.52,32.52,32.52,300,0
MARM.US,5,20250910,215500,32.52,32.53,32.52,32.53,1039,0
MARM.US,5,20250911,155000,32.525,32.525,32.525,32.525,103,0
MARM.US,5,20250911,211500,32.5101,32.53,32.5101,32.53,1220,0
MARM.US,5,20250911,214000,32.53,32.53,32.53,32.53,660,0
MARM.US,5,20250912,153000,32.55,32.55,32.5101,32.5101,625,0
MARM.US,5,20250912,161500,32.54,32.54,32.54,32.54,648,0
MARM.US,5,20250912,184000,32.55,32.57,32.55,32.555,9800,0
MARM.US,5,20250912,190000,32.551298,32.551298,32.551298,32.551298,300,0
MARM.US,5,20250912,200000,32.56,32.56,32.56,32.56,129,0
MARM.US,5,20250912,204500,32.55,32.55,32.55,32.55,100,0
MARM.US,5,20250912,213000,32.55,32.55,32.55,32.55,3000,0
MARM.US,5,20250912,214500,32.56,32.56,32.56,32.56,225,0
MARM.US,5,20250915,154000,32.5461,32.5461,32.5461,32.5461,136,0
MARM.US,5,20250915,160000,32.55,32.55,32.55,32.55,100,0
MARM.US,5,20250915,170000,32.5899,32.5899,32.5899,32.5899,460,0
MARM.US,5,20250915,171000,32.57,32.57,32.57,32.57,235,0
MARM.US,5,20250915,200000,32.5592,32.5592,32.5592,32.5592,150,0
MARM.US,5,20250915,214500,32.56,32.56,32.56,32.56,625,0
MARM.US,5,20250916,163000,32.54,32.54,32.54,32.54,300,0
MARM.US,5,20250916,165000,32.54,32.54,32.54,32.54,100,0
MARM.US,5,20250916,181000,32.5401,32.5401,32.5401,32.5401,961,0
MARM.US,5,20250916,191500,32.56,32.56,32.56,32.56,427,0
MARM.US,5,20250916,195500,32.54,32.5401,32.54,32.5401,404,0
MARM.US,5,20250916,202000,32.54,32.54,32.54,32.54,200,0
MARM.US,5,20250916,213000,32.54,32.5401,32.54,32.5401,3100,0
MARM.US,5,20250916,214000,32.535,32.5351,32.535,32.535,2350,0
MARM.US,5,20250916,215500,32.535,32.535,32.535,32.535,378,0
MARM.US,5,20250917,160000,32.54,32.54,32.54,32.54,100,0
MARM.US,5,20250917,165000,32.54,32.54,32.54,32.54,162,0
MARM.US,5,20250917,172500,32.53,32.535,32.53,32.535,400,0
MARM.US,5,20250917,180500,32.54,32.54,32.53,32.53,254,0
MARM.US,5,20250917,183500,32.53,32.5308,32.53,32.53,1397,0
MARM.US,5,20250917,194000,32.53,32.53,32.53,32.53,100,0
MARM.US,5,20250917,202500,32.533,32.533,32.5201,32.5201,210,0
MARM.US,5,20250917,203000,32.54,32.54,32.54,32.54,100,0
MARM.US,5,20250917,213500,32.54,32.54,32.54,32.54,2513,0
MARM.US,5,20250918,172000,32.55,32.55,32.55,32.55,2500,0
MARM.US,5,20250918,173000,32.547,32.547,32.547,32.547,780,0
MARM.US,5,20250918,174000,32.55,32.55,32.55,32.55,32340,0
MARM.US,5,20250918,180000,32.55,32.55,32.55,32.55,2100,0
MARM.US,5,20250918,182000,32.55,32.55,32.55,32.55,100,0
MARM.US,5,20250918,185000,32.55,32.55,32.55,32.55,100,0
MARM.US,5,20250918,194500,32.5497,32.5497,32.5497,32.5497,2557,0
MARM.US,5,20250918,213500,32.5598,32.56,32.55,32.55,3686,0
MARM.US,5,20250918,215500,32.54,32.54,32.54,32.54,190,0
MARM.US,5,20250919,153000,32.56,32.56,32.56,32.56,100,0
MARM.US,5,20250919,161500,32.5492,32.5492,32.5492,32.5492,517,0
MARM.US,5,20250919,165000,32.56,32.56,32.56,32.56,343,0
MARM.US,5,20250919,183000,32.555,32.555,32.555,32.555,100,0
MARM.US,5,20250919,183500,32.5559,32.5559,32.5559,32.5559,2000,0
MARM.US,5,20250919,184500,32.5565,32.5565,32.5565,32.5565,2000,0
MARM.US,5,20250919,185000,32.5514,32.5514,32.5514,32.5514,154,0
MARM.US,5,20250919,191500,32.5726,32.5726,32.5726,32.5726,287,0
MARM.US,5,20250919,211500,32.5655,32.58,32.5501,32.58,2572,0
MARM.US,5,20250919,213500,32.58,32.58,32.5799,32.5799,341,0
MARM.US,5,20250922,170000,32.56,32.5689,32.56,32.5689,2333,0
MARM.US,5,20250922,172000,32.5748,32.5748,32.5748,32.5748,320,0
MARM.US,5,20250922,183500,32.57,32.57,32.57,32.57,308,0
MARM.US,5,20250922,191500,32.57,32.57,32.57,32.57,100,0
MARM.US,5,20250922,194000,32.5652,32.5652,32.56,32.56,400,0
MARM.US,5,20250922,203500,32.57,32.59,32.57,32.59,3474,0
MARM.US,5,20250922,204500,32.57,32.57,32.5679,32.5679,310,0
MARM.US,5,20250922,210000,32.57,32.57,32.5532,32.5532,640,0
MARM.US,5,20250922,211500,32.57,32.57,32.56,32.57,7386,0
MARM.US,5,20250922,214500,32.56,32.56,32.56,32.56,100,0
MARM.US,5,20250923,153000,32.56,32.56,32.56,32.56,100,0
MARM.US,5,20250923,163000,32.56,32.561,32.56,32.56,1000,0
MARM.US,5,20250923,163500,32.5601,32.5601,32.5601,32.5601,750,0
MARM.US,5,20250923,171000,32.56,32.56,32.56,32.56,500,0
MARM.US,5,20250923,171500,32.56,32.5601,32.56,32.5601,3400,0
MARM.US,5,20250923,174000,32.56,32.56,32.56,32.56,100,0
MARM.US,5,20250923,181500,32.56,32.5673,32.56,32.5673,200,0
MARM.US,5,20250923,183000,32.56,32.56,32.56,32.56,100,0
MARM.US,5,20250923,190000,32.5401,32.5401,32.5401,32.5401,1548,0
MARM.US,5,20250923,190500,32.56,32.56,32.56,32.56,2200,0
MARM.US,5,20250923,193000,32.5514,32.5514,32.5514,32.5514,300,0
MARM.US,5,20250923,194000,32.54,32.55,32.54,32.55,500,0
MARM.US,5,20250923,201000,32.555,32.555,32.555,32.555,1000,0
MARM.US,5,20250923,203000,32.5501,32.5501,32.54,32.5401,1410,0
MARM.US,5,20250924,153000,32.5501,32.56,32.55,32.56,1700,0
MARM.US,5,20250924,161500,32.57,32.57,32.5699,32.5699,800,0
MARM.US,5,20250924,162000,32.55,32.55,32.55,32.55,500,0
MARM.US,5,20250924,191000,32.5522,32.5522,32.5522,32.5522,222,0
MARM.US,5,20250924,195500,32.56,32.56,32.54,32.54,2221,0
MARM.US,5,20250924,205500,32.541,32.5441,32.541,32.5441,263,0
MARM.US,5,20250924,213500,32.564,32.564,32.564,32.564,158,0
MARM.US,5,20250925,160000,32.521,32.55,32.521,32.55,500,0
MARM.US,5,20250925,161000,32.53,32.53,32.53,32.53,100,0
MARM.US,5,20250925,161500,32.5452,32.5452,32.5452,32.5452,350,0
MARM.US,5,20250925,182000,32.540091,32.540091,32.540091,32.540091,111,0
MARM.US,5,20250925,183500,32.545,32.545,32.545,32.545,184,0
MARM.US,5,20250925,210000,32.53,32.53,32.53,32.53,100,0
MARM.US,5,20250925,213000,32.545,32.545,32.545,32.545,628,0
MARM.US,5,20250925,214500,32.53,32.53,32.53,32.53,100,0
MARM.US,5,20250926,181000,32.56,32.56,32.56,32.56,100,0
MARM.US,5,20250926,213500,32.5714,32.5714,32.5714,32.5714,219,0
MARM.US,5,20250929,155000,32.58,32.58,32.58,32.58,100,0
MARM.US,5,20250929,165500,32.59,32.59,32.59,32.59,116,0
MARM.US,5,20250929,180500,32.58,32.5801,32.58,32.5801,1000,0
MARM.US,5,20250929,191000,32.57,32.57,32.57,32.57,102,0
MARM.US,5,20250929,191500,32.5854,32.5854,32.5854,32.5854,2485,0
MARM.US,5,20250929,193000,32.6,32.6,32.6,32.6,100,0
MARM.US,5,20250930,153000,32.6,32.6,32.6,32.6,100,0
MARM.US,5,20250930,164500,32.59,32.59,32.59,32.59,111,0
MARM.US,5,20250930,182500,32.6,32.6,32.5999,32.5999,1500,0
MARM.US,5,20250930,184000,32.5906,32.5906,32.5906,32.5906,530,0
MARM.US,5,20250930,185000,32.58,32.5801,32.58,32.5801,790,0
MARM.US,5,20250930,190500,32.59,32.59,32.59,32.59,100,0
MARM.US,5,20250930,201500,32.6,32.6,32.6,32.6,2809,0
MARM.US,5,20251001,154500,32.6,32.61,32.58,32.61,2400,0
MARM.US,5,20251001,160000,32.6,32.6,32.6,32.6,100,0
MARM.US,5,20251001,165500,32.61,32.61,32.61,32.61,100,0
MARM.US,5,20251001,173000,32.591,32.591,32.591,32.591,700,0
MARM.US,5,20251001,173500,32.6,32.61,32.6,32.61,375,0
MARM.US,5,20251001,184000,32.61,32.61,32.6099,32.6099,1000,0
MARM.US,5,20251001,201500,32.61,32.61,32.61,32.61,2000,0
MARM.US,5,20251001,202500,32.62,32.62,32.62,32.62,100,0
MARM.US,5,20251001,205000,32.62,32.62,32.62,32.62,806,0
MARM.US,5,20251001,210500,32.61,32.61,32.61,32.61,429,0
MARM.US,5,20251001,211500,32.62,32.62,32.62,32.62,100,0
MARM.US,5,20251001,214500,32.61,32.61,32.6,32.61,1495,0
MARM.US,5,20251002,160000,32.62,32.62,32.62,32.62,100,0
MARM.US,5,20251002,171000,32.6165,32.6165,32.6165,32.6165,208,0
MARM.US,5,20251002,173000,32.61,32.61,32.61,32.61,6500,0
MARM.US,5,20251002,173500,32.6,32.6,32.6,32.6,1700,0
MARM.US,5,20251002,174000,32.6,32.6,32.6,32.6,4644,0
MARM.US,5,20251002,183000,32.61,32.61,32.61,32.61,100,0
MARM.US,5,20251002,185500,32.601,32.625,32.6,32.625,931,0
MARM.US,5,20251002,190000,32.625,32.625,32.6,32.619,800,0
MARM.US,5,20251002,190500,32.619,32.619,32.601,32.601,840,0
MARM.US,5,20251002,193000,32.601,32.61,32.6,32.61,1220,0
MARM.US,5,20251002,194500,32.63,32.63,32.63,32.63,100,0
MARM.US,5,20251002,204500,32.6,32.6,32.6,32.6,500,0
MARM.US,5,20251002,212500,32.61,32.61,32.61,32.61,172,0
MARM.US,5,20251002,214500,32.62,32.62,32.62,32.62,100,0
MARM.US,5,20251003,153000,32.63,32.63,32.63,32.63,100,0
MARM.US,5,20251003,160000,32.611,32.611,32.611,32.611,290,0
MARM.US,5,20251003,164500,32.62,32.6201,32.62,32.6201,600,0
MARM.US,5,20251003,170000,32.62,32.62,32.61,32.61,4175,0
MARM.US,5,20251003,201500,32.6076,32.6076,32.6076,32.6076,109,0
MARM.US,5,20251006,161500,32.6255,32.6255,32.62,32.62,3010,0
MARM.US,5,20251006,165000,32.62,32.62,32.62,32.62,225,0
MARM.US,5,20251006,192000,32.621,32.621,32.621,32.621,490,0
MARM.US,5,20251007,204500,32.6061,32.6061,32.6061,32.6061,4950,0
MARM.US,5,20251007,211500,32.6058,32.6058,32.6058,32.6058,675,0
MARM.US,5,20251008,153500,32.615,32.615,32.615,32.615,1847,0
MARM.US,5,20251008,175500,32.62,32.62,32.62,32.62,108,0
MARM.US,5,20251008,210500,32.6136,32.6136,32.6136,32.6136,340,0
MARM.US,5,20251008,212000,32.62,32.6201,32.6192,32.6192,700,0
MARM.US,5,20251008,213500,32.61,32.61,32.61,32.61,100,0
MARM.US,5,20251009,175500,32.62,32.62,32.62,32.62,1370,0
MARM.US,5,20251009,180500,32.62,32.62,32.6101,32.6101,1268,0
MARM.US,5,20251009,190000,32.605,32.605,32.605,32.605,200,0
MARM.US,5,20251009,191000,32.62,32.62,32.62,32.62,100,0
MARM.US,5,20251009,201500,32.62,32.62,32.62,32.62,200,0
MARM.US,5,20251009,204500,32.62,32.6201,32.62,32.6201,1800,0
MARM.US,5,20251009,211500,32.62,32.62,32.62,32.62,290,0
MARM.US,5,20251010,153000,32.635,32.635,32.635,32.635,100,0
MARM.US,5,20251010,153500,32.645,32.645,32.645,32.645,100,0
MARM.US,5,20251010,171000,32.62,32.62,32.62,32.62,100,0
MARM.US,5,20251010,181500,32.6001,32.6001,32.6001,32.6001,114,0
MARM.US,5,20251010,212000,32.6,32.6,32.6,32.6,109,0
MARM.US,5,20251013,154000,32.59,32.59,32.59,32.59,2300,0
MARM.US,5,20251013,155500,32.6,32.6,32.6,32.6,140,0
MARM.US,5,20251013,172000,32.6,32.6,32.6,32.6,100,0
MARM.US,5,20251013,204000,32.6183,32.6183,32.6183,32.6183,614,0
MARM.US,5,20251013,212500,32.6,32.6,32.6,32.6,723,0
MARM.US,5,20251013,214000,32.61,32.61,32.61,32.61,500,0
MARM.US,5,20251014,153000,32.57,32.57,32.57,32.57,500,0
MARM.US,5,20251014,175000,32.59,32.59,32.59,32.59,200,0
MARM.US,5,20251014,195000,32.61,32.61,32.61,32.61,200,0
MARM.US,5,20251015,155500,32.6111,32.6111,32.6111,32.6111,1000,0
MARM.US,5,20251015,175000,32.6226,32.6226,32.6226,32.6226,684,0
MARM.US,5,20251015,183500,32.62,32.62,32.62,32.62,200,0
MARM.US,5,20251015,194500,32.6074,32.6074,32.6074,32.6074,150,0
MARM.US,5,20251016,153000,32.6,32.6,32.6,32.6,115,0
MARM.US,5,20251016,164000,32.611,32.611,32.611,32.611,378,0
MARM.US,5,20251016,165500,32.611,32.611,32.611,32.611,256,0
MARM.US,5,20251016,170000,32.611,32.611,32.61,32.6101,2900,0
MARM.US,5,20251016,184000,32.585,32.585,32.585,32.585,200,0
MARM.US,5,20251016,185500,32.585,32.59,32.585,32.585,745,0
MARM.US,5,20251016,203500,32.6399,32.6399,32.6399,32.6399,116,0
MARM.US,5,20251016,214000,32.615,32.615,32.615,32.615,165,0
MARM.US,5,20251017,173000,32.63,32.63,32.63,32.63,250,0
MARM.US,5,20251020,165000,32.6955,32.6955,32.6955,32.6955,514,0
MARM.US,5,20251020,170000,32.66,32.6601,32.66,32.6601,374,0
MARM.US,5,20251020,170500,32.6892,32.6892,32.6892,32.6892,558,0
MARM.US,5,20251020,173000,32.7109,32.7109,32.7109,32.7109,100,0
MARM.US,5,20251020,174000,32.7193,32.7193,32.7193,32.7193,100,0
MARM.US,5,20251020,183500,32.65,32.65,32.65,32.65,100,0
MARM.US,5,20251020,184000,32.66,32.72,32.66,32.72,2356,0
MARM.US,5,20251020,184500,32.6955,32.6955,32.6955,32.6955,1309,0
MARM.US,5,20251020,185000,32.6782,32.6782,32.6782,32.6782,700,0
MARM.US,5,20251020,185500,32.65,32.65,32.65,32.65,100,0
MARM.US,5,20251020,201000,32.66,32.71,32.66,32.71,9404,0
MARM.US,5,20251020,203000,32.67,32.71,32.65,32.65,8413,0
MARM.US,5,20251020,205000,32.66,32.6601,32.66,32.6601,340,0
MARM.US,5,20251020,211500,32.65,32.65,32.65,32.65,100,0
MARM.US,5,20251020,215000,32.66,32.66,32.66,32.66,100,0
MARM.US,5,20251021,164500,32.65,32.65,32.65,32.65,100,0
MARM.US,5,20251021,184000,32.68,32.68,32.68,32.68,500,0
MARM.US,5,20251021,201500,32.73,32.73,32.73,32.73,1713,0
MARM.US,5,20251021,211500,32.6838,32.6838,32.6838,32.6838,738,0
MARM.US,5,20251022,162000,32.66,32.66,32.66,32.66,100,0
MARM.US,5,20251022,163000,32.66,32.6601,32.66,32.6601,200,0
MARM.US,5,20251022,173000,32.66,32.66,32.65,32.65,1282,0
MARM.US,5,20251022,173500,32.685,32.685,32.685,32.685,223,0
MARM.US,5,20251022,180500,32.65,32.65,32.65,32.65,100,0
MARM.US,5,20251022,181500,32.66,32.6601,32.651,32.651,1426,0
MARM.US,5,20251022,182000,32.66,32.6601,32.651,32.651,700,0
MARM.US,5,20251022,183000,32.65,32.65,32.65,32.65,100,0
MARM.US,5,20251022,190500,32.64,32.64,32.64,32.64,100,0
MARM.US,5,20251022,203500,32.6308,32.6308,32.6308,32.6308,275,0
MARM.US,5,20251022,204000,32.63,32.63,32.63,32.63,100,0
MARM.US,5,20251022,212500,32.64,32.64,32.64,32.64,100,0
MARM.US,5,20251022,214500,32.64,32.64,32.64,32.64,100,0
MARM.US,5,20251023,161500,32.66,32.66,32.66,32.66,100,0
MARM.US,5,20251023,163000,32.6508,32.6508,32.6508,32.6508,1277,0
MARM.US,5,20251023,172000,32.65,32.65,32.65,32.65,1179,0
MARM.US,5,20251023,172500,32.66,32.66,32.66,32.66,100,0
MARM.US,5,20251023,182000,32.67,32.67,32.67,32.67,100,0
MARM.US,5,20251023,190000,32.665,32.67,32.665,32.67,400,0
MARM.US,5,20251023,194500,32.67,32.67,32.6618,32.665,3324,0
MARM.US,5,20251023,204500,32.67,32.67,32.67,32.67,100,0
MARM.US,5,20251023,210000,32.7049,32.7049,32.695,32.695,381,0
MARM.US,5,20251023,211500,32.67,32.67,32.67,32.67,100,0
MARM.US,5,20251023,213500,32.66,32.66,32.66,32.66,100,0
MARM.US,5,20251023,215000,32.66,32.66,32.66,32.66,100,0
MARM.US,5,20251024,162000,32.69,32.69,32.69,32.69,100,0
MARM.US,5,20251024,170000,32.69,32.7303,32.69,32.7303,5204,0
MARM.US,5,20251024,171000,32.7355,32.7355,32.7355,32.7355,611,0
MARM.US,5,20251024,171500,32.7273,32.7293,32.685,32.685,11750,0
MARM.US,5,20251024,173500,32.69,32.69,32.69,32.69,100,0
MARM.US,5,20251024,181000,32.69,32.69,32.69,32.69,100,0
MARM.US,5,20251024,191500,32.7,32.7,32.7,32.7,160,0
MARM.US,5,20251024,193500,32.69,32.69,32.69,32.69,100,0
MARM.US,5,20251024,194000,32.7,32.725,32.69,32.725,7370,0
MARM.US,5,20251024,194500,32.717262,32.725,32.7,32.7,4559,0
MARM.US,5,20251024,201000,32.71,32.71,32.691,32.691,607,0
MARM.US,5,20251024,201500,32.69,32.69,32.69,32.69,100,0
MARM.US,5,20251024,212500,32.7,32.7,32.69,32.69,960,0
MARM.US,5,20251024,213000,32.7,32.7,32.7,32.7,100,0
MARM.US,5,20251024,213500,32.69,32.7,32.69,32.69,786,0
MARM.US,5,20251024,214000,32.69,32.69,32.69,32.69,126,0
MARM.US,5,20251024,214500,32.69,32.69,32.69,32.69,455,0
MARM.US,5,20251024,215000,32.71,32.71,32.71,32.71,451,0
MARM.US,5,20251024,215500,32.69,32.6925,32.69,32.69,3334,0
MARM.US,5,20251027,153500,32.71,32.71,32.71,32.71,100,0
MARM.US,5,20251027,155000,32.7104,32.7104,32.7104,32.7104,100,0
MARM.US,5,20251027,172000,32.71,32.7102,32.71,32.7102,400,0
MARM.US,5,20251027,174500,32.71,32.71,32.71,32.71,200,0
MARM.US,5,20251027,180000,32.71,32.71,32.71,32.71,100,0
MARM.US,5,20251027,184500,32.71,32.71,32.71,32.71,100,0
MARM.US,5,20251027,190000,32.7346,32.7346,32.7346,32.7346,580,0
MARM.US,5,20251027,194500,32.745,32.745,32.745,32.745,1278,0
MARM.US,5,20251027,203000,32.745,32.745,32.745,32.745,328,0
MARM.US,5,20251027,204000,32.7492,32.7492,32.71,32.71,300,0
MARM.US,5,20251028,145000,32.755,32.755,32.755,32.755,101,0
MARM.US,5,20251028,145500,32.71,32.71,32.71,32.71,100,0
MARM.US,5,20251028,150500,32.72,32.7355,32.71,32.71,500,0
MARM.US,5,20251028,151500,32.7408,32.7408,32.7408,32.7408,275,0
MARM.US,5,20251028,152500,32.72,32.72,32.72,32.72,700,0
MARM.US,5,20251028,155500,32.71,32.71,32.71,32.71,100,0
MARM.US,5,20251028,172500,32.72,32.72,32.72,32.72,170,0
MARM.US,5,20251028,180000,32.72,32.72,32.72,32.72,200,0
MARM.US,5,20251028,181500,32.72,32.72,32.72,32.72,1000,0
MARM.US,5,20251028,190000,32.72,32.72,32.72,32.72,100,0
MARM.US,5,20251028,193500,32.72,32.72,32.72,32.72,2257,0
MARM.US,5,20251028,201000,32.72,32.72,32.72,32.72,100,0
MARM.US,5,20251028,203000,32.7548,32.7548,32.7548,32.7548,387,0
MARM.US,5,20251028,204000,32.71,32.71,32.71,32.71,100,0
MARM.US,5,20251028,205500,32.7555,32.7555,32.7555,32.7555,200,0
MARM.US,5,20251029,151500,32.721,32.7549,32.721,32.7549,1000,0
MARM.US,5,20251029,154000,32.762,32.762,32.762,32.762,500,0
MARM.US,5,20251029,154500,32.71,32.71,32.71,32.71,100,0
MARM.US,5,20251029,160000,32.7548,32.7548,32.7548,32.7548,119,0
MARM.US,5,20251029,161500,32.715,32.715,32.71,32.71,300,0
MARM.US,5,20251029,163000,32.715,32.72,32.71,32.715,3679,0
MARM.US,5,20251029,163500,32.71,32.715,32.71,32.715,400,0
MARM.US,5,20251029,180500,32.715,32.715,32.715,32.715,100,0
MARM.US,5,20251029,190500,32.71,32.71,32.71,32.71,100,0
MARM.US,5,20251029,200000,32.7,32.7,32.7,32.7,137,0
MARM.US,5,20251030,153000,32.69,32.69,32.69,32.69,100,0
MARM.US,5,20251030,173000,32.6901,32.742,32.6901,32.742,313,0
MARM.US,5,20251030,174000,32.75,32.76,32.7495,32.7495,730,0
MARM.US,5,20251030,182000,32.73,32.73,32.73,32.73,209,0
MARM.US,5,20251030,190500,32.7,32.7,32.7,32.7,100,0
MARM.US,5,20251030,195500,32.701,32.701,32.701,32.701,191,0
MARM.US,5,20251031,150000,32.71,32.71,32.71,32.71,395,0
MARM.US,5,20251031,181000,32.7348,32.7348,32.7348,32.7348,274,0
MARM.US,5,20251031,205500,32.73,32.73,32.73,32.73,100,0
MARM.US,5,20251103,161000,32.7,32.7,32.7,32.7,100,0
MARM.US,5,20251103,165000,32.725,32.725,32.725,32.725,457,0
MARM.US,5,20251103,191000,32.74,32.74,32.74,32.74,976,0
MARM.US,5,20251103,200500,32.722,32.722,32.722,32.722,130,0
MARM.US,5,20251103,203500,32.71,32.71,32.68,32.68,19900,0
MARM.US,5,20251103,204000,32.71,32.71,32.695,32.7,7092,0
MARM.US,5,20251103,211000,32.695,32.695,32.695,32.695,100,0
MARM.US,5,20251103,212000,32.695,32.695,32.69,32.695,10593,0
MARM.US,5,20251103,213000,32.69,32.69,32.69,32.69,100,0
MARM.US,5,20251103,215000,32.695,32.695,32.695,32.695,295,0
MARM.US,5,20251104,181000,32.69,32.6901,32.69,32.6901,200,0
MARM.US,5,20251104,183000,32.705,32.705,32.705,32.705,4000,0
MARM.US,5,20251104,193000,32.68,32.68,32.68,32.68,400,0
MARM.US,5,20251104,203500,32.6701,32.6701,32.6701,32.6701,100,0
MARM.US,5,20251104,210500,32.6994,32.6994,32.6994,32.6994,200,0
MARM.US,5,20251104,214500,32.6945,32.6945,32.6945,32.6945,305,0
MARM.US,5,20251105,153500,32.7005,32.7005,32.67,32.67,684,0
MARM.US,5,20251105,160000,32.7155,32.7155,32.7155,32.7155,1450,0
MARM.US,5,20251105,165000,32.6973,32.6973,32.6973,32.6973,230,0
MARM.US,5,20251105,175000,32.6806,32.6806,32.6806,32.6806,900,0
MARM.US,5,20251105,183000,32.7,32.7,32.7,32.7,100,0
MARM.US,5,20251105,193500,32.73,32.73,32.73,32.73,1070,0
MARM.US,5,20251105,203500,32.73,32.73,32.73,32.73,600,0
MARM.US,5,20251106,153500,32.7,32.7,32.7,32.7,571,0
MARM.US,5,20251106,160000,32.69,32.69,32.69,32.69,100,0
MARM.US,5,20251106,174000,32.7,32.7,32.7,32.7,800,0
MARM.US,5,20251106,182500,32.6952,32.6952,32.6952,32.6952,100,0
MARM.US,5,20251106,192500,32.7,32.7,32.7,32.7,128,0
MARM.US,5,20251106,204000,32.69,32.69,32.69,32.69,446,0
MARM.US,5,20251106,204500,32.69,32.69,32.69,32.69,200,0
MARM.US,5,20251106,212000,32.69,32.69,32.69,32.69,100,0
MARM.US,5,20251107,155500,32.66,32.67,32.66,32.66,3647,0
MARM.US,5,20251107,161500,32.66,32.66,32.66,32.66,100,0
MARM.US,5,20251107,174000,32.65,32.65,32.65,32.65,200,0
MARM.US,5,20251107,180000,32.65,32.65,32.65,32.65,100,0
MARM.US,5,20251107,185000,32.65,32.65,32.65,32.65,400,0
MARM.US,5,20251107,193000,32.66,32.66,32.66,32.66,100,0
MARM.US,5,20251107,195000,32.67,32.67,32.66,32.67,300,0
MARM.US,5,20251107,195500,32.66,32.66,32.66,32.66,100,0
MARM.US,5,20251107,212500,32.67,32.67,32.67,32.67,426,0
MARM.US,5,20251107,214500,32.68,32.68,32.68,32.68,100,0
MARM.US,5,20251110,172000,32.72,32.72,32.72,32.72,700,0
MARM.US,5,20251110,201000,32.7467,32.7467,32.7467,32.7467,450,0
MARM.US,5,20251111,162000,32.7415,32.7415,32.7415,32.7415,306,0
MARM.US,5,20251111,170000,32.7585,32.7585,32.7585,32.7585,146,0
MARM.US,5,20251111,203000,32.75,32.75,32.75,32.75,500,0
MARM.US,5,20251111,214500,32.75,32.75,32.75,32.75,325,0
MARM.US,5,20251112,154000,32.751,32.751,32.75,32.7501,1850,0
MARM.US,5,20251112,171000,32.74,32.74,32.74,32.74,259,0
MARM.US,5,20251112,192000,32.77,32.77,32.77,32.77,615,0
MARM.US,5,20251112,200500,32.78,32.792,32.78,32.792,300,0
MARM.US,5,20251112,203500,32.75,32.75,32.75,32.75,2625,0
MARM.US,5,20251112,210500,32.74,32.74,32.74,32.74,2600,0
MARM.US,5,20251112,212000,32.74,32.74,32.74,32.74,100,0
MARM.US,5,20251112,213000,32.75,32.75,32.75,32.75,500,0
MARM.US,5,20251112,215500,32.74,32.74,32.74,32.74,400,0
MARM.US,5,20251113,153500,32.72,32.72,32.72,32.72,300,0
MARM.US,5,20251113,165500,32.7008,32.7008,32.7008,32.7008,250,0
MARM.US,5,20251113,190500,32.711,32.711,32.711,32.711,138,0
MARM.US,5,20251113,191500,32.7,32.7,32.7,32.7,250,0
MARM.US,5,20251113,193000,32.7175,32.7175,32.7175,32.7175,475,0
MARM.US,5,20251113,204000,32.69,32.69,32.69,32.69,800,0
MARM.US,5,20251113,204500,32.715,32.715,32.715,32.715,352,0
MARM.US,5,20251113,212000,32.6901,32.6901,32.6901,32.6901,100,0
MARM.US,5,20251113,215000,32.69,32.69,32.69,32.69,200,0
MARM.US,5,20251114,161500,32.69,32.69,32.69,32.69,1341,0
MARM.US,5,20251114,182500,32.71,32.71,32.71,32.71,100,0
MARM.US,5,20251117,172500,32.7107,32.7107,32.7107,32.7107,859,0
MARM.US,5,20251117,173500,32.7,32.7,32.7,32.7,215,0
MARM.US,5,20251117,174500,32.71,32.71,32.71,32.71,117,0
MARM.US,5,20251117,214000,32.6684,32.6684,32.6684,32.6684,139,0
MARM.US,5,20251117,215000,32.67,32.67,32.67,32.67,100,0
MARM.US,5,20251118,163500,32.669,32.669,32.669,32.669,122,0
MARM.US,5,20251118,173500,32.6531,32.6531,32.6531,32.6531,103,0
MARM.US,5,20251118,194500,32.67,32.67,32.665,32.665,24278,0
MARM.US,5,20251119,163500,32.68,32.68,32.68,32.68,300,0
MARM.US,5,20251119,181500,32.651,32.7,32.651,32.7,1550,0
MARM.US,5,20251119,183000,32.6675,32.6675,32.65,32.65,394,0
MARM.US,5,20251119,190000,32.6401,32.6401,32.6401,32.6401,250,0
MARM.US,5,20251119,212500,32.65,32.67,32.65,32.67,246,0
MARM.US,5,20251120,154000,32.77,32.77,32.7699,32.7699,778,0
MARM.US,5,20251120,170000,32.72,32.72,32.72,32.72,100,0
MARM.US,5,20251120,193000,32.64,32.64,32.64,32.64,100,0
MARM.US,5,20251120,213500,32.65,32.65,32.65,32.65,812,0
MARM.US,5,20251120,214000,32.62,32.62,32.62,32.62,659,0
MARM.US,5,20251120,214500,32.62,32.62,32.62,32.62,254,0
MARM.US,5,20251121,154500,32.64,32.64,32.64,32.64,100,0
MARM.US,5,20251121,175500,32.66,32.66,32.66,32.66,705,0
MARM.US,5,20251124,160000,32.7,32.7,32.7,32.7,100,0
MARM.US,5,20251124,164500,32.72,32.72,32.72,32.72,674,0
MARM.US,5,20251124,184500,32.7583,32.7583,32.7583,32.7583,122,0
MARM.US,5,20251124,190500,32.745,32.745,32.745,32.745,174,0
MARM.US,5,20251124,200000,32.73,32.73,32.73,32.73,100,0
MARM.US,5,20251124,202000,32.7468,32.7468,32.7468,32.7468,425,0
MARM.US,5,20251124,212500,32.74,32.7402,32.73,32.73,300,0
MARM.US,5,20251125,153000,32.73,32.73,32.73,32.73,100,0
MARM.US,5,20251125,192000,32.76,32.7601,32.76,32.7601,536,0
MARM.US,5,20251125,195500,32.76,32.76,32.76,32.76,100,0
MARM.US,5,20251126,165500,32.815,32.815,32.815,32.815,300,0
MARM.US,5,20251126,181000,32.79,32.79,32.79,32.79,100,0
MARM.US,5,20251126,193500,32.8,32.8,32.8,32.8,100,0
MARM.US,5,20251126,200000,32.82,32.82,32.82,32.82,1300,0
MARM.US,5,20251126,210000,32.8175,32.8175,32.8175,32.8175,1000,0
MARM.US,5,20251126,214000,32.83,32.83,32.83,32.83,2775,0
MARM.US,5,20251128,165000,32.81,32.81,32.81,32.81,100,0
MARM.US,5,20251201,160500,32.81,32.81,32.81,32.81,100,0
MARM.US,5,20251201,211000,32.81,32.81,32.81,32.81,100,0
MARM.US,5,20251202,192000,32.82,32.8585,32.82,32.8585,244,0
MARM.US,5,20251202,212000,32.83,32.83,32.83,32.83,100,0
MARM.US,5,20251202,214500,32.86,32.86,32.86,32.86,1000,0
MARM.US,5,20251202,215500,32.83,32.83,32.83,32.83,100,0
MARM.US,5,20251203,165000,32.84,32.8401,32.84,32.84,2300,0
MARM.US,5,20251203,171500,32.8688,32.8688,32.8688,32.8688,161,0
MARM.US,5,20251203,184000,32.8569,32.8569,32.8569,32.8569,471,0
MARM.US,5,20251203,192000,32.84,32.84,32.84,32.84,100,0
MARM.US,5,20251203,215000,32.85,32.8699,32.85,32.8699,200,0
MARM.US,5,20251204,153500,32.86,32.86,32.85,32.85,10470,0
MARM.US,5,20251204,180000,32.845,32.845,32.845,32.845,100,0
MARM.US,5,20251204,184000,32.845,32.845,32.845,32.845,1723,0
MARM.US,5,20251204,185500,32.845,32.845,32.845,32.845,200,0
MARM.US,5,20251204,191000,32.845,32.845,32.845,32.845,100,0
MARM.US,5,20251204,192000,32.86,32.86,32.845,32.845,1270,0
MARM.US,5,20251204,203500,32.845,32.845,32.8388,32.8388,850,0
MARM.US,5,20251204,205500,32.845,32.845,32.845,32.845,100,0
MARM.US,5,20251204,211000,32.86,32.86,32.845,32.845,700,0
MARM.US,5,20251204,212000,32.845,32.845,32.845,32.845,100,0
MARM.US,5,20251204,215500,32.86,32.86,32.85,32.85,5726,0
MARM.US,5,20251205,154000,32.87,32.87,32.8,32.8,17920,0
MARM.US,5,20251205,154500,32.9006,32.9006,32.87,32.8701,8662,0
MARM.US,5,20251205,164500,32.87,32.87,32.87,32.87,100,0
MARM.US,5,20251205,175500,32.87,32.87,32.87,32.87,100,0
MARM.US,5,20251205,210000,32.87,32.87,32.87,32.87,100,0
MARM.US,5,20251208,153500,32.905,32.905,32.905,32.905,5327,0
MARM.US,5,20251208,165000,32.87,32.87,32.87,32.87,100,0
MARM.US,5,20251208,183500,32.87,32.87,32.87,32.87,100,0
MARM.US,5,20251208,190500,32.8952,32.8952,32.8952,32.8952,1000,0
MARM.US,5,20251208,204500,32.86,32.86,32.86,32.86,100,0
MARM.US,5,20251208,213000,32.8985,32.8985,32.8985,32.8985,124,0
MARM.US,5,20251209,154000,32.861,32.861,32.861,32.861,200,0
MARM.US,5,20251209,161500,32.8915,32.8915,32.8915,32.8915,1143,0
MARM.US,5,20251209,162500,32.8822,32.8822,32.8822,32.8822,350,0
MARM.US,5,20251209,174000,32.87,32.87,32.87,32.87,100,0
MARM.US,5,20251209,184500,32.87,32.88,32.87,32.88,822,0
MARM.US,5,20251209,185000,32.8601,32.8601,32.8601,32.8601,262,0
MARM.US,5,20251209,194000,32.87,32.87,32.87,32.87,100,0
MARM.US,5,20251209,200000,32.8861,32.8861,32.8861,32.8861,1390,0
MARM.US,5,20251209,202000,32.88,32.88,32.875,32.8774,554,0
MARM.US,5,20251209,205500,32.87,32.87,32.87,32.87,100,0
MARM.US,5,20251209,212000,32.89,32.89,32.89,32.89,324,0
MARM.US,5,20251209,212500,32.91,32.91,32.9,32.9,1100,0
MARM.US,5,20251210,160500,32.87,32.87,32.8337,32.8337,3558,0
MARM.US,5,20251210,161500,32.87,32.87,32.87,32.87,100,0
MARM.US,5,20251210,164000,32.88,32.88,32.87,32.87,500,0
MARM.US,5,20251210,183000,32.8818,32.91,32.8818,32.91,2287,0
MARM.US,5,20251210,184000,32.88,32.9068,32.88,32.88,1045,0
MARM.US,5,20251210,192500,32.88,32.8801,32.88,32.8801,3668,0
MARM.US,5,20251210,193500,32.9004,32.91,32.89,32.89,3259,0
MARM.US,5,20251210,194000,32.88,32.88,32.88,32.88,2387,0
MARM.US,5,20251210,194500,32.88,32.90416,32.88,32.90416,4408,0
MARM.US,5,20251210,202500,32.88,32.88,32.88,32.88,100,0
MARM.US,5,20251210,204000,32.88,32.88,32.88,32.88,100,0
MARM.US,5,20251210,211500,32.89,32.89,32.89,32.89,100,0
MARM.US,5,20251211,153500,32.8993,32.8993,32.8993,32.8993,1700,0
MARM.US,5,20251211,163000,32.91,32.91,32.91,32.91,756,0
MARM.US,5,20251211,171000,32.89,32.89,32.89,32.89,300,0
MARM.US,5,20251211,193500,32.9144,32.9144,32.9144,32.9144,2726,0
MARM.US,5,20251211,215500,32.91,32.91,32.905,32.905,457,0
MARM.US,5,20251212,173000,32.9,32.9,32.9,32.9,100,0
MARM.US,5,20251212,174500,32.9,32.9001,32.9,32.9001,200,0
MARM.US,5,20251212,182500,32.94,32.94,32.94,32.94,759,0
MARM.US,5,20251212,190000,32.901,32.901,32.9,32.9,658,0
MARM.US,5,20251212,193500,32.9,32.9,32.9,32.9,100,0
MARM.US,5,20251212,194500,32.9294,32.9294,32.9294,32.9294,350,0
MARM.US,5,20251212,203000,32.9,32.9,32.9,32.9,100,0
MARM.US,5,20251212,213500,32.9,32.9001,32.9,32.9001,200,0
MARM.US,5,20251212,214000,32.9001,32.9001,32.9001,32.9001,259,0
MARM.US,5,20251212,215000,32.9,32.9,32.9,32.9,200,0
MARM.US,5,20251215,165000,32.9,32.9,32.9,32.9,100,0
MARM.US,5,20251215,170500,32.901,32.9017,32.9,32.9017,500,0
MARM.US,5,20251215,183500,32.935,32.935,32.935,32.935,162,0
MARM.US,5,20251215,185500,32.935,32.935,32.935,32.935,100,0
MARM.US,5,20251215,211000,32.901,32.901,32.901,32.901,900,0
MARM.US,5,20251215,211500,32.91,32.9238,32.91,32.91,1476,0
MARM.US,5,20251215,214500,32.935,32.935,32.935,32.935,350,0
MARM.US,5,20251216,162500,32.9,32.9,32.9,32.9,350,0
MARM.US,5,20251216,170000,32.9,32.9001,32.9,32.9001,470,0
MARM.US,5,20251216,174000,32.9101,32.9101,32.9101,32.9101,300,0
MARM.US,5,20251216,182500,32.9262,32.9262,32.9262,32.9262,205,0
MARM.US,5,20251216,192500,32.91,32.91,32.91,32.91,100,0
MARM.US,5,20251216,201000,32.935,32.935,32.935,32.935,345,0
MARM.US,5,20251216,214500,32.9267,32.9267,32.9267,32.9267,306,0
MARM.US,5,20251217,153000,32.9,32.9,32.9,32.9,100,0
MARM.US,5,20251217,155500,32.94,32.94,32.94,32.94,306,0
MARM.US,5,20251217,175000,32.9,32.9,32.9,32.9,102,0
MARM.US,5,20251217,183000,32.93,32.9472,32.93,32.9472,697,0
MARM.US,5,20251217,202000,32.9227,32.9227,32.9227,32.9227,610,0
MARM.US,5,20251217,212500,32.9,32.9,32.9,32.9,100,0
MARM.US,5,20251218,154500,32.9,32.9,32.9,32.9,100,0
MARM.US,5,20251218,174500,32.91,32.91,32.91,32.91,100,0
MARM.US,5,20251218,183000,32.93,32.93,32.93,32.93,700,0
MARM.US,5,20251218,214000,32.96,32.96,32.96,32.96,2942,0
MARM.US,5,20251219,155500,32.95,32.95,32.95,32.95,100,0
MARM.US,5,20251222,161000,32.959,32.959,32.959,32.959,1000,0
MARM.US,5,20251222,163000,32.959,32.959,32.959,32.959,997,0
MARM.US,5,20251222,170500,32.98,32.98,32.98,32.98,2729,0
MARM.US,5,20251222,200500,32.97,32.97,32.97,32.97,100,0
MARM.US,5,20251223,155000,32.97,32.97,32.97,32.97,100,0
MARM.US,5,20251223,172500,33.0499,33.0499,33.0499,33.0499,300,0
MARM.US,5,20251223,183500,33.01,33.01,33.01,33.01,1512,0
MARM.US,5,20251223,204500,32.99,32.99,32.99,32.99,100,0
MARM.US,5,20251223,212500,32.99,32.99,32.99,32.99,100,0
MARM.US,5,20251224,161000,33.02,33.02,33.02,33.02,110,0
MARM.US,5,20251224,171500,32.98,32.98,32.98,32.98,419,0
MARM.US,5,20251226,192000,33.03,33.03,33.03,33.03,973,0
MARM.US,5,20251226,204000,33.0621,33.0621,33.0621,33.0621,603,0
MARM.US,5,20251229,202000,33.08,33.08,33.08,33.08,484,0
MARM.US,5,20251229,213000,33.03,33.03,33.03,33.03,300,0
MARM.US,5,20251230,171000,33.09,33.09,33.055,33.055,465,0
MARM.US,5,20251230,172000,33.055,33.055,33.055,33.055,513,0
MARM.US,5,20251230,172500,33.0617,33.0617,33.0617,33.0617,181,0
MARM.US,5,20251230,181000,33.055,33.055,33.055,33.055,110,0
MARM.US,5,20251231,162500,33.021,33.0249,33.021,33.0249,862,0
MARM.US,5,20251231,164000,33.0323,33.0323,33.0323,33.0323,1514,0
MARM.US,5,20251231,171500,33.03,33.03,33.03,33.03,700,0
MARM.US,5,20251231,174000,33.045,33.045,33.045,33.045,278,0
MARM.US,5,20251231,183000,33.03,33.03,33.03,33.03,300,0
MARM.US,5,20251231,190000,33.055,33.055,33.02,33.0438,1322,0
MARM.US,5,20260102,154000,33.01,33.11,33.01,33.11,8689,0
MARM.US,5,20260102,160000,33.03,33.03,33.03,33.03,200,0
MARM.US,5,20260102,163500,33.03,33.03,33.0289,33.0289,455,0
MARM.US,5,20260102,181500,33.06,33.06,33.06,33.06,226,0
MARM.US,5,20260102,185000,33.06,33.06,33.028,33.028,734,0
MARM.US,5,20260102,201000,33.03,33.03,33.03,33.03,100,0
MARM.US,5,20260102,205500,33.05,33.08,33.024,33.08,6257,0
MARM.US,5,20260105,180000,33.075,33.075,33.075,33.075,103,0
MARM.US,5,20260105,182500,33.0401,33.0401,33.0401,33.0401,108,0
MARM.US,5,20260105,183000,33.04,33.04,33.04,33.04,3605,0
MARM.US,5,20260105,185000,33.06,33.06,33.06,33.06,500,0
MARM.US,5,20260105,185500,33.04,33.04,33.04,33.04,100,0
MARM.US,5,20260105,191000,33.09,33.0949,33.075,33.075,567,0
MARM.US,5,20260105,200500,33.0401,33.0401,33.0401,33.0401,150,0
MARM.US,5,20260106,155000,33.085,33.085,33.085,33.085,603,0
MARM.US,5,20260106,191500,33.05,33.0519,33.05,33.0519,4593,0
MARM.US,5,20260106,192000,33.051,33.085,33.051,33.085,1625,0
MARM.US,5,20260106,192500,33.05,33.05,33.05,33.05,2615,0
MARM.US,5,20260106,193000,33.0501,33.085,33.05,33.0717,14313,0
MARM.US,5,20260106,194000,33.0513,33.0513,33.0513,33.0513,300,0
MARM.US,5,20260106,195500,33.06,33.06,33.06,33.06,421,0
MARM.US,5,20260106,204000,33.06,33.06,33.06,33.06,1400,0
MARM.US,5,20260106,212000,33.06,33.085,33.05,33.05,6027,0
MARM.US,5,20260107,154500,33.095,33.095,33.095,33.095,187,0
MARM.US,5,20260107,160500,33.058,33.058,33.058,33.058,188,0
MARM.US,5,20260107,164000,33.07,33.07,33.055,33.055,56438,0
MARM.US,5,20260107,165000,33.07,33.07,33.07,33.07,44471,0
MARM.US,5,20260107,215000,33.02,33.025,33.02,33.025,400,0
MARM.US,5,20260107,215500,33.05,33.06,33.05,33.05,700,0
MARM.US,5,20260108,162500,33.08,33.08,33.08,33.08,200,0
MARM.US,5,20260108,173000,33.06,33.06,33.06,33.06,2852,0
MARM.US,5,20260108,173500,33.06,33.0649,33.06,33.06,300,0
MARM.US,5,20260108,201500,33.07,33.07,33.06,33.06,1500,0
MARM.US,5,20260108,204500,33.072,33.072,33.072,33.072,150,0
MARM.US,5,20260108,215000,33.06,33.06,33.06,33.06,100,0
MARM.US,5,20260109,195000,33.07,33.07,33.07,33.07,137,0
MARM.US,5,20260109,204000,33.08,33.08,33.07,33.0708,4209,0
MARM.US,5,20260109,204500,33.1229,33.1229,33.1229,33.1229,500,0
MARM.US,5,20260109,211000,33.08,33.08,33.075,33.075,1143,0
MARM.US,5,20260109,214000,33.1354,33.1354,33.1354,33.1354,100,0
MARM.US,5,20260109,215500,33.08,33.08,33.07,33.07,236,0
MARM.US,5,20260112,153000,33.105,33.105,33.105,33.105,3666,0
MARM.US,5,20260112,170000,33.0752,33.0752,33.0752,33.0752,114,0
MARM.US,5,20260112,174000,33.09,33.09,33.09,33.09,100,0
MARM.US,5,20260112,182500,33.1004,33.1004,33.1004,33.1004,120,0
MARM.US,5,20260112,184500,33.09,33.09,33.0801,33.0801,500,0
MARM.US,5,20260112,193000,33.09,33.09,33.08,33.08,1572,0
MARM.US,5,20260112,193500,33.08,33.08,33.08,33.08,105,0
MARM.US,5,20260112,194000,33.09,33.09,33.09,33.09,140,0
MARM.US,5,20260112,213000,33.09,33.097,33.09,33.09,500,0
MARM.US,5,20260113,175500,33.09,33.09,33.09,33.09,139,0
MARM.US,5,20260113,194000,33.1,33.1,33.1,33.1,100,0
MARM.US,5,20260113,212000,33.085,33.085,33.085,33.085,235,0
MARM.US,5,20260113,214500,33.025,33.025,33.025,33.025,100,0
MARM.US,5,20260114,163000,33.07,33.07,33.07,33.07,2968,0
MARM.US,5,20260114,181500,33.0604,33.0604,33.0604,33.0604,300,0
MARM.US,5,20260114,190000,33.07,33.07,33.07,33.07,182,0
MARM.US,5,20260114,191500,33.07,33.07,33.07,33.07,300,0
MARM.US,5,20260114,212500,33.0601,33.065,33.0601,33.065,933,0
MARM.US,5,20260114,213000,33.07,33.07,33.07,33.07,200,0
MARM.US,5,20260115,161000,33.09,33.09,33.09,33.09,600,0
MARM.US,5,20260115,174500,33.11,33.11,33.11,33.11,593,0
MARM.US,5,20260115,201000,33.0906,33.0906,33.0906,33.0906,100,0
MARM.US,5,20260115,211500,33.09,33.09,33.09,33.09,200,0
MARM.US,5,20260115,212500,33.09,33.09,33.09,33.09,100,0
MARM.US,5,20260115,215000,33.08,33.0901,33.08,33.09,1215,0
MARM.US,5,20260116,154500,33.13,33.13,33.13,33.13,2100,0
MARM.US,5,20260116,174500,33.1,33.1,33.1,33.1,293,0
MARM.US,5,20260116,181500,33.108,33.108,33.108,33.108,300,0
MARM.US,5,20260116,184000,33.1063,33.1063,33.1063,33.1063,181,0
MARM.US,5,20260116,192000,33.11,33.11,33.11,33.11,200,0
MARM.US,5,20260116,194000,33.1,33.1,33.1,33.1,900,0
MARM.US,5,20260116,201000,33.11,33.11,33.1,33.1,22039,0
MARM.US,5,20260116,205500,33.1,33.1,33.1,33.1,100,0
MARM.US,5,20260116,210500,33.1,33.1,33.1,33.1,200,0
MARM.US,5,20260116,212000,33.1,33.1,33.1,33.1,200,0
MARM.US,5,20260116,212500,33.11,33.11,33.11,33.11,129,0
MARM.US,5,20260120,165000,33.03,33.03,33.03,33.03,175,0
MARM.US,5,20260120,183000,33.1078,33.1078,33.1078,33.1078,100,0
MARM.US,5,20260120,200500,33.0701,33.0701,33.0701,33.0701,294,0
MARM.US,5,20260120,215500,33.0827,33.0827,33.0827,33.0827,127,0
MARM.US,5,20260121,160000,33.07,33.07,33.07,33.07,100,0
MARM.US,5,20260121,165000,33.115,33.115,33.115,33.115,130,0
MARM.US,5,20260121,174500,33.11,33.1134,33.11,33.1134,397,0
MARM.US,5,20260121,192000,33.095,33.095,33.095,33.095,300,0
MARM.US,5,20260121,194000,33.088,33.088,33.088,33.088,153,0
MARM.US,5,20260121,212500,33.09,33.09,33.09,33.09,300,0
MARM.US,5,20260121,214000,33.09,33.09,33.09,33.09,400,0
MARM.US,5,20260122,154500,33.12,33.12,33.12,33.12,255,0
MARM.US,5,20260122,165000,33.111,33.111,33.111,33.111,100,0
MARM.US,5,20260122,170000,33.115,33.115,33.115,33.115,325,0
MARM.US,5,20260122,184500,33.1596,33.1596,33.155,33.155,690,0
MARM.US,5,20260122,185000,33.11,33.11,33.11,33.11,200,0
MARM.US,5,20260122,191500,33.1001,33.1001,33.1001,33.1001,268,0
MARM.US,5,20260122,201000,33.1699,33.1699,33.1699,33.1699,240,0
MARM.US,5,20260122,210000,33.1,33.1,33.1,33.1,500,0
MARM.US,5,20260122,210500,33.1,33.1,33.1,33.1,521,0
MARM.US,5,20260122,213000,33.1,33.1,33.1,33.1,100,0
MARM.US,5,20260122,213500,33.105,33.11,33.105,33.11,235,0
MARM.US,5,20260122,214500,33.1,33.1,33.1,33.1,300,0
MARM.US,5,20260122,215500,33.1,33.1,33.1,33.1,200,0
MARM.US,5,20260123,164000,33.145,33.145,33.145,33.145,300,0
MARM.US,5,20260123,190500,33.121,33.121,33.1208,33.1208,300,0
MARM.US,5,20260123,201500,33.1346,33.1346,33.1346,33.1346,166,0
MARM.US,5,20260123,203000,33.12,33.12,33.12,33.12,700,0
MARM.US,5,20260123,213000,33.15,33.15,33.0001,33.0001,600,0
