<TICKER>,<PER>,<DATE>,<TIME>,<OPEN>,<HIGH>,<LOW>,<CLOSE>,<VOL>,<OPENINT>
MBCC.US,5,20250829,154500,36.8,36.8,36.8,36.8,650,0
MBCC.US,5,20250829,161500,36.621,36.6224,36.621,36.6224,801,0
MBCC.US,5,20250829,164500,36.67,36.67,36.67,36.67,1023,0
MBCC.US,5,20250829,170000,36.63,36.63,36.63,36.63,1026,0
MBCC.US,5,20250829,170500,36.63,36.63,36.63,36.63,200,0
MBCC.US,5,20250829,171000,36.65,36.65,36.65,36.65,353,0
MBCC.US,5,20250829,172000,36.66,36.66,36.619,36.62,1300,0
MBCC.US,5,20250829,175000,36.629,36.629,36.629,36.629,100,0
MBCC.US,5,20250829,181000,36.669,36.669,36.669,36.669,100,0
MBCC.US,5,20250829,183000,36.68,36.68,36.68,36.68,100,0
MBCC.US,5,20250829,194500,36.679,36.679,36.679,36.679,100,0
MBCC.US,5,20250829,195000,36.69,36.69,36.69,36.69,100,0
MBCC.US,5,20250829,201000,36.68,36.68,36.67,36.6701,500,0
MBCC.US,5,20250829,201500,36.68,36.68,36.68,36.68,100,0
MBCC.US,5,20250829,203000,36.67,36.67,36.67,36.67,100,0
MBCC.US,5,20250829,204000,36.68,36.68,36.68,36.68,100,0
MBCC.US,5,20250829,205000,36.68,36.68,36.68,36.68,100,0
MBCC.US,5,20250829,205500,36.68,36.68,36.66,36.66,800,0
MBCC.US,5,20250829,210000,36.65,36.65,36.65,36.65,836,0
MBCC.US,5,20250829,210500,36.66,36.66,36.66,36.66,461,0
MBCC.US,5,20250829,215000,36.67,36.68,36.67,36.6799,1024,0
MBCC.US,5,20250829,215500,36.69,36.69,36.69,36.69,445,0
MBCC.US,5,20250902,185000,36.2,36.249,36.2,36.249,286,0
MBCC.US,5,20250902,193000,36.29,36.319,36.29,36.319,1196,0
MBCC.US,5,20250902,193500,36.33,36.359,36.33,36.33,373,0
MBCC.US,5,20250902,194000,36.37,36.37,36.37,36.37,642,0
MBCC.US,5,20250902,200500,36.36,36.36,36.36,36.36,100,0
MBCC.US,5,20250902,203000,36.32,36.32,36.32,36.32,100,0
MBCC.US,5,20250902,203500,36.31,36.31,36.309,36.309,5950,0
MBCC.US,5,20250902,205500,36.349,36.349,36.349,36.349,119,0
MBCC.US,5,20250902,215500,36.455,36.455,36.455,36.455,158,0
MBCC.US,5,20250903,154000,36.44,36.44,36.44,36.44,100,0
MBCC.US,5,20250903,183000,36.3299,36.33,36.3299,36.33,200,0
MBCC.US,5,20250903,184000,36.33,36.33,36.33,36.33,200,0
MBCC.US,5,20250903,184500,36.33,36.33,36.31,36.31,5184,0
MBCC.US,5,20250903,185500,36.2903,36.2903,36.2903,36.2903,550,0
MBCC.US,5,20250903,192000,36.31,36.31,36.31,36.31,100,0
MBCC.US,5,20250903,210000,36.267549,36.29,36.267549,36.29,9605,0
MBCC.US,5,20250903,210500,36.29,36.3,36.29,36.3,2462,0
MBCC.US,5,20250903,212000,36.29,36.29,36.29,36.29,600,0
MBCC.US,5,20250903,213000,36.29,36.29,36.285,36.285,4700,0
MBCC.US,5,20250903,213500,36.32,36.32,36.32,36.32,400,0
MBCC.US,5,20250904,161500,36.19,36.2,36.19,36.195,2791,0
MBCC.US,5,20250904,165500,36.27,36.3,36.27,36.3,743,0
MBCC.US,5,20250904,174000,36.39,36.39,36.39,36.39,437,0
MBCC.US,5,20250904,184500,36.34,36.35,36.34,36.34,2000,0
MBCC.US,5,20250904,190000,36.35,36.35,36.35,36.35,1077,0
MBCC.US,5,20250904,190500,36.3227,36.3227,36.3227,36.3227,113,0
MBCC.US,5,20250904,193500,36.38,36.39,36.3799,36.39,7486,0
MBCC.US,5,20250904,200500,36.38,36.38,36.38,36.38,100,0
MBCC.US,5,20250904,204500,36.43,36.43,36.43,36.43,100,0
MBCC.US,5,20250904,212000,36.46,36.46,36.46,36.46,804,0
MBCC.US,5,20250904,213500,36.45,36.46,36.45,36.46,284,0
MBCC.US,5,20250904,214000,36.46,36.47,36.43,36.4456,7730,0
MBCC.US,5,20250904,214500,36.46,36.47,36.46,36.47,200,0
MBCC.US,5,20250904,215000,36.46,36.46,36.46,36.46,200,0
MBCC.US,5,20250904,215500,36.46,36.48,36.46,36.48,400,0
MBCC.US,5,20250905,163000,36.43,36.43,36.43,36.43,3000,0
MBCC.US,5,20250905,175500,36.32,36.32,36.32,36.32,200,0
MBCC.US,5,20250905,182500,36.2977,36.32,36.2977,36.32,731,0
MBCC.US,5,20250905,183000,36.32,36.32,36.32,36.32,1504,0
MBCC.US,5,20250905,214500,36.41,36.41,36.41,36.41,100,0
MBCC.US,5,20250905,215500,36.43,36.44,36.43,36.44,890,0
MBCC.US,5,20250908,163000,36.51,36.51,36.51,36.51,100,0
MBCC.US,5,20250908,163500,36.43,36.43,36.43,36.43,193,0
MBCC.US,5,20250908,164500,36.51,36.56,36.5,36.55,11162,0
MBCC.US,5,20250908,171500,36.53,36.53,36.53,36.53,800,0
MBCC.US,5,20250908,181000,36.52,36.52,36.52,36.52,100,0
MBCC.US,5,20250908,183000,36.5,36.5,36.5,36.5,400,0
MBCC.US,5,20250908,192500,36.55,36.55,36.55,36.55,868,0
MBCC.US,5,20250908,203000,36.508762,36.508762,36.508762,36.508762,242,0
MBCC.US,5,20250908,205000,36.55,36.55,36.55,36.55,100,0
MBCC.US,5,20250908,211500,36.52,36.52,36.52,36.52,525,0
MBCC.US,5,20250908,213500,36.56,36.56,36.5599,36.5599,4756,0
MBCC.US,5,20250908,215500,36.6,36.6,36.595,36.595,1740,0
MBCC.US,5,20250909,161000,36.55,36.55,36.55,36.55,100,0
MBCC.US,5,20250909,163500,36.49,36.49,36.49,36.49,200,0
MBCC.US,5,20250909,164000,36.51,36.51,36.51,36.51,600,0
MBCC.US,5,20250909,165500,36.52,36.55,36.52,36.55,436,0
MBCC.US,5,20250909,170000,36.55,36.55,36.5499,36.5499,284,0
MBCC.US,5,20250909,185500,36.6,36.6,36.6,36.6,100,0
MBCC.US,5,20250909,190000,36.61,36.62,36.61,36.62,8089,0
MBCC.US,5,20250909,193500,36.63,36.63,36.63,36.63,1700,0
MBCC.US,5,20250909,195000,36.65,36.65,36.65,36.65,1000,0
MBCC.US,5,20250909,204500,36.69,36.7,36.68,36.7,2662,0
MBCC.US,5,20250909,205500,36.69,36.69,36.69,36.69,1000,0
MBCC.US,5,20250909,210000,36.69,36.7,36.69,36.7,700,0
MBCC.US,5,20250909,211500,36.693442,36.693442,36.693442,36.693442,119,0
MBCC.US,5,20250909,213000,36.69,36.7,36.67,36.67,1294,0
MBCC.US,5,20250909,215500,36.71,36.71,36.71,36.71,300,0
MBCC.US,5,20250910,171500,37.09,37.09,37.08,37.08,213,0
MBCC.US,5,20250910,183000,37.1,37.1,37.1,37.1,375,0
MBCC.US,5,20250910,184000,37.07,37.07,37.0699,37.07,5319,0
MBCC.US,5,20250910,185000,37.07,37.07,37.07,37.07,1600,0
MBCC.US,5,20250910,190500,37.1,37.1,37.1,37.1,364,0
MBCC.US,5,20250910,192000,37.07,37.07,37.07,37.07,1000,0
MBCC.US,5,20250910,202000,36.94,36.97,36.94,36.9699,4647,0
MBCC.US,5,20250910,204000,36.99,36.99,36.99,36.99,147,0
MBCC.US,5,20250910,210000,37,37,36.9899,37,3632,0
MBCC.US,5,20250910,211000,36.99,36.99,36.99,36.99,936,0
MBCC.US,5,20250910,213500,36.97,36.97,36.97,36.97,396,0
MBCC.US,5,20250911,193500,37.08,37.08,37.08,37.08,10800,0
MBCC.US,5,20250911,195000,37.08,37.08,37.08,37.08,200,0
MBCC.US,5,20250911,210000,37.065,37.065,37.065,37.065,100,0
MBCC.US,5,20250911,213000,37.1,37.1,37.1,37.1,2000,0
MBCC.US,5,20250911,214500,37.09,37.09,37.09,37.09,1500,0
MBCC.US,5,20250912,164500,36.79,36.79,36.79,36.79,100,0
MBCC.US,5,20250912,182000,36.764,36.764,36.764,36.764,103,0
MBCC.US,5,20250912,182500,36.77,36.77,36.77,36.77,500,0
MBCC.US,5,20250912,184000,36.74,36.74,36.74,36.74,2100,0
MBCC.US,5,20250912,185500,36.75,36.75,36.75,36.75,500,0
MBCC.US,5,20250912,191000,36.76,36.76,36.74,36.75,2000,0
MBCC.US,5,20250912,192500,36.77,36.77,36.77,36.77,1201,0
MBCC.US,5,20250912,193000,36.745,36.745,36.745,36.745,129,0
MBCC.US,5,20250912,194500,36.75,36.75,36.75,36.75,100,0
MBCC.US,5,20250912,195000,36.758,36.76,36.755,36.76,2740,0
MBCC.US,5,20250912,195500,36.768,36.77,36.76,36.77,2400,0
MBCC.US,5,20250912,200500,36.76,36.76,36.76,36.76,114,0
MBCC.US,5,20250912,202500,36.78,36.78,36.78,36.78,205,0
MBCC.US,5,20250912,211500,36.76,36.77,36.71,36.77,5200,0
MBCC.US,5,20250912,213000,36.76,36.76,36.76,36.76,1200,0
MBCC.US,5,20250912,213500,36.76,36.76,36.76,36.76,1194,0
MBCC.US,5,20250912,214500,36.72,36.72,36.72,36.72,1394,0
MBCC.US,5,20250915,172000,36.72,36.74,36.72,36.74,3179,0
MBCC.US,5,20250915,181500,36.74,36.74,36.74,36.74,165,0
MBCC.US,5,20250915,182500,36.709,36.709,36.709,36.709,223,0
MBCC.US,5,20250915,211500,36.66,36.66,36.65,36.65,1257,0
MBCC.US,5,20250915,212500,36.7,36.71,36.7,36.71,2909,0
MBCC.US,5,20250915,213000,36.7099,36.71,36.7099,36.71,212,0
MBCC.US,5,20250916,165500,36.72,36.72,36.72,36.72,100,0
MBCC.US,5,20250916,173000,36.76,36.76,36.75,36.75,3300,0
MBCC.US,5,20250916,180000,36.74,36.74,36.7399,36.74,11071,0
MBCC.US,5,20250916,184500,36.74,36.74,36.74,36.74,359,0
MBCC.US,5,20250916,202000,36.76,36.76,36.75,36.755,1900,0
MBCC.US,5,20250916,203500,36.77,36.77,36.77,36.77,1600,0
MBCC.US,5,20250916,205000,36.78,36.78,36.78,36.78,1600,0
MBCC.US,5,20250916,210000,36.76,36.76,36.76,36.76,1245,0
MBCC.US,5,20250916,210500,36.79,36.79,36.79,36.79,344,0
MBCC.US,5,20250916,212000,36.79,36.79,36.79,36.79,124,0
MBCC.US,5,20250916,213000,36.77,36.77,36.77,36.77,1800,0
MBCC.US,5,20250916,214000,36.775,36.775,36.775,36.775,100,0
MBCC.US,5,20250916,214500,36.78,36.78,36.78,36.78,567,0
MBCC.US,5,20250916,215000,36.8,36.8,36.8,36.8,687,0
MBCC.US,5,20250916,215500,36.77,36.77,36.77,36.77,621,0
MBCC.US,5,20250917,160000,36.81,36.87,36.81,36.87,200,0
MBCC.US,5,20250917,162000,36.85,36.85,36.85,36.85,200,0
MBCC.US,5,20250917,174000,36.92,36.92,36.92,36.92,300,0
MBCC.US,5,20250917,181500,36.93,36.93,36.91,36.91,7919,0
MBCC.US,5,20250917,182500,36.93,36.93,36.93,36.93,200,0
MBCC.US,5,20250917,190500,36.92,36.92,36.92,36.92,600,0
MBCC.US,5,20250917,192500,36.93,36.93,36.93,36.93,100,0
MBCC.US,5,20250917,203500,36.92,36.92,36.92,36.92,300,0
MBCC.US,5,20250917,205000,36.75,36.75,36.75,36.75,1047,0
MBCC.US,5,20250917,215000,36.98,36.98,36.98,36.98,724,0
MBCC.US,5,20250917,215500,36.99,36.99,36.98,36.99,1400,0
MBCC.US,5,20250918,170000,37.06,37.06,37.06,37.06,959,0
MBCC.US,5,20250918,185500,37.07,37.08,37.07,37.08,200,0
MBCC.US,5,20250918,192000,37.04,37.04,37.04,37.04,100,0
MBCC.US,5,20250918,194000,36.97,36.97,36.94,36.94,339,0
MBCC.US,5,20250918,194500,36.99,36.99,36.9681,36.9681,238,0
MBCC.US,5,20250918,200500,36.97,36.97,36.97,36.97,100,0
MBCC.US,5,20250918,203000,36.97,36.97,36.97,36.97,319,0
MBCC.US,5,20250918,205500,36.94,36.96,36.94,36.96,600,0
MBCC.US,5,20250919,163500,37.02,37.02,37.02,37.02,104,0
MBCC.US,5,20250919,165000,37,37,37,37,172,0
MBCC.US,5,20250919,181000,37.02,37.02,37.02,37.02,100,0
MBCC.US,5,20250919,182500,37.0072,37.029,37.0072,37.029,483,0
MBCC.US,5,20250919,195000,37.06,37.06,37.055,37.06,2300,0
MBCC.US,5,20250919,203000,36.99,36.99,36.99,36.99,1394,0
MBCC.US,5,20250919,203500,37.041,37.041,37.041,37.041,166,0
MBCC.US,5,20250919,204500,37.04,37.04,37.04,37.04,162,0
MBCC.US,5,20250919,205500,37.05,37.06,37.05,37.06,300,0
MBCC.US,5,20250922,160500,36.99,37.02,36.99,37.02,2301,0
MBCC.US,5,20250922,190000,37.29,37.29,37.29,37.29,100,0
MBCC.US,5,20250922,191000,37.2328,37.27,37.2328,37.27,323,0
MBCC.US,5,20250922,192000,37.2201,37.28,37.22,37.28,631,0
MBCC.US,5,20250922,194500,37.2943,37.3,37.2943,37.3,266,0
MBCC.US,5,20250922,205500,37.28,37.28,37.28,37.28,19442,0
MBCC.US,5,20250922,215500,37.32,37.32,37.32,37.32,722,0
MBCC.US,5,20250923,173000,37.0071,37.0071,37.0071,37.0071,136,0
MBCC.US,5,20250923,181000,37.0335,37.0335,37.0335,37.0335,195,0
MBCC.US,5,20250923,182000,37.02,37.02,37.0199,37.02,1444,0
MBCC.US,5,20250923,193000,37.02,37.02,37.02,37.02,1973,0
MBCC.US,5,20250923,204500,36.95,36.9501,36.95,36.9501,458,0
MBCC.US,5,20250923,212000,36.98,36.98,36.98,36.98,273,0
MBCC.US,5,20250923,214500,36.98,36.99,36.94,36.94,2391,0
MBCC.US,5,20250923,215000,37.01,37.01,37.01,37.01,248,0
MBCC.US,5,20250923,215500,37.02,37.02,37.02,37.02,1041,0
MBCC.US,5,20250924,163000,36.847,36.847,36.847,36.847,266,0
MBCC.US,5,20250924,172500,36.87,36.87,36.87,36.87,5201,0
MBCC.US,5,20250924,192000,36.78,36.78,36.78,36.78,1000,0
MBCC.US,5,20250924,192500,36.76,36.76,36.76,36.76,500,0
MBCC.US,5,20250924,193500,36.79,36.79,36.79,36.79,500,0
MBCC.US,5,20250924,195000,36.77,36.77,36.76,36.77,1700,0
MBCC.US,5,20250924,200500,36.7257,36.75,36.7257,36.75,700,0
MBCC.US,5,20250924,202000,36.74,36.74,36.74,36.74,1700,0
MBCC.US,5,20250924,203500,36.76,36.76,36.76,36.76,500,0
MBCC.US,5,20250924,205000,36.78,36.78,36.78,36.78,196,0
MBCC.US,5,20250924,210000,36.78,36.78,36.7799,36.7799,1415,0
MBCC.US,5,20250924,213500,36.8,36.8,36.8,36.8,3100,0
MBCC.US,5,20250924,214500,36.82,36.83,36.82,36.83,3336,0
MBCC.US,5,20250924,215000,36.82,36.84,36.82,36.84,3000,0
MBCC.US,5,20250924,215500,36.83,36.87,36.8,36.84,22600,0
MBCC.US,5,20250925,153000,36.75,36.75,36.75,36.75,300,0
MBCC.US,5,20250925,170500,36.5672,36.5672,36.5672,36.5672,279,0
MBCC.US,5,20250925,172500,36.57,36.57,36.57,36.57,100,0
MBCC.US,5,20250925,173000,36.59,36.59,36.59,36.59,100,0
MBCC.US,5,20250925,175000,36.64,36.64,36.64,36.64,200,0
MBCC.US,5,20250925,180500,36.63,36.64,36.63,36.64,300,0
MBCC.US,5,20250925,181500,36.6143,36.6143,36.6143,36.6143,200,0
MBCC.US,5,20250925,182500,36.58,36.58,36.58,36.58,100,0
MBCC.US,5,20250925,184000,36.54,36.54,36.54,36.54,108,0
MBCC.US,5,20250925,184500,36.54,36.54,36.54,36.54,6768,0
MBCC.US,5,20250925,185000,36.54,36.54,36.53,36.53,3200,0
MBCC.US,5,20250925,201500,36.384,36.384,36.384,36.384,164,0
MBCC.US,5,20250925,202500,36.46,36.46,36.41,36.41,644,0
MBCC.US,5,20250925,205000,36.42,36.46,36.42,36.46,1216,0
MBCC.US,5,20250925,205500,36.46,36.47,36.44,36.47,1523,0
MBCC.US,5,20250925,210000,36.4223,36.4223,36.4223,36.4223,111,0
MBCC.US,5,20250925,215000,36.49,36.49,36.49,36.49,328,0
MBCC.US,5,20250925,215500,36.5,36.5,36.5,36.5,435,0
MBCC.US,5,20250926,160500,36.56,36.56,36.56,36.56,200,0
MBCC.US,5,20250926,171500,36.48,36.48,36.48,36.48,375,0
MBCC.US,5,20250926,202500,36.599,36.6,36.599,36.5999,5100,0
MBCC.US,5,20250926,205000,36.63,36.63,36.6299,36.6299,236,0
MBCC.US,5,20250926,211500,36.63,36.63,36.6299,36.6299,340,0
MBCC.US,5,20250926,213500,36.61,36.61,36.61,36.61,800,0
MBCC.US,5,20250929,161000,36.6172,36.6172,36.6172,36.6172,334,0
MBCC.US,5,20250929,190500,36.61,36.61,36.6099,36.6099,766,0
MBCC.US,5,20250929,204500,36.67,36.6791,36.67,36.67,7926,0
MBCC.US,5,20250929,205000,36.68,36.68,36.68,36.68,1424,0
MBCC.US,5,20250929,213500,36.65,36.65,36.6499,36.6499,600,0
MBCC.US,5,20250929,214000,36.65,36.66,36.61,36.65,12408,0
MBCC.US,5,20250929,215000,36.61,36.61,36.61,36.61,200,0
MBCC.US,5,20250930,164500,36.615,36.615,36.615,36.615,147,0
MBCC.US,5,20250930,174000,36.6099,36.61,36.6099,36.61,950,0
MBCC.US,5,20250930,183500,36.74,36.74,36.74,36.74,2099,0
MBCC.US,5,20250930,195000,36.69,36.6901,36.69,36.6901,200,0
MBCC.US,5,20250930,200000,36.71,36.71,36.7099,36.7099,628,0
MBCC.US,5,20250930,201500,36.7592,36.7592,36.7592,36.7592,136,0
MBCC.US,5,20250930,212000,36.81,36.81,36.81,36.81,100,0
MBCC.US,5,20250930,213000,36.81,36.81,36.8,36.8,10192,0
MBCC.US,5,20250930,213500,36.81,36.81,36.7852,36.7852,609,0
MBCC.US,5,20251001,161500,36.88,36.88,36.88,36.88,901,0
MBCC.US,5,20251001,165000,36.85,36.85,36.85,36.85,100,0
MBCC.US,5,20251001,172500,36.96,36.96,36.96,36.96,300,0
MBCC.US,5,20251001,181000,36.97,36.97,36.97,36.97,100,0
MBCC.US,5,20251001,182500,36.93,36.93,36.93,36.93,4081,0
MBCC.US,5,20251001,191500,36.95,36.95,36.95,36.95,17331,0
MBCC.US,5,20251001,193000,36.99,36.99,36.99,36.99,100,0
MBCC.US,5,20251001,194500,36.98,36.98,36.98,36.98,200,0
MBCC.US,5,20251001,212500,37.09,37.1,37.08,37.0999,3474,0
MBCC.US,5,20251001,215500,37.12,37.12,37.1,37.12,836,0
MBCC.US,5,20251002,165500,36.9769,36.99,36.9769,36.99,355,0
MBCC.US,5,20251002,185000,37.061,37.061,37.061,37.061,177,0
MBCC.US,5,20251002,210500,37.15,37.15,37.15,37.15,700,0
MBCC.US,5,20251002,211000,37.17,37.17,37.16,37.1603,1530,0
MBCC.US,5,20251002,212000,37.15,37.17,37.14,37.1599,7400,0
MBCC.US,5,20251002,212500,37.17,37.17,37.17,37.17,800,0
MBCC.US,5,20251002,213000,37.17,37.17,37.17,37.17,713,0
MBCC.US,5,20251002,213500,37.12,37.13,37.12,37.13,700,0
MBCC.US,5,20251002,214500,37.15,37.16,37.15,37.15,2600,0
MBCC.US,5,20251002,215500,37.15,37.15,37.14,37.14,200,0
MBCC.US,5,20251003,165000,37.3198,37.3198,37.3198,37.3198,101,0
MBCC.US,5,20251003,170000,37.3529,37.3529,37.3529,37.3529,223,0
MBCC.US,5,20251003,170500,37.355,37.355,37.355,37.355,100,0
MBCC.US,5,20251003,171000,37.35,37.35,37.33,37.33,200,0
MBCC.US,5,20251003,173500,37.32,37.32,37.32,37.32,100,0
MBCC.US,5,20251003,190000,37.31,37.31,37.31,37.31,3001,0
MBCC.US,5,20251003,191500,37.31,37.31,37.31,37.31,585,0
MBCC.US,5,20251003,192000,37.31,37.31,37.31,37.31,800,0
MBCC.US,5,20251003,193000,37.319,37.319,37.319,37.319,100,0
MBCC.US,5,20251003,195000,37.31,37.31,37.31,37.31,118,0
MBCC.US,5,20251003,200000,37.18,37.18,37.16,37.16,5814,0
MBCC.US,5,20251003,200500,37.13,37.13,37.13,37.13,100,0
MBCC.US,5,20251003,205000,37.14,37.14,37.14,37.14,1018,0
MBCC.US,5,20251003,210500,37.1364,37.1364,37.1364,37.1364,169,0
MBCC.US,5,20251003,211500,37.16,37.17,37.16,37.17,400,0
MBCC.US,5,20251003,215000,37.17,37.17,37.12,37.17,1482,0
MBCC.US,5,20251006,163000,36.97,36.97,36.97,36.97,470,0
MBCC.US,5,20251006,170000,36.98,36.98,36.98,36.98,100,0
MBCC.US,5,20251006,172500,37,37,36.99,37,1600,0
MBCC.US,5,20251006,173500,36.99,36.99,36.99,36.99,492,0
MBCC.US,5,20251006,175000,37.039,37.039,37.039,37.039,100,0
MBCC.US,5,20251006,180000,37.03,37.03,37.03,37.03,300,0
MBCC.US,5,20251006,181500,37.01,37.01,37.01,37.01,100,0
MBCC.US,5,20251006,185000,37.03,37.03,37.03,37.03,100,0
MBCC.US,5,20251006,191000,37.04,37.04,37.04,37.04,100,0
MBCC.US,5,20251006,193500,37.1754,37.1754,37.1754,37.1754,468,0
MBCC.US,5,20251006,194000,37.21,37.21,37.21,37.21,100,0
MBCC.US,5,20251006,195500,37.23,37.23,37.23,37.23,100,0
MBCC.US,5,20251006,200000,37.2,37.2,37.2,37.2,639,0
MBCC.US,5,20251006,205500,37.15,37.15,37.15,37.15,100,0
MBCC.US,5,20251007,161500,37.18,37.18,37.175,37.175,887,0
MBCC.US,5,20251007,182000,36.8693,36.8693,36.8693,36.8693,105,0
MBCC.US,5,20251007,201500,36.97,36.97,36.9613,36.9613,204,0
MBCC.US,5,20251007,202500,37,37,37,37,100,0
MBCC.US,5,20251007,212000,37.01,37.01,37,37,7100,0
MBCC.US,5,20251007,214000,37,37.01,37,37.01,1613,0
MBCC.US,5,20251008,175000,37.15,37.15,37.15,37.15,100,0
MBCC.US,5,20251008,185500,37.15,37.15,37.15,37.15,100,0
MBCC.US,5,20251008,190000,37.16,37.16,37.1599,37.1599,334,0
MBCC.US,5,20251008,192500,37.16,37.16,37.16,37.16,1132,0
MBCC.US,5,20251008,202500,37.12,37.12,37.12,37.12,4100,0
MBCC.US,5,20251008,203000,37.125,37.125,37.12,37.12,298,0
MBCC.US,5,20251008,203500,37.12,37.12,37.12,37.12,500,0
MBCC.US,5,20251008,205500,37.09,37.09,37.08,37.08,1100,0
MBCC.US,5,20251008,211000,37.11,37.11,37.11,37.11,1900,0
MBCC.US,5,20251008,212000,37.14,37.14,37.12,37.12,901,0
MBCC.US,5,20251008,212500,37.14,37.14,37.1399,37.1399,4200,0
MBCC.US,5,20251008,213500,37.14,37.14,37.14,37.14,593,0
MBCC.US,5,20251008,214500,37.1,37.1,37.08,37.08,1338,0
MBCC.US,5,20251009,170500,37.1788,37.1788,37.1788,37.1788,130,0
MBCC.US,5,20251009,184500,37.23,37.23,37.23,37.23,738,0
MBCC.US,5,20251009,192000,37.19,37.19,37.19,37.19,500,0
MBCC.US,5,20251009,192500,37.1572,37.1572,37.1572,37.1572,704,0
MBCC.US,5,20251009,193000,37.17,37.18,37.17,37.1799,5000,0
MBCC.US,5,20251009,193500,37.21,37.21,37.21,37.21,500,0
MBCC.US,5,20251009,194500,37.22,37.22,37.22,37.22,255,0
MBCC.US,5,20251009,195000,37.2149,37.2149,37.2149,37.2149,134,0
MBCC.US,5,20251009,200500,37.18,37.18,37.18,37.18,930,0
MBCC.US,5,20251009,212000,37.22,37.22,37.22,37.22,930,0
MBCC.US,5,20251009,214500,37.235,37.24,37.235,37.24,4074,0
MBCC.US,5,20251009,215500,37.255,37.255,37.255,37.255,384,0
MBCC.US,5,20251010,154000,37.36,37.36,37.345,37.345,500,0
MBCC.US,5,20251010,160000,37.29,37.29,37.29,37.29,200,0
MBCC.US,5,20251010,162500,37.34,37.34,37.3,37.3,800,0
MBCC.US,5,20251010,170500,37.12,37.12,37.12,37.12,100,0
MBCC.US,5,20251010,171500,37.15,37.15,37.08,37.08,1100,0
MBCC.US,5,20251010,172500,36.99,37.01,36.99,37.01,200,0
MBCC.US,5,20251010,184500,36.85,36.85,36.85,36.85,2365,0
MBCC.US,5,20251010,191000,36.73,36.73,36.73,36.73,252,0
MBCC.US,5,20251010,193500,36.82,36.82,36.82,36.82,100,0
MBCC.US,5,20251010,203000,36.73,36.77,36.73,36.76,2230,0
MBCC.US,5,20251010,204000,36.7381,36.76,36.7,36.7,1472,0
MBCC.US,5,20251010,204500,36.72,36.72,36.72,36.72,687,0
MBCC.US,5,20251010,212000,36.6415,36.6415,36.6415,36.6415,145,0
MBCC.US,5,20251010,214500,36.62,36.62,36.61,36.6101,2506,0
MBCC.US,5,20251010,215500,36.5243,36.5243,36.5243,36.5243,492,0
MBCC.US,5,20251013,170000,36.7091,36.7091,36.7091,36.7091,102,0
MBCC.US,5,20251013,181500,36.92,36.92,36.92,36.92,170,0
MBCC.US,5,20251013,184000,36.85,36.8699,36.85,36.8699,710,0
MBCC.US,5,20251013,195000,36.85,36.85,36.8,36.8,3196,0
MBCC.US,5,20251013,201500,36.91,36.91,36.91,36.91,500,0
MBCC.US,5,20251013,202500,36.92,36.92,36.92,36.92,1500,0
MBCC.US,5,20251013,210000,36.786,36.786,36.786,36.786,318,0
MBCC.US,5,20251014,162500,36.685,36.685,36.685,36.685,327,0
MBCC.US,5,20251014,163500,36.662,36.662,36.662,36.662,450,0
MBCC.US,5,20251014,172500,36.7113,36.7113,36.7113,36.7113,207,0
MBCC.US,5,20251014,183000,36.89,36.89,36.8899,36.8899,1937,0
MBCC.US,5,20251014,190500,36.8592,36.8592,36.8592,36.8592,207,0
MBCC.US,5,20251014,195000,36.925,36.925,36.925,36.925,180,0
MBCC.US,5,20251014,213000,36.89,36.89,36.89,36.89,300,0
MBCC.US,5,20251014,213500,36.89,36.89,36.89,36.89,299,0
MBCC.US,5,20251015,162000,37.0306,37.0306,37.0306,37.0306,100,0
MBCC.US,5,20251015,174000,36.89,36.89,36.89,36.89,1526,0
MBCC.US,5,20251015,185500,36.81,36.81,36.8015,36.8015,360,0
MBCC.US,5,20251015,190500,36.74,36.74,36.74,36.74,1500,0
MBCC.US,5,20251015,191500,36.5801,36.5801,36.5801,36.5801,165,0
MBCC.US,5,20251015,211500,36.83,36.83,36.83,36.83,235,0
MBCC.US,5,20251015,213000,36.82,36.8202,36.82,36.8202,472,0
MBCC.US,5,20251015,213500,36.82,36.82,36.82,36.82,2078,0
MBCC.US,5,20251015,214000,36.78,36.83,36.72,36.79,12043,0
MBCC.US,5,20251016,173500,36.8555,36.8555,36.8555,36.8555,1290,0
MBCC.US,5,20251016,180000,36.76,36.76,36.76,36.76,3389,0
MBCC.US,5,20251016,180500,36.8,36.8,36.7729,36.7729,1387,0
MBCC.US,5,20251016,182000,36.75,36.75,36.75,36.75,400,0
MBCC.US,5,20251016,184000,36.6,36.6,36.6,36.6,100,0
MBCC.US,5,20251016,185000,36.679,36.679,36.679,36.679,200,0
MBCC.US,5,20251016,185500,36.71,36.71,36.71,36.71,100,0
MBCC.US,5,20251016,190500,36.81,36.81,36.81,36.81,376,0
MBCC.US,5,20251016,191000,36.81,36.81,36.81,36.81,648,0
MBCC.US,5,20251016,192500,36.81,36.81,36.81,36.81,100,0
MBCC.US,5,20251016,203000,36.54,36.54,36.54,36.54,100,0
MBCC.US,5,20251016,212000,36.56,36.56,36.56,36.56,5833,0
MBCC.US,5,20251016,215500,36.58,36.58,36.58,36.58,100,0
MBCC.US,5,20251017,172500,36.47,36.48,36.4699,36.48,6165,0
MBCC.US,5,20251017,174000,36.47,36.47,36.47,36.47,670,0
MBCC.US,5,20251017,180000,36.5842,36.5842,36.5842,36.5842,126,0
MBCC.US,5,20251017,183000,36.6177,36.6177,36.6177,36.6177,101,0
MBCC.US,5,20251017,211500,36.77,36.77,36.75,36.75,7071,0
MBCC.US,5,20251017,213000,36.7248,36.7248,36.7248,36.7248,140,0
MBCC.US,5,20251017,213500,36.73,36.73,36.73,36.73,1757,0
MBCC.US,5,20251017,215000,36.7,36.71,36.69,36.71,1441,0
MBCC.US,5,20251017,215500,36.69,36.69,36.69,36.69,100,0
MBCC.US,5,20251020,155000,36.845,36.845,36.845,36.845,1225,0
MBCC.US,5,20251020,160000,36.8009,36.8009,36.8009,36.8009,832,0
MBCC.US,5,20251020,161500,36.904,36.904,36.904,36.904,176,0
MBCC.US,5,20251020,164500,36.9247,36.9247,36.9247,36.9247,150,0
MBCC.US,5,20251020,200500,36.9707,36.9707,36.9707,36.9707,132,0
MBCC.US,5,20251020,215500,36.99,36.99,36.99,36.99,119,0
MBCC.US,5,20251021,153000,37.08,37.08,37.08,37.08,200,0
MBCC.US,5,20251021,153500,37.13,37.13,37.13,37.13,200,0
MBCC.US,5,20251021,163000,37.0974,37.0974,37.0974,37.0974,178,0
MBCC.US,5,20251021,172000,37.3145,37.3519,37.3145,37.3519,267,0
MBCC.US,5,20251021,175000,37.3399,37.3399,37.3399,37.3399,535,0
MBCC.US,5,20251021,182000,37.3,37.3,37.2999,37.2999,1548,0
MBCC.US,5,20251021,183500,37.33,37.33,37.33,37.33,562,0
MBCC.US,5,20251021,190000,37.3,37.3,37.3,37.3,3265,0
MBCC.US,5,20251021,195000,37.32,37.32,37.32,37.32,1466,0
MBCC.US,5,20251021,200500,37.35,37.35,37.35,37.35,100,0
MBCC.US,5,20251021,201000,37.3,37.3001,37.3,37.3001,3057,0
MBCC.US,5,20251021,204500,37.2927,37.2927,37.2927,37.2927,147,0
MBCC.US,5,20251021,210500,37.281,37.281,37.281,37.281,211,0
MBCC.US,5,20251021,214500,37.32,37.32,37.29,37.29,1309,0
MBCC.US,5,20251021,215500,37.3,37.3,37.3,37.3,188,0
MBCC.US,5,20251022,163000,36.95,36.95,36.95,36.95,2700,0
MBCC.US,5,20251022,170500,37.065,37.065,37.065,37.065,146,0
MBCC.US,5,20251022,172000,37.04,37.0401,37.04,37.04,3468,0
MBCC.US,5,20251022,172500,36.9904,36.9904,36.9904,36.9904,738,0
MBCC.US,5,20251022,184000,36.99,36.99,36.99,36.99,188,0
MBCC.US,5,20251022,200500,36.86,36.8601,36.86,36.8601,244,0
MBCC.US,5,20251022,201500,36.8421,36.8421,36.8421,36.8421,294,0
MBCC.US,5,20251022,211500,36.9,36.94,36.9,36.94,1500,0
MBCC.US,5,20251023,160000,36.93,36.93,36.93,36.93,200,0
MBCC.US,5,20251023,171500,36.9129,36.9129,36.9129,36.9129,299,0
MBCC.US,5,20251023,173500,36.91,36.91,36.88,36.88,1121,0
MBCC.US,5,20251023,174000,36.9,36.91,36.85,36.85,2622,0
MBCC.US,5,20251023,180500,36.92,36.92,36.92,36.92,641,0
MBCC.US,5,20251023,182500,36.9699,36.9699,36.9699,36.9699,267,0
MBCC.US,5,20251023,190000,36.99,36.99,36.99,36.99,121,0
MBCC.US,5,20251023,190500,36.9652,36.9652,36.9652,36.9652,112,0
MBCC.US,5,20251023,205000,37.09,37.09,37.0899,37.09,3555,0
MBCC.US,5,20251023,212000,37.09,37.0983,37.09,37.09,1526,0
MBCC.US,5,20251023,212500,37.09,37.09,37.09,37.09,230,0
MBCC.US,5,20251023,213500,37.09,37.09,37.09,37.09,132,0
MBCC.US,5,20251023,214000,37.08,37.08,37.07,37.08,500,0
MBCC.US,5,20251023,215500,37.07,37.07,37.06,37.064,627,0
MBCC.US,5,20251024,155000,37.265,37.265,37.265,37.265,100,0
MBCC.US,5,20251024,165000,37.2,37.21,37.2,37.21,1828,0
MBCC.US,5,20251024,202500,37.3,37.3,37.2988,37.2988,200,0
MBCC.US,5,20251027,150000,37.31,37.31,37.31,37.31,399,0
MBCC.US,5,20251027,150500,37.33,37.33,37.31,37.31,200,0
MBCC.US,5,20251027,155500,37.34,37.38,37.34,37.375,500,0
MBCC.US,5,20251027,162000,37.39,37.39,37.39,37.39,100,0
MBCC.US,5,20251027,163000,37.36,37.36,37.36,37.36,203,0
MBCC.US,5,20251027,164500,37.3852,37.3852,37.3852,37.3852,150,0
MBCC.US,5,20251027,165000,37.41,37.41,37.41,37.41,100,0
MBCC.US,5,20251027,180500,37.4,37.409,37.4,37.409,200,0
MBCC.US,5,20251027,184500,37.41,37.42,37.41,37.42,498,0
MBCC.US,5,20251027,185000,37.41,37.41,37.41,37.41,4772,0
MBCC.US,5,20251027,191000,37.409,37.409,37.409,37.409,179,0
MBCC.US,5,20251027,191500,37.39,37.39,37.35,37.35,1095,0
MBCC.US,5,20251027,195500,37.39,37.39,37.39,37.39,200,0
MBCC.US,5,20251027,200000,37.3799,37.3799,37.36,37.36,381,0
MBCC.US,5,20251027,203000,37.39,37.39,37.39,37.39,1332,0
MBCC.US,5,20251028,153500,37.48,37.48,37.48,37.48,100,0
MBCC.US,5,20251028,160500,37.4256,37.4256,37.4256,37.4256,183,0
MBCC.US,5,20251028,161000,37.43,37.43,37.43,37.43,200,0
MBCC.US,5,20251028,172500,37.43,37.43,37.43,37.43,100,0
MBCC.US,5,20251028,190000,37.45,37.45,37.45,37.45,111,0
MBCC.US,5,20251028,190500,37.49,37.49,37.45,37.45,1931,0
MBCC.US,5,20251028,192000,37.46,37.46,37.46,37.46,126,0
MBCC.US,5,20251028,201000,37.45,37.46,37.44,37.44,900,0
MBCC.US,5,20251028,202000,37.42,37.42,37.42,37.42,600,0
MBCC.US,5,20251028,202500,37.43,37.43,37.43,37.43,400,0
MBCC.US,5,20251028,204000,37.39,37.39,37.39,37.39,200,0
MBCC.US,5,20251028,205000,37.34,37.34,37.33,37.34,1495,0
MBCC.US,5,20251029,145500,37.13,37.13,37.13,37.13,1545,0
MBCC.US,5,20251029,151500,37.096,37.096,37.096,37.096,187,0
MBCC.US,5,20251029,152500,37.14,37.15,37.14,37.15,395,0
MBCC.US,5,20251029,155000,37.08,37.08,37.08,37.08,700,0
MBCC.US,5,20251029,155500,37.15,37.15,37.15,37.15,100,0
MBCC.US,5,20251029,162000,37.2,37.2,37.2,37.2,100,0
MBCC.US,5,20251029,173500,37.2,37.2,37.2,37.2,328,0
MBCC.US,5,20251029,184000,37.16,37.17,37.12,37.12,1622,0
MBCC.US,5,20251029,193000,37.15,37.17,37.15,37.1525,500,0
MBCC.US,5,20251029,194500,36.97,36.97,36.97,36.97,100,0
MBCC.US,5,20251029,201500,36.98,36.99,36.98,36.99,257,0
MBCC.US,5,20251029,202000,36.92,36.9322,36.92,36.9322,1080,0
MBCC.US,5,20251029,204500,36.91,36.91,36.91,36.91,7576,0
MBCC.US,5,20251030,150500,36.808,36.808,36.808,36.808,300,0
MBCC.US,5,20251030,160000,36.89,36.91,36.89,36.91,414,0
MBCC.US,5,20251030,160500,36.94,36.94,36.94,36.94,3412,0
MBCC.US,5,20251030,182000,36.8,36.8,36.8,36.8,100,0
MBCC.US,5,20251030,201000,36.72,36.72,36.72,36.72,100,0
MBCC.US,5,20251030,201500,36.72,36.72,36.69,36.7,3324,0
MBCC.US,5,20251031,143000,36.7301,36.7301,36.7301,36.7301,100,0
MBCC.US,5,20251031,150000,36.82,36.82,36.82,36.82,100,0
MBCC.US,5,20251031,152500,36.77,36.77,36.77,36.77,100,0
MBCC.US,5,20251031,154000,36.8101,36.8101,36.8101,36.8101,843,0
MBCC.US,5,20251031,164000,36.83,36.83,36.83,36.83,800,0
MBCC.US,5,20251031,170000,36.83,36.83,36.8038,36.81,1933,0
MBCC.US,5,20251031,171000,36.7518,36.7518,36.7518,36.7518,951,0
MBCC.US,5,20251031,184000,36.73,36.73,36.73,36.73,115,0
MBCC.US,5,20251031,193500,36.8,36.8,36.8,36.8,100,0
MBCC.US,5,20251031,201500,36.9,36.91,36.9,36.91,445,0
MBCC.US,5,20251031,202000,36.94,36.95,36.94,36.9499,1698,0
MBCC.US,5,20251103,165500,36.75,36.75,36.75,36.75,233,0
MBCC.US,5,20251103,202500,36.92,36.92,36.9199,36.92,4630,0
MBCC.US,5,20251103,210000,36.89,36.89,36.89,36.89,700,0
MBCC.US,5,20251103,210500,36.89,36.89,36.89,36.89,100,0
MBCC.US,5,20251103,211000,36.89,36.89,36.89,36.89,500,0
MBCC.US,5,20251103,211500,36.89,36.89,36.89,36.89,200,0
MBCC.US,5,20251103,212500,36.89,36.89,36.89,36.89,200,0
MBCC.US,5,20251104,153500,36.63,36.63,36.63,36.63,115,0
MBCC.US,5,20251104,162500,36.82,36.82,36.82,36.82,100,0
MBCC.US,5,20251104,163500,36.85,36.85,36.85,36.85,300,0
MBCC.US,5,20251104,165000,36.79,36.79,36.79,36.79,100,0
MBCC.US,5,20251104,170500,36.765,36.765,36.765,36.765,100,0
MBCC.US,5,20251104,173500,36.77,36.77,36.77,36.77,100,0
MBCC.US,5,20251104,174000,36.77,36.77,36.77,36.77,1002,0
MBCC.US,5,20251104,182500,36.69,36.69,36.69,36.69,100,0
MBCC.US,5,20251104,192500,36.59,36.59,36.59,36.59,100,0
MBCC.US,5,20251104,193000,36.56,36.56,36.54,36.54,217,0
MBCC.US,5,20251104,210500,36.67,36.67,36.67,36.67,506,0
MBCC.US,5,20251104,213500,36.66,36.66,36.66,36.66,200,0
MBCC.US,5,20251104,214000,36.69,36.69,36.6899,36.69,1431,0
MBCC.US,5,20251105,171000,36.74,36.74,36.74,36.74,144,0
MBCC.US,5,20251105,174500,36.8699,36.87,36.8699,36.87,253,0
MBCC.US,5,20251105,180000,36.92,36.92,36.9199,36.9199,600,0
MBCC.US,5,20251105,184500,36.99,36.99,36.99,36.99,218,0
MBCC.US,5,20251105,195500,37.01,37.01,37.01,37.01,500,0
MBCC.US,5,20251105,212000,36.99,36.99,36.99,36.99,259,0
MBCC.US,5,20251106,174000,36.38,36.42,36.38,36.42,1000,0
MBCC.US,5,20251106,180000,36.3699,36.37,36.3699,36.37,1606,0
MBCC.US,5,20251106,183500,36.42,36.42,36.42,36.42,386,0
MBCC.US,5,20251106,204000,36.52,36.52,36.52,36.52,261,0
MBCC.US,5,20251106,210500,36.5,36.5,36.5,36.5,498,0
MBCC.US,5,20251106,212000,36.54,36.54,36.54,36.54,205,0
MBCC.US,5,20251106,212500,36.5,36.515,36.5,36.51,551,0
MBCC.US,5,20251106,213500,36.48,36.4801,36.48,36.4801,2399,0
MBCC.US,5,20251107,163000,36.155,36.155,36.155,36.155,152,0
MBCC.US,5,20251107,172500,36.078,36.078,36.078,36.078,119,0
MBCC.US,5,20251107,180500,36.03,36.03,36.03,36.03,117,0
MBCC.US,5,20251107,182500,36.04,36.04,36.04,36.04,480,0
MBCC.US,5,20251107,184500,36.02,36.02,36,36,2715,0
MBCC.US,5,20251107,185000,36,36,36,36,600,0
MBCC.US,5,20251107,195500,36.13,36.13,36.13,36.13,234,0
MBCC.US,5,20251107,200000,36.18,36.18,36.18,36.18,6539,0
MBCC.US,5,20251107,205000,36.3,36.3001,36.2928,36.2928,300,0
MBCC.US,5,20251107,210500,36.32,36.3201,36.32,36.3201,309,0
MBCC.US,5,20251107,212500,36.29,36.29,36.29,36.29,700,0
MBCC.US,5,20251107,214000,36.33,36.33,36.33,36.33,600,0
MBCC.US,5,20251107,214500,36.31,36.32,36.31,36.32,1244,0
MBCC.US,5,20251107,215500,36.4,36.4,36.4,36.4,500,0
MBCC.US,5,20251110,171000,36.5761,36.5761,36.5761,36.5761,557,0
MBCC.US,5,20251110,172500,36.547776,36.547776,36.547776,36.547776,274,0
MBCC.US,5,20251110,181500,36.61,36.61,36.61,36.61,625,0
MBCC.US,5,20251110,200500,36.74,36.75,36.7399,36.7399,9701,0
MBCC.US,5,20251110,201000,36.72,36.72,36.72,36.72,100,0
MBCC.US,5,20251110,201500,36.7,36.7,36.7,36.7,100,0
MBCC.US,5,20251110,204000,36.74,36.76,36.74,36.76,200,0
MBCC.US,5,20251110,214500,36.83,36.84,36.83,36.8399,2400,0
MBCC.US,5,20251111,165000,36.86,36.86,36.86,36.86,300,0
MBCC.US,5,20251111,171000,36.86,36.869,36.86,36.869,400,0
MBCC.US,5,20251111,172500,36.87,36.87,36.87,36.87,300,0
MBCC.US,5,20251111,173500,36.86,36.86,36.86,36.86,649,0
MBCC.US,5,20251111,174000,36.88,36.88,36.88,36.88,500,0
MBCC.US,5,20251111,202000,37.05,37.05,37.04,37.04,300,0
MBCC.US,5,20251111,204500,37.09,37.09,37.09,37.09,300,0
MBCC.US,5,20251111,210000,37.07,37.07,37.07,37.07,600,0
MBCC.US,5,20251112,160500,37.219,37.22,37.219,37.22,390,0
MBCC.US,5,20251112,171500,37.14,37.14,37.14,37.14,100,0
MBCC.US,5,20251112,180000,37.14,37.14,37.14,37.14,1458,0
MBCC.US,5,20251112,180500,37.16,37.16,37.16,37.16,900,0
MBCC.US,5,20251112,181500,37.16,37.1868,37.16,37.1868,3784,0
MBCC.US,5,20251112,190500,37.205,37.205,37.205,37.205,134,0
MBCC.US,5,20251112,203500,37.21,37.21,37.21,37.21,100,0
MBCC.US,5,20251112,210500,37.2,37.2,37.2,37.2,1482,0
MBCC.US,5,20251112,211000,37.21,37.21,37.21,37.21,200,0
MBCC.US,5,20251112,214000,37.25,37.25,37.25,37.25,1566,0
MBCC.US,5,20251113,163500,37.12,37.12,37.12,37.12,209,0
MBCC.US,5,20251113,170500,37.03,37.03,37.03,37.03,156,0
MBCC.US,5,20251113,171500,37.02,37.0699,37.02,37.0699,270,0
MBCC.US,5,20251113,172500,37.07,37.07,37.07,37.07,278,0
MBCC.US,5,20251113,174500,37.01,37.01,37.0099,37.0099,2238,0
MBCC.US,5,20251113,185000,37.04,37.04,37.04,37.04,115,0
MBCC.US,5,20251113,202500,36.86,36.86,36.86,36.86,108,0
MBCC.US,5,20251113,212000,36.78,36.78,36.78,36.78,2272,0
MBCC.US,5,20251113,215500,36.8,36.8,36.8,36.8,1467,0
MBCC.US,5,20251114,163500,36.58,36.58,36.57,36.57,340,0
MBCC.US,5,20251114,164000,36.620634,36.620634,36.620634,36.620634,349,0
MBCC.US,5,20251114,164500,36.66,36.66,36.66,36.66,100,0
MBCC.US,5,20251114,175000,36.86,36.86,36.8187,36.8187,275,0
MBCC.US,5,20251114,175500,36.85,36.85,36.85,36.85,188,0
MBCC.US,5,20251114,181000,36.89,36.89,36.89,36.89,615,0
MBCC.US,5,20251114,182500,36.86,36.86,36.86,36.86,1514,0
MBCC.US,5,20251114,183000,36.86,36.86,36.86,36.86,763,0
MBCC.US,5,20251114,204500,36.87,36.88,36.87,36.88,271,0
MBCC.US,5,20251114,212500,36.78,36.78,36.78,36.78,1900,0
MBCC.US,5,20251117,160000,36.53,36.53,36.53,36.53,243,0
MBCC.US,5,20251117,165000,36.5012,36.5012,36.5012,36.5012,100,0
MBCC.US,5,20251117,171500,36.37,36.37,36.37,36.37,257,0
MBCC.US,5,20251117,172500,36.48,36.51,36.48,36.51,577,0
MBCC.US,5,20251117,175500,36.67,36.67,36.67,36.67,183,0
MBCC.US,5,20251117,181000,36.62,36.62,36.62,36.62,207,0
MBCC.US,5,20251117,185000,36.52,36.53,36.52,36.53,811,0
MBCC.US,5,20251117,190500,36.42,36.42,36.413,36.413,2515,0
MBCC.US,5,20251117,192500,36.44,36.44,36.44,36.44,137,0
MBCC.US,5,20251117,212500,36.19,36.2,36.1899,36.2,4000,0
MBCC.US,5,20251117,215500,36.25,36.25,36.21,36.21,600,0
MBCC.US,5,20251118,165000,35.9899,35.9899,35.9899,35.9899,122,0
MBCC.US,5,20251118,170000,35.8615,35.8615,35.8615,35.8615,500,0
MBCC.US,5,20251118,174000,36.057,36.057,36.057,36.057,439,0
MBCC.US,5,20251118,175500,36.0251,36.0251,36.0251,36.0251,149,0
MBCC.US,5,20251118,180500,36,36.03,36,36.03,6417,0
MBCC.US,5,20251118,184000,36.05,36.09,36.05,36.09,1527,0
MBCC.US,5,20251118,185500,36.1301,36.1301,36.1301,36.1301,181,0
MBCC.US,5,20251118,190000,36.18,36.19,36.18,36.19,406,0
MBCC.US,5,20251118,191500,36.17,36.21,36.17,36.21,200,0
MBCC.US,5,20251118,194500,36.27,36.27,36.27,36.27,306,0
MBCC.US,5,20251118,213500,36.17,36.17,36.17,36.17,1400,0
MBCC.US,5,20251118,214500,36.15,36.15,36.15,36.15,662,0
MBCC.US,5,20251119,184500,35.89,35.89,35.89,35.89,6395,0
MBCC.US,5,20251119,190000,35.925,35.925,35.925,35.925,233,0
MBCC.US,5,20251119,212000,36.02,36.04,36.02,36.04,1768,0
MBCC.US,5,20251119,212500,36.03,36.05,36.03,36.05,2300,0
MBCC.US,5,20251119,214000,36.04,36.04,36.04,36.04,500,0
MBCC.US,5,20251119,215000,36.005,36.005,36.005,36.005,212,0
MBCC.US,5,20251119,215500,36.05,36.06,36.05,36.06,2104,0
MBCC.US,5,20251120,154000,36.3295,36.3295,36.3295,36.3295,100,0
MBCC.US,5,20251120,154500,36.3282,36.3282,36.3282,36.3282,100,0
MBCC.US,5,20251120,155500,36.315,36.33,36.3041,36.3267,453,0
MBCC.US,5,20251120,160000,36.3479,36.3479,36.3479,36.3479,125,0
MBCC.US,5,20251120,164000,36.41,36.41,36.41,36.41,200,0
MBCC.US,5,20251120,175000,35.96,35.96,35.96,35.96,131,0
MBCC.US,5,20251120,182000,35.74,35.74,35.74,35.74,600,0
MBCC.US,5,20251120,183500,35.67,35.67,35.67,35.67,100,0
MBCC.US,5,20251120,193000,35.78,35.78,35.78,35.78,108,0
MBCC.US,5,20251120,195000,35.62,35.62,35.62,35.62,2150,0
MBCC.US,5,20251120,205500,35.74,35.74,35.74,35.74,100,0
MBCC.US,5,20251120,210000,35.742,35.742,35.742,35.742,100,0
MBCC.US,5,20251120,212500,35.72,35.72,35.7,35.71,2200,0
MBCC.US,5,20251120,213500,35.63,35.63,35.63,35.63,458,0
MBCC.US,5,20251120,214000,35.56,35.56,35.56,35.56,100,0
MBCC.US,5,20251121,161000,35.5513,35.5513,35.5513,35.5513,562,0
MBCC.US,5,20251121,171500,35.55,35.55,35.545,35.5499,862,0
MBCC.US,5,20251121,183000,35.95,35.95,35.95,35.95,119,0
MBCC.US,5,20251121,204500,36,36,36,36,100,0
MBCC.US,5,20251121,210000,36.0398,36.04,36.015,36.04,3902,0
MBCC.US,5,20251121,211500,36.04,36.04,36.04,36.04,1900,0
MBCC.US,5,20251124,162500,36,36,36,36,200,0
MBCC.US,5,20251124,170000,36.07,36.07,36.07,36.07,700,0
MBCC.US,5,20251124,171000,36.05,36.05,36.05,36.05,353,0
MBCC.US,5,20251124,171500,36.08,36.08,36.08,36.08,500,0
MBCC.US,5,20251124,173000,36.05,36.05,36.02,36.02,1074,0
MBCC.US,5,20251124,173500,36.05,36.05,36.05,36.05,400,0
MBCC.US,5,20251124,174500,36.03,36.05,36.03,36.05,900,0
MBCC.US,5,20251124,180500,35.99,35.99,35.99,35.99,100,0
MBCC.US,5,20251124,181000,35.99,36,35.96,35.96,3781,0
MBCC.US,5,20251124,184500,36.03,36.03,36.03,36.03,337,0
MBCC.US,5,20251124,195000,36.0368,36.0368,36.0368,36.0368,166,0
MBCC.US,5,20251124,201500,36.02,36.02,36.02,36.02,136,0
MBCC.US,5,20251124,203500,35.98,35.98,35.98,35.98,153,0
MBCC.US,5,20251124,215500,36.03,36.03,36.03,36.03,492,0
MBCC.US,5,20251125,154000,35.995,35.995,35.995,35.995,100,0
MBCC.US,5,20251125,155000,35.965,35.965,35.965,35.965,477,0
MBCC.US,5,20251125,173500,36.265,36.265,36.265,36.265,278,0
MBCC.US,5,20251125,181500,36.34,36.34,36.34,36.34,5051,0
MBCC.US,5,20251125,183000,36.3975,36.3975,36.3975,36.3975,562,0
MBCC.US,5,20251125,184500,36.39,36.39,36.39,36.39,9257,0
MBCC.US,5,20251125,192000,36.37,36.37,36.37,36.37,2000,0
MBCC.US,5,20251125,193000,36.36,36.36,36.36,36.36,2188,0
MBCC.US,5,20251125,201000,36.353,36.38,36.353,36.37,989,0
MBCC.US,5,20251125,203500,36.33,36.33,36.33,36.33,196,0
MBCC.US,5,20251125,204500,36.3286,36.35,36.3286,36.35,368,0
MBCC.US,5,20251125,210500,36.396176,36.396176,36.396176,36.396176,467,0
MBCC.US,5,20251125,211500,36.4194,36.4194,36.4194,36.4194,328,0
MBCC.US,5,20251125,213000,36.43,36.43,36.42,36.43,1575,0
MBCC.US,5,20251125,213500,36.41,36.41,36.41,36.41,736,0
MBCC.US,5,20251125,214500,36.401,36.401,36.401,36.401,200,0
MBCC.US,5,20251125,215000,36.44,36.46,36.43,36.44,6741,0
MBCC.US,5,20251125,215500,36.42,36.45,36.41,36.45,2200,0
MBCC.US,5,20251126,153000,36.5523,36.5523,36.5523,36.5523,100,0
MBCC.US,5,20251126,155500,36.6,36.6,36.59,36.59,500,0
MBCC.US,5,20251126,163500,36.581,36.581,36.581,36.581,100,0
MBCC.US,5,20251126,173000,36.6365,36.65,36.6365,36.649,1866,0
MBCC.US,5,20251126,181500,36.66,36.66,36.66,36.66,150,0
MBCC.US,5,20251126,183500,36.66,36.66,36.66,36.66,2684,0
MBCC.US,5,20251126,185000,36.635,36.635,36.635,36.635,116,0
MBCC.US,5,20251126,194500,36.6,36.6,36.6,36.6,600,0
MBCC.US,5,20251126,200000,36.63,36.63,36.63,36.63,1280,0
MBCC.US,5,20251126,201500,36.63,36.63,36.63,36.63,100,0
MBCC.US,5,20251126,202000,36.62,36.62,36.62,36.62,1032,0
MBCC.US,5,20251126,204500,36.64,36.64,36.64,36.64,244,0
MBCC.US,5,20251126,210000,36.6207,36.6207,36.6207,36.6207,922,0
MBCC.US,5,20251126,211000,36.62,36.62,36.62,36.62,101,0
MBCC.US,5,20251126,212500,36.64,36.64,36.64,36.64,19616,0
MBCC.US,5,20251126,213500,36.65,36.65,36.65,36.65,831,0
MBCC.US,5,20251126,215500,36.59,36.6,36.59,36.6,684,0
MBCC.US,5,20251128,172500,36.69,36.69,36.69,36.69,173,0
MBCC.US,5,20251128,173500,36.68,36.68,36.68,36.68,697,0
MBCC.US,5,20251128,181500,36.69,36.69,36.69,36.69,288,0
MBCC.US,5,20251128,182000,36.669,36.67,36.669,36.6699,2440,0
MBCC.US,5,20251128,183500,36.68,36.68,36.68,36.68,100,0
MBCC.US,5,20251128,184000,36.66,36.67,36.6599,36.6599,7407,0
MBCC.US,5,20251128,185500,36.66,36.7,36.66,36.7,1733,0
MBCC.US,5,20251201,154500,36.5442,36.5442,36.5442,36.5442,200,0
MBCC.US,5,20251201,160000,36.63,36.63,36.63,36.63,200,0
MBCC.US,5,20251201,163500,36.47,36.47,36.47,36.47,401,0
MBCC.US,5,20251201,165500,36.58,36.58,36.58,36.58,299,0
MBCC.US,5,20251201,171000,36.58,36.58,36.58,36.58,100,0
MBCC.US,5,20251201,174500,36.6299,36.63,36.6299,36.63,400,0
MBCC.US,5,20251201,181000,36.6,36.6,36.6,36.6,6639,0
MBCC.US,5,20251201,203000,36.48,36.48,36.47,36.4799,2117,0
MBCC.US,5,20251201,205000,36.48,36.48,36.48,36.48,228,0
MBCC.US,5,20251201,210500,36.47,36.47,36.46,36.46,475,0
MBCC.US,5,20251201,211500,36.49,36.49,36.49,36.49,215,0
MBCC.US,5,20251201,212500,36.49,36.49,36.49,36.49,2476,0
MBCC.US,5,20251201,213500,36.49,36.49,36.49,36.49,156,0
MBCC.US,5,20251201,214500,36.5,36.5,36.5,36.5,100,0
MBCC.US,5,20251201,215000,36.5,36.5,36.5,36.5,8191,0
MBCC.US,5,20251201,215500,36.47,36.48,36.47,36.48,2700,0
MBCC.US,5,20251202,162000,36.6165,36.6165,36.6,36.6,1199,0
MBCC.US,5,20251202,162500,36.58,36.58,36.56,36.56,400,0
MBCC.US,5,20251202,163000,36.55,36.55,36.54,36.55,900,0
MBCC.US,5,20251202,163500,36.55,36.55,36.54,36.54,300,0
MBCC.US,5,20251202,164000,36.57,36.57,36.56,36.56,500,0
MBCC.US,5,20251202,170500,36.69,36.69,36.69,36.69,100,0
MBCC.US,5,20251202,171000,36.635,36.6351,36.62,36.62,1710,0
MBCC.US,5,20251202,171500,36.61,36.61,36.61,36.61,100,0
MBCC.US,5,20251202,174000,36.6,36.6,36.59,36.59,1950,0
MBCC.US,5,20251202,175500,36.59,36.6,36.59,36.6,300,0
MBCC.US,5,20251202,182000,36.65,36.65,36.65,36.65,100,0
MBCC.US,5,20251202,182500,36.69,36.71,36.69,36.71,300,0
MBCC.US,5,20251202,190000,36.6,36.6,36.6,36.6,100,0
MBCC.US,5,20251202,194000,36.56,36.56,36.56,36.56,100,0
MBCC.US,5,20251202,195000,36.58,36.58,36.58,36.58,100,0
MBCC.US,5,20251202,204500,36.6216,36.6216,36.6216,36.6216,155,0
MBCC.US,5,20251202,205000,36.6215,36.6215,36.6215,36.6215,200,0
MBCC.US,5,20251202,213000,36.67,36.67,36.67,36.67,2677,0
MBCC.US,5,20251202,214000,36.68,36.68,36.68,36.68,100,0
MBCC.US,5,20251202,214500,36.68,36.68,36.68,36.68,200,0
MBCC.US,5,20251202,215000,36.68,36.68,36.68,36.68,2400,0
MBCC.US,5,20251202,215500,36.59,36.59,36.59,36.59,100,0
MBCC.US,5,20251203,154000,36.58,36.58,36.58,36.58,100,0
MBCC.US,5,20251203,160500,36.56,36.56,36.56,36.56,200,0
MBCC.US,5,20251203,161000,36.52,36.54,36.52,36.52,716,0
MBCC.US,5,20251203,163000,36.57,36.57,36.56,36.56,884,0
MBCC.US,5,20251203,163500,36.563635,36.565,36.56,36.56,854,0
MBCC.US,5,20251203,164500,36.55,36.55,36.55,36.55,400,0
MBCC.US,5,20251203,165500,36.55,36.56,36.55,36.56,400,0
MBCC.US,5,20251203,170000,36.57,36.57,36.565,36.565,600,0
MBCC.US,5,20251203,171000,36.55,36.57,36.55,36.57,459,0
MBCC.US,5,20251203,172000,36.609,36.609,36.6,36.6,616,0
MBCC.US,5,20251203,172500,36.58,36.5801,36.58,36.5801,2128,0
MBCC.US,5,20251203,173000,36.6,36.6,36.6,36.6,226,0
MBCC.US,5,20251203,174500,36.63,36.63,36.63,36.63,100,0
MBCC.US,5,20251203,175000,36.62,36.62,36.62,36.62,326,0
MBCC.US,5,20251203,181000,36.59,36.59,36.59,36.59,100,0
MBCC.US,5,20251203,182000,36.6033,36.6033,36.6033,36.6033,154,0
MBCC.US,5,20251203,183000,36.6269,36.6269,36.6269,36.6269,149,0
MBCC.US,5,20251203,184500,36.62,36.6201,36.62,36.6201,594,0
MBCC.US,5,20251203,185000,36.6201,36.6202,36.62,36.62,727,0
MBCC.US,5,20251203,190000,36.63,36.63,36.63,36.63,106,0
MBCC.US,5,20251203,192000,36.63,36.63,36.63,36.63,3591,0
MBCC.US,5,20251203,192500,36.65,36.65,36.65,36.65,281,0
MBCC.US,5,20251203,195500,36.67,36.67,36.67,36.67,200,0
MBCC.US,5,20251203,201500,36.6601,36.6601,36.66,36.6601,400,0
MBCC.US,5,20251203,214000,36.66,36.66,36.66,36.66,2337,0
MBCC.US,5,20251203,215000,36.64,36.64,36.64,36.64,400,0
MBCC.US,5,20251203,215500,36.61,36.61,36.61,36.61,143,0
MBCC.US,5,20251204,155000,36.55,36.55,36.55,36.55,100,0
MBCC.US,5,20251204,155500,36.59,36.59,36.59,36.59,100,0
MBCC.US,5,20251204,164500,36.6,36.6,36.6,36.6,300,0
MBCC.US,5,20251204,165000,36.58,36.58,36.56,36.56,1064,0
MBCC.US,5,20251204,170500,36.54,36.54,36.51,36.51,468,0
MBCC.US,5,20251204,171500,36.56,36.56,36.56,36.56,100,0
MBCC.US,5,20251204,172000,36.566383,36.566383,36.56,36.56,591,0
MBCC.US,5,20251204,175000,36.57,36.57,36.57,36.57,346,0
MBCC.US,5,20251204,190500,36.59,36.59,36.59,36.59,891,0
MBCC.US,5,20251204,191000,36.6,36.6,36.6,36.6,285,0
MBCC.US,5,20251204,191500,36.62,36.62,36.62,36.62,300,0
MBCC.US,5,20251204,193000,36.64,36.64,36.64,36.64,100,0
MBCC.US,5,20251204,194000,36.62,36.62,36.62,36.62,200,0
MBCC.US,5,20251204,200000,36.63,36.63,36.63,36.63,3046,0
MBCC.US,5,20251204,203000,36.56,36.56,36.56,36.56,100,0
MBCC.US,5,20251204,210500,36.54,36.54,36.54,36.54,100,0
MBCC.US,5,20251204,212000,36.57,36.57,36.57,36.57,5007,0
MBCC.US,5,20251204,214000,36.56,36.56,36.56,36.56,418,0
MBCC.US,5,20251204,215000,36.58,36.6,36.58,36.6,4843,0
MBCC.US,5,20251204,215500,36.63,36.63,36.63,36.63,1440,0
MBCC.US,5,20251205,153500,36.635,36.6351,36.635,36.6351,200,0
MBCC.US,5,20251205,154000,36.68,36.68,36.68,36.68,100,0
MBCC.US,5,20251205,171500,36.81,36.81,36.81,36.81,500,0
MBCC.US,5,20251205,172500,36.79,36.79,36.79,36.79,303,0
MBCC.US,5,20251205,183000,36.74,36.74,36.74,36.74,222,0
MBCC.US,5,20251205,183500,36.74,36.74,36.74,36.74,2737,0
MBCC.US,5,20251205,185000,36.75,36.75,36.75,36.75,100,0
MBCC.US,5,20251205,192000,36.74,36.74,36.74,36.74,100,0
MBCC.US,5,20251205,192500,36.75,36.75,36.75,36.75,218,0
MBCC.US,5,20251205,195000,36.76,36.76,36.76,36.76,110,0
MBCC.US,5,20251205,201500,36.78,36.78,36.78,36.78,800,0
MBCC.US,5,20251205,202000,36.77,36.77,36.77,36.77,100,0
MBCC.US,5,20251205,211000,36.74,36.74,36.74,36.74,100,0
MBCC.US,5,20251205,212000,36.74,36.74,36.74,36.74,1646,0
MBCC.US,5,20251205,212500,36.74,36.74,36.74,36.74,174,0
MBCC.US,5,20251205,214500,36.7,36.7,36.7,36.7,500,0
MBCC.US,5,20251205,215500,36.7,36.7,36.7,36.7,100,0
MBCC.US,5,20251208,154000,36.6,36.6,36.6,36.6,200,0
MBCC.US,5,20251208,155500,36.63,36.63,36.63,36.63,200,0
MBCC.US,5,20251208,161000,36.58,36.58,36.58,36.58,300,0
MBCC.US,5,20251208,163000,36.55,36.55,36.55,36.55,100,0
MBCC.US,5,20251208,170000,36.48,36.48,36.48,36.48,100,0
MBCC.US,5,20251208,180500,36.45,36.45,36.45,36.45,200,0
MBCC.US,5,20251208,183000,36.4122,36.43,36.4122,36.43,1522,0
MBCC.US,5,20251208,190500,36.45,36.45,36.45,36.45,200,0
MBCC.US,5,20251208,193000,36.42,36.42,36.42,36.42,600,0
MBCC.US,5,20251208,195500,36.38,36.38,36.38,36.38,200,0
MBCC.US,5,20251208,201500,36.41,36.41,36.41,36.41,2843,0
MBCC.US,5,20251208,204500,36.420311,36.420311,36.420311,36.420311,153,0
MBCC.US,5,20251208,212500,36.44,36.44,36.44,36.44,1637,0
MBCC.US,5,20251208,214500,36.47,36.47,36.47,36.47,1074,0
MBCC.US,5,20251208,215500,36.49,36.49,36.49,36.49,1087,0
MBCC.US,5,20251209,160500,36.44,36.44,36.44,36.44,100,0
MBCC.US,5,20251209,174000,36.48,36.48,36.48,36.48,100,0
MBCC.US,5,20251209,174500,36.47,36.47,36.47,36.47,164,0
MBCC.US,5,20251209,175500,36.47,36.47,36.47,36.47,3628,0
MBCC.US,5,20251209,180500,36.475,36.475,36.475,36.475,173,0
MBCC.US,5,20251209,182500,36.42,36.42,36.42,36.42,100,0
MBCC.US,5,20251209,184500,36.41,36.41,36.41,36.41,6077,0
MBCC.US,5,20251209,193500,36.46,36.46,36.4599,36.46,6030,0
MBCC.US,5,20251209,200500,36.4616,36.51,36.4616,36.51,1020,0
MBCC.US,5,20251209,213500,36.42,36.42,36.41,36.41,700,0
MBCC.US,5,20251210,155000,36.386,36.395,36.386,36.395,200,0
MBCC.US,5,20251210,160500,36.42,36.42,36.42,36.42,100,0
MBCC.US,5,20251210,170500,36.41,36.41,36.41,36.41,200,0
MBCC.US,5,20251210,190000,36.44,36.44,36.44,36.44,100,0
MBCC.US,5,20251210,201500,36.47,36.47,36.47,36.47,100,0
MBCC.US,5,20251210,211000,36.6009,36.6009,36.6009,36.6009,3181,0
MBCC.US,5,20251210,213500,36.6102,36.624134,36.6102,36.624134,707,0
MBCC.US,5,20251210,214000,36.61,36.61,36.61,36.61,100,0
MBCC.US,5,20251210,215500,36.52,36.53,36.52,36.53,1600,0
MBCC.US,5,20251211,155500,36.6,36.6,36.6,36.6,100,0
MBCC.US,5,20251211,160500,36.62,36.62,36.62,36.62,198,0
MBCC.US,5,20251211,164000,36.81,36.81,36.81,36.81,100,0
MBCC.US,5,20251211,165000,36.77,36.77,36.77,36.77,100,0
MBCC.US,5,20251211,174500,36.78,36.81,36.78,36.81,349,0
MBCC.US,5,20251211,180000,36.78,36.78,36.78,36.78,200,0
MBCC.US,5,20251211,180500,36.77,36.77,36.77,36.77,100,0
MBCC.US,5,20251211,182500,36.85,36.85,36.85,36.85,100,0
MBCC.US,5,20251211,183500,36.84,36.84,36.84,36.84,3521,0
MBCC.US,5,20251211,190500,36.86,36.86,36.86,36.86,176,0
MBCC.US,5,20251211,192000,36.82,36.82,36.82,36.82,100,0
MBCC.US,5,20251211,213500,36.86,36.87,36.8399,36.87,9220,0
MBCC.US,5,20251211,214500,36.86,36.86,36.86,36.86,105,0
MBCC.US,5,20251211,215500,36.89,36.9,36.89,36.9,2556,0
MBCC.US,5,20251212,161500,37.04,37.04,37.04,37.04,100,0
MBCC.US,5,20251212,162000,37.02,37.02,37.02,37.02,100,0
MBCC.US,5,20251212,171500,36.87,36.87,36.87,36.87,100,0
MBCC.US,5,20251212,182000,36.88,36.88,36.87,36.87,200,0
MBCC.US,5,20251212,183500,36.89,36.89,36.89,36.89,100,0
MBCC.US,5,20251212,184000,36.89,36.89,36.89,36.89,402,0
MBCC.US,5,20251212,190500,36.94,36.94,36.94,36.94,166,0
MBCC.US,5,20251212,193500,36.94,36.94,36.94,36.94,100,0
MBCC.US,5,20251212,200500,36.91,36.91,36.91,36.91,970,0
MBCC.US,5,20251212,201000,36.91,36.91,36.91,36.91,8792,0
MBCC.US,5,20251212,203500,36.92,36.93,36.89,36.92,1089,0
MBCC.US,5,20251212,213500,36.84,36.84,36.84,36.84,2989,0
MBCC.US,5,20251212,215000,36.91,36.91,36.91,36.91,3670,0
MBCC.US,5,20251212,215500,36.9,36.9,36.9,36.9,601,0
MBCC.US,5,20251215,153500,37.01,37.01,37.01,37.01,100,0
MBCC.US,5,20251215,162500,36.82,36.82,36.82,36.82,100,0
MBCC.US,5,20251215,165500,36.91,36.91,36.91,36.91,100,0
MBCC.US,5,20251215,174000,36.8901,36.8901,36.8901,36.8901,343,0
MBCC.US,5,20251215,181500,36.87,36.87,36.87,36.87,200,0
MBCC.US,5,20251215,183500,36.9,36.9,36.9,36.9,100,0
MBCC.US,5,20251215,185500,36.87,36.88,36.87,36.88,4904,0
MBCC.US,5,20251215,192500,36.9,36.91,36.9,36.91,348,0
MBCC.US,5,20251215,210500,36.96,36.96,36.96,36.96,100,0
MBCC.US,5,20251215,213500,36.95,36.95,36.95,36.95,100,0
MBCC.US,5,20251215,215000,36.98,36.98,36.98,36.98,1263,0
MBCC.US,5,20251215,215500,36.99,36.99,36.99,36.99,100,0
MBCC.US,5,20251216,155000,36.9,36.9,36.9,36.9,100,0
MBCC.US,5,20251216,160500,36.85,36.85,36.85,36.85,100,0
MBCC.US,5,20251216,161000,36.84,36.84,36.84,36.84,300,0
MBCC.US,5,20251216,162000,36.78,36.78,36.78,36.78,100,0
MBCC.US,5,20251216,163500,36.83,36.83,36.83,36.83,100,0
MBCC.US,5,20251216,164500,36.87,36.87,36.87,36.87,100,0
MBCC.US,5,20251216,184000,36.77,36.77,36.77,36.77,100,0
MBCC.US,5,20251216,184500,36.76,36.76,36.76,36.76,13444,0
MBCC.US,5,20251216,193000,36.75,36.75,36.75,36.75,800,0
MBCC.US,5,20251216,201500,36.72,36.73,36.72,36.73,200,0
MBCC.US,5,20251216,202000,36.72,36.72,36.72,36.72,100,0
MBCC.US,5,20251216,211500,36.85,36.85,36.85,36.85,100,0
MBCC.US,5,20251216,212000,36.87,36.87,36.87,36.87,542,0
MBCC.US,5,20251216,212500,36.86,36.86,36.86,36.86,100,0
MBCC.US,5,20251216,213000,36.87,36.89,36.87,36.8884,587,0
MBCC.US,5,20251216,215000,36.8802,36.8802,36.88,36.8801,2298,0
MBCC.US,5,20251217,161000,36.97,36.98,36.96,36.96,500,0
MBCC.US,5,20251217,163000,36.96,36.96,36.96,36.96,100,0
MBCC.US,5,20251217,172000,36.85,36.85,36.85,36.85,100,0
MBCC.US,5,20251217,184000,36.75,36.75,36.75,36.75,300,0
MBCC.US,5,20251217,192500,36.700232,36.700232,36.700232,36.700232,100,0
MBCC.US,5,20251217,201000,36.67,36.67,36.67,36.67,100,0
MBCC.US,5,20251217,202000,36.68,36.68,36.68,36.68,453,0
MBCC.US,5,20251217,203000,36.69,36.69,36.69,36.69,336,0
MBCC.US,5,20251217,204500,36.69,36.6901,36.68,36.68,752,0
MBCC.US,5,20251217,205000,36.69,36.69,36.69,36.69,73877,0
MBCC.US,5,20251217,212000,36.7,36.7,36.68,36.68,400,0
MBCC.US,5,20251217,212500,36.68,36.68,36.65,36.65,2607,0
MBCC.US,5,20251217,213000,36.65,36.65,36.65,36.65,325,0
MBCC.US,5,20251217,213500,36.66,36.66,36.66,36.66,422,0
MBCC.US,5,20251218,164000,36.984,36.984,36.984,36.984,258,0
MBCC.US,5,20251218,165000,36.95,36.95,36.95,36.95,100,0
MBCC.US,5,20251218,171500,37.02,37.02,37.02,37.02,236,0
MBCC.US,5,20251218,172000,36.99,36.99,36.99,36.99,139,0
MBCC.US,5,20251218,180500,36.824,36.8326,36.824,36.8326,1395,0
MBCC.US,5,20251218,182000,36.78,36.78,36.78,36.78,800,0
MBCC.US,5,20251218,193500,36.91,36.91,36.91,36.91,332,0
MBCC.US,5,20251218,194500,36.84,36.84,36.84,36.84,455,0
MBCC.US,5,20251218,200500,36.78,36.78,36.78,36.78,279,0
MBCC.US,5,20251218,202000,36.7726,36.7726,36.7726,36.7726,646,0
MBCC.US,5,20251218,205500,36.746,36.746,36.73,36.73,1339,0
MBCC.US,5,20251218,210000,36.77,36.77,36.77,36.77,100,0
MBCC.US,5,20251218,210500,36.78,36.78,36.78,36.78,100,0
MBCC.US,5,20251218,212000,36.8074,36.8074,36.8074,36.8074,107,0
MBCC.US,5,20251218,213500,36.83,36.8301,36.81,36.81,3507,0
MBCC.US,5,20251218,214500,36.84,36.84,36.82,36.82,2291,0
MBCC.US,5,20251218,215500,36.77,36.77,36.77,36.77,898,0
MBCC.US,5,20251219,160500,36.73,36.73,36.73,36.73,100,0
MBCC.US,5,20251219,161000,36.71,36.71,36.71,36.71,238,0
MBCC.US,5,20251219,164000,36.7644,36.7644,36.7644,36.7644,984,0
MBCC.US,5,20251219,171000,36.76,36.76,36.76,36.76,214,0
MBCC.US,5,20251219,191000,36.82,36.82,36.82,36.82,100,0
MBCC.US,5,20251219,195000,36.785,36.785,36.785,36.785,2380,0
MBCC.US,5,20251219,195500,36.79,36.79,36.7899,36.79,4800,0
MBCC.US,5,20251219,203000,36.79,36.79,36.79,36.79,1063,0
MBCC.US,5,20251219,204500,36.8044,36.8044,36.8044,36.8044,481,0
MBCC.US,5,20251219,205500,36.82,36.82,36.82,36.82,235,0
MBCC.US,5,20251219,211000,36.8,36.8,36.79,36.79,547,0
MBCC.US,5,20251219,211500,36.789,36.789,36.789,36.789,578,0
MBCC.US,5,20251219,213500,36.785,36.7897,36.785,36.7897,672,0
MBCC.US,5,20251219,214500,36.79,36.79,36.79,36.79,100,0
MBCC.US,5,20251219,215000,36.8,36.81,36.8,36.81,1862,0
MBCC.US,5,20251219,215500,36.8,36.8,36.774,36.774,771,0
MBCC.US,5,20251222,162000,36.9184,36.9184,36.9184,36.9184,393,0
MBCC.US,5,20251222,163500,36.8989,36.8989,36.8989,36.8989,757,0
MBCC.US,5,20251222,172000,36.98,36.98,36.98,36.98,500,0
MBCC.US,5,20251222,201500,36.9,36.91,36.9,36.9,988,0
MBCC.US,5,20251222,202000,36.9,36.9,36.9,36.9,1735,0
MBCC.US,5,20251222,203000,36.93,36.93,36.93,36.93,100,0
MBCC.US,5,20251222,212500,36.94,36.94,36.91,36.92,17215,0
MBCC.US,5,20251222,213500,36.92,36.92,36.92,36.92,100,0
MBCC.US,5,20251222,214000,36.95,36.95,36.95,36.95,780,0
MBCC.US,5,20251222,215500,36.955,36.955,36.92,36.92,200,0
MBCC.US,5,20251223,164000,36.96,36.96,36.96,36.96,249,0
MBCC.US,5,20251223,170500,37.0107,37.0107,37.0107,37.0107,1622,0
MBCC.US,5,20251223,173500,37.0099,37.0099,37.0099,37.0099,686,0
MBCC.US,5,20251223,175500,36.99,37.01,36.99,37.01,478,0
MBCC.US,5,20251223,180000,36.9857,36.9857,36.9857,36.9857,250,0
MBCC.US,5,20251223,191500,37.03,37.03,37.0299,37.03,2327,0
MBCC.US,5,20251223,194000,37.035,37.035,37.035,37.035,192,0
MBCC.US,5,20251223,202500,37.06,37.06,37.06,37.06,100,0
MBCC.US,5,20251223,205500,37.07,37.07,37.07,37.07,100,0
MBCC.US,5,20251223,210500,37.06,37.06,37.06,37.06,183,0
MBCC.US,5,20251223,211000,37.07,37.07,37.07,37.07,100,0
MBCC.US,5,20251223,212500,37.03,37.03,37.03,37.03,286,0
MBCC.US,5,20251223,213500,37.03,37.03,37.03,37.03,127,0
MBCC.US,5,20251223,214000,37.06,37.06,37.0599,37.06,3421,0
MBCC.US,5,20251223,214500,37.06,37.06,37.06,37.06,116,0
MBCC.US,5,20251223,215000,37.06,37.07,37.06,37.0699,2932,0
MBCC.US,5,20251224,162000,37.24,37.24,37.24,37.24,183,0
MBCC.US,5,20251224,175500,37.31,37.31,37.31,37.31,100,0
MBCC.US,5,20251224,182000,37.27,37.27,37.27,37.27,419,0
MBCC.US,5,20251224,182500,37.28,37.28,37.28,37.28,11600,0
MBCC.US,5,20251224,185500,37.26,37.26,37.26,37.26,100,0
MBCC.US,5,20251226,175500,37.25,37.25,37.25,37.25,100,0
MBCC.US,5,20251226,183000,37.25,37.25,37.25,37.25,151,0
MBCC.US,5,20251226,194500,37.25,37.25,37.25,37.25,100,0
MBCC.US,5,20251226,200500,37.27,37.27,37.27,37.27,3001,0
MBCC.US,5,20251226,203500,37.27,37.27,37.27,37.27,100,0
MBCC.US,5,20251226,210500,37.28,37.28,37.28,37.28,100,0
MBCC.US,5,20251226,212500,37.28,37.28,37.28,37.28,1849,0
MBCC.US,5,20251226,215000,37.26,37.26,37.26,37.26,1474,0
MBCC.US,5,20251226,215500,37.27,37.27,37.27,37.27,130,0
MBCC.US,5,20251229,164000,37.23,37.23,37.23,37.23,100,0
MBCC.US,5,20251229,185000,37.14,37.14,37.14,37.14,100,0
MBCC.US,5,20251229,194000,37.18,37.18,37.18,37.18,215,0
MBCC.US,5,20251229,202000,37.18,37.18,37.16,37.1799,1548,0
MBCC.US,5,20251229,204000,37.21,37.21,37.21,37.21,100,0
MBCC.US,5,20251229,213500,37.23,37.23,37.23,37.23,6216,0
MBCC.US,5,20251229,215500,37.17,37.26,37.17,37.22,3606,0
MBCC.US,5,20251230,171000,37.14,37.14,37.14,37.14,255,0
MBCC.US,5,20251230,184500,37.18,37.18,37.1799,37.1799,376,0
MBCC.US,5,20251230,191500,37.19,37.19,37.19,37.19,100,0
MBCC.US,5,20251230,192000,37.18,37.18,37.18,37.18,100,0
MBCC.US,5,20251230,193500,37.1872,37.2,37.1872,37.2,3499,0
MBCC.US,5,20251230,210000,37.19,37.19,37.19,37.19,191,0
MBCC.US,5,20251230,212000,37.19,37.19,37.19,37.19,313,0
MBCC.US,5,20251230,212500,37.16,37.16,37.16,37.16,787,0
MBCC.US,5,20251231,163500,37.04,37.04,37.04,37.04,110,0
MBCC.US,5,20251231,171000,37.01,37.025,37.01,37.025,226,0
MBCC.US,5,20251231,172000,37.06,37.06,37.06,37.06,1594,0
MBCC.US,5,20251231,190000,37.1006,37.1006,37.1006,37.1006,113,0
MBCC.US,5,20251231,190500,37.11,37.11,37.11,37.11,201,0
MBCC.US,5,20251231,195000,37.1324,37.1324,37.1324,37.1324,874,0
MBCC.US,5,20251231,200500,37.17,37.17,37.13,37.13,2750,0
MBCC.US,5,20251231,201500,37.15,37.16,37.15,37.16,3700,0
MBCC.US,5,20251231,202000,37.16,37.16,37.128,37.128,10638,0
MBCC.US,5,20251231,210000,37.09,37.09,37.09,37.09,100,0
MBCC.US,5,20251231,212000,37.03,37.04,37.03,37.03,5000,0
MBCC.US,5,20251231,215500,36.92,36.925,36.92,36.92,305,0
MBCC.US,5,20260102,161500,36.81,36.81,36.81,36.81,100,0
MBCC.US,5,20260102,172000,36.826,36.826,36.826,36.826,275,0
MBCC.US,5,20260102,173000,36.8,36.8,36.8,36.8,335,0
MBCC.US,5,20260102,182000,36.8272,36.8272,36.8272,36.8272,314,0
MBCC.US,5,20260102,182500,36.83,36.83,36.82,36.82,1682,0
MBCC.US,5,20260102,183000,36.82,36.82,36.82,36.82,100,0
MBCC.US,5,20260102,184500,36.8,36.8,36.8,36.8,100,0
MBCC.US,5,20260102,194000,36.72,36.72,36.72,36.72,100,0
MBCC.US,5,20260102,201500,36.84,36.84,36.84,36.84,100,0
MBCC.US,5,20260102,210500,36.88,36.91,36.88,36.91,3895,0
MBCC.US,5,20260102,215500,36.84,36.84,36.84,36.84,103,0
MBCC.US,5,20260105,153000,37,37,37,37,100,0
MBCC.US,5,20260105,153500,37,37,37,37,4607,0
MBCC.US,5,20260105,163000,37.14,37.14,37.14,37.14,107,0
MBCC.US,5,20260105,170500,37.1699,37.1999,37.1662,37.1999,807,0
MBCC.US,5,20260105,172500,37.15,37.15,37.15,37.15,392,0
MBCC.US,5,20260105,174500,37.2,37.2,37.2,37.2,3136,0
MBCC.US,5,20260105,182500,37.26,37.26,37.26,37.26,2438,0
MBCC.US,5,20260105,192500,37.17,37.17,37.17,37.17,100,0
MBCC.US,5,20260105,213000,37.16,37.1795,37.16,37.1795,5229,0
MBCC.US,5,20260105,213500,37.16,37.16,37.1599,37.1599,1962,0
MBCC.US,5,20260105,214000,37.13,37.14,37.13,37.1399,2200,0
MBCC.US,5,20260106,163500,37.31,37.31,37.31,37.31,220,0
MBCC.US,5,20260106,181500,37.38,37.39,37.38,37.39,240,0
MBCC.US,5,20260106,202500,37.56,37.56,37.56,37.56,4543,0
MBCC.US,5,20260106,213500,37.59,37.59,37.59,37.59,413,0
MBCC.US,5,20260106,215000,37.6042,37.6042,37.6042,37.6042,903,0
MBCC.US,5,20260107,170500,37.5725,37.585,37.57,37.57,401,0
MBCC.US,5,20260107,171500,37.57,37.57,37.57,37.57,201,0
MBCC.US,5,20260107,184500,37.6636,37.6636,37.6501,37.6636,486,0
MBCC.US,5,20260107,194000,37.59,37.59,37.59,37.59,1386,0
MBCC.US,5,20260107,194500,37.6,37.6,37.6,37.6,1306,0
MBCC.US,5,20260107,213500,37.47,37.47,37.47,37.47,7795,0
MBCC.US,5,20260107,215000,37.43,37.43,37.43,37.43,4137,0
MBCC.US,5,20260108,173000,37.44,37.44,37.44,37.44,183,0
MBCC.US,5,20260108,175000,37.44,37.44,37.44,37.44,179,0
MBCC.US,5,20260108,175500,37.4899,37.4899,37.4899,37.4899,229,0
MBCC.US,5,20260108,180000,37.474,37.474,37.474,37.474,153,0
MBCC.US,5,20260108,185500,37.51,37.51,37.5099,37.5099,798,0
MBCC.US,5,20260108,190000,37.48,37.48,37.4799,37.4799,1056,0
MBCC.US,5,20260108,191000,37.49,37.49,37.46,37.46,3509,0
MBCC.US,5,20260108,195000,37.48,37.49,37.48,37.49,209,0
MBCC.US,5,20260108,202000,37.46,37.46,37.46,37.46,398,0
MBCC.US,5,20260108,214000,37.43,37.43,37.43,37.43,352,0
MBCC.US,5,20260108,214500,37.44,37.44,37.44,37.44,3604,0
MBCC.US,5,20260109,161500,37.3715,37.3715,37.3715,37.3715,1152,0
MBCC.US,5,20260109,163500,37.49,37.49,37.49,37.49,300,0
MBCC.US,5,20260109,170000,37.39,37.39,37.39,37.39,107,0
MBCC.US,5,20260109,174000,37.44,37.44,37.42,37.42,440,0
MBCC.US,5,20260109,175000,37.48,37.48,37.48,37.48,2599,0
MBCC.US,5,20260109,190500,37.49,37.49,37.49,37.49,2194,0
MBCC.US,5,20260109,193000,37.4799,37.48,37.4799,37.48,985,0
MBCC.US,5,20260109,203000,37.54,37.54,37.5399,37.54,5067,0
MBCC.US,5,20260109,211500,37.47,37.47,37.47,37.47,166,0
MBCC.US,5,20260109,213000,37.4954,37.4954,37.4954,37.4954,529,0
MBCC.US,5,20260109,215000,37.53,37.53,37.5299,37.5299,2000,0
MBCC.US,5,20260112,173000,37.35,37.38,37.35,37.38,299,0
MBCC.US,5,20260112,180000,37.43,37.43,37.43,37.43,100,0
MBCC.US,5,20260112,204000,37.43,37.45,37.43,37.45,3333,0
MBCC.US,5,20260112,204500,37.41,37.41,37.41,37.41,100,0
MBCC.US,5,20260112,205000,37.47,37.47,37.47,37.47,283,0
MBCC.US,5,20260112,210000,37.47,37.47,37.47,37.47,1337,0
MBCC.US,5,20260112,212500,37.3901,37.44,37.3901,37.44,4184,0
MBCC.US,5,20260112,215000,37.45,37.49,37.4499,37.49,6648,0
MBCC.US,5,20260112,215500,37.49,37.49,37.49,37.49,1126,0
MBCC.US,5,20260113,153000,37.41,37.41,37.41,37.41,585,0
MBCC.US,5,20260113,153500,37.32,37.32,37.32,37.32,162,0
MBCC.US,5,20260113,164000,37.09,37.09,37.09,37.09,100,0
MBCC.US,5,20260113,165000,37.06,37.06,37.06,37.06,139,0
MBCC.US,5,20260113,172000,37.14,37.14,37.14,37.14,354,0
MBCC.US,5,20260113,180500,37.12,37.12,37.12,37.12,100,0
MBCC.US,5,20260113,181500,37.11,37.11,37.11,37.11,1012,0
MBCC.US,5,20260113,182500,37.1,37.1,37.1,37.1,180,0
MBCC.US,5,20260113,184000,37.085,37.085,37.085,37.085,180,0
MBCC.US,5,20260113,210000,37.11,37.11,37.11,37.11,100,0
MBCC.US,5,20260113,212500,37.08,37.1,37.0799,37.0799,6283,0
MBCC.US,5,20260113,213000,37.07,37.07,37.07,37.07,1981,0
MBCC.US,5,20260113,214500,37.07,37.07,37.07,37.07,100,0
MBCC.US,5,20260114,180500,36.8695,36.8695,36.8695,36.8695,658,0
MBCC.US,5,20260114,182000,36.86,36.86,36.86,36.86,3991,0
MBCC.US,5,20260114,191500,36.91,36.91,36.91,36.91,2000,0
MBCC.US,5,20260114,210500,37.04,37.04,37.04,37.04,100,0
MBCC.US,5,20260114,212000,37.03,37.03,37.0299,37.0299,3000,0
MBCC.US,5,20260114,212500,37.05,37.05,37.05,37.05,124,0
MBCC.US,5,20260114,213000,37.08,37.08,37.055,37.055,454,0
MBCC.US,5,20260114,214000,37.11,37.11,37.11,37.11,8547,0
MBCC.US,5,20260115,160000,37.07,37.07,37.06,37.06,409,0
MBCC.US,5,20260115,165500,37.1201,37.1201,37.1201,37.1201,250,0
MBCC.US,5,20260115,174500,37.18,37.18,37.18,37.18,810,0
MBCC.US,5,20260115,191000,37.11,37.11,37.11,37.11,100,0
MBCC.US,5,20260115,195500,37.13,37.13,37.125,37.125,820,0
MBCC.US,5,20260115,212500,36.955,36.955,36.955,36.955,200,0
MBCC.US,5,20260115,213000,36.97,36.99,36.97,36.99,1112,0
MBCC.US,5,20260115,215500,37.04,37.04,37.04,37.04,166,0
MBCC.US,5,20260116,155000,36.98,36.98,36.96,36.97,501,0
MBCC.US,5,20260116,155500,36.9432,36.9432,36.9432,36.9432,426,0
MBCC.US,5,20260116,174500,37.115,37.115,37.115,37.115,146,0
MBCC.US,5,20260116,180500,37.1199,37.1199,37.1199,37.1199,101,0
MBCC.US,5,20260116,182500,37.06,37.06,37.06,37.06,100,0
MBCC.US,5,20260116,184500,37.08,37.11,37.06,37.09,3528,0
MBCC.US,5,20260116,190500,37.13,37.13,37.13,37.13,100,0
MBCC.US,5,20260116,193500,37.17,37.17,37.17,37.17,375,0
MBCC.US,5,20260116,194000,37.16,37.16,37.16,37.16,6837,0
MBCC.US,5,20260116,195500,37.101,37.101,37.101,37.101,143,0
MBCC.US,5,20260116,211000,37.11,37.11,37.07,37.1099,2712,0
MBCC.US,5,20260116,214000,37.09,37.09,37.09,37.09,142,0
MBCC.US,5,20260120,172500,36.62,36.633,36.6001,36.633,1956,0
MBCC.US,5,20260120,174500,36.64,36.64,36.64,36.64,262,0
MBCC.US,5,20260120,175500,36.6299,36.6299,36.6299,36.6299,268,0
MBCC.US,5,20260120,181500,36.65,36.66,36.6499,36.6499,11411,0
MBCC.US,5,20260120,193000,36.44,36.44,36.44,36.44,300,0
MBCC.US,5,20260120,193500,36.46,36.46,36.46,36.46,124,0
MBCC.US,5,20260120,201500,36.34,36.34,36.34,36.34,9706,0
MBCC.US,5,20260120,203000,36.36,36.36,36.36,36.36,147,0
MBCC.US,5,20260120,205000,36.3342,36.3342,36.3342,36.3342,199,0
MBCC.US,5,20260120,212000,36.33,36.33,36.33,36.33,6860,0
MBCC.US,5,20260120,212500,36.33,36.37,36.33,36.37,6521,0
MBCC.US,5,20260120,214000,36.35,36.35,36.35,36.35,157,0
MBCC.US,5,20260120,215500,36.32,36.32,36.32,36.32,1500,0
MBCC.US,5,20260121,164000,36.59,36.59,36.59,36.59,118,0
MBCC.US,5,20260121,170000,36.605,36.605,36.605,36.605,249,0
MBCC.US,5,20260121,171500,36.5799,36.5799,36.5799,36.5799,1629,0
MBCC.US,5,20260121,172000,36.55,36.55,36.55,36.55,185,0
MBCC.US,5,20260121,173000,36.5657,36.5657,36.5657,36.5657,300,0
MBCC.US,5,20260121,180000,36.445,36.445,36.445,36.445,395,0
MBCC.US,5,20260121,184500,36.47,36.48,36.47,36.48,4016,0
MBCC.US,5,20260121,193500,36.51,36.51,36.51,36.51,100,0
MBCC.US,5,20260121,202000,36.55,36.55,36.55,36.55,1091,0
MBCC.US,5,20260121,202500,36.59,36.59,36.59,36.59,100,0
MBCC.US,5,20260121,203000,36.76,36.76,36.74,36.74,335,0
MBCC.US,5,20260121,213500,36.82,36.82,36.8199,36.82,2157,0
MBCC.US,5,20260121,215000,36.83,36.83,36.83,36.83,113,0
MBCC.US,5,20260121,215500,36.83,36.86,36.77,36.835,11161,0
MBCC.US,5,20260122,163000,36.92,36.928,36.92,36.928,200,0
MBCC.US,5,20260122,171500,36.89,36.89,36.89,36.89,113,0
MBCC.US,5,20260122,173500,36.905,36.93,36.905,36.93,1181,0
MBCC.US,5,20260122,174000,36.9101,36.9101,36.9101,36.9101,170,0
MBCC.US,5,20260122,175000,36.91,36.91,36.91,36.91,100,0
MBCC.US,5,20260122,180000,36.9,36.92,36.9,36.92,300,0
MBCC.US,5,20260122,181500,36.95,36.96,36.95,36.96,406,0
MBCC.US,5,20260122,182000,36.92,36.92,36.92,36.92,100,0
MBCC.US,5,20260122,182500,36.93,36.9301,36.93,36.9301,1206,0
MBCC.US,5,20260122,190000,36.99,36.99,36.99,36.99,100,0
MBCC.US,5,20260122,193500,36.99,36.99,36.99,36.99,477,0
MBCC.US,5,20260122,194500,36.97,36.98,36.97,36.98,5428,0
MBCC.US,5,20260122,204500,36.93,36.93,36.93,36.93,113,0
MBCC.US,5,20260122,211000,36.88,36.88,36.88,36.88,492,0
MBCC.US,5,20260122,212500,36.87,36.87,36.87,36.87,475,0
MBCC.US,5,20260122,213000,36.85,36.86,36.81,36.85,11507,0
MBCC.US,5,20260122,214500,36.8484,36.8551,36.84,36.8551,1083,0
MBCC.US,5,20260123,160000,36.81,36.81,36.81,36.81,100,0
MBCC.US,5,20260123,162500,36.8305,36.8305,36.8305,36.8305,115,0
MBCC.US,5,20260123,165500,36.86,36.86,36.86,36.86,100,0
MBCC.US,5,20260123,173000,36.87,36.87,36.87,36.87,100,0
MBCC.US,5,20260123,173500,36.87,36.87,36.87,36.87,100,0
MBCC.US,5,20260123,175000,36.85,36.85,36.85,36.85,166,0
MBCC.US,5,20260123,184000,36.87,36.87,36.87,36.87,6958,0
MBCC.US,5,20260123,185000,36.82,36.82,36.82,36.82,200,0
MBCC.US,5,20260123,193000,36.82,36.82,36.82,36.82,497,0
MBCC.US,5,20260123,203500,36.83,36.83,36.82,36.82,2400,0
MBCC.US,5,20260123,211000,36.8,36.8,36.8,36.8,204,0
MBCC.US,5,20260123,212500,36.82,36.82,36.82,36.82,356,0
MBCC.US,5,20260123,213000,36.8,36.8,36.8,36.8,100,0
MBCC.US,5,20260123,213500,36.82,36.82,36.8199,36.8199,4342,0
MBCC.US,5,20260123,214000,36.8001,36.83,36.8,36.83,1862,0
MBCC.US,5,20260123,215500,36.83,36.83,36.83,36.83,370,0
