<TICKER>,<PER>,<DATE>,<TIME>,<OPEN>,<HIGH>,<LOW>,<CLOSE>,<VOL>,<OPENINT>
MGMT.US,5,20250829,161500,44.17,44.179,44.17,44.179,848,0
MGMT.US,5,20250829,162000,44.215,44.215,44.215,44.215,121,0
MGMT.US,5,20250829,172000,44.14,44.1402,44.14,44.1402,601,0
MGMT.US,5,20250829,195000,44.2828,44.2828,44.2828,44.2828,160,0
MGMT.US,5,20250829,213000,44.16,44.18,44.16,44.18,1200,0
MGMT.US,5,20250902,153000,43.8,43.8,43.8,43.8,100,0
MGMT.US,5,20250902,175500,43.74,43.74,43.74,43.74,100,0
MGMT.US,5,20250902,190500,43.78,43.78,43.78,43.78,303,0
MGMT.US,5,20250902,192000,43.9099,43.9099,43.9099,43.9099,111,0
MGMT.US,5,20250902,192500,43.9029,43.9029,43.9029,43.9029,108,0
MGMT.US,5,20250902,193000,43.89,43.898,43.89,43.898,503,0
MGMT.US,5,20250902,194500,43.91,43.91,43.91,43.91,432,0
MGMT.US,5,20250902,195000,43.96,43.96,43.96,43.96,200,0
MGMT.US,5,20250902,195500,43.94,43.94,43.9114,43.9114,551,0
MGMT.US,5,20250902,200500,43.89,43.89,43.83,43.83,300,0
MGMT.US,5,20250902,203000,43.79,43.79,43.79,43.79,269,0
MGMT.US,5,20250902,203500,43.8499,43.8499,43.83,43.83,507,0
MGMT.US,5,20250902,210000,43.88,43.88,43.85,43.85,524,0
MGMT.US,5,20250902,210500,43.85,43.8618,43.85,43.8618,752,0
MGMT.US,5,20250902,211000,43.875,43.875,43.875,43.875,150,0
MGMT.US,5,20250902,211500,43.8857,43.89,43.8857,43.89,476,0
MGMT.US,5,20250902,213500,43.9799,43.99,43.9799,43.99,300,0
MGMT.US,5,20250902,214500,43.89,43.94,43.89,43.94,200,0
MGMT.US,5,20250903,153500,43.96,44.0854,43.96,44.0854,1264,0
MGMT.US,5,20250903,154000,44.13,44.17,44.0582,44.16,13809,0
MGMT.US,5,20250903,154500,44.09,44.1,43.9625,44.0099,5530,0
MGMT.US,5,20250903,155000,43.9999,44.01,43.9699,43.9699,18263,0
MGMT.US,5,20250903,155500,43.95,43.95,43.95,43.95,100,0
MGMT.US,5,20250903,160000,43.97,43.97,43.97,43.97,100,0
MGMT.US,5,20250903,161500,43.88,43.88,43.88,43.88,100,0
MGMT.US,5,20250903,162000,43.9099,43.91,43.9099,43.91,252,0
MGMT.US,5,20250903,163000,43.84,43.84,43.84,43.84,100,0
MGMT.US,5,20250903,172000,43.7099,43.7099,43.7099,43.7099,818,0
MGMT.US,5,20250903,172500,43.67,43.69,43.6462,43.6462,558,0
MGMT.US,5,20250903,173000,43.6524,43.6524,43.6524,43.6524,691,0
MGMT.US,5,20250903,173500,43.6999,43.6999,43.6799,43.6799,1117,0
MGMT.US,5,20250903,174000,43.6347,43.6347,43.6347,43.6347,949,0
MGMT.US,5,20250903,181000,43.64,43.64,43.64,43.64,100,0
MGMT.US,5,20250903,183000,43.669,43.669,43.6262,43.6262,1598,0
MGMT.US,5,20250903,183500,43.69,43.69,43.6122,43.6122,904,0
MGMT.US,5,20250903,185500,43.64,43.64,43.64,43.64,100,0
MGMT.US,5,20250903,194000,43.6699,43.6699,43.6162,43.6299,1753,0
MGMT.US,5,20250903,194500,43.6,43.61,43.569,43.5899,7816,0
MGMT.US,5,20250903,203000,43.5262,43.5262,43.5262,43.5262,150,0
MGMT.US,5,20250903,203500,43.62,43.62,43.62,43.62,100,0
MGMT.US,5,20250903,204000,43.589,43.6,43.5462,43.5999,1746,0
MGMT.US,5,20250903,204500,43.62,43.64,43.5195,43.5195,798,0
MGMT.US,5,20250903,205000,43.63,43.63,43.5825,43.5825,2867,0
MGMT.US,5,20250903,205500,43.62,43.62,43.5725,43.5999,3847,0
MGMT.US,5,20250903,210000,43.58,43.58,43.58,43.58,268,0
MGMT.US,5,20250903,211000,43.56,43.56,43.56,43.56,100,0
MGMT.US,5,20250903,212000,43.480567,43.480567,43.480567,43.480567,867,0
MGMT.US,5,20250903,212500,43.4401,43.4401,43.4401,43.4401,250,0
MGMT.US,5,20250903,213000,43.45,43.58,43.4418,43.58,734,0
MGMT.US,5,20250903,214500,43.5915,43.5915,43.5915,43.5915,158,0
MGMT.US,5,20250903,215000,43.7388,43.7388,43.7388,43.7388,683,0
MGMT.US,5,20250904,153500,43.7,43.7,43.595,43.595,868,0
MGMT.US,5,20250904,155000,43.78,43.78,43.78,43.78,100,0
MGMT.US,5,20250904,155500,43.81,43.81,43.7589,43.7589,400,0
MGMT.US,5,20250904,165000,43.9,43.9,43.9,43.9,500,0
MGMT.US,5,20250904,170500,43.855,43.855,43.855,43.855,250,0
MGMT.US,5,20250904,172500,43.99,43.99,43.99,43.99,100,0
MGMT.US,5,20250904,181500,43.99,43.99,43.99,43.99,162,0
MGMT.US,5,20250904,185000,43.91,43.91,43.91,43.91,113,0
MGMT.US,5,20250904,194500,44.08,44.08,44.08,44.08,500,0
MGMT.US,5,20250904,200000,44.1,44.1,44.1,44.1,100,0
MGMT.US,5,20250904,201500,44.13,44.13,44.13,44.13,200,0
MGMT.US,5,20250904,203000,44.14,44.14,44.14,44.14,100,0
MGMT.US,5,20250904,203500,44.14,44.14,44.14,44.14,100,0
MGMT.US,5,20250904,204000,44.15,44.15,44.1499,44.1499,3102,0
MGMT.US,5,20250904,205500,44.15,44.15,44.15,44.15,100,0
MGMT.US,5,20250904,213000,44.2487,44.2487,44.195,44.2015,1745,0
MGMT.US,5,20250904,213500,44.27,44.27,44.27,44.27,300,0
MGMT.US,5,20250904,215500,44.35,44.36,44.33,44.341,1300,0
MGMT.US,5,20250905,155500,44.8,44.8,44.77,44.78,680,0
MGMT.US,5,20250905,160500,44.645,44.645,44.645,44.645,464,0
MGMT.US,5,20250905,172000,44.14,44.14,44.14,44.14,100,0
MGMT.US,5,20250905,175000,44.14,44.14,44.14,44.14,2733,0
MGMT.US,5,20250905,181500,44.2101,44.2101,44.2101,44.2101,228,0
MGMT.US,5,20250905,184000,44.26,44.26,44.26,44.26,100,0
MGMT.US,5,20250905,194000,44.2,44.2,44.2,44.2,433,0
MGMT.US,5,20250905,204000,44.26,44.26,44.26,44.26,100,0
MGMT.US,5,20250905,212000,44.3499,44.3499,44.3499,44.3499,293,0
MGMT.US,5,20250905,215500,44.33,44.34,44.33,44.33,1242,0
MGMT.US,5,20250908,175500,44,44,43.99,43.99,2259,0
MGMT.US,5,20250908,181000,44.08,44.08,44.08,44.08,100,0
MGMT.US,5,20250908,212500,43.93,43.9312,43.93,43.9312,394,0
MGMT.US,5,20250908,214500,44.08,44.08,44.08,44.08,980,0
MGMT.US,5,20250908,215500,44.128,44.18,44.07,44.18,1111,0
MGMT.US,5,20250909,160000,43.93,43.93,43.93,43.93,100,0
MGMT.US,5,20250909,183000,43.73,43.73,43.73,43.73,100,0
MGMT.US,5,20250909,183500,43.61,43.61,43.61,43.61,100,0
MGMT.US,5,20250909,190500,43.5981,43.6699,43.5981,43.6699,501,0
MGMT.US,5,20250909,193000,43.64,43.64,43.64,43.64,190,0
MGMT.US,5,20250909,194500,43.61,43.61,43.61,43.61,100,0
MGMT.US,5,20250909,201000,43.6584,43.6584,43.6584,43.6584,139,0
MGMT.US,5,20250909,203000,43.78,43.78,43.78,43.78,100,0
MGMT.US,5,20250909,210500,43.8087,43.8087,43.8087,43.8087,120,0
MGMT.US,5,20250909,213000,43.59,43.59,43.5,43.5,36709,0
MGMT.US,5,20250909,214500,43.7045,43.7045,43.7045,43.7045,584,0
MGMT.US,5,20250909,215500,43.67,43.67,43.67,43.67,100,0
MGMT.US,5,20250910,153000,43.93,43.93,43.93,43.93,100,0
MGMT.US,5,20250910,153500,43.89,43.93,43.8789,43.8789,750,0
MGMT.US,5,20250910,154500,44.0499,44.0499,43.98,43.98,1043,0
MGMT.US,5,20250910,182000,43.783949,43.783949,43.783949,43.783949,175,0
MGMT.US,5,20250910,193000,43.7,43.7,43.68,43.68,400,0
MGMT.US,5,20250910,195500,43.6714,43.6714,43.6714,43.6714,250,0
MGMT.US,5,20250910,202500,43.78,43.78,43.78,43.78,100,0
MGMT.US,5,20250910,203500,43.74,43.84,43.73,43.84,856,0
MGMT.US,5,20250910,204000,43.7501,43.7501,43.7501,43.7501,120,0
MGMT.US,5,20250910,204500,43.73,43.73,43.73,43.73,197,0
MGMT.US,5,20250910,205000,43.89,43.89,43.76,43.76,200,0
MGMT.US,5,20250910,212500,43.85,43.85,43.8499,43.8499,358,0
MGMT.US,5,20250910,213000,43.71,43.82,43.71,43.82,219,0
MGMT.US,5,20250910,214500,43.78,43.78,43.78,43.78,300,0
MGMT.US,5,20250911,155500,44.01,44.14,44.01,44.14,200,0
MGMT.US,5,20250911,161000,44.185,44.185,44.185,44.185,200,0
MGMT.US,5,20250911,162000,44.222,44.222,44.222,44.222,150,0
MGMT.US,5,20250911,162500,44.1601,44.255,44.1601,44.255,702,0
MGMT.US,5,20250911,164500,44.451,44.451,44.451,44.451,195,0
MGMT.US,5,20250911,174000,44.3301,44.3301,44.33,44.33,750,0
MGMT.US,5,20250911,175000,44.4499,44.4499,44.4499,44.4499,157,0
MGMT.US,5,20250911,181000,44.4431,44.4431,44.4431,44.4431,256,0
MGMT.US,5,20250911,181500,44.485,44.485,44.485,44.485,398,0
MGMT.US,5,20250911,191500,44.49,44.49,44.49,44.49,100,0
MGMT.US,5,20250911,202500,44.6387,44.6387,44.51,44.51,355,0
MGMT.US,5,20250911,203000,44.5,44.5,44.5,44.5,150,0
MGMT.US,5,20250911,203500,44.47,44.47,44.47,44.47,100,0
MGMT.US,5,20250911,204500,44.44,44.44,44.44,44.44,100,0
MGMT.US,5,20250911,214000,44.6204,44.64,44.58,44.58,832,0
MGMT.US,5,20250911,214500,44.655,44.655,44.655,44.655,115,0
MGMT.US,5,20250911,215500,44.75,44.75,44.63,44.73,868,0
MGMT.US,5,20250912,154000,44.55,44.55,44.55,44.55,9720,0
MGMT.US,5,20250912,154500,44.38,44.38,44.37,44.3701,1036,0
MGMT.US,5,20250912,162000,44.29,44.29,44.29,44.29,434,0
MGMT.US,5,20250912,193000,44.345,44.345,44.345,44.345,119,0
MGMT.US,5,20250912,202500,44.33,44.33,44.33,44.33,500,0
MGMT.US,5,20250912,215500,44.16,44.16,44.16,44.16,262,0
MGMT.US,5,20250915,174000,44.31,44.31,44.31,44.31,611,0
MGMT.US,5,20250915,192000,44.31,44.31,44.31,44.31,100,0
MGMT.US,5,20250915,195000,44.5291,44.5291,44.5291,44.5291,134,0
MGMT.US,5,20250915,200000,44.44,44.44,44.44,44.44,104,0
MGMT.US,5,20250915,205000,44.32,44.4388,44.31,44.31,15373,0
MGMT.US,5,20250915,211000,44.3001,44.419,44.3,44.301,32156,0
MGMT.US,5,20250915,211500,44.4,44.41,44.33,44.33,7057,0
MGMT.US,5,20250915,212000,44.3201,44.4091,44.32,44.365,5786,0
MGMT.US,5,20250915,214500,44.32,44.32,44.32,44.32,100,0
MGMT.US,5,20250915,215500,44.27,44.27,44.25,44.25,1141,0
MGMT.US,5,20250916,154000,44.1856,44.1856,44.1856,44.1856,352,0
MGMT.US,5,20250916,154500,44.07,44.07,44.07,44.07,100,0
MGMT.US,5,20250916,155000,44.2127,44.2127,44.2127,44.2127,100,0
MGMT.US,5,20250916,174500,43.87,43.87,43.87,43.87,100,0
MGMT.US,5,20250916,190000,43.9402,43.9402,43.9402,43.9402,1000,0
MGMT.US,5,20250916,193500,44.087,44.087,44.087,44.087,566,0
MGMT.US,5,20250916,213000,44.0949,44.0949,44.0949,44.0949,579,0
MGMT.US,5,20250916,213500,44.17,44.17,44.17,44.17,200,0
MGMT.US,5,20250916,215500,44.13,44.13,44.13,44.13,300,0
MGMT.US,5,20250917,160000,44.4074,44.45,44.4074,44.45,298,0
MGMT.US,5,20250917,162500,44.49,44.4901,44.49,44.4901,450,0
MGMT.US,5,20250917,164500,44.5,44.5,44.5,44.5,100,0
MGMT.US,5,20250917,170000,44.6081,44.6081,44.6081,44.6081,505,0
MGMT.US,5,20250917,174000,44.6099,44.6099,44.6099,44.6099,225,0
MGMT.US,5,20250917,180000,44.6399,44.6399,44.6399,44.6399,100,0
MGMT.US,5,20250917,180500,44.5001,44.5001,44.5001,44.5001,515,0
MGMT.US,5,20250917,191000,44.31,44.31,44.31,44.31,100,0
MGMT.US,5,20250917,214000,43.991,43.991,43.991,43.991,248,0
MGMT.US,5,20250917,215000,44,44,44,44,988,0
MGMT.US,5,20250917,215500,43.96,43.96,43.96,43.96,106,0
MGMT.US,5,20250918,161000,44.6,44.6001,44.6,44.6001,1004,0
MGMT.US,5,20250918,162000,44.6,44.6,44.6,44.6,100,0
MGMT.US,5,20250918,163000,44.6994,44.6994,44.6994,44.6994,224,0
MGMT.US,5,20250918,165000,44.45,44.45,44.45,44.45,155,0
MGMT.US,5,20250918,170500,44.36,44.36,44.36,44.36,100,0
MGMT.US,5,20250918,192500,44.85,44.85,44.85,44.85,112,0
MGMT.US,5,20250918,203500,44.64,44.64,44.64,44.64,100,0
MGMT.US,5,20250918,212000,44.71,44.71,44.71,44.71,202,0
MGMT.US,5,20250918,215500,44.73,44.73,44.72,44.72,1698,0
MGMT.US,5,20250919,155000,44.58,44.72,44.58,44.72,200,0
MGMT.US,5,20250919,170000,44.51,44.52,44.51,44.52,400,0
MGMT.US,5,20250919,181000,44.34,44.34,44.34,44.34,100,0
MGMT.US,5,20250919,190500,44.400295,44.400295,44.400295,44.400295,193,0
MGMT.US,5,20250919,195500,44.32,44.32,44.32,44.32,300,0
MGMT.US,5,20250919,204500,44.17,44.17,44.17,44.17,100,0
MGMT.US,5,20250919,212000,44.3199,44.3199,44.3199,44.3199,252,0
MGMT.US,5,20250919,213000,44.223,44.223,44.2132,44.2132,307,0
MGMT.US,5,20250919,214000,44.2285,44.2285,44.17,44.17,202,0
MGMT.US,5,20250919,214500,44.29,44.33,44.29,44.33,200,0
MGMT.US,5,20250919,215000,44.31,44.31,44.31,44.31,100,0
MGMT.US,5,20250919,215500,44.21,44.25,44.15,44.25,1513,0
MGMT.US,5,20250922,160000,44.15,44.15,44.15,44.15,100,0
MGMT.US,5,20250922,161500,44.1,44.1,44.1,44.1,350,0
MGMT.US,5,20250922,171000,44.11,44.11,44.11,44.11,120,0
MGMT.US,5,20250922,174000,44.1006,44.1006,44.1006,44.1006,625,0
MGMT.US,5,20250922,204000,44.32,44.32,44.32,44.32,200,0
MGMT.US,5,20250922,214000,44.3,44.3,44.28,44.28,205,0
MGMT.US,5,20250923,155500,44.88,44.88,44.88,44.88,116,0
MGMT.US,5,20250923,161500,44.8078,44.8078,44.8078,44.8078,224,0
MGMT.US,5,20250923,164000,44.78,44.78,44.78,44.78,150,0
MGMT.US,5,20250923,165500,44.9445,44.9445,44.8401,44.88,8836,0
MGMT.US,5,20250923,170000,44.8301,44.94,44.82,44.8204,6098,0
MGMT.US,5,20250923,170500,44.8,44.832,44.792,44.792,4650,0
MGMT.US,5,20250923,173500,44.78,44.78,44.78,44.78,100,0
MGMT.US,5,20250923,180500,44.59,44.59,44.59,44.59,100,0
MGMT.US,5,20250923,182500,44.74,44.74,44.74,44.74,100,0
MGMT.US,5,20250923,183500,44.58,44.58,44.58,44.58,100,0
MGMT.US,5,20250923,191500,44.543,44.543,44.543,44.543,494,0
MGMT.US,5,20250923,192500,44.48,44.48,44.48,44.48,300,0
MGMT.US,5,20250923,194500,44.34,44.34,44.34,44.34,100,0
MGMT.US,5,20250923,195500,44.405,44.405,44.405,44.405,130,0
MGMT.US,5,20250923,200000,44.35,44.35,44.35,44.35,125,0
MGMT.US,5,20250923,201500,44.3,44.3,44.3,44.3,100,0
MGMT.US,5,20250923,211000,44.27,44.39,44.27,44.39,1100,0
MGMT.US,5,20250923,213500,44.3,44.3,44.3,44.3,100,0
MGMT.US,5,20250923,214000,44.47,44.49,44.362,44.49,1639,0
MGMT.US,5,20250923,214500,44.46,44.46,44.37,44.37,200,0
MGMT.US,5,20250923,215000,44.39,44.39,44.39,44.39,100,0
MGMT.US,5,20250924,155000,44.41,44.41,44.41,44.41,100,0
MGMT.US,5,20250924,164000,44.47,44.47,44.47,44.47,182,0
MGMT.US,5,20250924,171500,44.34,44.34,44.34,44.34,222,0
MGMT.US,5,20250924,172500,44.35,44.35,44.34,44.34,1212,0
MGMT.US,5,20250924,175000,44.2985,44.2985,44.2985,44.2985,315,0
MGMT.US,5,20250924,181000,44.1,44.1,44.1,44.1,100,0
MGMT.US,5,20250924,183500,44.15,44.15,44.15,44.15,330,0
MGMT.US,5,20250924,184000,44.2946,44.2946,44.2946,44.2946,126,0
MGMT.US,5,20250924,191000,44.18,44.18,44.18,44.18,100,0
MGMT.US,5,20250924,194500,44.06,44.06,44.06,44.06,243,0
MGMT.US,5,20250924,201500,44.14,44.14,44.14,44.14,100,0
MGMT.US,5,20250924,214500,44.145,44.145,44.145,44.145,144,0
MGMT.US,5,20250924,215000,44.1868,44.1868,44.1868,44.1868,169,0
MGMT.US,5,20250925,153000,43.96,43.96,43.96,43.96,196,0
MGMT.US,5,20250925,153500,43.86,43.86,43.86,43.86,100,0
MGMT.US,5,20250925,154000,43.86,43.86,43.86,43.86,200,0
MGMT.US,5,20250925,160500,43.82,43.82,43.82,43.82,100,0
MGMT.US,5,20250925,170500,43.85,43.85,43.85,43.85,100,0
MGMT.US,5,20250925,182500,43.81,43.81,43.81,43.81,100,0
MGMT.US,5,20250925,194500,43.819,43.819,43.819,43.819,400,0
MGMT.US,5,20250925,200000,43.71,43.71,43.62,43.62,200,0
MGMT.US,5,20250925,203500,43.82,43.82,43.82,43.82,100,0
MGMT.US,5,20250925,204500,43.79,43.79,43.79,43.79,180,0
MGMT.US,5,20250925,205500,43.79,43.79,43.6169,43.6169,327,0
MGMT.US,5,20250925,211000,43.705,43.705,43.705,43.705,282,0
MGMT.US,5,20250925,212500,43.6,43.7,43.6,43.69,600,0
MGMT.US,5,20250925,213000,43.61,43.61,43.61,43.61,100,0
MGMT.US,5,20250925,214000,43.64,43.64,43.64,43.64,100,0
MGMT.US,5,20250925,214500,43.78,43.78,43.78,43.78,100,0
MGMT.US,5,20250926,154500,43.93,43.93,43.93,43.93,100,0
MGMT.US,5,20250926,170000,43.86,43.86,43.85,43.85,2102,0
MGMT.US,5,20250926,172000,43.9,43.9,43.9,43.9,106,0
MGMT.US,5,20250926,175000,43.95,43.95,43.95,43.95,100,0
MGMT.US,5,20250926,202500,43.98,43.98,43.98,43.98,100,0
MGMT.US,5,20250929,154000,44.1483,44.1483,44.1483,44.1483,516,0
MGMT.US,5,20250929,155500,44.1506,44.1506,44.1506,44.1506,209,0
MGMT.US,5,20250929,160000,44.125,44.125,44.125,44.125,450,0
MGMT.US,5,20250929,162500,43.98,43.98,43.98,43.98,100,0
MGMT.US,5,20250929,171000,43.9964,43.9964,43.9964,43.9964,150,0
MGMT.US,5,20250929,175000,44.015,44.015,44.015,44.015,417,0
MGMT.US,5,20250929,195500,43.9014,43.9014,43.9014,43.9014,244,0
MGMT.US,5,20250929,215000,43.98,43.98,43.98,43.98,100,0
MGMT.US,5,20250930,160000,43.95,44.02,43.95,44.02,200,0
MGMT.US,5,20250930,175000,43.75,43.75,43.75,43.75,250,0
MGMT.US,5,20250930,190000,43.6,43.6,43.6,43.6,100,0
MGMT.US,5,20250930,194000,43.53,43.53,43.53,43.53,100,0
MGMT.US,5,20250930,203000,43.71478,43.71478,43.71478,43.71478,324,0
MGMT.US,5,20250930,215500,44.05,44.05,44.05,44.05,131,0
MGMT.US,5,20251001,154000,43.95,43.95,43.95,43.95,100,0
MGMT.US,5,20251001,155000,43.775,43.88,43.75,43.8799,1528,0
MGMT.US,5,20251001,161000,43.93,43.93,43.93,43.93,100,0
MGMT.US,5,20251001,171000,43.93,43.93,43.93,43.93,150,0
MGMT.US,5,20251001,181000,44.01,44.01,44.01,44.01,100,0
MGMT.US,5,20251001,183000,43.98,43.9803,43.98,43.9803,290,0
MGMT.US,5,20251001,185000,43.93,43.93,43.93,43.93,100,0
MGMT.US,5,20251001,202500,44.015,44.05,44.015,44.05,952,0
MGMT.US,5,20251001,204000,44.05,44.05,44.05,44.05,100,0
MGMT.US,5,20251001,210000,44.0313,44.0313,44.0313,44.0313,115,0
MGMT.US,5,20251001,211500,44.03,44.03,44.03,44.03,1300,0
MGMT.US,5,20251001,213000,44.08,44.09,44.08,44.09,1600,0
MGMT.US,5,20251001,214000,44.14,44.14,44.13,44.13,1671,0
MGMT.US,5,20251001,215500,43.98,43.98,43.98,43.98,192,0
MGMT.US,5,20251002,154000,44.16,44.16,44.16,44.16,100,0
MGMT.US,5,20251002,173000,43.8,43.8,43.8,43.8,100,0
MGMT.US,5,20251002,181500,43.9279,43.9279,43.9279,43.9279,605,0
MGMT.US,5,20251002,184000,43.89,43.89,43.89,43.89,618,0
MGMT.US,5,20251002,191000,43.96,43.96,43.96,43.96,970,0
MGMT.US,5,20251002,195000,44,44,44,44,100,0
MGMT.US,5,20251002,204500,44.165,44.165,44.165,44.165,560,0
MGMT.US,5,20251002,213000,44.08,44.08,44.08,44.08,100,0
MGMT.US,5,20251002,214000,44.1462,44.1462,44.1462,44.1462,801,0
MGMT.US,5,20251003,154500,44.4994,44.4994,44.4994,44.4994,100,0
MGMT.US,5,20251003,161500,44.49,44.49,44.49,44.49,100,0
MGMT.US,5,20251003,172000,44.52,44.52,44.52,44.52,413,0
MGMT.US,5,20251003,173500,44.37,44.37,44.37,44.37,100,0
MGMT.US,5,20251003,193500,44.51,44.51,44.51,44.51,100,0
MGMT.US,5,20251003,195000,44.32,44.32,44.32,44.32,100,0
MGMT.US,5,20251003,203000,44.269,44.269,44.269,44.269,136,0
MGMT.US,5,20251003,213000,44.192,44.192,44.192,44.192,300,0
MGMT.US,5,20251006,154000,44.397688,44.397688,44.397688,44.397688,327,0
MGMT.US,5,20251006,154500,44.32,44.32,44.32,44.32,100,0
MGMT.US,5,20251006,155500,44.201863,44.201863,44.201863,44.201863,131,0
MGMT.US,5,20251006,165500,44.26,44.26,44.26,44.26,100,0
MGMT.US,5,20251006,173500,44.4232,44.4232,44.4232,44.4232,138,0
MGMT.US,5,20251006,175000,44.36,44.36,44.36,44.36,100,0
MGMT.US,5,20251006,200500,44.175,44.175,44.175,44.175,100,0
MGMT.US,5,20251006,213500,44.045,44.045,44.045,44.045,114,0
MGMT.US,5,20251007,154500,44,44,44,44,100,0
MGMT.US,5,20251007,163500,43.64,43.64,43.64,43.64,100,0
MGMT.US,5,20251007,175000,43.38,43.38,43.38,43.38,100,0
MGMT.US,5,20251007,204500,43.425,43.425,43.425,43.425,115,0
MGMT.US,5,20251008,170000,43.685,43.685,43.685,43.685,100,0
MGMT.US,5,20251008,170500,43.63,43.63,43.63,43.63,100,0
MGMT.US,5,20251008,172500,43.68,43.68,43.68,43.68,100,0
MGMT.US,5,20251008,181500,43.83,43.83,43.83,43.83,120,0
MGMT.US,5,20251008,204500,43.87,43.87,43.87,43.87,139,0
MGMT.US,5,20251008,205000,43.81,43.81,43.81,43.81,375,0
MGMT.US,5,20251008,210000,43.85,43.85,43.85,43.85,100,0
MGMT.US,5,20251009,153000,43.8613,43.8613,43.8613,43.8613,175,0
MGMT.US,5,20251009,153500,43.885,43.885,43.885,43.885,175,0
MGMT.US,5,20251009,155000,43.63,43.63,43.63,43.63,200,0
MGMT.US,5,20251009,161500,43.42,43.4201,43.42,43.4201,1317,0
MGMT.US,5,20251009,164000,43.4899,43.4899,43.4899,43.4899,250,0
MGMT.US,5,20251009,172000,43.57,43.57,43.57,43.57,100,0
MGMT.US,5,20251009,174500,43.53,43.65,43.53,43.65,348,0
MGMT.US,5,20251009,181500,43.59,43.59,43.59,43.59,100,0
MGMT.US,5,20251009,203500,43.27,43.27,43.27,43.27,100,0
MGMT.US,5,20251009,213500,43.4,43.4,43.4,43.4,840,0
MGMT.US,5,20251009,214500,43.37,43.37,43.37,43.37,100,0
MGMT.US,5,20251010,154000,43.4829,43.4829,43.4829,43.4829,200,0
MGMT.US,5,20251010,154500,43.47,43.47,43.47,43.47,100,0
MGMT.US,5,20251010,175500,42.7653,42.7653,42.7653,42.7653,1728,0
MGMT.US,5,20251010,182000,42.6616,42.6616,42.6616,42.6616,140,0
MGMT.US,5,20251010,190000,42.68,42.68,42.575,42.575,372,0
MGMT.US,5,20251010,191500,42.6196,42.6196,42.6196,42.6196,180,0
MGMT.US,5,20251010,201500,42.6,42.6,42.6,42.6,100,0
MGMT.US,5,20251010,213000,42.35,42.35,42.35,42.35,700,0
MGMT.US,5,20251010,213500,42.3029,42.3029,42.3029,42.3029,1500,0
MGMT.US,5,20251010,214500,42.32,42.32,42.32,42.32,100,0
MGMT.US,5,20251010,215000,42.27,42.27,42.27,42.27,100,0
MGMT.US,5,20251010,215500,42.22,42.34,42.21,42.34,347,0
MGMT.US,5,20251013,154500,43.1,43.1,43.1,43.1,100,0
MGMT.US,5,20251013,155500,42.84,42.84,42.84,42.84,100,0
MGMT.US,5,20251013,175500,43.0846,43.0846,43.0846,43.0846,725,0
MGMT.US,5,20251013,182000,43.02,43.02,43.02,43.02,100,0
MGMT.US,5,20251013,183500,43.03,43.03,43.03,43.03,871,0
MGMT.US,5,20251013,193500,42.9955,42.9955,42.9955,42.9955,139,0
MGMT.US,5,20251013,202000,43.159,43.159,43.159,43.159,100,0
MGMT.US,5,20251013,202500,43.1011,43.1011,43.1011,43.1011,117,0
MGMT.US,5,20251013,204500,43.1,43.1,43.1,43.1,300,0
MGMT.US,5,20251013,215000,43.04,43.04,43.04,43.04,100,0
MGMT.US,5,20251014,163000,43.11,43.17,43.11,43.11,1872,0
MGMT.US,5,20251014,163500,43.19,43.19,43.19,43.19,200,0
MGMT.US,5,20251014,165000,43.2789,43.2789,43.16,43.16,341,0
MGMT.US,5,20251014,185000,43.63,43.63,43.63,43.63,1477,0
MGMT.US,5,20251014,191500,43.65,43.65,43.65,43.65,100,0
MGMT.US,5,20251014,200500,43.77,43.77,43.77,43.77,100,0
MGMT.US,5,20251014,203500,43.82,43.82,43.82,43.82,100,0
MGMT.US,5,20251014,204500,43.8,43.8206,43.8,43.8206,476,0
MGMT.US,5,20251014,205000,43.85,43.85,43.85,43.85,100,0
MGMT.US,5,20251014,205500,43.83,43.83,43.83,43.83,100,0
MGMT.US,5,20251014,210000,43.9595,43.9595,43.84,43.84,423,0
MGMT.US,5,20251014,210500,43.97,43.97,43.97,43.97,1550,0
MGMT.US,5,20251014,211000,43.89,43.89,43.89,43.89,100,0
MGMT.US,5,20251014,212000,43.9596,43.9596,43.9596,43.9596,162,0
MGMT.US,5,20251014,215000,43.67,43.68,43.67,43.68,236,0
MGMT.US,5,20251015,154000,44.19,44.19,44.19,44.19,100,0
MGMT.US,5,20251015,162500,44.26,44.26,44.26,44.26,100,0
MGMT.US,5,20251015,165500,44.05,44.05,44.05,44.05,100,0
MGMT.US,5,20251015,170000,44,44,44,44,100,0
MGMT.US,5,20251015,174000,43.87,43.93,43.86,43.9,27077,0
MGMT.US,5,20251015,180500,43.9,43.97,43.9,43.97,57468,0
MGMT.US,5,20251015,184000,43.92,43.94,43.92,43.94,540,0
MGMT.US,5,20251015,184500,43.93,43.93,43.93,43.93,100,0
MGMT.US,5,20251015,194000,43.82,43.82,43.78,43.78,859,0
MGMT.US,5,20251015,201000,43.81,43.87,43.81,43.82,1283,0
MGMT.US,5,20251015,203000,43.85,43.85,43.85,43.85,100,0
MGMT.US,5,20251015,203500,43.895,43.895,43.895,43.895,200,0
MGMT.US,5,20251015,210500,43.87,43.87,43.87,43.87,100,0
MGMT.US,5,20251016,154500,44.149,44.149,44.149,44.149,174,0
MGMT.US,5,20251016,155500,43.83,43.83,43.83,43.83,100,0
MGMT.US,5,20251016,164500,43.85,43.85,43.85,43.85,100,0
MGMT.US,5,20251016,172500,43.92,43.92,43.82,43.82,200,0
MGMT.US,5,20251016,173000,43.79,43.8,43.77,43.79,978,0
MGMT.US,5,20251016,173500,43.828,43.85,43.81,43.85,7774,0
MGMT.US,5,20251016,174000,43.83,43.88,43.8,43.8,5646,0
MGMT.US,5,20251016,182500,43.56,43.56,43.56,43.56,100,0
MGMT.US,5,20251016,184500,43.4601,43.4601,43.4601,43.4601,286,0
MGMT.US,5,20251016,190500,43.58,43.58,43.56,43.56,510,0
MGMT.US,5,20251016,191000,43.57,43.59,43.57,43.59,1219,0
MGMT.US,5,20251016,191500,43.7179,43.7179,43.7179,43.7179,115,0
MGMT.US,5,20251016,192000,43.66,43.6685,43.6,43.654,1433,0
MGMT.US,5,20251016,192500,43.61,43.61,43.61,43.61,494,0
MGMT.US,5,20251016,193000,43.28,43.6,43.28,43.6,382,0
MGMT.US,5,20251016,193500,43.61,43.61,43.61,43.61,1096,0
MGMT.US,5,20251016,194000,43.59,43.59,43.53,43.53,1555,0
MGMT.US,5,20251016,194500,43.5,43.5006,43.5,43.5006,360,0
MGMT.US,5,20251016,195500,43.46,43.47,43.46,43.47,574,0
MGMT.US,5,20251016,200000,43.43,43.43,43.43,43.43,1273,0
MGMT.US,5,20251016,200500,43.37,43.37,43.34,43.34,292,0
MGMT.US,5,20251016,203000,43.22,43.22,43.22,43.22,100,0
MGMT.US,5,20251016,210500,43.26,43.26,43.26,43.26,124,0
MGMT.US,5,20251016,214500,43.27,43.27,43.27,43.27,100,0
MGMT.US,5,20251016,215000,43.31,43.35,43.31,43.34,25133,0
MGMT.US,5,20251016,215500,43.45,43.45,43.45,43.45,219,0
MGMT.US,5,20251017,155500,43.21,43.2615,43.21,43.2615,360,0
MGMT.US,5,20251017,160500,43.113,43.113,43.1,43.1,350,0
MGMT.US,5,20251017,161000,43.15,43.15,43.15,43.15,250,0
MGMT.US,5,20251017,165500,43.07,43.07,43.07,43.07,100,0
MGMT.US,5,20251017,172000,42.966168,42.966168,42.966168,42.966168,188,0
MGMT.US,5,20251017,173000,42.97,42.97,42.97,42.97,103,0
MGMT.US,5,20251017,204500,42.96,42.96,42.87,42.96,1500,0
MGMT.US,5,20251017,215500,42.97,42.97,42.97,42.97,520,0
MGMT.US,5,20251020,164000,43.55,43.55,43.49,43.4901,1599,0
MGMT.US,5,20251020,173000,43.4608,43.4608,43.4608,43.4608,103,0
MGMT.US,5,20251020,190000,43.43,43.43,43.43,43.43,136,0
MGMT.US,5,20251020,192500,43.535034,43.535034,43.535034,43.535034,181,0
MGMT.US,5,20251020,200000,43.54,43.54,43.54,43.54,523,0
MGMT.US,5,20251020,212500,43.69,43.69,43.69,43.69,106,0
MGMT.US,5,20251020,215500,43.61,43.61,43.55,43.55,463,0
MGMT.US,5,20251021,155000,43.45,43.45,43.45,43.45,750,0
MGMT.US,5,20251021,171000,43.8004,43.8684,43.74,43.805,20509,0
MGMT.US,5,20251021,175000,43.73,43.73,43.73,43.73,134,0
MGMT.US,5,20251021,201000,43.65,43.65,43.65,43.65,5154,0
MGMT.US,5,20251021,202500,43.64,43.64,43.64,43.64,441,0
MGMT.US,5,20251021,205500,43.6301,43.6701,43.62,43.62,500,0
MGMT.US,5,20251021,210500,43.57,43.5801,43.57,43.5801,202,0
MGMT.US,5,20251021,215500,43.582,43.67,43.582,43.67,760,0
MGMT.US,5,20251022,153500,43.591,43.86,43.59,43.86,1418,0
MGMT.US,5,20251022,155500,43.645,43.645,43.645,43.645,394,0
MGMT.US,5,20251022,183000,43.17,43.17,43.17,43.17,140,0
MGMT.US,5,20251022,192000,43.25,43.25,43.25,43.25,102,0
MGMT.US,5,20251022,192500,43.2555,43.2555,43.25,43.25,3239,0
MGMT.US,5,20251022,202000,43.25,43.25,43.25,43.25,898,0
MGMT.US,5,20251022,215500,43.35,43.35,43.35,43.35,368,0
MGMT.US,5,20251023,194500,43.9,43.9,43.9,43.9,577,0
MGMT.US,5,20251023,211500,43.9888,43.9888,43.9888,43.9888,475,0
MGMT.US,5,20251023,214000,43.83,43.83,43.83,43.83,208,0
MGMT.US,5,20251023,215500,43.94,43.96,43.94,43.96,1018,0
MGMT.US,5,20251024,162000,44.3037,44.3037,44.3037,44.3037,328,0
MGMT.US,5,20251024,163500,44.295,44.295,44.295,44.295,521,0
MGMT.US,5,20251024,193000,44.3462,44.3462,44.3462,44.3462,225,0
MGMT.US,5,20251024,215500,44.2,44.24,44.2,44.24,669,0
MGMT.US,5,20251027,152500,44.1701,44.1701,44.1701,44.1701,300,0
MGMT.US,5,20251027,154500,44.12,44.12,44.12,44.12,100,0
MGMT.US,5,20251027,155500,44.13,44.13,44.13,44.13,545,0
MGMT.US,5,20251027,160500,44.03,44.03,44.03,44.03,113,0
MGMT.US,5,20251027,165000,44.11,44.11,44.11,44.11,100,0
MGMT.US,5,20251027,170500,44,44,44,44,100,0
MGMT.US,5,20251027,190000,43.905,43.905,43.905,43.905,105,0
MGMT.US,5,20251027,191500,43.89,43.89,43.89,43.89,171,0
MGMT.US,5,20251027,195500,43.846,43.846,43.846,43.846,751,0
MGMT.US,5,20251027,201000,43.81,43.81,43.81,43.81,123,0
MGMT.US,5,20251027,202000,43.83,43.83,43.83,43.83,453,0
MGMT.US,5,20251027,203500,43.74,43.74,43.74,43.74,100,0
MGMT.US,5,20251027,204500,43.835,43.835,43.835,43.835,797,0
MGMT.US,5,20251027,205500,43.89,43.89,43.89,43.89,794,0
MGMT.US,5,20251028,143000,43.98,43.98,43.98,43.98,100,0
MGMT.US,5,20251028,150500,43.52,43.52,43.52,43.52,100,0
MGMT.US,5,20251028,152500,43.76,43.76,43.76,43.76,800,0
MGMT.US,5,20251028,155000,43.82,43.82,43.82,43.82,100,0
MGMT.US,5,20251028,160500,43.8024,43.8024,43.73,43.74,2563,0
MGMT.US,5,20251028,161000,43.74,43.7406,43.71,43.71,2284,0
MGMT.US,5,20251028,162000,43.78,43.78,43.78,43.78,100,0
MGMT.US,5,20251028,162500,43.78,43.78,43.78,43.78,153,0
MGMT.US,5,20251028,163500,43.78,43.78,43.78,43.78,150,0
MGMT.US,5,20251028,164500,43.631,43.631,43.6201,43.6201,585,0
MGMT.US,5,20251028,165500,43.64,43.6705,43.64,43.6705,589,0
MGMT.US,5,20251028,170000,43.6805,43.6805,43.6805,43.6805,152,0
MGMT.US,5,20251028,170500,43.77,43.78,43.68,43.68,1500,0
MGMT.US,5,20251028,171500,43.71,43.71,43.71,43.71,100,0
MGMT.US,5,20251028,172000,43.695,43.695,43.695,43.695,200,0
MGMT.US,5,20251028,172500,43.69,43.73,43.69,43.73,349,0
MGMT.US,5,20251028,173000,43.833,43.833,43.77,43.77,382,0
MGMT.US,5,20251028,173500,43.75,43.75,43.75,43.75,220,0
MGMT.US,5,20251028,174000,43.85,43.86,43.7924,43.7924,1190,0
MGMT.US,5,20251028,174500,43.7601,43.7601,43.76,43.76,446,0
MGMT.US,5,20251028,175000,43.78,43.78,43.78,43.78,100,0
MGMT.US,5,20251028,175500,43.8295,43.8295,43.78,43.78,514,0
MGMT.US,5,20251028,180000,43.77,43.885,43.77,43.81,1044,0
MGMT.US,5,20251028,180500,43.81,43.81,43.81,43.81,358,0
MGMT.US,5,20251028,185500,43.71,43.71,43.71,43.71,100,0
MGMT.US,5,20251028,200500,43.6955,43.6955,43.6955,43.6955,344,0
MGMT.US,5,20251028,202500,43.67,43.67,43.67,43.67,100,0
MGMT.US,5,20251028,204000,43.621,43.621,43.621,43.621,113,0
MGMT.US,5,20251028,204500,43.6201,43.674,43.6201,43.674,750,0
MGMT.US,5,20251028,205000,43.62,43.74,43.62,43.74,892,0
MGMT.US,5,20251028,205500,43.76,43.76,43.76,43.76,724,0
MGMT.US,5,20251029,144000,43.665,43.665,43.665,43.665,205,0
MGMT.US,5,20251029,145000,43.67,43.67,43.67,43.67,190,0
MGMT.US,5,20251029,181000,43.62,43.6201,43.61,43.61,1800,0
MGMT.US,5,20251029,190500,43.575,43.575,43.575,43.575,771,0
MGMT.US,5,20251029,195500,43,43,43,43,200,0
MGMT.US,5,20251029,200500,43,43,43,43,100,0
MGMT.US,5,20251029,203000,42.888946,42.888946,42.888946,42.888946,222,0
MGMT.US,5,20251029,203500,42.8499,42.8499,42.8499,42.8499,798,0
MGMT.US,5,20251029,204500,42.7,42.7,42.7,42.7,100,0
MGMT.US,5,20251030,164500,42.7936,42.7936,42.7936,42.7936,270,0
MGMT.US,5,20251030,171000,42.7963,42.7963,42.7963,42.7963,798,0
MGMT.US,5,20251030,181000,42.521,42.521,42.521,42.521,209,0
MGMT.US,5,20251030,200500,42.56,42.56,42.56,42.56,217,0
MGMT.US,5,20251031,150500,42.4413,42.4413,42.4413,42.4413,475,0
MGMT.US,5,20251031,163500,42.59,42.59,42.59,42.59,100,0
MGMT.US,5,20251031,165500,42.5554,42.5554,42.5554,42.5554,260,0
MGMT.US,5,20251031,172000,42.3613,42.3613,42.3613,42.3613,936,0
MGMT.US,5,20251031,172500,42.4841,42.4841,42.4538,42.4538,200,0
MGMT.US,5,20251031,174500,42.45,42.45,42.45,42.45,961,0
MGMT.US,5,20251031,180500,42.4,42.4,42.4,42.4,797,0
MGMT.US,5,20251031,184500,42.44,42.44,42.44,42.44,2207,0
MGMT.US,5,20251031,191500,42.495,42.495,42.4772,42.4772,1928,0
MGMT.US,5,20251103,161000,42.88,42.925,42.88,42.925,700,0
MGMT.US,5,20251103,163500,42.73,42.78,42.73,42.78,302,0
MGMT.US,5,20251103,165500,42.94,42.94,42.94,42.94,100,0
MGMT.US,5,20251103,170000,42.9601,42.9601,42.9601,42.9601,425,0
MGMT.US,5,20251103,171000,43.09,43.09,43.09,43.09,100,0
MGMT.US,5,20251103,172000,43.2182,43.28,43.14,43.16,9120,0
MGMT.US,5,20251103,192500,43.085,43.085,43.03,43.03,899,0
MGMT.US,5,20251103,201000,43.14,43.14,43.14,43.14,100,0
MGMT.US,5,20251104,182000,42.7,42.83,42.7,42.7,2809,0
MGMT.US,5,20251104,191000,42.64,42.64,42.64,42.64,115,0
MGMT.US,5,20251104,191500,42.6,42.6,42.6,42.6,100,0
MGMT.US,5,20251104,204000,42.82,42.82,42.82,42.82,100,0
MGMT.US,5,20251105,165000,43.17,43.18,43.1699,43.1699,1020,0
MGMT.US,5,20251105,165500,43.17,43.2,43.08,43.09,1316,0
MGMT.US,5,20251105,170500,43.217,43.217,43.217,43.217,350,0
MGMT.US,5,20251105,192000,43.465,43.465,43.465,43.465,229,0
MGMT.US,5,20251105,204000,43.58,43.58,43.58,43.58,200,0
MGMT.US,5,20251105,205000,43.58,43.5899,43.47,43.5794,1000,0
MGMT.US,5,20251105,215000,43.47,43.4892,43.47,43.4892,743,0
MGMT.US,5,20251106,181000,43.33,43.33,43.33,43.33,100,0
MGMT.US,5,20251106,211000,43.059,43.059,43.059,43.059,1160,0
MGMT.US,5,20251106,213000,43.0805,43.0805,43.0805,43.0805,104,0
MGMT.US,5,20251106,215500,42.98,43,42.87,42.94,1042,0
MGMT.US,5,20251107,163500,42.95,42.95,42.95,42.95,100,0
MGMT.US,5,20251107,170000,42.86,42.86,42.86,42.86,100,0
MGMT.US,5,20251107,174000,42.76,42.79,42.71,42.79,712,0
MGMT.US,5,20251107,180500,42.72,42.72,42.72,42.72,100,0
MGMT.US,5,20251107,192000,42.88,42.88,42.88,42.88,150,0
MGMT.US,5,20251107,204500,43.0311,43.0311,43.0311,43.0311,258,0
MGMT.US,5,20251107,213000,42.93,42.93,42.92,42.93,432,0
MGMT.US,5,20251107,214000,42.97,42.97,42.97,42.97,100,0
MGMT.US,5,20251107,214500,42.98,42.98,42.98,42.98,100,0
MGMT.US,5,20251107,215000,42.94,42.96,42.94,42.96,200,0
MGMT.US,5,20251107,215500,42.98,43.01,42.98,43.01,800,0
MGMT.US,5,20251110,153000,43.29,43.54,43.29,43.54,400,0
MGMT.US,5,20251110,153500,43.43,43.43,43.43,43.43,600,0
MGMT.US,5,20251110,162000,43.1899,43.1899,43.1899,43.1899,100,0
MGMT.US,5,20251110,162500,43.16,43.16,43.16,43.16,100,0
MGMT.US,5,20251110,185000,43.27,43.2701,43.27,43.2701,574,0
MGMT.US,5,20251110,211000,43.35,43.3511,43.35,43.3501,1978,0
MGMT.US,5,20251110,211500,43.33,43.34,43.33,43.34,300,0
MGMT.US,5,20251110,215000,43.3245,43.3245,43.3245,43.3245,115,0
MGMT.US,5,20251110,215500,43.19,43.19,43.18,43.18,1592,0
MGMT.US,5,20251111,161500,43.17,43.17,43.17,43.17,528,0
MGMT.US,5,20251111,180000,43.1004,43.1004,43.1001,43.1001,586,0
MGMT.US,5,20251111,191500,43.27,43.2701,43.27,43.2701,578,0
MGMT.US,5,20251111,194000,43.3624,43.3624,43.3624,43.3624,102,0
MGMT.US,5,20251111,211000,43.2608,43.2608,43.2608,43.2608,100,0
MGMT.US,5,20251111,213000,43.2,43.26,43.2,43.21,1700,0
MGMT.US,5,20251111,213500,43.19,43.3,43.19,43.3,500,0
MGMT.US,5,20251111,214000,43.322,43.322,43.322,43.322,267,0
MGMT.US,5,20251111,215500,43.35,43.35,43.35,43.35,272,0
MGMT.US,5,20251112,170000,43.44,43.44,43.436,43.436,230,0
MGMT.US,5,20251112,175500,43.44,43.44,43.44,43.44,100,0
MGMT.US,5,20251112,193500,43.39,43.39,43.39,43.39,144,0
MGMT.US,5,20251112,200500,43.3802,43.3802,43.3802,43.3802,173,0
MGMT.US,5,20251112,205500,43.3982,43.3982,43.3982,43.3982,437,0
MGMT.US,5,20251112,212500,43.31,43.31,43.31,43.31,1600,0
MGMT.US,5,20251112,213500,43.32,43.32,43.32,43.32,100,0
MGMT.US,5,20251112,214500,43.42,43.42,43.34,43.34,321,0
MGMT.US,5,20251113,163000,43.1443,43.1443,43.11,43.11,1255,0
MGMT.US,5,20251113,163500,43.146,43.146,43.08,43.08,341,0
MGMT.US,5,20251113,184500,42.8695,42.8695,42.8695,42.8695,511,0
MGMT.US,5,20251113,201500,42.6025,42.6025,42.6025,42.6025,190,0
MGMT.US,5,20251113,211500,42.3705,42.3705,42.3705,42.3705,202,0
MGMT.US,5,20251113,212000,42.28,42.28,42.28,42.28,600,0
MGMT.US,5,20251113,215000,42.4905,42.4905,42.4905,42.4905,117,0
MGMT.US,5,20251113,215500,42.41,42.41,42.4,42.41,1300,0
MGMT.US,5,20251114,160000,42.27,42.27,42.27,42.27,100,0
MGMT.US,5,20251114,160500,42.201,42.24,42.11,42.11,1165,0
MGMT.US,5,20251114,175500,42.45,42.45,42.38,42.38,2114,0
MGMT.US,5,20251114,204000,42.4581,42.4581,42.4581,42.4581,588,0
MGMT.US,5,20251114,212500,42.28,42.29,42.28,42.29,818,0
MGMT.US,5,20251114,213000,42.29,42.29,42.29,42.29,100,0
MGMT.US,5,20251117,163500,42.16,42.2022,42.15,42.2022,501,0
MGMT.US,5,20251117,170500,42.0217,42.0217,42.0217,42.0217,100,0
MGMT.US,5,20251117,175500,42.09,42.09,42.04,42.04,1033,0
MGMT.US,5,20251117,185000,41.995,41.995,41.995,41.995,159,0
MGMT.US,5,20251117,190500,41.9,41.9001,41.9,41.9001,400,0
MGMT.US,5,20251117,203500,41.6694,41.6694,41.57,41.57,2233,0
MGMT.US,5,20251117,204000,41.605,41.6345,41.55,41.55,1445,0
MGMT.US,5,20251117,213000,41.348062,41.348062,41.348062,41.348062,153,0
MGMT.US,5,20251117,214000,41.34,41.34,41.34,41.34,100,0
MGMT.US,5,20251117,214500,41.3358,41.34,41.3358,41.34,219,0
MGMT.US,5,20251117,215500,41.32,41.33,41.32,41.33,1000,0
MGMT.US,5,20251118,155500,41.3934,41.3934,41.3934,41.3934,241,0
MGMT.US,5,20251118,160500,41.39,41.39,41.39,41.39,100,0
MGMT.US,5,20251118,192500,41.62,41.6292,41.62,41.6292,200,0
MGMT.US,5,20251118,195000,41.705,41.705,41.705,41.705,800,0
MGMT.US,5,20251118,195500,41.65,41.65,41.65,41.65,2073,0
MGMT.US,5,20251118,200000,41.6301,41.6301,41.61,41.6301,2560,0
MGMT.US,5,20251118,201000,41.6238,41.6238,41.6238,41.6238,1207,0
MGMT.US,5,20251118,201500,41.6104,41.6104,41.6104,41.6104,900,0
MGMT.US,5,20251118,202500,41.615,41.615,41.615,41.615,100,0
MGMT.US,5,20251118,204000,41.64,41.64,41.64,41.64,200,0
MGMT.US,5,20251118,205500,41.59,41.59,41.59,41.59,802,0
MGMT.US,5,20251118,210000,41.64,41.64,41.64,41.64,225,0
MGMT.US,5,20251118,210500,41.6189,41.6189,41.6189,41.6189,102,0
MGMT.US,5,20251118,211500,41.63,41.63,41.63,41.63,9528,0
MGMT.US,5,20251118,214000,41.6,41.6,41.6,41.6,100,0
MGMT.US,5,20251118,214500,41.57,41.57,41.57,41.57,100,0
MGMT.US,5,20251118,215000,41.6,41.6,41.6,41.6,200,0
MGMT.US,5,20251118,215500,41.58,41.58,41.51,41.51,2200,0
MGMT.US,5,20251119,153000,41.395,41.395,41.395,41.395,200,0
MGMT.US,5,20251119,153500,41.395,41.395,41.395,41.395,100,0
MGMT.US,5,20251119,160000,41.66,41.66,41.66,41.66,300,0
MGMT.US,5,20251119,160500,41.75,41.75,41.75,41.75,100,0
MGMT.US,5,20251119,163500,41.755,41.755,41.755,41.755,163,0
MGMT.US,5,20251119,164000,41.7999,41.7999,41.7999,41.7999,214,0
MGMT.US,5,20251119,165000,41.6106,41.6106,41.6106,41.6106,334,0
MGMT.US,5,20251119,195000,41.56,41.56,41.56,41.56,100,0
MGMT.US,5,20251119,215000,41.6699,41.6699,41.6699,41.6699,108,0
MGMT.US,5,20251119,215500,41.51,41.5534,41.47,41.48,1362,0
MGMT.US,5,20251120,153500,42.05,42.05,42.05,42.05,100,0
MGMT.US,5,20251120,160000,42.14,42.14,42.14,42.14,100,0
MGMT.US,5,20251120,162000,42.24,42.24,42.24,42.24,100,0
MGMT.US,5,20251120,172500,41.81,41.81,41.81,41.81,670,0
MGMT.US,5,20251120,175500,41.4,41.4,41.39,41.39,500,0
MGMT.US,5,20251120,190500,41.27,41.27,41.27,41.27,200,0
MGMT.US,5,20251120,191000,41.38,41.38,41.38,41.38,100,0
MGMT.US,5,20251120,193500,41.26,41.26,41.26,41.26,100,0
MGMT.US,5,20251120,203500,41.1474,41.1474,41.125,41.125,541,0
MGMT.US,5,20251120,213000,41.02,41.02,41.02,41.02,300,0
MGMT.US,5,20251120,214500,40.85,40.85,40.85,40.85,300,0
MGMT.US,5,20251120,215500,40.8856,40.8856,40.8856,40.8856,281,0
MGMT.US,5,20251121,154500,41.19,41.19,41.19,41.19,100,0
MGMT.US,5,20251121,175500,42.01,42.01,42.01,42.01,100,0
MGMT.US,5,20251121,183500,41.97,42.03,41.97,42.03,365,0
MGMT.US,5,20251121,211500,42.0985,42.0985,42.0985,42.0985,394,0
MGMT.US,5,20251121,215000,41.95,41.9502,41.95,41.9502,976,0
MGMT.US,5,20251125,155000,42.5456,42.5456,42.5456,42.5456,164,0
MGMT.US,5,20251125,182500,43.21,43.21,43.1911,43.1911,588,0
MGMT.US,5,20251125,183500,43.24,43.24,43.1752,43.1752,2134,0
MGMT.US,5,20251125,190500,43.23,43.23,43.23,43.23,100,0
MGMT.US,5,20251125,191000,43.133,43.133,43.133,43.133,114,0
MGMT.US,5,20251125,195500,43.1854,43.1854,43.1854,43.1854,303,0
MGMT.US,5,20251125,202500,43.155,43.155,43.155,43.155,189,0
MGMT.US,5,20251125,212500,43.23,43.23,43.23,43.23,206,0
MGMT.US,5,20251125,215500,43.34,43.34,43.34,43.34,375,0
MGMT.US,5,20251126,155500,43.35,43.35,43.35,43.35,100,0
MGMT.US,5,20251126,171000,43.505,43.505,43.505,43.505,200,0
MGMT.US,5,20251126,183500,43.6,43.6,43.6,43.6,100,0
MGMT.US,5,20251126,203000,43.67,43.67,43.67,43.67,572,0
MGMT.US,5,20251126,210000,43.6073,43.6073,43.6073,43.6073,1292,0
MGMT.US,5,20251126,212000,43.67,43.67,43.67,43.67,337,0
MGMT.US,5,20251128,155500,43.53,43.53,43.5299,43.5299,1015,0
MGMT.US,5,20251201,153500,43.3403,43.3403,43.3403,43.3403,407,0
MGMT.US,5,20251201,171000,43.5501,43.5501,43.5501,43.5501,500,0
MGMT.US,5,20251201,183500,43.7499,43.75,43.7499,43.75,440,0
MGMT.US,5,20251201,194000,43.6302,43.6302,43.6302,43.6302,100,0
MGMT.US,5,20251201,194500,43.6645,43.6645,43.6645,43.6645,108,0
MGMT.US,5,20251201,202500,43.57,43.57,43.57,43.57,100,0
MGMT.US,5,20251201,211000,43.543,43.543,43.543,43.543,302,0
MGMT.US,5,20251201,212500,43.52,43.52,43.52,43.52,133,0
MGMT.US,5,20251202,170000,43.727,43.727,43.727,43.727,214,0
MGMT.US,5,20251202,181500,43.76,43.76,43.76,43.76,100,0
MGMT.US,5,20251202,184500,43.72,43.72,43.72,43.72,100,0
MGMT.US,5,20251202,202500,43.8499,43.8499,43.8499,43.8499,203,0
MGMT.US,5,20251202,211000,43.8601,43.8601,43.8601,43.8601,160,0
MGMT.US,5,20251202,215500,43.83,43.83,43.83,43.83,367,0
MGMT.US,5,20251203,154000,44,44,44,44,100,0
MGMT.US,5,20251203,154500,44,44,44,44,100,0
MGMT.US,5,20251203,155000,44,44.12,44,44.12,844,0
MGMT.US,5,20251203,160500,44.18,44.19,44.18,44.19,1469,0
MGMT.US,5,20251203,161500,44.26,44.26,44.26,44.26,100,0
MGMT.US,5,20251203,170000,44.2385,44.2385,44.2385,44.2385,227,0
MGMT.US,5,20251203,175500,44.3205,44.3887,44.3205,44.38,1381,0
MGMT.US,5,20251203,180000,44.345,44.41,44.345,44.41,4416,0
MGMT.US,5,20251203,181000,44.38,44.45,44.3704,44.4071,9481,0
MGMT.US,5,20251203,183500,44.54,44.54,44.54,44.54,100,0
MGMT.US,5,20251203,200000,44.61,44.61,44.61,44.61,100,0
MGMT.US,5,20251203,211500,44.5754,44.5754,44.5754,44.5754,225,0
MGMT.US,5,20251203,213000,44.5588,44.5588,44.5588,44.5588,4494,0
MGMT.US,5,20251203,215500,44.59,44.59,44.59,44.59,127,0
MGMT.US,5,20251204,161000,44.44,44.44,44.44,44.44,100,0
MGMT.US,5,20251204,212500,44.62,44.62,44.62,44.62,1400,0
MGMT.US,5,20251205,155500,44.76,44.77,44.76,44.77,200,0
MGMT.US,5,20251205,165500,44.92,44.92,44.92,44.92,200,0
MGMT.US,5,20251205,170500,44.91,44.91,44.91,44.91,100,0
MGMT.US,5,20251205,174000,44.83,44.83,44.83,44.83,100,0
MGMT.US,5,20251205,175000,44.8106,44.8106,44.8106,44.8106,100,0
MGMT.US,5,20251205,183000,44.71,44.71,44.71,44.71,4069,0
MGMT.US,5,20251205,184000,44.71,44.71,44.71,44.71,642,0
MGMT.US,5,20251205,185000,44.71,44.71,44.71,44.71,100,0
MGMT.US,5,20251205,190500,44.81,44.81,44.81,44.81,100,0
MGMT.US,5,20251205,194000,44.736898,44.736898,44.71,44.71,748,0
MGMT.US,5,20251205,205500,44.79,44.79,44.79,44.79,100,0
MGMT.US,5,20251205,210000,44.7846,44.7846,44.7846,44.7846,730,0
MGMT.US,5,20251205,210500,44.765,44.8199,44.765,44.8199,219,0
MGMT.US,5,20251205,212500,44.8,44.8,44.8,44.8,100,0
MGMT.US,5,20251208,155500,44.76,44.7601,44.76,44.7601,200,0
MGMT.US,5,20251208,161500,44.78,44.78,44.78,44.78,100,0
MGMT.US,5,20251208,171500,44.6599,44.6599,44.6599,44.6599,118,0
MGMT.US,5,20251208,172500,44.66,44.66,44.66,44.66,100,0
MGMT.US,5,20251208,175500,44.5754,44.5754,44.5754,44.5754,1979,0
MGMT.US,5,20251208,182500,44.6199,44.6199,44.4901,44.4901,340,0
MGMT.US,5,20251208,193000,44.44,44.44,44.44,44.44,100,0
MGMT.US,5,20251208,194000,44.52,44.52,44.52,44.52,100,0
MGMT.US,5,20251208,195000,44.54,44.5469,44.54,44.5469,356,0
MGMT.US,5,20251208,212000,44.49,44.49,44.49,44.49,156,0
MGMT.US,5,20251208,212500,44.5378,44.5452,44.5378,44.5452,1195,0
MGMT.US,5,20251208,213000,44.58,44.58,44.5799,44.5799,1597,0
MGMT.US,5,20251208,215500,44.43,44.43,44.338089,44.338089,665,0
MGMT.US,5,20251209,155000,44.65,44.65,44.65,44.65,100,0
MGMT.US,5,20251209,160000,44.68,44.68,44.68,44.68,100,0
MGMT.US,5,20251209,171500,44.7219,44.7219,44.7219,44.7219,189,0
MGMT.US,5,20251209,180500,44.73,44.73,44.73,44.73,100,0
MGMT.US,5,20251209,190000,44.53,44.53,44.53,44.53,100,0
MGMT.US,5,20251209,191500,44.61,44.62,44.61,44.62,200,0
MGMT.US,5,20251209,193500,44.56,44.66,44.56,44.6599,3776,0
MGMT.US,5,20251209,194000,44.56,44.56,44.56,44.56,100,0
MGMT.US,5,20251209,195000,44.62,44.62,44.62,44.62,100,0
MGMT.US,5,20251209,200000,44.66,44.67,44.66,44.67,200,0
MGMT.US,5,20251209,201000,44.65,44.65,44.65,44.65,100,0
MGMT.US,5,20251209,202000,44.55,44.55,44.55,44.55,100,0
MGMT.US,5,20251209,203500,44.58,44.59,44.58,44.59,200,0
MGMT.US,5,20251209,204000,44.47,44.47,44.47,44.47,130,0
MGMT.US,5,20251209,205000,44.555,44.555,44.555,44.555,100,0
MGMT.US,5,20251209,205500,44.62,44.62,44.62,44.62,100,0
MGMT.US,5,20251209,210000,44.62,44.62,44.62,44.62,100,0
MGMT.US,5,20251209,211000,44.5255,44.53,44.5255,44.53,201,0
MGMT.US,5,20251209,211500,44.5815,44.5815,44.5815,44.5815,174,0
MGMT.US,5,20251209,212500,44.47,44.47,44.47,44.47,173,0
MGMT.US,5,20251209,214000,44.63,44.63,44.61,44.61,200,0
MGMT.US,5,20251209,215000,44.6,44.6199,44.5955,44.6199,500,0
MGMT.US,5,20251210,155500,44.82,44.82,44.82,44.82,160,0
MGMT.US,5,20251210,160000,44.83,44.83,44.83,44.83,100,0
MGMT.US,5,20251210,160500,44.82,44.82,44.82,44.82,100,0
MGMT.US,5,20251210,161000,44.792888,44.88,44.792888,44.88,257,0
MGMT.US,5,20251210,164500,44.84,44.84,44.84,44.84,100,0
MGMT.US,5,20251210,172500,44.97,44.99,44.969,44.99,1100,0
MGMT.US,5,20251210,190500,44.9106,44.9106,44.9106,44.9106,130,0
MGMT.US,5,20251210,191000,44.9535,44.97,44.91,44.9101,10269,0
MGMT.US,5,20251210,191500,44.9666,44.9666,44.9666,44.9666,292,0
MGMT.US,5,20251210,194000,44.94,44.99,44.94,44.99,700,0
MGMT.US,5,20251210,194500,44.94,44.94,44.94,44.94,100,0
MGMT.US,5,20251210,200500,45.06,45.06,45.06,45.06,100,0
MGMT.US,5,20251210,215500,45.53,45.53,45.53,45.53,121,0
MGMT.US,5,20251211,153500,45.76,45.76,45.76,45.76,100,0
MGMT.US,5,20251211,163500,45.71,45.71,45.71,45.71,100,0
MGMT.US,5,20251211,192000,46.06,46.06,46.06,46.06,100,0
MGMT.US,5,20251211,213000,45.9304,45.9304,45.9304,45.9304,435,0
MGMT.US,5,20251211,214000,46.02,46.03,46.0184,46.03,325,0
MGMT.US,5,20251211,214500,45.89,45.89,45.882,45.882,200,0
MGMT.US,5,20251211,215500,45.79,45.79,45.75,45.75,2019,0
MGMT.US,5,20251212,154000,46.01,46.01,46.01,46.01,100,0
MGMT.US,5,20251212,161000,45.85,45.85,45.85,45.85,100,0
MGMT.US,5,20251212,194000,45.45,45.45,45.45,45.45,300,0
MGMT.US,5,20251212,201500,45.36,45.36,45.36,45.36,100,0
MGMT.US,5,20251212,203000,45.31,45.31,45.31,45.31,5471,0
MGMT.US,5,20251212,213500,45.25,45.29,45.2499,45.29,1166,0
MGMT.US,5,20251212,214500,45.27,45.27,45.27,45.27,100,0
MGMT.US,5,20251215,155000,45.24,45.24,45.24,45.24,200,0
MGMT.US,5,20251215,160500,45.3,45.3,45.3,45.3,100,0
MGMT.US,5,20251215,161500,45.17,45.17,45.17,45.17,100,0
MGMT.US,5,20251215,162000,45.12,45.1201,45.12,45.1201,1416,0
MGMT.US,5,20251215,162500,45.05,45.05,45.05,45.05,100,0
MGMT.US,5,20251215,163000,45.17,45.17,45.17,45.17,100,0
MGMT.US,5,20251215,172500,45.03,45.03,45.03,45.03,100,0
MGMT.US,5,20251215,175000,45,45.0101,44.99,44.9901,2200,0
MGMT.US,5,20251215,175500,45.02,45.02,45.02,45.02,100,0
MGMT.US,5,20251215,190500,45.0575,45.12,44.99,44.99,2499,0
MGMT.US,5,20251215,195500,45.09,45.09,45.09,45.09,200,0
MGMT.US,5,20251215,201500,45.166,45.166,45.166,45.166,120,0
MGMT.US,5,20251215,204500,45.23,45.23,45.16,45.16,200,0
MGMT.US,5,20251215,205500,45.26,45.26,45.26,45.26,200,0
MGMT.US,5,20251215,210000,45.33,45.35,45.33,45.35,1210,0
MGMT.US,5,20251216,153500,45.16,45.1601,45.16,45.1601,200,0
MGMT.US,5,20251216,154500,45.29,45.29,45.29,45.29,150,0
MGMT.US,5,20251216,160000,45.23,45.23,45.23,45.23,200,0
MGMT.US,5,20251216,161500,45.21,45.21,45.21,45.21,200,0
MGMT.US,5,20251216,163500,45.32,45.34,45.23,45.23,909,0
MGMT.US,5,20251216,164000,45.26,45.26,45.26,45.26,200,0
MGMT.US,5,20251216,174000,45.07,45.07,45.05,45.05,400,0
MGMT.US,5,20251216,181000,45.14,45.14,45.13,45.13,200,0
MGMT.US,5,20251216,182500,45.165,45.165,45.165,45.165,100,0
MGMT.US,5,20251216,183000,45.13,45.2299,45.13,45.13,7654,0
MGMT.US,5,20251216,184000,45.13,45.13,45.13,45.13,200,0
MGMT.US,5,20251216,185000,45.04,45.04,45.04,45.04,800,0
MGMT.US,5,20251216,193000,45.03,45.03,45.03,45.03,300,0
MGMT.US,5,20251216,215000,45.25,45.25,45.2318,45.2318,412,0
MGMT.US,5,20251217,153500,45.4,45.4,45.4,45.4,100,0
MGMT.US,5,20251217,154000,45.37,45.37,45.23,45.23,1400,0
MGMT.US,5,20251217,162000,45.57,45.57,45.57,45.57,100,0
MGMT.US,5,20251217,175000,45.01,45.01,44.98,44.98,300,0
MGMT.US,5,20251217,200000,44.92,44.92,44.91,44.91,5455,0
MGMT.US,5,20251217,200500,44.91,44.91,44.91,44.91,100,0
MGMT.US,5,20251217,201500,44.99,45.01,44.99,45.01,300,0
MGMT.US,5,20251217,202000,45.04,45.04,44.92,44.92,700,0
MGMT.US,5,20251217,202500,45.04,45.05,45.04,45.04,300,0
MGMT.US,5,20251217,213500,44.99,44.99,44.98,44.98,200,0
MGMT.US,5,20251218,153000,45.37,45.37,45.37,45.37,6218,0
MGMT.US,5,20251218,160500,45.42,45.43,45.32,45.32,1620,0
MGMT.US,5,20251218,162000,45.27,45.27,45.27,45.27,200,0
MGMT.US,5,20251218,162500,45.28,45.28,45.28,45.28,100,0
MGMT.US,5,20251218,164000,45.49,45.49,45.49,45.49,100,0
MGMT.US,5,20251218,180500,45.21,45.21,45.21,45.21,100,0
MGMT.US,5,20251218,184500,45.34,45.34,45.262,45.262,1131,0
MGMT.US,5,20251218,190000,45.23,45.23,45.23,45.23,200,0
MGMT.US,5,20251218,200000,45.26,45.26,45.25,45.25,600,0
MGMT.US,5,20251218,205000,45.11,45.11,45.11,45.11,538,0
MGMT.US,5,20251218,213000,45.27,45.27,45.27,45.27,500,0
MGMT.US,5,20251218,215500,45.13,45.13,45.13,45.13,100,0
MGMT.US,5,20251219,161500,45.17,45.17,45.17,45.17,100,0
MGMT.US,5,20251219,175500,45.2675,45.3,45.2675,45.3,746,0
MGMT.US,5,20251219,182000,45.29,45.29,45.29,45.29,100,0
MGMT.US,5,20251219,182500,45.2696,45.2696,45.2696,45.2696,484,0
MGMT.US,5,20251219,184000,45.27,45.27,45.27,45.27,800,0
MGMT.US,5,20251219,194500,45.0741,45.0741,45.0741,45.0741,188,0
MGMT.US,5,20251219,213000,45.12,45.12,45.12,45.12,200,0
MGMT.US,5,20251219,215500,45.13,45.13,45.13,45.13,100,0
MGMT.US,5,20251222,155000,45.3,45.3,45.3,45.3,100,0
MGMT.US,5,20251222,183000,45.3346,45.3346,45.3346,45.3346,338,0
MGMT.US,5,20251222,184500,45.3041,45.3041,45.3041,45.3041,548,0
MGMT.US,5,20251222,193000,45.3232,45.3232,45.3232,45.3232,264,0
MGMT.US,5,20251222,203000,45.245,45.245,45.245,45.245,223,0
MGMT.US,5,20251222,211000,45.26,45.26,45.26,45.26,300,0
MGMT.US,5,20251222,213000,45.151,45.23,45.151,45.22,2682,0
MGMT.US,5,20251222,213500,45.26,45.26,45.19,45.19,3638,0
MGMT.US,5,20251222,214000,45.24,45.25,45.24,45.25,400,0
MGMT.US,5,20251222,215500,45.19,45.24,45.12,45.12,1748,0
MGMT.US,5,20251223,153000,44.95,45.0156,44.95,44.97,600,0
MGMT.US,5,20251223,154000,45.15,45.15,45.14,45.14,200,0
MGMT.US,5,20251223,155500,45.12,45.12,45.12,45.12,100,0
MGMT.US,5,20251223,160000,45.2196,45.2196,45.2196,45.2196,158,0
MGMT.US,5,20251223,160500,45.0101,45.0101,45.0101,45.0101,122,0
MGMT.US,5,20251223,170000,45.186279,45.186279,45.13,45.13,362,0
MGMT.US,5,20251223,180000,45.12,45.12,45.12,45.12,205,0
MGMT.US,5,20251223,185500,45.14,45.14,45.14,45.14,163,0
MGMT.US,5,20251223,192500,45.16,45.17,45.16,45.17,200,0
MGMT.US,5,20251223,194000,45.12,45.155,45.12,45.155,326,0
MGMT.US,5,20251223,194500,45.12,45.12,45.12,45.12,300,0
MGMT.US,5,20251223,200000,45.14,45.14,45.14,45.14,2529,0
MGMT.US,5,20251223,201000,45.145,45.145,45.145,45.145,117,0
MGMT.US,5,20251223,201500,45.15,45.15,45.15,45.15,1920,0
MGMT.US,5,20251223,203000,45.2,45.2,45.2,45.2,100,0
MGMT.US,5,20251223,205000,45.19,45.19,45.19,45.19,100,0
MGMT.US,5,20251224,160500,45.15,45.17,45.15,45.17,200,0
MGMT.US,5,20251224,161000,45.1341,45.1341,45.1341,45.1341,316,0
MGMT.US,5,20251224,163500,45.1067,45.1067,45.1067,45.1067,192,0
MGMT.US,5,20251224,175000,45.1713,45.1713,45.1713,45.1713,802,0
MGMT.US,5,20251224,183500,45.255,45.255,45.255,45.255,110,0
MGMT.US,5,20251224,185500,45.18,45.31,45.18,45.31,622,0
MGMT.US,5,20251226,191000,45.14,45.14,45.14,45.14,100,0
MGMT.US,5,20251226,202500,44.97,44.97,44.97,44.97,345,0
MGMT.US,5,20251226,215500,45.21,45.21,45.21,45.21,160,0
MGMT.US,5,20251229,164000,44.9499,44.9499,44.9499,44.9499,289,0
MGMT.US,5,20251229,180500,44.9028,44.9028,44.9028,44.9028,142,0
MGMT.US,5,20251229,182000,44.8998,44.8998,44.835,44.835,2011,0
MGMT.US,5,20251229,185500,44.8259,44.8259,44.8259,44.8259,101,0
MGMT.US,5,20251229,190500,44.91,44.91,44.9098,44.91,477,0
MGMT.US,5,20251229,191000,44.852,44.852,44.852,44.852,193,0
MGMT.US,5,20251229,194000,44.81,44.8521,44.81,44.852,510,0
MGMT.US,5,20251229,195000,44.89,44.89,44.89,44.89,2525,0
MGMT.US,5,20251229,203500,44.815,44.8151,44.75,44.75,2236,0
MGMT.US,5,20251229,215500,44.95,44.95,44.82,44.82,290,0
MGMT.US,5,20251230,155500,44.83,44.83,44.83,44.83,100,0
MGMT.US,5,20251230,170500,44.8132,44.8132,44.8132,44.8132,183,0
MGMT.US,5,20251230,181500,44.7307,44.7307,44.7307,44.7307,180,0
MGMT.US,5,20251230,183500,44.8,44.8,44.78,44.78,312,0
MGMT.US,5,20251230,184000,44.86,44.878,44.86,44.878,336,0
MGMT.US,5,20251230,192500,44.83,44.83,44.83,44.83,246,0
MGMT.US,5,20251230,202000,44.7501,44.7501,44.7501,44.7501,195,0
MGMT.US,5,20251230,212500,44.859,44.859,44.77,44.77,879,0
MGMT.US,5,20251230,213000,44.88,44.88,44.88,44.88,100,0
MGMT.US,5,20251230,215500,44.6,44.73,44.6,44.73,1034,0
MGMT.US,5,20251231,155000,44.65,44.65,44.65,44.65,200,0
MGMT.US,5,20251231,160000,44.64,44.64,44.64,44.64,148,0
MGMT.US,5,20251231,180000,44.43,44.43,44.401974,44.401974,219,0
MGMT.US,5,20251231,194500,44.4233,44.43,44.4233,44.43,538,0
MGMT.US,5,20251231,200500,44.52,44.52,44.52,44.52,100,0
MGMT.US,5,20251231,203000,44.4,44.4,44.4,44.4,100,0
MGMT.US,5,20251231,213500,44.35,44.35,44.35,44.35,100,0
MGMT.US,5,20260102,153000,44.315,44.315,44.315,44.315,100,0
MGMT.US,5,20260102,155000,44.39,44.39,44.39,44.39,400,0
MGMT.US,5,20260102,161500,44.36,44.36,44.36,44.36,396,0
MGMT.US,5,20260102,162500,44.23,44.23,44.23,44.23,300,0
MGMT.US,5,20260102,163000,44.37,44.37,44.325,44.325,1251,0
MGMT.US,5,20260102,165500,44.43,44.43,44.43,44.43,1012,0
MGMT.US,5,20260102,172500,44.48,44.48,44.48,44.48,7748,0
MGMT.US,5,20260102,173000,44.55,44.55,44.55,44.55,100,0
MGMT.US,5,20260102,175000,44.36,44.36,44.36,44.36,100,0
MGMT.US,5,20260102,190000,44.53,44.53,44.53,44.53,100,0
MGMT.US,5,20260102,195000,44.255,44.255,44.255,44.255,200,0
MGMT.US,5,20260102,200000,44.33,44.35,44.33,44.35,200,0
MGMT.US,5,20260102,213500,44.42,44.42,44.42,44.42,1392,0
MGMT.US,5,20260102,215500,44.51,44.52,44.51,44.52,773,0
MGMT.US,5,20260105,153000,44.8399,44.847,44.8399,44.847,1380,0
MGMT.US,5,20260105,153500,44.89,44.89,44.89,44.89,400,0
MGMT.US,5,20260105,160000,45.04,45.07,45.04,45.06,300,0
MGMT.US,5,20260105,161000,45.04,45.04,45.04,45.04,100,0
MGMT.US,5,20260105,161500,45.05,45.05,45.05,45.05,200,0
MGMT.US,5,20260105,162000,45.12,45.15,45.12,45.15,300,0
MGMT.US,5,20260105,165000,45.17,45.17,45.17,45.17,300,0
MGMT.US,5,20260105,170500,45.1,45.1,45.1,45.1,100,0
MGMT.US,5,20260105,174500,45.24,45.24,45.24,45.24,200,0
MGMT.US,5,20260105,175000,45.215,45.215,45.215,45.215,100,0
MGMT.US,5,20260105,180000,45.39,45.39,45.39,45.39,100,0
MGMT.US,5,20260105,181000,45.4153,45.4153,45.4153,45.4153,176,0
MGMT.US,5,20260105,185500,45.435,45.435,45.435,45.435,274,0
MGMT.US,5,20260105,191500,45.505,45.505,45.505,45.505,121,0
MGMT.US,5,20260105,201500,45.5,45.5,45.5,45.5,200,0
MGMT.US,5,20260105,204000,45.48,45.48,45.48,45.48,100,0
MGMT.US,5,20260105,210000,45.485,45.485,45.44,45.44,731,0
MGMT.US,5,20260105,215500,45.42,45.42,45.42,45.42,100,0
MGMT.US,5,20260106,153000,45.45,45.45,45.45,45.45,100,0
MGMT.US,5,20260106,154000,45.3,45.3,45.3,45.3,200,0
MGMT.US,5,20260106,160500,45.25,45.25,45.25,45.25,100,0
MGMT.US,5,20260106,164000,45.22,45.2201,45.22,45.2201,620,0
MGMT.US,5,20260106,172500,45.33,45.33,45.33,45.33,100,0
MGMT.US,5,20260106,191000,45.65,45.65,45.65,45.65,220,0
MGMT.US,5,20260106,195000,45.695,45.695,45.695,45.695,119,0
MGMT.US,5,20260106,195500,45.63,45.63,45.63,45.63,100,0
MGMT.US,5,20260106,202500,45.66,45.66,45.66,45.66,100,0
MGMT.US,5,20260106,211500,45.89,45.89,45.89,45.89,170,0
MGMT.US,5,20260106,215500,45.83,45.95,45.83,45.95,369,0
MGMT.US,5,20260107,161500,45.52,45.52,45.52,45.52,100,0
MGMT.US,5,20260107,164500,45.6,45.6,45.5999,45.5999,241,0
MGMT.US,5,20260107,174500,45.6,45.6,45.6,45.6,100,0
MGMT.US,5,20260107,182500,45.6956,45.6956,45.6956,45.6956,347,0
MGMT.US,5,20260107,183500,45.63,45.63,45.5959,45.5959,1160,0
MGMT.US,5,20260107,185000,45.58,45.58,45.58,45.58,100,0
MGMT.US,5,20260107,200000,45.5559,45.5559,45.5559,45.5559,284,0
MGMT.US,5,20260107,201000,45.611579,45.611579,45.611579,45.611579,156,0
MGMT.US,5,20260107,203000,45.63,45.64,45.63,45.64,400,0
MGMT.US,5,20260107,210500,45.58,45.59,45.58,45.59,400,0
MGMT.US,5,20260107,213500,45.56,45.56,45.56,45.56,100,0
MGMT.US,5,20260107,215000,45.56,45.56,45.56,45.56,100,0
MGMT.US,5,20260107,215500,45.59,45.59,45.59,45.59,252,0
MGMT.US,5,20260108,161500,45.87,45.87,45.87,45.87,171,0
MGMT.US,5,20260108,163000,45.99,45.99,45.99,45.99,100,0
MGMT.US,5,20260108,175500,46.05,46.17,46.04,46.0401,15994,0
MGMT.US,5,20260108,182000,46.08,46.08,46.08,46.08,200,0
MGMT.US,5,20260108,185500,46.3488,46.35,46.3488,46.35,2036,0
MGMT.US,5,20260108,190000,46.3599,46.3599,46.24,46.24,423,0
MGMT.US,5,20260108,191000,46.32,46.32,46.32,46.32,200,0
MGMT.US,5,20260108,192500,46.21,46.21,46.21,46.21,100,0
MGMT.US,5,20260108,202000,46.378,46.378,46.378,46.378,1312,0
MGMT.US,5,20260108,203500,46.39,46.52,46.39,46.52,299,0
MGMT.US,5,20260108,214500,46.425,46.425,46.425,46.425,111,0
MGMT.US,5,20260108,215500,46.4668,46.4668,46.4668,46.4668,123,0
MGMT.US,5,20260109,162500,46.946,46.946,46.946,46.946,127,0
MGMT.US,5,20260109,193500,47.35,47.35,47.3377,47.3377,500,0
MGMT.US,5,20260109,195000,47.35,47.35,47.35,47.35,400,0
MGMT.US,5,20260109,201500,47.28,47.28,47.25149,47.25149,277,0
MGMT.US,5,20260109,202000,47.2,47.2,47.2,47.2,397,0
MGMT.US,5,20260109,212000,47.3,47.3,47.3,47.3,100,0
MGMT.US,5,20260109,213500,47.2877,47.2877,47.2877,47.2877,471,0
MGMT.US,5,20260109,214500,47.22,47.2201,47.22,47.22,400,0
MGMT.US,5,20260112,153500,47.065,47.065,47.065,47.065,138,0
MGMT.US,5,20260112,163000,47.12,47.12,47.12,47.12,230,0
MGMT.US,5,20260112,181000,47.33,47.33,47.33,47.33,200,0
MGMT.US,5,20260112,194000,47.4348,47.4348,47.4348,47.4348,125,0
MGMT.US,5,20260112,201000,47.398173,47.398173,47.398173,47.398173,112,0
MGMT.US,5,20260112,211000,47.26,47.26,47.21,47.21,847,0
MGMT.US,5,20260113,153500,47.43,47.43,47.43,47.43,1057,0
MGMT.US,5,20260113,171000,47.535,47.535,47.535,47.535,128,0
MGMT.US,5,20260113,183500,47.657,47.657,47.657,47.657,128,0
MGMT.US,5,20260113,193500,47.66,47.66,47.66,47.66,100,0
MGMT.US,5,20260113,202000,47.69,47.69,47.69,47.69,469,0
MGMT.US,5,20260113,203500,47.6881,47.6881,47.6881,47.6881,230,0
MGMT.US,5,20260114,162000,47.71,47.7101,47.71,47.7101,1082,0
MGMT.US,5,20260114,164500,47.6259,47.6259,47.6259,47.6259,252,0
MGMT.US,5,20260114,192500,47.65,47.65,47.65,47.65,100,0
MGMT.US,5,20260114,200000,47.88,47.88,47.88,47.88,229,0
MGMT.US,5,20260114,201500,47.78,47.89,47.78,47.89,1072,0
MGMT.US,5,20260114,203500,47.7,47.7,47.7,47.7,100,0
MGMT.US,5,20260114,210000,47.765,47.765,47.765,47.765,627,0
MGMT.US,5,20260114,215500,47.54,47.54,47.54,47.54,579,0
MGMT.US,5,20260115,165000,48.545,48.545,48.545,48.545,109,0
MGMT.US,5,20260115,171000,48.655,48.655,48.655,48.655,154,0
MGMT.US,5,20260115,192000,48.7699,48.7699,48.7699,48.7699,102,0
MGMT.US,5,20260115,194500,48.66,48.66,48.66,48.66,287,0
MGMT.US,5,20260115,195500,48.65,48.6501,48.65,48.6501,800,0
MGMT.US,5,20260115,203000,48.6377,48.6377,48.6377,48.6377,600,0
MGMT.US,5,20260115,214000,48.7533,48.8,48.7533,48.8,376,0
MGMT.US,5,20260116,172000,48.47,48.47,48.47,48.47,100,0
MGMT.US,5,20260116,210500,48.48,48.4801,48.47,48.4701,748,0
MGMT.US,5,20260116,211500,48.545,48.545,48.545,48.545,139,0
MGMT.US,5,20260116,213000,48.5206,48.5206,48.5206,48.5206,160,0
MGMT.US,5,20260120,161000,47.95,47.95,47.95,47.95,1752,0
MGMT.US,5,20260120,182000,48.34,48.34,48.22,48.22,208,0
MGMT.US,5,20260120,191000,48.2646,48.2646,48.2646,48.2646,171,0
MGMT.US,5,20260120,194000,48.268,48.268,48.268,48.268,425,0
MGMT.US,5,20260120,194500,48.258,48.258,48.258,48.258,129,0
MGMT.US,5,20260120,201000,48.158,48.158,48.158,48.158,1357,0
MGMT.US,5,20260120,202500,48.1079,48.17,48.1079,48.17,543,0
MGMT.US,5,20260120,211000,48.02,48.02,48.02,48.02,204,0
MGMT.US,5,20260120,214000,48.03,48.03,48.03,48.03,1865,0
MGMT.US,5,20260120,215000,48.0896,48.0896,48.0896,48.0896,103,0
MGMT.US,5,20260121,154000,48.51,48.51,48.51,48.51,235,0
MGMT.US,5,20260121,174500,48.4799,48.4799,48.4799,48.4799,199,0
MGMT.US,5,20260121,180500,48.33,48.33,48.3299,48.3299,200,0
MGMT.US,5,20260121,182000,48.26,48.26,48.205,48.205,870,0
MGMT.US,5,20260121,184500,48.19,48.21,48.19,48.21,5899,0
MGMT.US,5,20260121,185000,48.1529,48.1529,48.1,48.1,211,0
MGMT.US,5,20260121,185500,48.33,48.33,48.2509,48.2509,1800,0
MGMT.US,5,20260121,190000,48.2836,48.2836,48.14,48.14,345,0
MGMT.US,5,20260121,204500,49.02,49.02,49.02,49.02,141,0
MGMT.US,5,20260121,213500,48.83,48.83,48.83,48.83,1059,0
MGMT.US,5,20260121,215500,48.92,48.92,48.92,48.92,1205,0
MGMT.US,5,20260122,175500,49.27,49.27,49.2699,49.2699,2000,0
MGMT.US,5,20260122,181000,49.2404,49.2404,49.2404,49.2404,215,0
MGMT.US,5,20260122,191000,49.165,49.165,49.165,49.165,140,0
MGMT.US,5,20260122,191500,49.11,49.11,49.11,49.11,115,0
MGMT.US,5,20260122,203000,49.06,49.06,49.06,49.06,156,0
MGMT.US,5,20260122,212500,48.93,48.93,48.93,48.93,142,0
MGMT.US,5,20260123,153000,48.853,48.853,48.853,48.853,112,0
MGMT.US,5,20260123,162500,48.4704,48.4704,48.4704,48.4704,270,0
MGMT.US,5,20260123,180000,48.39,48.4,48.3899,48.3899,400,0
MGMT.US,5,20260123,190500,48.1003,48.1003,48.1003,48.1003,189,0
MGMT.US,5,20260123,203500,48.08,48.08,48.03,48.03,200,0
MGMT.US,5,20260123,214000,48.0865,48.0865,48.0865,48.0865,196,0
