<TICKER>,<PER>,<DATE>,<TIME>,<OPEN>,<HIGH>,<LOW>,<CLOSE>,<VOL>,<OPENINT>
PCRB.US,5,20250829,171500,49.01,49.01,49.01,49.01,29338,0
PCRB.US,5,20250902,171000,48.89,48.89,48.89,48.89,957,0
PCRB.US,5,20250903,161500,49.06,49.06,49.06,49.06,100,0
PCRB.US,5,20250903,172000,49.01,49.01,49.01,49.01,24142,0
PCRB.US,5,20250904,170500,49.12,49.12,49.12,49.12,20523,0
PCRB.US,5,20250905,173500,49.51,49.51,49.51,49.51,7771,0
PCRB.US,5,20250905,174500,49.4916,49.4916,49.4916,49.4916,106,0
PCRB.US,5,20250908,162000,49.5957,49.5957,49.5957,49.5957,402,0
PCRB.US,5,20250908,171000,49.61,49.61,49.61,49.61,18570,0
PCRB.US,5,20250909,174000,49.54,49.54,49.54,49.54,1414,0
PCRB.US,5,20250909,185500,49.55,49.55,49.55,49.55,100,0
PCRB.US,5,20250909,190000,49.57,49.57,49.57,49.57,100,0
PCRB.US,5,20250909,190500,49.58,49.58,49.58,49.58,200,0
PCRB.US,5,20250909,191500,49.59,49.59,49.59,49.59,200,0
PCRB.US,5,20250909,192500,49.59,49.59,49.59,49.59,200,0
PCRB.US,5,20250909,193000,49.61,49.61,49.61,49.61,100,0
PCRB.US,5,20250909,193500,49.61,49.61,49.61,49.61,100,0
PCRB.US,5,20250909,194000,49.61,49.61,49.61,49.61,100,0
PCRB.US,5,20250909,194500,49.61,49.61,49.61,49.61,200,0
PCRB.US,5,20250909,195000,49.61,49.61,49.61,49.61,100,0
PCRB.US,5,20250909,195500,49.61,49.61,49.61,49.61,100,0
PCRB.US,5,20250909,200000,49.61,49.61,49.61,49.61,200,0
PCRB.US,5,20250909,200500,49.62,49.62,49.62,49.62,100,0
PCRB.US,5,20250909,201000,49.62,49.62,49.62,49.62,100,0
PCRB.US,5,20250909,201500,49.62,49.62,49.62,49.62,200,0
PCRB.US,5,20250909,202000,49.6,49.6,49.6,49.6,100,0
PCRB.US,5,20250909,202500,49.6,49.6,49.6,49.6,100,0
PCRB.US,5,20250909,203000,49.61,49.61,49.61,49.61,100,0
PCRB.US,5,20250909,203500,49.6,49.6,49.6,49.6,200,0
PCRB.US,5,20250909,204000,49.6,49.6,49.6,49.6,100,0
PCRB.US,5,20250909,204500,49.6,49.6,49.6,49.6,100,0
PCRB.US,5,20250909,205000,49.6,49.61,49.6,49.61,200,0
PCRB.US,5,20250909,205500,49.61,49.61,49.61,49.61,100,0
PCRB.US,5,20250909,210000,49.61,49.61,49.6,49.6,200,0
PCRB.US,5,20250909,210500,49.61,49.61,49.61,49.61,100,0
PCRB.US,5,20250909,211000,49.61,49.61,49.61,49.61,200,0
PCRB.US,5,20250909,211500,49.61,49.61,49.61,49.61,200,0
PCRB.US,5,20250909,212000,49.61,49.61,49.61,49.61,100,0
PCRB.US,5,20250909,212500,49.61,49.61,49.61,49.61,200,0
PCRB.US,5,20250909,213000,49.61,49.61,49.61,49.61,200,0
PCRB.US,5,20250909,213500,49.6,49.6,49.59,49.59,200,0
PCRB.US,5,20250909,214000,49.59,49.59,49.58,49.58,300,0
PCRB.US,5,20250909,214500,49.58,49.59,49.58,49.58,300,0
PCRB.US,5,20250909,215000,49.58,49.58,49.58,49.58,600,0
PCRB.US,5,20250909,215500,49.58,49.59,49.58,49.59,1500,0
PCRB.US,5,20250910,161500,49.61,49.73,49.61,49.73,600,0
PCRB.US,5,20250910,170500,49.62,49.62,49.62,49.62,5379,0
PCRB.US,5,20250911,173500,49.715,49.715,49.715,49.715,2000,0
PCRB.US,5,20250911,180000,49.75,49.75,49.75,49.75,3079,0
PCRB.US,5,20250911,200000,49.68,49.68,49.68,49.68,100,0
PCRB.US,5,20250911,205000,49.72,49.72,49.72,49.72,100,0
PCRB.US,5,20250911,205500,49.72,49.735,49.69,49.7,400,0
PCRB.US,5,20250911,210500,49.755,49.755,49.72,49.72,200,0
PCRB.US,5,20250911,211000,49.755,49.755,49.755,49.755,100,0
PCRB.US,5,20250911,211500,49.755,49.755,49.755,49.755,100,0
PCRB.US,5,20250911,212000,49.755,49.755,49.755,49.755,200,0
PCRB.US,5,20250911,212500,49.755,49.755,49.745,49.745,200,0
PCRB.US,5,20250911,213000,49.73,49.73,49.73,49.73,200,0
PCRB.US,5,20250911,213500,49.73,49.73,49.7,49.72,300,0
PCRB.US,5,20250911,214000,49.72,49.72,49.72,49.72,300,0
PCRB.US,5,20250911,214500,49.74,49.74,49.735,49.735,300,0
PCRB.US,5,20250911,215000,49.735,49.74,49.72,49.725,600,0
PCRB.US,5,20250911,215500,49.725,49.725,49.725,49.725,400,0
PCRB.US,5,20250912,171000,49.61,49.64,49.61,49.64,2539,0
PCRB.US,5,20250915,174500,49.79,49.79,49.79,49.79,17296,0
PCRB.US,5,20250916,170500,49.8393,49.8393,49.8393,49.8393,636,0
PCRB.US,5,20250916,172000,49.81,49.81,49.81,49.81,29217,0
PCRB.US,5,20250917,173000,49.82,49.82,49.82,49.82,213,0
PCRB.US,5,20250917,183500,49.81,49.8399,49.81,49.81,4655,0
PCRB.US,5,20250918,172500,49.61,49.61,49.61,49.61,12884,0
PCRB.US,5,20250918,174500,49.59,49.59,49.59,49.59,100,0
PCRB.US,5,20250918,180500,49.61,49.61,49.61,49.61,100,0
PCRB.US,5,20250918,181500,49.62,49.62,49.62,49.62,100,0
PCRB.US,5,20250918,182500,49.64,49.64,49.64,49.64,100,0
PCRB.US,5,20250918,184000,49.65,49.65,49.65,49.65,100,0
PCRB.US,5,20250918,185500,49.67,49.67,49.67,49.67,100,0
PCRB.US,5,20250918,190500,49.65,49.65,49.65,49.65,100,0
PCRB.US,5,20250918,192000,49.67,49.67,49.67,49.67,100,0
PCRB.US,5,20250918,193500,49.66,49.66,49.66,49.66,100,0
PCRB.US,5,20250918,194500,49.66,49.66,49.66,49.66,100,0
PCRB.US,5,20250918,200000,49.67,49.67,49.67,49.67,100,0
PCRB.US,5,20250918,201000,49.65,49.65,49.65,49.65,100,0
PCRB.US,5,20250918,202500,49.645,49.645,49.645,49.645,100,0
PCRB.US,5,20250918,203500,49.64,49.64,49.64,49.64,100,0
PCRB.US,5,20250918,205000,49.65,49.65,49.65,49.65,100,0
PCRB.US,5,20250918,210000,49.65,49.65,49.65,49.65,100,0
PCRB.US,5,20250918,211000,49.65,49.65,49.65,49.65,100,0
PCRB.US,5,20250918,212000,49.65,49.65,49.65,49.65,100,0
PCRB.US,5,20250918,213000,49.64,49.64,49.64,49.64,100,0
PCRB.US,5,20250918,213500,49.63,49.63,49.63,49.63,100,0
PCRB.US,5,20250918,214500,49.62,49.62,49.62,49.62,100,0
PCRB.US,5,20250918,215000,49.62,49.62,49.62,49.62,200,0
PCRB.US,5,20250919,171500,49.58,49.58,49.58,49.58,754,0
PCRB.US,5,20250919,215500,49.62,49.62,49.62,49.62,100,0
PCRB.US,5,20250922,172000,49.57,49.58,49.57,49.58,3255,0
PCRB.US,5,20250923,162000,49.41,49.41,49.41,49.41,100,0
PCRB.US,5,20250923,171500,49.41,49.41,49.41,49.41,2100,0
PCRB.US,5,20250923,172000,49.4,49.4,49.4,49.4,100,0
PCRB.US,5,20250923,215500,49.48,49.48,49.48,49.48,100,0
PCRB.US,5,20250924,172500,49.4,49.4,49.4,49.4,44530,0
PCRB.US,5,20250924,184000,49.4,49.4,49.4,49.4,100,0
PCRB.US,5,20250924,185000,49.4,49.4,49.4,49.4,200,0
PCRB.US,5,20250925,193500,49.27,49.27,49.27,49.27,6236,0
PCRB.US,5,20250925,204500,49.2851,49.2851,49.2851,49.2851,152,0
PCRB.US,5,20250926,164000,49.345,49.345,49.345,49.345,2100,0
PCRB.US,5,20250926,172000,49.32,49.32,49.32,49.32,100,0
PCRB.US,5,20250926,190500,49.3,49.3,49.3,49.3,33250,0
PCRB.US,5,20250929,162000,49.4112,49.4112,49.4112,49.4112,540,0
PCRB.US,5,20250929,163500,49.43,49.43,49.43,49.43,100,0
PCRB.US,5,20250929,170500,49.44,49.44,49.44,49.44,23653,0
PCRB.US,5,20250929,182000,49.4238,49.4238,49.4238,49.4238,170,0
PCRB.US,5,20250930,171500,49.461,49.461,49.461,49.461,175,0
PCRB.US,5,20250930,200500,49.42,49.42,49.42,49.42,300,0
PCRB.US,5,20250930,211000,49.405,49.405,49.405,49.405,100,0
PCRB.US,5,20250930,215500,49.405,49.42,49.405,49.405,1500,0
PCRB.US,5,20251001,172500,49.4833,49.4833,49.4833,49.4833,249,0
PCRB.US,5,20251002,174000,49.55,49.55,49.55,49.55,12136,0
PCRB.US,5,20251003,173000,49.57,49.57,49.57,49.57,704,0
PCRB.US,5,20251006,174000,49.45,49.45,49.45,49.45,143,0
PCRB.US,5,20251006,174500,49.47,49.47,49.47,49.47,10762,0
PCRB.US,5,20251007,153500,49.4345,49.4345,49.4345,49.4345,106,0
PCRB.US,5,20251007,171500,49.5,49.5,49.5,49.5,23422,0
PCRB.US,5,20251008,170500,49.55,49.55,49.55,49.55,4048,0
PCRB.US,5,20251009,175500,49.48,49.48,49.48,49.48,16083,0
PCRB.US,5,20251009,195000,49.43,49.43,49.43,49.43,200,0
PCRB.US,5,20251009,204000,49.42,49.42,49.42,49.42,100,0
PCRB.US,5,20251009,211000,49.42,49.42,49.42,49.42,100,0
PCRB.US,5,20251009,211500,49.42,49.42,49.42,49.42,200,0
PCRB.US,5,20251010,204000,49.66,49.66,49.66,49.66,200,0
PCRB.US,5,20251013,181500,49.66,49.66,49.66,49.66,8403,0
PCRB.US,5,20251014,202000,49.74,49.74,49.74,49.74,21244,0
PCRB.US,5,20251014,205500,49.7499,49.7499,49.7499,49.7499,828,0
PCRB.US,5,20251014,210000,49.745,49.84,49.745,49.835,2529,0
PCRB.US,5,20251014,213000,49.79,49.79,49.76,49.76,700,0
PCRB.US,5,20251015,181000,49.81,49.81,49.81,49.81,100,0
PCRB.US,5,20251015,190000,49.76,49.8,49.75,49.8,17954,0
PCRB.US,5,20251016,171000,49.8,49.8,49.8,49.8,34318,0
PCRB.US,5,20251016,183000,49.9,49.9,49.89,49.89,700,0
PCRB.US,5,20251016,183500,49.89,49.89,49.89,49.89,400,0
PCRB.US,5,20251016,204000,49.94,49.94,49.94,49.94,413,0
PCRB.US,5,20251017,183500,49.87,49.87,49.87,49.87,8529,0
PCRB.US,5,20251017,204500,49.87,49.87,49.87,49.87,1000,0
PCRB.US,5,20251020,170500,49.91,49.91,49.9,49.9,600,0
PCRB.US,5,20251020,175500,49.91,49.91,49.91,49.91,200,0
PCRB.US,5,20251020,194000,49.94,49.94,49.94,49.94,28335,0
PCRB.US,5,20251020,195500,49.92,49.92,49.92,49.92,100,0
PCRB.US,5,20251021,171500,50.08,50.08,50.08,50.08,3887,0
PCRB.US,5,20251021,173000,50.04,50.04,50.03,50.03,200,0
PCRB.US,5,20251021,173500,50.03,50.03,50.03,50.03,100,0
PCRB.US,5,20251021,180000,50.02,50.02,50.02,50.02,100,0
PCRB.US,5,20251022,170500,50.01,50.01,50.01,50.01,3725,0
PCRB.US,5,20251023,190000,49.75,49.75,49.75,49.75,39129,0
PCRB.US,5,20251024,161500,49.7896,49.7896,49.7896,49.7896,142,0
PCRB.US,5,20251024,172500,49.78,49.78,49.78,49.78,6527,0
PCRB.US,5,20251024,191000,49.76,49.76,49.76,49.76,100,0
PCRB.US,5,20251027,161000,49.76,49.76,49.76,49.76,5510,0
PCRB.US,5,20251027,163500,49.74,49.74,49.74,49.74,340,0
PCRB.US,5,20251027,184000,49.78,49.78,49.78,49.78,200,0
PCRB.US,5,20251027,185000,49.78,49.78,49.78,49.78,100,0
PCRB.US,5,20251027,193500,49.78,49.78,49.78,49.78,100,0
PCRB.US,5,20251027,201000,49.8,49.8,49.8,49.8,100,0
PCRB.US,5,20251027,205000,49.8,49.8,49.8,49.8,100,0
PCRB.US,5,20251028,143000,49.79,49.79,49.79,49.79,300,0
PCRB.US,5,20251028,150000,49.8,49.8,49.79,49.79,200,0
PCRB.US,5,20251028,150500,49.79,49.79,49.78,49.78,500,0
PCRB.US,5,20251028,151000,49.79,49.79,49.79,49.79,100,0
PCRB.US,5,20251028,161500,49.81,49.81,49.81,49.81,100,0
PCRB.US,5,20251028,171000,49.82,49.82,49.82,49.82,100,0
PCRB.US,5,20251028,173500,49.79,49.79,49.79,49.79,100,0
PCRB.US,5,20251028,174500,49.8,49.8,49.8,49.8,100,0
PCRB.US,5,20251029,162000,49.85,49.85,49.85,49.85,21027,0
PCRB.US,5,20251030,174500,49.55,49.58,49.55,49.58,31126,0
PCRB.US,5,20251030,200500,49.5002,49.5002,49.5002,49.5002,1553,0
PCRB.US,5,20251031,163000,49.53,49.53,49.53,49.53,6008,0
PCRB.US,5,20251103,162000,49.467,49.467,49.467,49.467,705,0
PCRB.US,5,20251103,173500,49.42,49.42,49.42,49.42,11579,0
PCRB.US,5,20251103,183000,49.406,49.406,49.406,49.406,106,0
PCRB.US,5,20251104,165500,49.5099,49.5099,49.5099,49.5099,1903,0
PCRB.US,5,20251105,172000,49.34,49.34,49.32,49.32,47062,0
PCRB.US,5,20251106,165000,49.5,49.5199,49.5,49.5199,200,0
PCRB.US,5,20251106,181500,49.54,49.54,49.54,49.54,14337,0
PCRB.US,5,20251107,172000,49.57,49.57,49.57,49.57,24335,0
PCRB.US,5,20251107,192000,49.5301,49.5301,49.5301,49.5301,179,0
PCRB.US,5,20251110,171000,49.5,49.5,49.5,49.5,1422,0
PCRB.US,5,20251110,183500,49.474,49.474,49.474,49.474,106,0
PCRB.US,5,20251111,172000,49.59,49.59,49.59,49.59,3785,0
PCRB.US,5,20251112,173000,49.58,49.58,49.58,49.58,7987,0
PCRB.US,5,20251113,172500,49.52,49.52,49.52,49.52,10677,0
PCRB.US,5,20251113,212500,49.4834,49.4834,49.4834,49.4834,1578,0
PCRB.US,5,20251114,185500,49.43,49.43,49.43,49.43,79133,0
PCRB.US,5,20251114,190500,49.416,49.416,49.416,49.416,106,0
PCRB.US,5,20251117,153000,49.4001,49.4001,49.4001,49.4001,125,0
PCRB.US,5,20251117,171500,49.45,49.45,49.45,49.45,19346,0
PCRB.US,5,20251117,202000,49.41,49.41,49.41,49.41,100,0
PCRB.US,5,20251118,163000,49.47,49.47,49.46,49.46,300,0
PCRB.US,5,20251118,170000,49.475,49.475,49.475,49.475,529,0
PCRB.US,5,20251119,163500,49.4636,49.4636,49.4636,49.4636,309,0
PCRB.US,5,20251119,171000,49.47,49.47,49.47,49.47,861,0
PCRB.US,5,20251119,174000,49.47,49.47,49.47,49.47,100,0
PCRB.US,5,20251119,175000,49.5072,49.5072,49.5072,49.5072,276,0
PCRB.US,5,20251120,183000,49.53,49.53,49.53,49.53,6686,0
PCRB.US,5,20251120,214000,49.48,49.48,49.48,49.48,851,0
PCRB.US,5,20251121,173000,49.44,49.44,49.44,49.44,100,0
PCRB.US,5,20251121,174000,49.43,49.43,49.43,49.43,100,0
PCRB.US,5,20251121,174500,49.38,49.43,49.38,49.43,16288,0
PCRB.US,5,20251121,175000,49.42,49.42,49.42,49.42,100,0
PCRB.US,5,20251121,180000,49.41,49.41,49.41,49.41,100,0
PCRB.US,5,20251121,180500,49.41,49.41,49.41,49.41,100,0
PCRB.US,5,20251121,181500,49.41,49.41,49.41,49.41,100,0
PCRB.US,5,20251121,182000,49.4,49.4,49.4,49.4,100,0
PCRB.US,5,20251121,215500,49.4599,49.4599,49.4599,49.4599,100,0
PCRB.US,5,20251124,153000,49.36,49.36,49.36,49.36,100,0
PCRB.US,5,20251125,170500,49.54,49.54,49.53,49.53,400,0
PCRB.US,5,20251125,174000,49.6,49.6,49.6,49.6,28240,0
PCRB.US,5,20251125,184000,49.6,49.6,49.6,49.6,100,0
PCRB.US,5,20251125,215000,49.64,49.86,49.6174,49.86,1400,0
PCRB.US,5,20251126,170000,49.59,49.59,49.59,49.59,200,0
PCRB.US,5,20251126,170500,49.59,49.59,49.59,49.59,100,0
PCRB.US,5,20251126,171500,49.6,49.64,49.6,49.64,20870,0
PCRB.US,5,20251126,182500,49.645,49.645,49.645,49.645,106,0
PCRB.US,5,20251126,201500,49.66,49.7699,49.66,49.7699,7545,0
PCRB.US,5,20251128,171500,49.62,49.62,49.62,49.62,13767,0
PCRB.US,5,20251201,170500,49.46,49.46,49.46,49.46,6827,0
PCRB.US,5,20251201,184500,49.4001,49.4001,49.4001,49.4001,1488,0
PCRB.US,5,20251201,210500,49.445,49.47,49.445,49.47,7839,0
PCRB.US,5,20251202,173500,49.48,49.48,49.45,49.45,21059,0
PCRB.US,5,20251203,153500,49.58,49.58,49.58,49.58,100,0
PCRB.US,5,20251203,170000,49.53,49.53,49.53,49.53,16024,0
PCRB.US,5,20251204,171000,49.48,49.48,49.48,49.48,3443,0
PCRB.US,5,20251204,175500,49.4834,49.4834,49.4834,49.4834,361,0
PCRB.US,5,20251204,203000,49.49,49.49,49.49,49.49,200,0
PCRB.US,5,20251204,203500,49.49,49.49,49.49,49.49,200,0
PCRB.US,5,20251204,204000,49.5,49.525,49.5,49.525,300,0
PCRB.US,5,20251204,204500,49.51,49.58,49.4845,49.4845,2000,0
PCRB.US,5,20251204,205000,49.51,49.51,49.51,49.51,300,0
PCRB.US,5,20251204,205500,49.51,49.51,49.51,49.51,403,0
PCRB.US,5,20251205,173500,49.42,49.42,49.42,49.42,19302,0
PCRB.US,5,20251208,182000,49.31,49.31,49.31,49.31,2158,0
PCRB.US,5,20251209,171000,49.32,49.32,49.29,49.29,9429,0
PCRB.US,5,20251210,172500,49.35,49.35,49.35,49.35,20436,0
PCRB.US,5,20251211,174500,49.52,49.52,49.52,49.52,15562,0
PCRB.US,5,20251211,183500,49.53,49.53,49.53,49.53,100,0
PCRB.US,5,20251212,171500,49.32,49.32,49.32,49.32,7882,0
PCRB.US,5,20251215,173000,49.41,49.41,49.41,49.41,20554,0
PCRB.US,5,20251216,171500,49.4,49.4,49.4,49.4,28298,0
PCRB.US,5,20251216,200500,49.3975,49.417,49.3975,49.417,500,0
PCRB.US,5,20251216,204500,49.47,49.5012,49.47,49.5012,3643,0
PCRB.US,5,20251217,161000,49.46,49.46,49.46,49.46,100,0
PCRB.US,5,20251217,172500,49.46,49.46,49.46,49.46,8374,0
PCRB.US,5,20251217,180500,49.4316,49.4316,49.4316,49.4316,201,0
PCRB.US,5,20251218,174000,49.59,49.59,49.59,49.59,22152,0
PCRB.US,5,20251218,184000,49.56,49.56,49.56,49.56,100,0
PCRB.US,5,20251219,163000,49.3285,49.3285,49.3285,49.3285,185,0
PCRB.US,5,20251219,174000,49.34,49.34,49.34,49.34,512,0
PCRB.US,5,20251219,191000,49.32,49.32,49.32,49.32,100,0
PCRB.US,5,20251219,191500,49.32,49.32,49.32,49.32,100,0
PCRB.US,5,20251219,192000,49.34,49.34,49.34,49.34,200,0
PCRB.US,5,20251219,192500,49.33,49.33,49.33,49.33,100,0
PCRB.US,5,20251219,193000,49.33,49.33,49.33,49.33,200,0
PCRB.US,5,20251219,193500,49.33,49.33,49.33,49.33,100,0
PCRB.US,5,20251219,194000,49.34,49.34,49.34,49.34,200,0
PCRB.US,5,20251219,194500,49.33,49.33,49.33,49.33,100,0
PCRB.US,5,20251219,195000,49.33,49.33,49.33,49.33,200,0
PCRB.US,5,20251219,200000,49.32,49.32,49.32,49.32,300,0
PCRB.US,5,20251219,200500,49.32,49.32,49.32,49.32,100,0
PCRB.US,5,20251219,201000,49.32,49.32,49.32,49.32,200,0
PCRB.US,5,20251219,202000,49.32,49.33,49.32,49.33,300,0
PCRB.US,5,20251219,202500,49.33,49.33,49.33,49.33,100,0
PCRB.US,5,20251219,203000,49.34,49.34,49.34,49.34,200,0
PCRB.US,5,20251219,203500,49.34,49.34,49.34,49.34,200,0
PCRB.US,5,20251219,204000,49.34,49.34,49.34,49.34,200,0
PCRB.US,5,20251219,204500,49.34,49.35,49.34,49.35,300,0
PCRB.US,5,20251219,205000,49.34,49.34,49.34,49.34,100,0
PCRB.US,5,20251219,205500,49.34,49.34,49.34,49.34,200,0
PCRB.US,5,20251219,210000,49.35,49.35,49.35,49.35,200,0
PCRB.US,5,20251219,210500,49.34,49.34,49.34,49.34,200,0
PCRB.US,5,20251219,211000,49.34,49.35,49.34,49.35,300,0
PCRB.US,5,20251219,211500,49.34,49.34,49.34,49.34,200,0
PCRB.US,5,20251219,212000,49.35,49.35,49.35,49.35,200,0
PCRB.US,5,20251219,212500,49.35,49.35,49.35,49.35,200,0
PCRB.US,5,20251219,213000,49.34,49.34,49.34,49.34,200,0
PCRB.US,5,20251219,213500,49.35,49.35,49.35,49.35,400,0
PCRB.US,5,20251219,214000,49.34,49.34,49.34,49.34,200,0
PCRB.US,5,20251219,214500,49.35,49.35,49.34,49.35,600,0
PCRB.US,5,20251219,215000,49.33,49.34,49.33,49.33,600,0
PCRB.US,5,20251219,215500,49.33,49.34,49.315,49.34,1700,0
PCRB.US,5,20251222,184000,49.28,49.28,49.28,49.28,202868,0
PCRB.US,5,20251222,211500,49.3099,49.3099,49.3099,49.3099,245,0
PCRB.US,5,20251223,153000,49.2,49.2,49.2,49.2,100,0
PCRB.US,5,20251223,170500,49.26,49.26,49.26,49.26,22585,0
PCRB.US,5,20251223,203000,49.259,49.259,49.259,49.259,337,0
PCRB.US,5,20251223,211500,49.2535,49.28,49.2535,49.28,11271,0
PCRB.US,5,20251224,162500,49.3299,49.3299,49.3299,49.3299,128,0
PCRB.US,5,20251226,173500,49.37,49.37,49.37,49.37,51740,0
PCRB.US,5,20251226,182000,49.369,49.369,49.369,49.369,100,0
PCRB.US,5,20251229,165500,49.42,49.42,49.42,49.42,2126,0
PCRB.US,5,20251229,170500,49.44,49.44,49.44,49.44,158,0
PCRB.US,5,20251229,204500,49.45,49.45,49.45,49.45,24105,0
PCRB.US,5,20251230,155500,49.41,49.41,49.41,49.41,100,0
PCRB.US,5,20251230,182500,49.45,49.45,49.45,49.45,100,0
PCRB.US,5,20251230,184500,49.45,49.45,49.45,49.45,100,0
PCRB.US,5,20251230,190000,49.45,49.45,49.45,49.45,100,0
PCRB.US,5,20251230,191000,49.47,49.47,49.47,49.47,100,0
PCRB.US,5,20251230,192500,49.47,49.47,49.47,49.47,100,0
PCRB.US,5,20251230,194000,49.46,49.46,49.46,49.46,100,0
PCRB.US,5,20251230,195500,49.44,49.44,49.44,49.44,100,0
PCRB.US,5,20251230,201000,49.44,49.44,49.44,49.44,100,0
PCRB.US,5,20251230,202500,49.46,49.46,49.46,49.46,100,0
PCRB.US,5,20251230,204000,49.46,49.46,49.46,49.46,100,0
PCRB.US,5,20251230,205000,49.43,49.43,49.43,49.43,100,0
PCRB.US,5,20251230,210500,49.44,49.44,49.44,49.44,100,0
PCRB.US,5,20251230,211500,49.45,49.45,49.45,49.45,100,0
PCRB.US,5,20251230,213000,49.45,49.45,49.45,49.45,100,0
PCRB.US,5,20251230,214000,49.45,49.45,49.45,49.45,100,0
PCRB.US,5,20251230,214500,49.45,49.45,49.45,49.45,100,0
PCRB.US,5,20251230,215000,49.45,49.45,49.45,49.45,100,0
PCRB.US,5,20260102,173000,49.2702,49.2702,49.2702,49.2702,503,0
PCRB.US,5,20260102,193500,49.309,49.335,49.292,49.318,2629,0
PCRB.US,5,20260105,155500,49.38,49.38,49.38,49.38,200,0
PCRB.US,5,20260105,160000,49.39,49.39,49.39,49.39,200,0
PCRB.US,5,20260105,171500,49.355,49.355,49.355,49.355,123,0
PCRB.US,5,20260106,163000,49.365,49.365,49.365,49.365,100,0
PCRB.US,5,20260106,170500,49.31,49.31,49.31,49.31,11258,0
PCRB.US,5,20260107,172000,49.4001,49.4001,49.4001,49.4001,132,0
PCRB.US,5,20260107,183000,49.44,49.44,49.44,49.44,34648,0
PCRB.US,5,20260107,195000,49.435,49.435,49.435,49.435,200,0
PCRB.US,5,20260108,174500,49.38,49.38,49.33,49.33,13857,0
PCRB.US,5,20260108,183000,49.33,49.33,49.33,49.33,100,0
PCRB.US,5,20260109,172000,49.47,49.47,49.44,49.44,9583,0
PCRB.US,5,20260112,170500,49.42,49.42,49.42,49.42,34165,0
PCRB.US,5,20260112,200000,49.44,49.44,49.44,49.44,100,0
PCRB.US,5,20260112,203500,49.44,49.44,49.44,49.44,320,0
PCRB.US,5,20260113,170500,49.49,49.49,49.49,49.49,168,0
PCRB.US,5,20260113,182500,49.46,49.46,49.46,49.46,100,0
PCRB.US,5,20260113,183000,49.48,49.48,49.48,49.48,100,0
PCRB.US,5,20260113,183500,49.45,49.45,49.45,49.45,200,0
PCRB.US,5,20260113,184500,49.48,49.49,49.48,49.49,300,0
PCRB.US,5,20260113,185500,49.49,49.49,49.49,49.49,200,0
PCRB.US,5,20260113,190000,49.5,49.5,49.5,49.5,100,0
PCRB.US,5,20260113,190500,49.5,49.5,49.5,49.5,200,0
PCRB.US,5,20260113,191500,49.5,49.5,49.5,49.5,200,0
PCRB.US,5,20260113,192000,49.5,49.5,49.5,49.5,100,0
PCRB.US,5,20260113,192500,49.51,49.51,49.51,49.51,200,0
PCRB.US,5,20260113,193500,49.5,49.5,49.5,49.5,200,0
PCRB.US,5,20260113,194000,49.5,49.5,49.5,49.5,100,0
PCRB.US,5,20260113,194500,49.51,49.51,49.51,49.51,200,0
PCRB.US,5,20260113,195500,49.51,49.51,49.51,49.51,200,0
PCRB.US,5,20260113,200000,49.51,49.51,49.51,49.51,200,0
PCRB.US,5,20260113,201000,49.51,49.51,49.51,49.51,200,0
PCRB.US,5,20260113,201500,49.49,49.49,49.49,49.49,200,0
PCRB.US,5,20260113,202500,49.52,49.52,49.52,49.52,200,0
PCRB.US,5,20260113,203000,49.51,49.51,49.51,49.51,200,0
PCRB.US,5,20260113,204000,49.51,49.51,49.51,49.51,100,0
PCRB.US,5,20260113,204500,49.51,49.51,49.51,49.51,200,0
PCRB.US,5,20260113,205000,49.51,49.51,49.51,49.51,200,0
PCRB.US,5,20260113,205500,49.51,49.51,49.51,49.51,200,0
PCRB.US,5,20260113,210500,49.5,49.51,49.5,49.51,300,0
PCRB.US,5,20260113,211000,49.51,49.51,49.51,49.51,200,0
PCRB.US,5,20260113,212000,49.51,49.51,49.51,49.51,200,0
PCRB.US,5,20260113,212500,49.51,49.51,49.51,49.51,200,0
PCRB.US,5,20260113,213000,49.51,49.51,49.51,49.51,200,0
PCRB.US,5,20260113,213500,49.5,49.5,49.5,49.5,200,0
PCRB.US,5,20260113,214000,49.5,49.5,49.5,49.5,300,0
PCRB.US,5,20260113,214500,49.5,49.5,49.49,49.49,400,0
PCRB.US,5,20260113,215000,49.5,49.5,49.5,49.5,400,0
PCRB.US,5,20260113,215500,49.49,49.52,49.49,49.52,1300,0
PCRB.US,5,20260114,162500,49.5,49.5,49.5,49.5,100,0
PCRB.US,5,20260114,170500,49.52,49.52,49.52,49.52,20947,0
PCRB.US,5,20260114,172000,49.545,49.545,49.545,49.545,100,0
PCRB.US,5,20260114,172500,49.54,49.54,49.54,49.54,526,0
PCRB.US,5,20260114,181000,49.54,49.54,49.54,49.54,125,0
PCRB.US,5,20260115,172500,49.54,49.54,49.54,49.54,15509,0
PCRB.US,5,20260115,174000,49.48,49.48,49.48,49.48,100,0
PCRB.US,5,20260115,181000,49.49,49.49,49.49,49.49,100,0
PCRB.US,5,20260116,182500,49.445,49.445,49.445,49.445,102,0
PCRB.US,5,20260116,213000,49.39,49.39,49.39,49.39,1642,0
PCRB.US,5,20260116,215000,49.4099,49.4099,49.4099,49.4099,406,0
PCRB.US,5,20260120,180500,49.25,49.29,49.25,49.29,43111,0
PCRB.US,5,20260121,170000,49.29,49.29,49.29,49.29,3837,0
PCRB.US,5,20260121,174000,49.2402,49.2402,49.2402,49.2402,274,0
PCRB.US,5,20260121,180500,49.28,49.28,49.28,49.28,100,0
PCRB.US,5,20260121,212000,49.36,49.36,49.36,49.36,100,0
PCRB.US,5,20260122,170500,49.3299,49.3299,49.3299,49.3299,349,0
PCRB.US,5,20260122,174000,49.3299,49.3299,49.3299,49.3299,891,0
PCRB.US,5,20260122,182500,49.36,49.36,49.36,49.36,13890,0
PCRB.US,5,20260123,173000,49.37,49.39,49.37,49.39,13963,0
PCRB.US,5,20260123,182000,49.4,49.4,49.4,49.4,223,0
PCRB.US,5,20260123,192000,49.36,49.36,49.36,49.36,100,0
