<TICKER>,<PER>,<DATE>,<TIME>,<OPEN>,<HIGH>,<LOW>,<CLOSE>,<VOL>,<OPENINT>
PJFG.US,5,20250829,172500,105.9886,105.9886,105.9886,105.9886,111,0
PJFG.US,5,20250829,173000,105.7901,105.7901,105.7901,105.7901,719,0
PJFG.US,5,20250829,181500,105.9984,105.9984,105.9984,105.9984,359,0
PJFG.US,5,20250829,183000,105.98,105.98,105.98,105.98,196,0
PJFG.US,5,20250829,184500,106.02,106.02,106,106,200,0
PJFG.US,5,20250829,185500,106,106,106,106,100,0
PJFG.US,5,20250829,192500,105.6488,105.6488,105.6488,105.6488,101,0
PJFG.US,5,20250829,195000,105.825,105.825,105.825,105.825,454,0
PJFG.US,5,20250829,200000,105.735,105.735,105.735,105.735,507,0
PJFG.US,5,20250829,201500,105.86,105.86,105.86,105.86,100,0
PJFG.US,5,20250829,204500,105.8,105.8,105.8,105.8,100,0
PJFG.US,5,20250829,211000,105.805,105.9,105.805,105.9,1257,0
PJFG.US,5,20250829,214000,105.89,105.89,105.89,105.89,100,0
PJFG.US,5,20250902,154500,104.49,104.49,104.4899,104.4899,1000,0
PJFG.US,5,20250902,160500,104.5925,104.7,104.5925,104.5925,400,0
PJFG.US,5,20250902,161000,104.7,104.8153,104.7,104.8153,223,0
PJFG.US,5,20250902,161500,104.7,104.7,104.5925,104.5925,258,0
PJFG.US,5,20250902,173500,104.16,104.16,104.16,104.16,100,0
PJFG.US,5,20250902,211000,104.9099,104.9099,104.9099,104.9099,800,0
PJFG.US,5,20250902,212500,104.89,104.89,104.89,104.89,387,0
PJFG.US,5,20250902,213000,104.885,104.885,104.885,104.885,133,0
PJFG.US,5,20250903,194000,105.74,105.74,105.74,105.74,100,0
PJFG.US,5,20250903,194500,105.525,105.525,105.525,105.525,291,0
PJFG.US,5,20250903,200000,105.55,105.55,105.55,105.55,100,0
PJFG.US,5,20250903,210500,105.43,105.43,105.43,105.43,420,0
PJFG.US,5,20250904,172500,106.5514,106.5514,106.5514,106.5514,186,0
PJFG.US,5,20250904,192500,106.8,106.8,106.8,106.8,100,0
PJFG.US,5,20250904,194000,106.84,106.84,106.84,106.84,424,0
PJFG.US,5,20250904,200500,106.92,106.92,106.92,106.92,100,0
PJFG.US,5,20250904,212000,107.04,107.04,107.04,107.04,100,0
PJFG.US,5,20250904,215000,107.01,107.01,107.01,107.01,100,0
PJFG.US,5,20250905,211000,106.92,106.92,106.91,106.91,200,0
PJFG.US,5,20250905,212000,106.91,107.06,106.8552,107.005,1800,0
PJFG.US,5,20250908,161500,107.86,107.86,107.86,107.86,100,0
PJFG.US,5,20250908,172000,107.94,107.94,107.94,107.94,100,0
PJFG.US,5,20250908,193000,107.8679,107.92,107.845,107.92,1042,0
PJFG.US,5,20250908,194000,107.87,107.87,107.87,107.87,100,0
PJFG.US,5,20250908,195000,107.84,107.84,107.78,107.78,200,0
PJFG.US,5,20250908,195500,107.86,107.86,107.86,107.86,100,0
PJFG.US,5,20250908,205500,108.01,108.01,108.01,108.01,100,0
PJFG.US,5,20250908,212000,107.86,107.86,107.86,107.86,300,0
PJFG.US,5,20250909,153500,108.13,108.13,108.13,108.13,100,0
PJFG.US,5,20250909,160000,107.99,107.99,107.99,107.99,100,0
PJFG.US,5,20250909,163000,108.07,108.07,107.86,107.86,300,0
PJFG.US,5,20250909,201000,108,108,108,108,100,0
PJFG.US,5,20250909,211500,108.0899,108.0899,108.0899,108.0899,620,0
PJFG.US,5,20250909,212500,108.09,108.09,108.09,108.09,200,0
PJFG.US,5,20250910,155500,108.26,108.26,108.26,108.26,136,0
PJFG.US,5,20250910,160000,108.46,108.46,108.46,108.46,100,0
PJFG.US,5,20250910,171000,108.603,108.603,108.603,108.603,925,0
PJFG.US,5,20250910,185000,108.2301,108.2301,108.23,108.23,300,0
PJFG.US,5,20250910,205500,108.045,108.045,108.045,108.045,200,0
PJFG.US,5,20250911,161000,108.25,108.25,108.25,108.25,100,0
PJFG.US,5,20250911,161500,108.31,108.31,108.31,108.31,100,0
PJFG.US,5,20250911,181500,108.5978,108.5978,108.5978,108.5978,288,0
PJFG.US,5,20250911,183000,108.5899,108.5899,108.5899,108.5899,100,0
PJFG.US,5,20250911,184000,108.51,108.51,108.51,108.51,100,0
PJFG.US,5,20250911,191000,108.4691,108.4691,108.4691,108.4691,100,0
PJFG.US,5,20250911,192500,108.515,108.515,108.515,108.515,135,0
PJFG.US,5,20250911,194500,108.48,108.48,108.48,108.48,200,0
PJFG.US,5,20250911,210000,108.38,108.3802,108.38,108.3802,268,0
PJFG.US,5,20250911,213500,108.5,108.5,108.5,108.5,100,0
PJFG.US,5,20250911,215500,108.38,108.38,108.38,108.38,100,0
PJFG.US,5,20250912,153500,108.375,108.375,108.375,108.375,302,0
PJFG.US,5,20250912,155000,108.33,108.33,108.33,108.33,100,0
PJFG.US,5,20250912,210000,108.641,108.641,108.641,108.641,152,0
PJFG.US,5,20250915,162500,109.2,109.2,109.2,109.2,100,0
PJFG.US,5,20250915,171500,109.61,109.6183,109.61,109.6183,200,0
PJFG.US,5,20250915,172500,109.47,109.47,109.47,109.47,456,0
PJFG.US,5,20250915,185500,109.67,109.67,109.67,109.67,100,0
PJFG.US,5,20250915,211000,109.6,109.67,109.6,109.67,310,0
PJFG.US,5,20250915,213500,109.615,109.615,109.615,109.615,1140,0
PJFG.US,5,20250916,154500,109.7869,109.7869,109.7869,109.7869,150,0
PJFG.US,5,20250916,210000,109.765,109.765,109.765,109.765,179,0
PJFG.US,5,20250916,215500,109.81,109.81,109.81,109.81,100,0
PJFG.US,5,20250917,165000,108.98,108.98,108.98,108.98,100,0
PJFG.US,5,20250917,190500,108.96,108.96,108.96,108.96,100,0
PJFG.US,5,20250917,200500,109.235,109.235,109.235,109.235,192,0
PJFG.US,5,20250917,202000,108.815,108.815,108.815,108.815,100,0
PJFG.US,5,20250917,211500,109.1201,109.1201,109.1201,109.1201,167,0
PJFG.US,5,20250918,165500,110.4489,110.4489,110.4489,110.4489,207,0
PJFG.US,5,20250918,174500,110.395,110.395,110.395,110.395,101,0
PJFG.US,5,20250918,191000,110.63,110.63,110.63,110.63,2500,0
PJFG.US,5,20250918,201000,110.31,110.31,110.31,110.31,137,0
PJFG.US,5,20250918,210500,110.405,110.405,110.3025,110.3025,1308,0
PJFG.US,5,20250918,211000,110.32,110.4,110.32,110.4,484,0
PJFG.US,5,20250918,214000,110.2,110.2,110.2,110.2,100,0
PJFG.US,5,20250918,215000,110.3,110.305,110.3,110.305,200,0
PJFG.US,5,20250919,165500,110.44,110.44,110.44,110.44,102,0
PJFG.US,5,20250919,175500,110.49,110.49,110.49,110.49,640,0
PJFG.US,5,20250919,190000,110.63,110.63,110.63,110.63,100,0
PJFG.US,5,20250919,190500,110.63,110.63,110.63,110.63,136,0
PJFG.US,5,20250919,200500,110.68,110.68,110.68,110.68,117,0
PJFG.US,5,20250919,204500,110.72,110.72,110.72,110.72,225,0
PJFG.US,5,20250919,212000,110.705,110.705,110.705,110.705,230,0
PJFG.US,5,20250922,155500,110.79,110.79,110.79,110.79,100,0
PJFG.US,5,20250922,162000,110.9487,110.9487,110.9487,110.9487,100,0
PJFG.US,5,20250922,163000,110.84,110.8401,110.84,110.8401,200,0
PJFG.US,5,20250922,171500,110.87,110.87,110.87,110.87,150,0
PJFG.US,5,20250922,172500,110.98,110.98,110.98,110.98,172,0
PJFG.US,5,20250922,174000,111.0088,111.0088,111.0088,111.0088,180,0
PJFG.US,5,20250922,201500,111.5994,111.5994,111.5994,111.5994,103,0
PJFG.US,5,20250922,204000,111.58,111.58,111.485,111.485,274,0
PJFG.US,5,20250922,212500,111.5,111.5,111.5,111.5,170,0
PJFG.US,5,20250922,215500,111.48,111.48,111.48,111.48,101,0
PJFG.US,5,20250923,153000,112.51,112.51,111.44,111.44,223,0
PJFG.US,5,20250923,155500,110.87,110.87,110.87,110.87,100,0
PJFG.US,5,20250923,174000,110.94,110.94,110.94,110.94,300,0
PJFG.US,5,20250923,192500,110.645,110.645,110.645,110.645,100,0
PJFG.US,5,20250923,212000,110.0721,110.0721,110.0721,110.0721,1480,0
PJFG.US,5,20250923,213500,110.0912,110.0912,110.0912,110.0912,107,0
PJFG.US,5,20250924,165500,110.11,110.11,110.11,110.11,100,0
PJFG.US,5,20250924,175500,109.66,109.66,109.66,109.66,100,0
PJFG.US,5,20250924,190500,109.64,109.81,109.5941,109.6131,2812,0
PJFG.US,5,20250924,191000,109.725,109.725,109.725,109.725,135,0
PJFG.US,5,20250924,191500,109.64,109.64,109.64,109.64,100,0
PJFG.US,5,20250924,204500,109.67,109.67,109.67,109.67,100,0
PJFG.US,5,20250924,213500,109.67,109.67,109.67,109.67,100,0
PJFG.US,5,20250925,155500,108.47,108.47,108.47,108.47,100,0
PJFG.US,5,20250925,191000,109.208,109.208,109.208,109.208,274,0
PJFG.US,5,20250925,194500,108.8384,108.8384,108.8384,108.8384,100,0
PJFG.US,5,20250925,201000,108.69,108.69,108.69,108.69,100,0
PJFG.US,5,20250925,212500,108.8116,108.9684,108.8116,108.9684,451,0
PJFG.US,5,20250925,214500,108.795,108.795,108.795,108.795,183,0
PJFG.US,5,20250926,154500,109.33,109.33,109.33,109.33,100,0
PJFG.US,5,20250926,162000,108.92,108.92,108.92,108.92,100,0
PJFG.US,5,20250926,183500,109.036,109.1,109.036,109.1,535,0
PJFG.US,5,20250926,184500,109.145,109.145,109.08,109.08,242,0
PJFG.US,5,20250926,191500,109.22,109.22,109.22,109.22,100,0
PJFG.US,5,20250926,193500,109.2898,109.2898,109.24,109.24,362,0
PJFG.US,5,20250926,212000,109.4024,109.4024,109.4024,109.4024,289,0
PJFG.US,5,20250926,213500,109.25,109.36,109.25,109.3599,806,0
PJFG.US,5,20250929,153000,110.04,110.04,110.04,110.04,100,0
PJFG.US,5,20250929,181500,110.169,110.169,110.085,110.1079,700,0
PJFG.US,5,20250929,191500,110.0245,110.0245,110.0245,110.0245,100,0
PJFG.US,5,20250930,155000,109.65,109.65,109.65,109.65,809,0
PJFG.US,5,20250930,181000,109.75,109.91,109.75,109.75,500,0
PJFG.US,5,20250930,182000,110.03,110.03,110.03,110.03,111,0
PJFG.US,5,20250930,183000,109.85,109.85,109.85,109.85,1819,0
PJFG.US,5,20250930,201000,109.777,109.777,109.777,109.777,118,0
PJFG.US,5,20250930,210500,109.99,110.009,109.9479,109.9479,510,0
PJFG.US,5,20250930,213000,110.1032,110.1032,110.1032,110.1032,122,0
PJFG.US,5,20251001,154500,110,110,110,110,103,0
PJFG.US,5,20251001,163500,110.32,110.32,110.32,110.32,500,0
PJFG.US,5,20251001,183500,110.71,110.71,110.71,110.71,135,0
PJFG.US,5,20251001,200500,110.95,110.95,110.95,110.95,106,0
PJFG.US,5,20251001,211500,110.91,110.91,110.91,110.91,214,0
PJFG.US,5,20251001,214500,110.81,110.81,110.81,110.81,100,0
PJFG.US,5,20251002,214000,110.955,111.02,110.955,111.01,879,0
PJFG.US,5,20251003,161500,111.03,111.03,111.02,111.03,1278,0
PJFG.US,5,20251003,162500,111.0035,111.0035,111.0035,111.0035,158,0
PJFG.US,5,20251003,164500,111.26,111.26,111.1879,111.22,1661,0
PJFG.US,5,20251003,165500,111.35,111.35,111.2728,111.2728,644,0
PJFG.US,5,20251003,171000,111.235,111.235,111.235,111.235,137,0
PJFG.US,5,20251003,183000,111.3317,111.3317,111.3317,111.3317,442,0
PJFG.US,5,20251003,190000,111.2,111.2,111.2,111.2,100,0
PJFG.US,5,20251003,192500,110.85,110.85,110.85,110.85,200,0
PJFG.US,5,20251003,210500,110.79,110.79,110.7026,110.7026,1872,0
PJFG.US,5,20251006,211500,111.32,111.3784,111.32,111.3784,888,0
PJFG.US,5,20251007,153500,111.45,111.45,111.45,111.45,900,0
PJFG.US,5,20251007,181000,110.4108,110.4108,110.4108,110.4108,127,0
PJFG.US,5,20251007,211000,110.7146,110.7392,110.7146,110.7392,774,0
PJFG.US,5,20251008,170500,111.6926,111.6926,111.6926,111.6926,228,0
PJFG.US,5,20251008,200000,111.97,111.97,111.97,111.97,125,0
PJFG.US,5,20251008,212000,111.9592,111.9592,111.9592,111.9592,103,0
PJFG.US,5,20251010,164000,112.2736,112.2736,112.2736,112.2736,305,0
PJFG.US,5,20251010,183500,110.02,110.02,110.02,110.02,100,0
PJFG.US,5,20251010,202000,109.5793,109.5793,109.5793,109.5793,500,0
PJFG.US,5,20251010,203500,109.33,109.33,109.33,109.33,200,0
PJFG.US,5,20251010,211500,108.9759,108.9759,108.9759,108.9759,110,0
PJFG.US,5,20251010,212500,108.836,108.836,108.836,108.836,359,0
PJFG.US,5,20251010,213000,108.6973,108.6973,108.6973,108.6973,192,0
PJFG.US,5,20251013,153000,109.82,109.82,109.82,109.82,201,0
PJFG.US,5,20251013,160000,110.37,110.37,110.37,110.37,100,0
PJFG.US,5,20251013,190000,110.53,110.53,110.53,110.53,158,0
PJFG.US,5,20251014,154500,108.30199,108.30199,108.30199,108.30199,123,0
PJFG.US,5,20251014,183000,110.005,110.05,110.005,110.05,688,0
PJFG.US,5,20251014,192500,110.1,110.1,110.1,110.1,100,0
PJFG.US,5,20251014,204500,109.995,109.995,109.995,109.995,105,0
PJFG.US,5,20251014,205000,110.11,110.11,110.11,110.11,123,0
PJFG.US,5,20251015,173500,110.21,110.21,110.21,110.21,100,0
PJFG.US,5,20251015,174000,110.398,110.398,110.398,110.398,128,0
PJFG.US,5,20251016,164500,110.8,110.8,110.72169,110.72169,300,0
PJFG.US,5,20251016,171500,110.59,110.59,110.59,110.59,114,0
PJFG.US,5,20251016,173000,110.22,110.22,110.22,110.22,100,0
PJFG.US,5,20251016,211000,109.045,109.045,109.045,109.045,114,0
PJFG.US,5,20251016,211500,108.87,108.87,108.87,108.87,117,0
PJFG.US,5,20251017,154500,108.95,108.95,108.95,108.95,100,0
PJFG.US,5,20251017,161500,109.75,109.75,109.75,109.75,100,0
PJFG.US,5,20251017,211500,110.043,110.043,110.043,110.043,106,0
PJFG.US,5,20251020,181500,111.02,111.02,111.02,111.02,200,0
PJFG.US,5,20251020,183000,110.9633,110.9633,110.9633,110.9633,150,0
PJFG.US,5,20251020,210500,111.2141,111.2141,111.2141,111.2141,186,0
PJFG.US,5,20251020,215500,111.11,111.11,111.11,111.11,134,0
PJFG.US,5,20251021,213000,111.26,111.26,111.2599,111.2599,400,0
PJFG.US,5,20251022,165500,110.24,110.24,110.24,110.24,100,0
PJFG.US,5,20251022,180000,110.3189,110.3189,110.3189,110.3189,300,0
PJFG.US,5,20251022,203000,109.6611,109.6611,109.6611,109.6611,196,0
PJFG.US,5,20251022,210000,109.76,109.76,109.76,109.76,100,0
PJFG.US,5,20251022,212500,110.0928,110.0928,110.0928,110.0928,474,0
PJFG.US,5,20251022,213000,110.1396,110.1396,110.1396,110.1396,972,0
PJFG.US,5,20251022,214000,110.1758,110.1758,110.1758,110.1758,136,0
PJFG.US,5,20251022,214500,110.1515,110.1515,110.1515,110.1515,198,0
PJFG.US,5,20251023,155500,110.85,110.85,110.85,110.85,100,0
PJFG.US,5,20251023,164000,110.98,110.98,110.98,110.98,100,0
PJFG.US,5,20251023,173000,111.04,111.04,111.04,111.04,100,0
PJFG.US,5,20251023,173500,110.95,110.95,110.95,110.95,100,0
PJFG.US,5,20251023,201500,111.3014,111.3014,111.3014,111.3014,240,0
PJFG.US,5,20251023,203500,111.41,111.41,111.41,111.41,100,0
PJFG.US,5,20251023,213000,111.51,111.65,111.51,111.65,2158,0
PJFG.US,5,20251024,153000,112.25,112.25,112.25,112.25,1344,0
PJFG.US,5,20251024,175000,112.56,112.56,112.56,112.56,100,0
PJFG.US,5,20251024,183500,112.59,112.65,112.59,112.65,400,0
PJFG.US,5,20251024,184000,112.5906,112.5906,112.5906,112.5906,125,0
PJFG.US,5,20251024,190500,112.63,112.63,112.63,112.63,1151,0
PJFG.US,5,20251024,212000,112.5701,112.87,112.5701,112.87,826,0
PJFG.US,5,20251024,213000,112.6646,112.6646,112.6646,112.6646,279,0
PJFG.US,5,20251027,173000,113.96,113.96,113.96,113.96,100,0
PJFG.US,5,20251027,175500,113.92,113.92,113.92,113.92,100,0
PJFG.US,5,20251027,200500,114.1356,114.1356,114.1356,114.1356,123,0
PJFG.US,5,20251028,174500,115.18,115.18,115.18,115.18,200,0
PJFG.US,5,20251028,184000,115.1772,115.1772,115.1772,115.1772,279,0
PJFG.US,5,20251028,201000,115.59,115.59,115.59,115.59,418,0
PJFG.US,5,20251028,202000,115.64,115.64,115.63,115.635,600,0
PJFG.US,5,20251028,204000,115.55,115.55,115.55,115.55,100,0
PJFG.US,5,20251029,150000,116.095,116.095,116.095,116.095,100,0
PJFG.US,5,20251029,170000,115.93,115.93,115.93,115.93,105,0
PJFG.US,5,20251029,201500,115.635,115.635,115.52,115.52,1251,0
PJFG.US,5,20251030,144000,114.3189,114.3189,114.3189,114.3189,100,0
PJFG.US,5,20251030,154500,114.7296,114.7296,114.7296,114.7296,153,0
PJFG.US,5,20251030,185500,114.83,114.83,114.83,114.83,100,0
PJFG.US,5,20251030,194500,114.58,114.58,114.58,114.58,100,0
PJFG.US,5,20251030,202500,114.0101,114.0101,114.0101,114.0101,104,0
PJFG.US,5,20251030,204000,114.14,114.14,114.14,114.14,100,0
PJFG.US,5,20251031,150000,115.149,115.149,115.149,115.149,100,0
PJFG.US,5,20251031,190500,114.63,114.63,114.63,114.63,215,0
PJFG.US,5,20251031,200000,114.84,114.84,114.84,114.84,200,0
PJFG.US,5,20251031,201000,114.9,114.9,114.9,114.9,707,0
PJFG.US,5,20251031,203000,115.0886,115.0886,115.0886,115.0886,391,0
PJFG.US,5,20251031,204000,115.16,115.16,115.16,115.16,100,0
PJFG.US,5,20251103,165000,115.36,115.36,115.36,115.36,100,0
PJFG.US,5,20251103,171000,115.41,115.41,115.41,115.41,500,0
PJFG.US,5,20251103,191000,115.76,115.76,115.76,115.76,863,0
PJFG.US,5,20251104,155000,114.48,114.48,114.48,114.48,111,0
PJFG.US,5,20251104,165000,114.1612,114.1612,114.1612,114.1612,125,0
PJFG.US,5,20251104,171000,114.005,114.005,114.005,114.005,130,0
PJFG.US,5,20251104,183500,113.64,113.6401,113.64,113.6401,200,0
PJFG.US,5,20251104,194000,113.41,113.4199,113.41,113.4199,200,0
PJFG.US,5,20251104,194500,113.44,113.44,113.44,113.44,139,0
PJFG.US,5,20251104,203500,113.25,113.25,113.25,113.25,169,0
PJFG.US,5,20251104,210500,113.21,113.21,113.21,113.21,338,0
PJFG.US,5,20251105,153000,113.12,113.12,113.12,113.12,1586,0
PJFG.US,5,20251105,195500,114.1155,114.1155,114.1155,114.1155,112,0
PJFG.US,5,20251106,155000,113.03,113.03,113.03,113.03,100,0
PJFG.US,5,20251106,172500,111.84,111.84,111.84,111.84,225,0
PJFG.US,5,20251106,181000,111.9798,111.9798,111.9798,111.9798,100,0
PJFG.US,5,20251106,182000,111.73,111.73,111.73,111.73,100,0
PJFG.US,5,20251106,201500,112.301,112.301,112.301,112.301,160,0
PJFG.US,5,20251106,210500,112.41,112.4101,112.41,112.4101,668,0
PJFG.US,5,20251107,160500,109.792,109.88,109.79,109.88,500,0
PJFG.US,5,20251107,164500,109.94,109.948,109.94,109.948,400,0
PJFG.US,5,20251107,165500,109.7636,109.7636,109.7636,109.7636,187,0
PJFG.US,5,20251107,174500,109.415,109.415,109.415,109.415,172,0
PJFG.US,5,20251107,175500,109.35,109.35,109.35,109.35,100,0
PJFG.US,5,20251107,184500,109.635,109.635,109.635,109.635,153,0
PJFG.US,5,20251107,191000,110.035,110.035,110.035,110.035,120,0
PJFG.US,5,20251107,202000,110.6036,110.6036,110.6036,110.6036,270,0
PJFG.US,5,20251107,204500,111.09,111.09,111.09,111.09,100,0
PJFG.US,5,20251107,210000,111.22,111.22,111.22,111.22,283,0
PJFG.US,5,20251110,162000,113.81,113.81,113.81,113.81,200,0
PJFG.US,5,20251110,173000,113.19,113.19,113.19,113.19,380,0
PJFG.US,5,20251110,174000,113.13,113.13,113.13,113.13,100,0
PJFG.US,5,20251110,184000,113.55,113.55,113.55,113.55,186,0
PJFG.US,5,20251110,193500,113.9098,113.9098,113.9098,113.9098,310,0
PJFG.US,5,20251110,200000,113.6843,113.6843,113.6843,113.6843,200,0
PJFG.US,5,20251111,163500,112.98,112.98,112.98,112.98,814,0
PJFG.US,5,20251111,180000,113.14,113.15,113.14,113.15,200,0
PJFG.US,5,20251111,195500,113.88,113.88,113.87,113.87,200,0
PJFG.US,5,20251111,210500,113.9,113.9,113.89,113.89,200,0
PJFG.US,5,20251112,155000,113.5243,113.5243,113.5243,113.5243,751,0
PJFG.US,5,20251112,164500,113.1741,113.1741,113.1741,113.1741,308,0
PJFG.US,5,20251112,182000,113.0266,113.0266,113.0266,113.0266,348,0
PJFG.US,5,20251112,183000,113.065,113.065,113.065,113.065,384,0
PJFG.US,5,20251112,213500,113.5499,113.5499,113.445,113.4796,600,0
PJFG.US,5,20251113,153000,112.54,112.54,112.54,112.54,100,0
PJFG.US,5,20251113,162000,112.16,112.16,112.16,112.16,100,0
PJFG.US,5,20251113,165500,111.1,111.1,111.1,111.1,100,0
PJFG.US,5,20251113,180500,110.8416,110.8416,110.8416,110.8416,109,0
PJFG.US,5,20251113,195500,110.4165,110.4165,110.4165,110.4165,300,0
PJFG.US,5,20251113,200000,110.41,110.41,110.41,110.41,100,0
PJFG.US,5,20251113,202000,110.625,110.625,110.625,110.625,210,0
PJFG.US,5,20251113,203500,110.84,110.95,110.768,110.768,400,0
PJFG.US,5,20251113,204500,110.66,110.66,110.66,110.66,100,0
PJFG.US,5,20251113,213000,110.6001,110.65,110.6001,110.65,1104,0
PJFG.US,5,20251113,213500,110.813,110.813,110.813,110.813,131,0
PJFG.US,5,20251113,214000,110.94,110.99,110.89,110.99,400,0
PJFG.US,5,20251113,214500,110.8,110.9189,110.6395,110.6395,851,0
PJFG.US,5,20251113,215500,110.583,110.583,110.583,110.583,200,0
PJFG.US,5,20251114,154500,109.92,109.92,109.92,109.92,100,0
PJFG.US,5,20251114,161500,110.264,110.264,110.2,110.2,390,0
PJFG.US,5,20251114,191500,111.1483,111.1483,111.1483,111.1483,153,0
PJFG.US,5,20251114,192500,110.9136,110.9136,110.9136,110.9136,200,0
PJFG.US,5,20251114,193500,111.01,111.01,111.01,111.01,300,0
PJFG.US,5,20251114,195500,111.045,111.15,111.045,111.15,233,0
PJFG.US,5,20251114,201000,111.07,111.07,111.07,111.07,149,0
PJFG.US,5,20251114,212000,111.0128,111.0128,111.0128,111.0128,1427,0
PJFG.US,5,20251117,154500,111.13,111.13,111.13,111.13,100,0
PJFG.US,5,20251117,155000,111.125,111.1839,111.125,111.1839,540,0
PJFG.US,5,20251117,155500,111.17,111.17,111.17,111.17,510,0
PJFG.US,5,20251117,171000,110.1217,110.1217,110.1217,110.1217,170,0
PJFG.US,5,20251117,181000,110.9,110.9,110.9,110.9,200,0
PJFG.US,5,20251117,183500,110.725,110.725,110.601,110.7,1227,0
PJFG.US,5,20251117,202000,109.659,109.659,109.6165,109.6165,307,0
PJFG.US,5,20251117,205000,109.48,109.48,109.48,109.48,1000,0
PJFG.US,5,20251117,205500,109.27,109.27,109.27,109.27,162,0
PJFG.US,5,20251117,211000,109.195,109.2,109.195,109.2,1000,0
PJFG.US,5,20251118,165000,107.771,107.771,107.771,107.771,111,0
PJFG.US,5,20251118,181000,108.62,108.62,108.6199,108.6199,320,0
PJFG.US,5,20251118,181500,108.4449,108.4449,108.4449,108.4449,345,0
PJFG.US,5,20251118,182500,108.4298,108.43,108.345,108.345,577,0
PJFG.US,5,20251118,184000,108.72,108.75,108.72,108.75,300,0
PJFG.US,5,20251118,192000,109.095,109.095,109.095,109.095,100,0
PJFG.US,5,20251118,195500,108.9399,108.9399,108.9399,108.9399,375,0
PJFG.US,5,20251118,211000,108.9,108.9,108.9,108.9,1026,0
PJFG.US,5,20251119,210500,109.06,109.06,109.0599,109.0599,400,0
PJFG.US,5,20251119,214500,109.3,109.3,109.3,109.3,100,0
PJFG.US,5,20251119,215000,109.19,109.19,109.19,109.19,200,0
PJFG.US,5,20251119,215500,109.262,109.262,109.262,109.262,115,0
PJFG.US,5,20251120,174000,109.5225,109.5225,109.5225,109.5225,159,0
PJFG.US,5,20251120,175000,109.38,109.38,109.38,109.38,100,0
PJFG.US,5,20251120,182500,108.16,108.29,108.1599,108.2899,1040,0
PJFG.US,5,20251120,190500,108.43,108.43,108.43,108.43,100,0
PJFG.US,5,20251120,193500,108.24,108.24,108.24,108.24,100,0
PJFG.US,5,20251120,200000,107.54,107.54,107.52,107.52,200,0
PJFG.US,5,20251120,200500,107.405,107.405,107.405,107.405,367,0
PJFG.US,5,20251120,202500,107.74,107.74,107.69,107.69,300,0
PJFG.US,5,20251120,203000,107.92,107.92,107.82,107.82,244,0
PJFG.US,5,20251120,213000,107.63,107.685,107.63,107.685,980,0
PJFG.US,5,20251121,155000,106.99,106.99,106.99,106.99,100,0
PJFG.US,5,20251121,163500,105.59,105.59,105.59,105.59,117,0
PJFG.US,5,20251121,164500,105.988,106.1812,105.988,106.1812,288,0
PJFG.US,5,20251121,190000,107.1,107.1,107.1,107.1,435,0
PJFG.US,5,20251121,203000,108.19,108.2471,108.19,108.199,2300,0
PJFG.US,5,20251121,211500,107.6701,107.6701,107.6701,107.6701,103,0
PJFG.US,5,20251121,212000,107.7029,107.7029,107.7029,107.7029,220,0
PJFG.US,5,20251121,215500,107.04,107.05,106.9256,106.9256,1300,0
PJFG.US,5,20251124,163000,108.8664,108.8664,108.8664,108.8664,252,0
PJFG.US,5,20251124,181500,109.2951,109.2951,109.2,109.2,1260,0
PJFG.US,5,20251124,182000,109.3686,109.3686,109.3686,109.3686,200,0
PJFG.US,5,20251124,193500,109.6226,109.6226,109.6226,109.6226,400,0
PJFG.US,5,20251124,203500,109.66,109.66,109.66,109.66,150,0
PJFG.US,5,20251124,213500,109.74,109.74,109.74,109.74,200,0
PJFG.US,5,20251125,153000,109.45,109.45,109.35,109.35,2400,0
PJFG.US,5,20251125,154500,108.62,108.63,108.61,108.625,7300,0
PJFG.US,5,20251125,160000,109.13,109.13,109.13,109.13,200,0
PJFG.US,5,20251125,163000,109.06,109.06,109.06,109.06,100,0
PJFG.US,5,20251125,164500,109.28,109.44,109.28,109.44,500,0
PJFG.US,5,20251125,170500,109.055,109.055,109.055,109.055,103,0
PJFG.US,5,20251125,172000,109.28,109.28,109.28,109.28,100,0
PJFG.US,5,20251125,172500,109.16,109.16,109.105,109.11,1752,0
PJFG.US,5,20251125,204500,109.78,109.78,109.78,109.78,100,0
PJFG.US,5,20251125,205000,110.01,110.01,110.01,110.01,100,0
PJFG.US,5,20251126,162000,110.97,110.97,110.97,110.97,606,0
PJFG.US,5,20251126,163000,111.03,111.03,111.03,111.03,586,0
PJFG.US,5,20251128,153000,115.17,123,115.17,123,295,0
PJFG.US,5,20251128,162500,111.64,111.64,111.64,111.64,178,0
PJFG.US,5,20251128,180000,111.643,111.643,111.643,111.643,283,0
PJFG.US,5,20251201,200000,111.785,111.785,111.785,111.785,288,0
PJFG.US,5,20251201,205500,111.49,111.49,111.49,111.49,100,0
PJFG.US,5,20251202,184500,112.6026,112.6026,112.6026,112.6026,107,0
PJFG.US,5,20251202,185000,112.549,112.549,112.4888,112.4888,354,0
PJFG.US,5,20251202,210500,112.36,112.4444,112.3,112.4444,877,0
PJFG.US,5,20251203,170000,112.115,112.115,112.115,112.115,260,0
PJFG.US,5,20251203,190500,112.1803,112.1803,112.1803,112.1803,400,0
PJFG.US,5,20251203,191000,112.33,112.34,112.33,112.34,1749,0
PJFG.US,5,20251203,204500,112.39,112.39,112.39,112.39,210,0
PJFG.US,5,20251203,212500,112.4201,112.5128,112.4201,112.5128,403,0
PJFG.US,5,20251204,155000,112.1225,112.27,112.1225,112.27,350,0
PJFG.US,5,20251204,155500,111.97,111.97,111.97,111.97,100,0
PJFG.US,5,20251204,195500,112.18,112.18,112.18,112.18,244,0
PJFG.US,5,20251204,210500,111.94,111.9778,111.92,111.9778,538,0
PJFG.US,5,20251204,213000,112.175,112.175,112.175,112.175,258,0
PJFG.US,5,20251205,171500,112.46,112.46,112.46,112.46,100,0
PJFG.US,5,20251205,174500,112.32,112.32,112.32,112.32,100,0
PJFG.US,5,20251205,183000,112.25,112.25,112.25,112.25,102,0
PJFG.US,5,20251205,212500,112.3,112.3,112.3,112.3,100,0
PJFG.US,5,20251208,175500,112.09,112.09,112.09,112.09,178,0
PJFG.US,5,20251208,214000,111.934,112,111.934,112,235,0
PJFG.US,5,20251209,162000,112.36,112.36,112.36,112.36,535,0
PJFG.US,5,20251209,175000,112.4803,112.4803,112.4803,112.4803,113,0
PJFG.US,5,20251209,190000,112.41,112.41,112.41,112.41,1296,0
PJFG.US,5,20251209,191500,112.56,112.56,112.56,112.56,100,0
PJFG.US,5,20251209,204500,112.3012,112.3012,112.3012,112.3012,418,0
PJFG.US,5,20251209,205000,112.3284,112.3284,112.3284,112.3284,105,0
PJFG.US,5,20251209,210000,112.37,112.37,112.37,112.37,200,0
PJFG.US,5,20251209,212000,112.3623,112.3623,112.3623,112.3623,200,0
PJFG.US,5,20251209,212500,112.41,112.41,112.4099,112.4099,911,0
PJFG.US,5,20251209,213000,112.3137,112.3137,112.3137,112.3137,150,0
PJFG.US,5,20251209,214000,112.32,112.32,112.32,112.32,125,0
PJFG.US,5,20251210,154000,112.113,112.113,112.113,112.113,150,0
PJFG.US,5,20251210,160000,112.03,112.03,112.03,112.03,100,0
PJFG.US,5,20251210,160500,112.0535,112.0535,112.0535,112.0535,100,0
PJFG.US,5,20251210,185000,112.029,112.029,112.029,112.029,100,0
PJFG.US,5,20251210,190500,112,112,112,112,300,0
PJFG.US,5,20251210,191000,112.01,112.01,112.01,112.01,270,0
PJFG.US,5,20251210,192000,111.85,111.85,111.85,111.85,100,0
PJFG.US,5,20251210,193500,111.725,111.725,111.725,111.725,537,0
PJFG.US,5,20251210,200500,112.2591,112.2591,112.2591,112.2591,581,0
PJFG.US,5,20251210,201000,112.2981,112.2981,112.2981,112.2981,160,0
PJFG.US,5,20251210,203000,112.07,112.07,112.07,112.07,500,0
PJFG.US,5,20251210,205500,112.65,112.65,112.65,112.65,100,0
PJFG.US,5,20251210,212000,112.5363,112.69,112.5363,112.64,1418,0
PJFG.US,5,20251211,153000,111.33,111.33,111.25,111.25,276,0
PJFG.US,5,20251211,175000,111.2375,111.2375,111.2375,111.2375,100,0
PJFG.US,5,20251211,183500,111.8069,111.8069,111.8069,111.8069,103,0
PJFG.US,5,20251211,215500,112.09,112.09,112.09,112.09,100,0
PJFG.US,5,20251212,164000,111.08386,111.08386,111.08386,111.08386,222,0
PJFG.US,5,20251212,183500,110.55,110.55,110.55,110.55,225,0
PJFG.US,5,20251212,211500,110.5714,110.6151,110.5714,110.6151,925,0
PJFG.US,5,20251212,212000,110.65,110.65,110.65,110.65,100,0
PJFG.US,5,20251212,213500,110.28,110.28,110.28,110.28,200,0
PJFG.US,5,20251212,214000,110.41,110.41,110.41,110.41,100,0
PJFG.US,5,20251215,153000,110.91,110.91,110.91,110.91,100,0
PJFG.US,5,20251215,155000,110.41,110.41,110.41,110.41,100,0
PJFG.US,5,20251215,170000,109.8,109.8,109.8,109.8,455,0
PJFG.US,5,20251215,200500,109.91,109.91,109.91,109.91,100,0
PJFG.US,5,20251215,213000,109.66,109.66,109.6599,109.6599,400,0
PJFG.US,5,20251215,214000,109.71,109.71,109.71,109.71,113,0
PJFG.US,5,20251216,164000,109.368,109.368,109.28764,109.29001,528,0
PJFG.US,5,20251216,171500,109.45,109.535,109.4499,109.535,350,0
PJFG.US,5,20251216,201000,109.48,109.48,109.48,109.48,538,0
PJFG.US,5,20251216,203000,109.69,109.69,109.6288,109.6288,614,0
PJFG.US,5,20251216,203500,109.705,109.705,109.705,109.705,360,0
PJFG.US,5,20251216,210500,109.85,109.8913,109.79,109.8913,1600,0
PJFG.US,5,20251217,193500,108.62,108.62,108.62,108.62,250,0
PJFG.US,5,20251217,212500,108.25,108.2528,108.25,108.2528,258,0
PJFG.US,5,20251217,215000,108.04,108.04,108.04,108.04,300,0
PJFG.US,5,20251217,215500,108.07,108.07,108.07,108.07,357,0
PJFG.US,5,20251218,192000,110.03,110.03,110.03,110.03,150,0
PJFG.US,5,20251218,210000,109.6285,109.6285,109.6285,109.6285,711,0
PJFG.US,5,20251218,215500,109.81,109.81,109.8099,109.8099,200,0
PJFG.US,5,20251222,160500,111.5,111.5,111.5,111.5,215,0
PJFG.US,5,20251222,161000,111.57,111.57,111.57,111.57,125,0
PJFG.US,5,20251222,161500,111.4065,111.4065,111.4065,111.4065,252,0
PJFG.US,5,20251222,162000,111.6,111.6,111.6,111.6,127,0
PJFG.US,5,20251222,163000,111.43,111.43,111.43,111.43,558,0
PJFG.US,5,20251222,165000,111.49,111.49,111.49,111.49,521,0
PJFG.US,5,20251222,180000,111.63,111.63,111.63,111.63,448,0
PJFG.US,5,20251222,191000,111.605,111.605,111.605,111.605,121,0
PJFG.US,5,20251222,205500,111.68,111.68,111.68,111.68,367,0
PJFG.US,5,20251222,213500,111.6248,111.6248,111.6248,111.6248,828,0
PJFG.US,5,20251222,214000,111.65,111.65,111.57,111.57,693,0
PJFG.US,5,20251223,153000,111.59,111.59,111.59,111.59,100,0
PJFG.US,5,20251223,155000,111.815,111.815,111.815,111.815,100,0
PJFG.US,5,20251223,160500,111.46,111.46,111.46,111.46,100,0
PJFG.US,5,20251223,163500,111.6972,111.6972,111.65,111.65,300,0
PJFG.US,5,20251223,164000,111.7252,111.7252,111.7252,111.7252,150,0
PJFG.US,5,20251223,165000,111.8272,111.8272,111.8272,111.8272,100,0
PJFG.US,5,20251223,172000,112.015,112.015,112.015,112.015,447,0
PJFG.US,5,20251223,190000,112.08,112.08,112.08,112.08,628,0
PJFG.US,5,20251223,191500,112.2,112.2,112.2,112.2,100,0
PJFG.US,5,20251223,192500,112.06,112.06,112.06,112.06,100,0
PJFG.US,5,20251223,205500,112.4299,112.4299,112.4299,112.4299,120,0
PJFG.US,5,20251223,210500,112.345,112.412,112.27,112.3688,600,0
PJFG.US,5,20251224,161000,112.355,112.355,112.355,112.355,199,0
PJFG.US,5,20251226,154000,112.75,112.75,112.75,112.75,100,0
PJFG.US,5,20251226,164500,112.79,112.79,112.79,112.79,200,0
PJFG.US,5,20251226,175500,112.7448,112.7448,112.7448,112.7448,300,0
PJFG.US,5,20251226,214500,112.745,112.745,112.745,112.745,150,0
PJFG.US,5,20251229,154500,112.21,112.21,112.21,112.21,100,0
PJFG.US,5,20251229,212000,112.1951,112.1951,112.1951,112.1951,486,0
PJFG.US,5,20251229,215500,112.1799,112.225,112.11,112.225,2766,0
PJFG.US,5,20251230,163000,111.89,111.89,111.89,111.89,100,0
PJFG.US,5,20251230,171000,112.2,112.21,112.2,112.21,4287,0
PJFG.US,5,20251230,201500,112.16,112.16,112.16,112.16,735,0
PJFG.US,5,20251230,212000,112.11,112.11,112.04,112.04,530,0
PJFG.US,5,20251231,161000,111.71,111.71,111.71,111.71,118,0
PJFG.US,5,20251231,185000,111.71,111.75,111.702,111.726,779,0
PJFG.US,5,20260102,163000,111.1,111.1001,111.1,111.1001,200,0
PJFG.US,5,20260102,183500,110.51,110.51,110.51,110.51,100,0
PJFG.US,5,20260102,194500,110.3201,110.3201,110.3201,110.3201,636,0
PJFG.US,5,20260102,210500,110.6575,110.6575,110.6575,110.6575,138,0
PJFG.US,5,20260105,175500,111.6,111.6,111.6,111.6,100,0
PJFG.US,5,20260105,210500,111.18,111.18,111.18,111.18,100,0
PJFG.US,5,20260106,211500,111.712,111.716,111.712,111.716,476,0
PJFG.US,5,20260107,160000,112.14,112.14,112.14,112.14,100,0
PJFG.US,5,20260107,164000,112.26,112.26,112.26,112.26,100,0
PJFG.US,5,20260107,185500,112.91,112.91,112.91,112.91,200,0
PJFG.US,5,20260107,190500,112.84,112.84,112.84,112.84,140,0
PJFG.US,5,20260107,195500,112.79,112.79,112.72,112.7201,300,0
PJFG.US,5,20260107,203000,112.53,112.53,112.53,112.53,250,0
PJFG.US,5,20260107,214500,112.1365,112.1365,112.1365,112.1365,100,0
PJFG.US,5,20260107,215500,112.17,112.17,112.16,112.16,200,0
PJFG.US,5,20260108,174500,111.12,111.12,111.085,111.085,300,0
PJFG.US,5,20260108,190000,111.14,111.14,111.14,111.14,117,0
PJFG.US,5,20260108,192500,110.9,110.9,110.9,110.9,100,0
PJFG.US,5,20260108,204500,110.745,110.745,110.745,110.745,153,0
PJFG.US,5,20260109,194000,111.88,111.88,111.88,111.88,178,0
PJFG.US,5,20260109,194500,111.875,111.875,111.875,111.875,111,0
PJFG.US,5,20260109,210500,112.005,112.005,112.005,112.005,259,0
PJFG.US,5,20260112,181000,112.1,112.1,112.1,112.1,100,0
PJFG.US,5,20260112,185500,112.1001,112.1001,112.1001,112.1001,134,0
PJFG.US,5,20260112,213500,112.25,112.25,112.25,112.25,100,0
PJFG.US,5,20260113,171500,111.78,111.78,111.72,111.72,456,0
PJFG.US,5,20260113,184000,111.9401,111.9401,111.94,111.94,200,0
PJFG.US,5,20260113,213000,111.56,111.56,111.43,111.43,332,0
PJFG.US,5,20260113,214500,111.69,111.7,111.69,111.7,685,0
PJFG.US,5,20260114,160000,109.92,109.92,109.92,109.92,200,0
PJFG.US,5,20260114,164000,110,110,110,110,100,0
PJFG.US,5,20260114,170500,109.688,109.688,109.688,109.688,100,0
PJFG.US,5,20260114,171000,109.6023,109.6023,109.6023,109.6023,100,0
PJFG.US,5,20260114,184000,109.3948,109.3948,109.3948,109.3948,283,0
PJFG.US,5,20260114,190000,109.44358,109.44358,109.44358,109.44358,400,0
PJFG.US,5,20260114,193500,109.35,109.35,109.35,109.35,100,0
PJFG.US,5,20260114,213000,109.9,109.9,109.9,109.9,330,0
PJFG.US,5,20260114,213500,110.02,110.0292,110.01,110.0292,1198,0
PJFG.US,5,20260114,215000,109.9299,109.9299,109.9299,109.9299,366,0
PJFG.US,5,20260115,153000,111.12,111.12,111.12,111.12,900,0
PJFG.US,5,20260115,153500,111.12,111.12,111.12,111.12,472,0
PJFG.US,5,20260115,171000,110.8525,110.8525,110.8525,110.8525,100,0
PJFG.US,5,20260115,191500,110.81,110.81,110.81,110.81,160,0
PJFG.US,5,20260115,192500,110.79,110.79,110.79,110.79,135,0
PJFG.US,5,20260115,205000,110.40799,110.40799,110.40799,110.40799,100,0
PJFG.US,5,20260115,215500,110.24,110.24,110.24,110.24,280,0
PJFG.US,5,20260116,164500,109.75,109.75,109.75,109.75,200,0
PJFG.US,5,20260116,175000,110.1896,110.1896,110.1896,110.1896,180,0
PJFG.US,5,20260116,205500,109.91,109.91,109.91,109.91,300,0
PJFG.US,5,20260116,211000,110.0616,110.0616,110.0616,110.0616,146,0
PJFG.US,5,20260120,191000,107.6882,107.6882,107.6882,107.6882,495,0
PJFG.US,5,20260120,210500,107.12,107.12,107.12,107.12,100,0
PJFG.US,5,20260120,212000,107.04,107.07,107.04,107.04,657,0
PJFG.US,5,20260120,212500,107.0899,107.0899,107.0899,107.0899,100,0
PJFG.US,5,20260120,213000,107.0998,107.12,106.99,107.12,569,0
PJFG.US,5,20260120,213500,106.9894,106.9894,106.9894,106.9894,300,0
PJFG.US,5,20260120,215000,106.9895,106.9895,106.9895,106.9895,200,0
PJFG.US,5,20260120,215500,107.069,107.14,106.89,107,2681,0
PJFG.US,5,20260121,153000,106.94,107.07,106.94,107.07,1021,0
PJFG.US,5,20260121,173500,107.6302,107.6302,107.6302,107.6302,282,0
PJFG.US,5,20260121,192000,106.63,106.64,106.63,106.64,200,0
PJFG.US,5,20260121,204500,108.19,108.19,108.19,108.19,100,0
PJFG.US,5,20260122,162000,108.45,108.45,108.4499,108.4499,200,0
PJFG.US,5,20260122,172000,108.493,108.493,108.493,108.493,229,0
PJFG.US,5,20260122,193500,108.88,109.03,108.88,108.88,900,0
PJFG.US,5,20260122,201500,108.7732,108.88,108.7732,108.88,351,0
PJFG.US,5,20260122,202000,108.8412,108.8412,108.8412,108.8412,476,0
PJFG.US,5,20260122,211500,108.49,108.5478,108.49,108.5478,384,0
PJFG.US,5,20260122,212000,108.48,108.54,108.48,108.54,348,0
PJFG.US,5,20260122,212500,108.61,108.61,108.6,108.6,597,0
PJFG.US,5,20260122,214500,108.58,108.58,108.58,108.58,100,0
PJFG.US,5,20260123,180000,109.3411,109.3411,109.3411,109.3411,248,0
PJFG.US,5,20260123,182500,109.53,109.74,109.53,109.74,12326,0
PJFG.US,5,20260123,190000,109.18,109.18,109.18,109.18,100,0
PJFG.US,5,20260123,191000,109.38,109.38,109.38,109.38,200,0
PJFG.US,5,20260123,191500,109.43,109.43,109.43,109.43,100,0
PJFG.US,5,20260123,204500,109.37,109.37,109.37,109.37,300,0
PJFG.US,5,20260123,214000,109.1836,109.47,109.1581,109.47,1926,0
