<TICKER>,<PER>,<DATE>,<TIME>,<OPEN>,<HIGH>,<LOW>,<CLOSE>,<VOL>,<OPENINT>
RSPF.US,5,20250829,155500,78.52,78.52,78.52,78.52,100,0
RSPF.US,5,20250829,164500,78.44,78.44,78.44,78.44,270,0
RSPF.US,5,20250829,165000,78.34,78.34,78.34,78.34,400,0
RSPF.US,5,20250829,183500,78.62,78.62,78.62,78.62,100,0
RSPF.US,5,20250829,184500,78.6225,78.6225,78.6225,78.6225,250,0
RSPF.US,5,20250829,185000,78.5585,78.5585,78.5585,78.5585,426,0
RSPF.US,5,20250829,192500,78.59,78.68,78.59,78.68,559,0
RSPF.US,5,20250829,193500,78.6567,78.6567,78.6567,78.6567,100,0
RSPF.US,5,20250829,195500,78.615,78.81,78.615,78.76,25801,0
RSPF.US,5,20250829,200500,78.65,78.68,78.65,78.68,2705,0
RSPF.US,5,20250829,201000,78.68,78.68,78.68,78.68,5305,0
RSPF.US,5,20250829,205000,78.6068,78.6068,78.6068,78.6068,100,0
RSPF.US,5,20250829,213000,78.45,78.45,78.45,78.45,106,0
RSPF.US,5,20250902,153000,77.39,77.39,77.39,77.39,144,0
RSPF.US,5,20250902,155500,77.4201,77.4201,77.4201,77.4201,163,0
RSPF.US,5,20250902,185000,77.227,77.2999,77.227,77.2999,364,0
RSPF.US,5,20250902,190500,77.3479,77.3479,77.3479,77.3479,106,0
RSPF.US,5,20250902,191000,77.401,77.401,77.401,77.401,131,0
RSPF.US,5,20250902,191500,77.41,77.41,77.4099,77.4099,5540,0
RSPF.US,5,20250902,192500,77.45,77.54,77.45,77.54,364,0
RSPF.US,5,20250902,193500,77.53,77.53,77.53,77.53,631,0
RSPF.US,5,20250902,194500,77.5999,77.5999,77.5999,77.5999,136,0
RSPF.US,5,20250902,201000,77.5637,77.5637,77.5637,77.5637,128,0
RSPF.US,5,20250902,202500,77.5,77.5,77.5,77.5,768,0
RSPF.US,5,20250902,210500,77.64,77.64,77.617,77.617,2232,0
RSPF.US,5,20250902,211500,77.637,77.664,77.637,77.664,2040,0
RSPF.US,5,20250902,212000,77.7,77.7,77.7,77.7,300,0
RSPF.US,5,20250902,212500,77.68,77.68,77.6783,77.68,411,0
RSPF.US,5,20250902,213500,77.7773,77.7773,77.7773,77.7773,106,0
RSPF.US,5,20250903,161500,77.64,77.64,77.35,77.35,300,0
RSPF.US,5,20250903,163000,77.4,77.4,77.4,77.4,100,0
RSPF.US,5,20250903,165000,77.6592,77.6592,77.6592,77.6592,129,0
RSPF.US,5,20250903,173500,77.449,77.449,77.449,77.449,500,0
RSPF.US,5,20250903,175000,77.5089,77.5089,77.5089,77.5089,107,0
RSPF.US,5,20250903,191000,77.26,77.26,77.26,77.26,108,0
RSPF.US,5,20250903,193500,77.48,77.52,77.48,77.5199,4323,0
RSPF.US,5,20250903,211500,77.4,77.4,77.4,77.4,265,0
RSPF.US,5,20250904,155500,78.3731,78.3731,78.3731,78.3731,182,0
RSPF.US,5,20250904,162500,78.09,78.09,78.09,78.09,1805,0
RSPF.US,5,20250904,163000,78.095,78.095,78.095,78.095,388,0
RSPF.US,5,20250904,203000,78.32,78.33,78.32,78.33,639,0
RSPF.US,5,20250904,205000,78.2816,78.2816,78.2816,78.2816,250,0
RSPF.US,5,20250904,205500,78.26,78.26,78.26,78.26,100,0
RSPF.US,5,20250904,215500,78.61,78.61,78.61,78.61,192,0
RSPF.US,5,20250905,154000,78.645,78.645,78.61,78.61,476,0
RSPF.US,5,20250905,161000,78.0599,78.0599,78.0599,78.0599,100,0
RSPF.US,5,20250905,171000,77.0338,77.0338,77.0338,77.0338,249,0
RSPF.US,5,20250905,174500,77.395,77.395,77.395,77.395,118,0
RSPF.US,5,20250905,185500,77.27,77.27,77.27,77.27,100,0
RSPF.US,5,20250905,204000,77.24,77.24,77.24,77.24,385,0
RSPF.US,5,20250905,204500,77.3318,77.3318,77.3318,77.3318,130,0
RSPF.US,5,20250905,205500,77.36,77.36,77.36,77.36,100,0
RSPF.US,5,20250905,210000,77.3707,77.3707,77.3707,77.3707,160,0
RSPF.US,5,20250905,210500,77.39,77.39,77.39,77.39,100,0
RSPF.US,5,20250905,211500,77.3001,77.3001,77.3001,77.3001,128,0
RSPF.US,5,20250905,214500,77.39,77.39,77.39,77.39,571,0
RSPF.US,5,20250908,155500,77.03,77.03,77.03,77.03,100,0
RSPF.US,5,20250908,162000,76.84,76.84,76.84,76.84,100,0
RSPF.US,5,20250908,185500,77.2301,77.2301,77.2301,77.2301,250,0
RSPF.US,5,20250908,190000,77.248,77.248,77.248,77.248,244,0
RSPF.US,5,20250908,202500,77.165,77.22,77.165,77.22,546,0
RSPF.US,5,20250908,203500,77.19,77.265,77.181,77.181,3523,0
RSPF.US,5,20250908,211000,77.2016,77.2016,77.2016,77.2016,100,0
RSPF.US,5,20250908,211500,77.322,77.345,77.26,77.26,400,0
RSPF.US,5,20250908,212500,77.21,77.23,77.21,77.23,219,0
RSPF.US,5,20250908,213000,77.3206,77.3206,77.3206,77.3206,490,0
RSPF.US,5,20250908,215000,77.4,77.6,77.4,77.6,1737,0
RSPF.US,5,20250909,155000,78.065,78.065,78.065,78.065,145,0
RSPF.US,5,20250909,160000,79.5527,79.5527,79.5527,79.5527,430,0
RSPF.US,5,20250909,182500,77.52,77.52,77.52,77.52,635,0
RSPF.US,5,20250909,193000,77.556,77.556,77.556,77.556,250,0
RSPF.US,5,20250909,201000,77.755,77.755,77.755,77.755,180,0
RSPF.US,5,20250909,202500,77.8899,77.8899,77.8899,77.8899,409,0
RSPF.US,5,20250910,164000,77.4571,77.4571,77.4571,77.4571,100,0
RSPF.US,5,20250910,194000,77.2423,77.2423,77.2423,77.2423,148,0
RSPF.US,5,20250911,154000,77.655,77.655,77.655,77.655,229,0
RSPF.US,5,20250911,181000,78.3199,78.3199,78.16,78.16,609,0
RSPF.US,5,20250911,190500,78.2334,78.2334,78.2334,78.2334,175,0
RSPF.US,5,20250911,200500,78.35,78.35,78.35,78.35,215,0
RSPF.US,5,20250911,201500,78.2701,78.2701,78.2701,78.2701,100,0
RSPF.US,5,20250911,203500,78.23,78.23,78.23,78.23,300,0
RSPF.US,5,20250911,205000,78.18,78.27,78.18,78.27,1545,0
RSPF.US,5,20250911,210000,78.265,78.265,78.265,78.265,100,0
RSPF.US,5,20250911,215000,78.66,78.66,78.66,78.66,100,0
RSPF.US,5,20250912,154500,78.31,78.31,78.31,78.31,100,0
RSPF.US,5,20250912,155000,78.6656,78.6656,78.6656,78.6656,100,0
RSPF.US,5,20250912,163000,78.4407,78.4407,78.4407,78.4407,375,0
RSPF.US,5,20250912,165000,78.2321,78.2321,78.2321,78.2321,128,0
RSPF.US,5,20250912,170000,78.21,78.265,78.21,78.21,2206,0
RSPF.US,5,20250912,172000,78.3797,78.3797,78.3,78.3,287,0
RSPF.US,5,20250912,174500,78.235,78.235,78.235,78.235,122,0
RSPF.US,5,20250912,212000,78.5086,78.5086,78.4,78.4,219,0
RSPF.US,5,20250912,215000,78.4,78.4,78.4,78.4,235,0
RSPF.US,5,20250915,161500,78.24,78.24,78.24,78.24,100,0
RSPF.US,5,20250915,165500,78.44,78.44,78.44,78.44,100,0
RSPF.US,5,20250915,172500,78.3167,78.3167,78.3167,78.3167,136,0
RSPF.US,5,20250915,175500,77.97,78.013,77.97,78.013,533,0
RSPF.US,5,20250915,183000,78.1995,78.1995,78.1995,78.1995,146,0
RSPF.US,5,20250915,184000,78.02,78.02,78.02,78.02,100,0
RSPF.US,5,20250915,201000,77.78,77.78,77.78,77.78,140,0
RSPF.US,5,20250915,201500,77.79,77.79,77.79,77.79,198,0
RSPF.US,5,20250915,211000,77.76,77.8093,77.76,77.8093,400,0
RSPF.US,5,20250915,212500,77.9,77.9,77.9,77.9,113,0
RSPF.US,5,20250915,213500,77.64,77.64,77.64,77.64,100,0
RSPF.US,5,20250915,214500,77.64,77.64,77.64,77.64,100,0
RSPF.US,5,20250915,215000,77.7771,77.7771,77.7771,77.7771,486,0
RSPF.US,5,20250915,215500,77.64,77.64,77.64,77.64,200,0
RSPF.US,5,20250916,161000,77.1099,77.1099,77.1099,77.1099,193,0
RSPF.US,5,20250916,161500,77.0917,77.0917,77.0917,77.0917,396,0
RSPF.US,5,20250916,173000,77.003,77.003,77.003,77.003,324,0
RSPF.US,5,20250916,183500,77.045,77.045,77.045,77.045,130,0
RSPF.US,5,20250916,184500,77.13,77.13,77.13,77.13,275,0
RSPF.US,5,20250916,202000,77.139,77.139,77.139,77.139,190,0
RSPF.US,5,20250916,210000,77.30871,77.30871,77.30871,77.30871,276,0
RSPF.US,5,20250916,211500,77.25,77.25,77.25,77.25,140,0
RSPF.US,5,20250916,212000,77.21,77.21,77.21,77.21,4373,0
RSPF.US,5,20250916,214500,77.1575,77.1575,77.1575,77.1575,1265,0
RSPF.US,5,20250917,155500,77.6333,77.6333,77.6333,77.6333,280,0
RSPF.US,5,20250917,163000,77.9,77.9,77.9,77.9,193,0
RSPF.US,5,20250917,165000,77.9118,77.9118,77.9118,77.9118,163,0
RSPF.US,5,20250917,172000,78.0499,78.0499,78.0499,78.0499,138,0
RSPF.US,5,20250917,175000,77.8831,77.8831,77.8831,77.8831,142,0
RSPF.US,5,20250917,180500,77.9762,77.9762,77.9762,77.9762,150,0
RSPF.US,5,20250917,191500,77.927,77.927,77.927,77.927,109,0
RSPF.US,5,20250917,192000,77.78,77.78,77.77,77.77,900,0
RSPF.US,5,20250917,193000,77.7881,77.7881,77.7881,77.7881,124,0
RSPF.US,5,20250917,194000,77.8,77.8,77.8,77.8,100,0
RSPF.US,5,20250917,201000,78.32,78.32,78.32,78.32,176,0
RSPF.US,5,20250917,204500,77.6,77.6,77.6,77.6,100,0
RSPF.US,5,20250917,213500,77.83,77.83,77.83,77.83,100,0
RSPF.US,5,20250918,154500,78.075,78.075,78.075,78.075,100,0
RSPF.US,5,20250918,155000,78.205,78.205,78.205,78.205,156,0
RSPF.US,5,20250918,160500,78.5375,78.5375,78.5375,78.5375,200,0
RSPF.US,5,20250918,162500,78.5571,78.5571,78.5571,78.5571,150,0
RSPF.US,5,20250918,170000,78.35,78.35,78.35,78.35,277,0
RSPF.US,5,20250918,173000,78.4,78.4,78.4,78.4,1465,0
RSPF.US,5,20250918,173500,78.4456,78.4456,78.4456,78.4456,166,0
RSPF.US,5,20250918,174000,78.465,78.5552,78.465,78.5552,634,0
RSPF.US,5,20250918,174500,78.5538,78.5554,78.5538,78.5554,320,0
RSPF.US,5,20250918,175000,78.5,78.54,78.45,78.54,820,0
RSPF.US,5,20250918,175500,78.354,78.37,78.354,78.37,435,0
RSPF.US,5,20250918,180000,78.375,78.461,78.375,78.4608,506,0
RSPF.US,5,20250918,180500,78.39,78.469,78.39,78.4066,410,0
RSPF.US,5,20250918,181000,78.4866,78.4866,78.4425,78.4425,333,0
RSPF.US,5,20250918,181500,78.47516,78.47516,78.47516,78.47516,145,0
RSPF.US,5,20250918,183500,78.47,78.47,78.47,78.47,111,0
RSPF.US,5,20250918,200500,78.34,78.34,78.34,78.34,125,0
RSPF.US,5,20250918,203500,78.3,78.3,78.3,78.3,357,0
RSPF.US,5,20250918,204500,78.3,78.3,78.3,78.3,300,0
RSPF.US,5,20250918,205000,78.235,78.235,78.235,78.235,100,0
RSPF.US,5,20250918,205500,78.31,78.31,78.31,78.31,200,0
RSPF.US,5,20250918,210500,78.32,78.32,78.3034,78.32,828,0
RSPF.US,5,20250918,214000,78.14,78.14,78.14,78.14,358,0
RSPF.US,5,20250919,162500,78.1519,78.1519,78.1519,78.1519,126,0
RSPF.US,5,20250919,164500,78.18,78.18,78.18,78.18,499,0
RSPF.US,5,20250919,200500,78.2188,78.2188,78.2188,78.2188,250,0
RSPF.US,5,20250922,155000,77.475,77.475,77.475,77.475,217,0
RSPF.US,5,20250922,170000,77.42,77.42,77.42,77.42,100,0
RSPF.US,5,20250922,171500,77.68,77.68,77.68,77.68,4743,0
RSPF.US,5,20250922,175000,77.5,77.5,77.5,77.5,100,0
RSPF.US,5,20250922,181000,77.5,77.5,77.5,77.5,100,0
RSPF.US,5,20250922,184500,77.6469,77.6469,77.6469,77.6469,129,0
RSPF.US,5,20250922,192500,77.4901,77.4901,77.4901,77.4901,105,0
RSPF.US,5,20250922,202500,77.659,77.659,77.659,77.659,577,0
RSPF.US,5,20250922,210000,77.7216,77.7216,77.7216,77.7216,156,0
RSPF.US,5,20250922,212500,77.65,77.65,77.63,77.63,1149,0
RSPF.US,5,20250922,215000,77.8172,77.8172,77.72,77.72,356,0
RSPF.US,5,20250922,215500,77.7821,77.8,77.7821,77.8,200,0
RSPF.US,5,20250923,154500,78.4371,78.4371,78.4371,78.4371,127,0
RSPF.US,5,20250923,160500,78.33,78.33,78.33,78.33,100,0
RSPF.US,5,20250923,161500,78.285,78.285,78.285,78.285,168,0
RSPF.US,5,20250923,181000,77.9112,77.9112,77.9112,77.9112,128,0
RSPF.US,5,20250923,185000,77.93,77.93,77.93,77.93,160,0
RSPF.US,5,20250923,191000,77.9,77.9,77.9,77.9,155,0
RSPF.US,5,20250923,195500,77.58121,77.58121,77.58121,77.58121,260,0
RSPF.US,5,20250923,202000,77.4001,77.4001,77.4001,77.4001,200,0
RSPF.US,5,20250923,211500,77.46,77.46,77.46,77.46,915,0
RSPF.US,5,20250923,212000,77.38,77.38,77.38,77.38,147,0
RSPF.US,5,20250924,165000,77.635,77.635,77.635,77.635,150,0
RSPF.US,5,20250924,180500,77.44,77.44,77.44,77.44,211,0
RSPF.US,5,20250924,194000,77.38,77.38,77.38,77.38,770,0
RSPF.US,5,20250924,214000,77.3405,77.3405,77.3405,77.3405,200,0
RSPF.US,5,20250924,214500,77.48,77.48,77.48,77.48,275,0
RSPF.US,5,20250924,215000,77.375,77.375,77.375,77.375,400,0
RSPF.US,5,20250925,160500,77.225,77.225,77.225,77.225,220,0
RSPF.US,5,20250925,161000,77.285,77.285,77.285,77.285,286,0
RSPF.US,5,20250925,161500,77.46,77.46,77.46,77.46,728,0
RSPF.US,5,20250925,164500,77.45,77.45,77.45,77.45,100,0
RSPF.US,5,20250925,165500,77.35,77.35,77.35,77.35,225,0
RSPF.US,5,20250925,183000,76.993,76.993,76.993,76.993,128,0
RSPF.US,5,20250925,201000,76.7766,76.7766,76.7766,76.7766,126,0
RSPF.US,5,20250925,201500,77.06,77.06,77.06,77.06,300,0
RSPF.US,5,20250925,202500,76.9665,76.9665,76.9665,76.9665,151,0
RSPF.US,5,20250925,205000,77.07,77.07,77.07,77.07,2735,0
RSPF.US,5,20250925,205500,77.0547,77.10795,77.0547,77.10795,282,0
RSPF.US,5,20250925,210500,77.07,77.07,77.07,77.07,5866,0
RSPF.US,5,20250925,212000,77.05,77.05,77.05,77.05,103,0
RSPF.US,5,20250925,214000,77.111,77.111,77.111,77.111,103,0
RSPF.US,5,20250925,214500,77.1599,77.1599,77.0394,77.0394,381,0
RSPF.US,5,20250925,215500,77.16,77.16,77.16,77.16,100,0
RSPF.US,5,20250926,154000,77.74,77.74,77.74,77.74,145,0
RSPF.US,5,20250926,154500,77.79,77.79,77.79,77.79,331,0
RSPF.US,5,20250926,160500,77.8622,77.8622,77.8622,77.8622,237,0
RSPF.US,5,20250926,162000,77.675,77.675,77.675,77.675,188,0
RSPF.US,5,20250926,163000,77.59,77.59,77.59,77.59,1355,0
RSPF.US,5,20250926,164000,77.58,77.58,77.58,77.58,100,0
RSPF.US,5,20250926,170500,77.6,77.6,77.6,77.6,115,0
RSPF.US,5,20250926,172500,77.7617,77.7617,77.7617,77.7617,214,0
RSPF.US,5,20250926,173000,77.72,77.72,77.715,77.715,423,0
RSPF.US,5,20250926,181000,77.58,77.58,77.58,77.58,124,0
RSPF.US,5,20250926,181500,77.6201,77.6201,77.6201,77.6201,100,0
RSPF.US,5,20250926,182000,77.73,77.73,77.73,77.73,331,0
RSPF.US,5,20250926,193000,77.87,77.87,77.87,77.87,180,0
RSPF.US,5,20250926,200500,77.77,77.77,77.77,77.77,151,0
RSPF.US,5,20250926,213500,77.7482,77.7815,77.7296,77.7815,1489,0
RSPF.US,5,20250926,214000,77.72,77.72,77.72,77.72,401,0
RSPF.US,5,20250929,153500,77.8044,77.8044,77.8044,77.8044,500,0
RSPF.US,5,20250929,155500,77.8171,77.8171,77.8171,77.8171,100,0
RSPF.US,5,20250929,160000,77.63,77.63,77.63,77.63,100,0
RSPF.US,5,20250929,160500,77.6984,77.6984,77.6984,77.6984,300,0
RSPF.US,5,20250929,185500,77.77,77.77,77.77,77.77,332,0
RSPF.US,5,20250929,190500,77.77,77.77,77.77,77.77,1617,0
RSPF.US,5,20250929,192000,77.74,77.74,77.74,77.74,502,0
RSPF.US,5,20250929,192500,77.8219,77.8219,77.8219,77.8219,568,0
RSPF.US,5,20250929,195500,77.78,77.78,77.78,77.78,100,0
RSPF.US,5,20250929,202500,77.9,77.9,77.9,77.9,499,0
RSPF.US,5,20250929,205000,78.14,78.14,78.14,78.14,367,0
RSPF.US,5,20250929,210000,77.9419,77.9419,77.9419,77.9419,180,0
RSPF.US,5,20250929,210500,77.95,77.95,77.95,77.95,100,0
RSPF.US,5,20250929,212500,78.035,78.035,78.035,78.035,826,0
RSPF.US,5,20250929,214000,78.1,78.1,78.1,78.1,100,0
RSPF.US,5,20250929,214500,78.175,78.175,78.175,78.175,107,0
RSPF.US,5,20250929,215000,78.07,78.07,78.07,78.07,100,0
RSPF.US,5,20250929,215500,78.04,78.04,78.04,78.04,990,0
RSPF.US,5,20250930,155500,78.06,78.06,78.06,78.06,100,0
RSPF.US,5,20250930,160500,77.87,77.87,77.87,77.87,574,0
RSPF.US,5,20250930,171500,77.2974,77.315,77.2974,77.315,2677,0
RSPF.US,5,20250930,175000,77.2161,77.2161,77.2161,77.2161,212,0
RSPF.US,5,20250930,182500,77.2001,77.285,77.2001,77.285,479,0
RSPF.US,5,20250930,183000,77.295,77.295,77.295,77.295,121,0
RSPF.US,5,20250930,185000,77.22268,77.22268,77.22268,77.22268,114,0
RSPF.US,5,20250930,200500,77.22,77.23,77.22,77.23,600,0
RSPF.US,5,20250930,203500,77.17,77.17,77.17,77.17,100,0
RSPF.US,5,20251001,160500,77.19,77.19,77.19,77.19,198,0
RSPF.US,5,20251001,163000,77.55,77.55,77.55,77.55,277,0
RSPF.US,5,20251001,164000,77.4,77.4,77.4,77.4,108,0
RSPF.US,5,20251001,170500,77.3217,77.3217,77.3217,77.3217,102,0
RSPF.US,5,20251001,174500,77.51,77.51,77.51,77.51,100,0
RSPF.US,5,20251001,180500,77.38,77.38,77.38,77.38,100,0
RSPF.US,5,20251001,182000,77.35,77.35,77.35,77.35,106,0
RSPF.US,5,20251001,190500,77.1922,77.1922,77.1922,77.1922,201,0
RSPF.US,5,20251001,191000,77.2074,77.2074,77.2074,77.2074,180,0
RSPF.US,5,20251001,205000,77.1635,77.1635,77.1635,77.1635,108,0
RSPF.US,5,20251001,212000,77.1393,77.1393,77.1393,77.1393,228,0
RSPF.US,5,20251001,214500,77.09,77.09,77.09,77.09,100,0
RSPF.US,5,20251002,163500,76.956,76.956,76.956,76.956,250,0
RSPF.US,5,20251002,183000,76.9915,76.9915,76.9915,76.9915,215,0
RSPF.US,5,20251002,185500,77.0192,77.0192,77.0192,77.0192,189,0
RSPF.US,5,20251002,192000,77.26,77.26,77.0813,77.0813,1924,0
RSPF.US,5,20251002,200500,77.2426,77.2426,77.2426,77.2426,218,0
RSPF.US,5,20251002,203500,77.43,77.43,77.43,77.43,116,0
RSPF.US,5,20251002,210500,77.4,77.4,77.4,77.4,200,0
RSPF.US,5,20251002,211500,77.39,77.39,77.39,77.39,235,0
RSPF.US,5,20251003,154000,77.785,77.785,77.785,77.785,102,0
RSPF.US,5,20251003,154500,77.99,77.99,77.99,77.99,626,0
RSPF.US,5,20251003,182500,78.064,78.064,78.064,78.064,169,0
RSPF.US,5,20251003,193500,78.085,78.085,78.0539,78.0539,2500,0
RSPF.US,5,20251003,195000,77.9863,77.9863,77.9863,77.9863,142,0
RSPF.US,5,20251003,200500,77.95,77.95,77.95,77.95,100,0
RSPF.US,5,20251006,154000,78.01,78.01,78.01,78.01,1609,0
RSPF.US,5,20251006,155500,77.78986,77.78986,77.78986,77.78986,100,0
RSPF.US,5,20251006,160000,77.83,77.83,77.83,77.83,321,0
RSPF.US,5,20251006,161500,77.57,77.57,77.57,77.57,101,0
RSPF.US,5,20251006,164500,78.075,78.075,78.075,78.075,166,0
RSPF.US,5,20251006,165500,78.065,78.065,78.065,78.065,275,0
RSPF.US,5,20251006,183000,78.04,78.04,78.04,78.04,368,0
RSPF.US,5,20251006,202500,77.8959,77.99,77.75,77.8966,7588,0
RSPF.US,5,20251006,213000,77.8799,77.8799,77.8799,77.8799,112,0
RSPF.US,5,20251006,215000,77.84,77.875,77.84,77.875,561,0
RSPF.US,5,20251007,154500,78.4705,78.4705,78.4705,78.4705,255,0
RSPF.US,5,20251007,162500,78.2331,78.3074,78.2331,78.3074,400,0
RSPF.US,5,20251007,164500,78,78,77.97,77.97,908,0
RSPF.US,5,20251007,165000,78.0021,78.0021,78.0021,78.0021,100,0
RSPF.US,5,20251007,171000,78.2357,78.2357,78.2357,78.2357,133,0
RSPF.US,5,20251007,171500,78.0639,78.0639,77.95,77.95,300,0
RSPF.US,5,20251007,185000,77.95,77.95,77.95,77.95,995,0
RSPF.US,5,20251007,193500,77.93,77.93,77.93,77.93,153,0
RSPF.US,5,20251007,194000,77.9367,77.9367,77.9367,77.9367,150,0
RSPF.US,5,20251007,205000,77.99,77.99,77.99,77.99,140,0
RSPF.US,5,20251007,212500,78.044,78.044,78.044,78.044,397,0
RSPF.US,5,20251007,214000,78.0879,78.0879,78.0879,78.0879,192,0
RSPF.US,5,20251008,154500,77.905,77.907,77.755,77.755,947,0
RSPF.US,5,20251008,180000,78.335,78.335,78.335,78.335,773,0
RSPF.US,5,20251008,181000,78.29,78.29,78.29,78.29,207,0
RSPF.US,5,20251008,182500,78.335,78.335,78.335,78.335,100,0
RSPF.US,5,20251008,201000,78.2262,78.2262,78.2262,78.2262,289,0
RSPF.US,5,20251008,202500,78.2125,78.2125,78.2125,78.2125,243,0
RSPF.US,5,20251008,203000,78.1928,78.1928,78.1928,78.1928,353,0
RSPF.US,5,20251008,204500,77.8969,78.0831,77.8969,78.0831,1101,0
RSPF.US,5,20251008,205500,77.935,77.935,77.935,77.935,100,0
RSPF.US,5,20251008,215000,77.8101,77.8101,77.8101,77.8101,100,0
RSPF.US,5,20251008,215500,77.9002,77.9002,77.9002,77.9002,320,0
RSPF.US,5,20251009,153000,77.9,77.9,77.9,77.9,400,0
RSPF.US,5,20251009,183000,77.684,77.684,77.684,77.684,100,0
RSPF.US,5,20251009,183500,77.68,77.68,77.68,77.68,100,0
RSPF.US,5,20251009,195500,77.57,77.57,77.57,77.57,144,0
RSPF.US,5,20251009,213500,77.561,77.561,77.561,77.561,158,0
RSPF.US,5,20251009,215000,76.8811,76.8811,76.8811,76.8811,147,0
RSPF.US,5,20251009,215500,77.49,77.49,77.49,77.49,285,0
RSPF.US,5,20251010,153000,77.9844,77.9844,77.9844,77.9844,130,0
RSPF.US,5,20251010,154000,78.15,78.17,78.15,78.17,200,0
RSPF.US,5,20251010,165000,77.4401,77.4401,77.4401,77.4401,218,0
RSPF.US,5,20251010,173500,76.3701,76.3701,76.3701,76.3701,239,0
RSPF.US,5,20251010,181000,76.47,76.47,76.47,76.47,262,0
RSPF.US,5,20251010,184500,76.363,76.363,76.363,76.363,130,0
RSPF.US,5,20251010,185500,76.2546,76.2546,76.2546,76.2546,200,0
RSPF.US,5,20251010,191500,76.2415,76.2415,76.2415,76.2415,288,0
RSPF.US,5,20251010,202500,76.42,76.42,76.42,76.42,393,0
RSPF.US,5,20251010,203000,76.3783,76.3783,76.3783,76.3783,148,0
RSPF.US,5,20251010,213000,75.91,75.91,75.91,75.91,278,0
RSPF.US,5,20251010,214000,75.81,75.81,75.81,75.81,200,0
RSPF.US,5,20251010,214500,75.87,75.87,75.87,75.87,181,0
RSPF.US,5,20251010,215000,75.75,75.75,75.75,75.75,145,0
RSPF.US,5,20251013,164500,76.065,76.065,76.065,76.065,187,0
RSPF.US,5,20251013,171500,76.13914,76.13914,76.13914,76.13914,131,0
RSPF.US,5,20251013,172000,76.2,76.2,76.2,76.2,168,0
RSPF.US,5,20251013,174000,76.05,76.05,76.05,76.05,108,0
RSPF.US,5,20251013,181000,76.2034,76.2034,76.2034,76.2034,200,0
RSPF.US,5,20251013,190000,76.34,76.34,76.34,76.34,243,0
RSPF.US,5,20251013,191500,76.3977,76.3977,76.3977,76.3977,100,0
RSPF.US,5,20251013,192000,76.273,76.273,76.273,76.273,130,0
RSPF.US,5,20251013,193000,76.13,76.13,76.13,76.13,373,0
RSPF.US,5,20251013,200000,76.368,76.368,76.24,76.24,288,0
RSPF.US,5,20251013,200500,76.21,76.215,76.21,76.215,500,0
RSPF.US,5,20251013,214000,76.2637,76.33,76.2637,76.33,4681,0
RSPF.US,5,20251014,162500,76.3601,76.3601,76.3601,76.3601,130,0
RSPF.US,5,20251014,172000,76.565,76.565,76.565,76.565,221,0
RSPF.US,5,20251014,173000,76.5,76.5,76.5,76.5,206,0
RSPF.US,5,20251014,175000,76.915,76.915,76.8742,76.8742,688,0
RSPF.US,5,20251014,180000,76.975,76.975,76.975,76.975,100,0
RSPF.US,5,20251014,181000,76.8924,76.8924,76.8924,76.8924,142,0
RSPF.US,5,20251014,182500,77.1352,77.1352,77.1352,77.1352,157,0
RSPF.US,5,20251014,200500,77.4729,77.5366,77.4729,77.5366,295,0
RSPF.US,5,20251014,205500,77.51,77.51,77.51,77.51,151,0
RSPF.US,5,20251015,173000,76.97,76.97,76.97,76.97,1509,0
RSPF.US,5,20251015,173500,76.7846,76.7846,76.7846,76.7846,189,0
RSPF.US,5,20251015,184500,76.68,76.68,76.68,76.68,100,0
RSPF.US,5,20251015,194000,76.46564,76.46564,76.46564,76.46564,157,0
RSPF.US,5,20251015,201000,76.485,76.485,76.485,76.485,375,0
RSPF.US,5,20251015,202500,76.4689,76.4689,76.4689,76.4689,200,0
RSPF.US,5,20251015,210500,76.49,76.49,76.49,76.49,234,0
RSPF.US,5,20251015,212000,76.48,76.48,76.48,76.48,100,0
RSPF.US,5,20251016,154000,75.8161,75.8161,75.8161,75.8161,116,0
RSPF.US,5,20251016,172500,75.62,75.62,75.62,75.62,100,0
RSPF.US,5,20251016,175000,75.44,75.44,75.44,75.44,100,0
RSPF.US,5,20251016,181500,75.2465,75.2465,75.2465,75.2465,100,0
RSPF.US,5,20251016,185500,74.7628,74.7628,74.7628,74.7628,300,0
RSPF.US,5,20251016,190000,74.774,74.774,74.774,74.774,100,0
RSPF.US,5,20251016,190500,74.74,74.74,74.74,74.74,100,0
RSPF.US,5,20251016,191500,74.84,74.84,74.84,74.84,15199,0
RSPF.US,5,20251016,194500,74.8041,74.8041,74.8041,74.8041,234,0
RSPF.US,5,20251016,200000,74.55,74.55,74.55,74.55,328,0
RSPF.US,5,20251016,201000,74.4,74.4,74.4,74.4,148,0
RSPF.US,5,20251016,203500,74.295,74.295,74.295,74.295,100,0
RSPF.US,5,20251016,204000,74.3358,74.4348,74.3358,74.4348,784,0
RSPF.US,5,20251016,204500,74.55,74.55,74.425,74.425,542,0
RSPF.US,5,20251016,205000,74.4333,74.4333,74.4333,74.4333,470,0
RSPF.US,5,20251016,205500,74.3717,74.3717,74.3717,74.3717,497,0
RSPF.US,5,20251016,212000,74.1299,74.1299,74.1299,74.1299,100,0
RSPF.US,5,20251016,213000,74.08,74.08,74.08,74.08,265,0
RSPF.US,5,20251017,155000,74.4328,74.4354,74.4328,74.4354,928,0
RSPF.US,5,20251017,161000,74.5898,74.5898,74.5898,74.5898,100,0
RSPF.US,5,20251017,164000,74.4557,74.4557,74.4557,74.4557,100,0
RSPF.US,5,20251017,170500,74.4001,74.4001,74.4001,74.4001,100,0
RSPF.US,5,20251017,171500,74.4599,74.4599,74.4599,74.4599,551,0
RSPF.US,5,20251017,190000,74.3901,74.3901,74.3901,74.3901,106,0
RSPF.US,5,20251017,191500,74.47,74.47,74.47,74.47,100,0
RSPF.US,5,20251017,200000,74.65,74.65,74.65,74.65,360,0
RSPF.US,5,20251017,201000,74.6,74.6,74.6,74.6,144,0
RSPF.US,5,20251017,204500,74.81,74.81,74.81,74.81,3762,0
RSPF.US,5,20251017,205000,74.7401,74.7401,74.7401,74.7401,140,0
RSPF.US,5,20251017,210000,74.8892,74.8892,74.8892,74.8892,100,0
RSPF.US,5,20251017,212500,74.87,74.87,74.87,74.87,162,0
RSPF.US,5,20251017,214500,74.93,74.93,74.83,74.83,551,0
RSPF.US,5,20251020,153000,75.02,75.02,75.02,75.02,100,0
RSPF.US,5,20251020,153500,75.4492,75.4492,75.4492,75.4492,105,0
RSPF.US,5,20251020,164000,75.4,75.4,75.4,75.4,150,0
RSPF.US,5,20251020,174000,75.5704,75.5704,75.5704,75.5704,100,0
RSPF.US,5,20251020,175500,75.3897,75.3897,75.3897,75.3897,392,0
RSPF.US,5,20251020,182000,75.45,75.45,75.4499,75.4499,398,0
RSPF.US,5,20251020,182500,75.45,75.45,75.45,75.45,1351,0
RSPF.US,5,20251020,192500,75.675,75.675,75.675,75.675,199,0
RSPF.US,5,20251020,203000,75.6904,75.6904,75.6904,75.6904,132,0
RSPF.US,5,20251020,204000,75.74,75.74,75.74,75.74,100,0
RSPF.US,5,20251020,205500,75.65,75.65,75.65,75.65,177,0
RSPF.US,5,20251020,210000,75.695,75.695,75.695,75.695,132,0
RSPF.US,5,20251020,212000,75.77,75.77,75.77,75.77,100,0
RSPF.US,5,20251020,212500,75.71,75.71,75.7,75.7001,1036,0
RSPF.US,5,20251020,213500,75.6742,75.6742,75.6742,75.6742,100,0
RSPF.US,5,20251020,214000,75.6101,75.6101,75.6101,75.6101,118,0
RSPF.US,5,20251020,214500,75.63,75.65,75.63,75.65,574,0
RSPF.US,5,20251020,215000,75.655,75.655,75.655,75.655,300,0
RSPF.US,5,20251021,161000,75.845,75.845,75.845,75.845,159,0
RSPF.US,5,20251021,163000,75.945,75.945,75.945,75.945,125,0
RSPF.US,5,20251021,163500,75.97,75.97,75.97,75.97,3431,0
RSPF.US,5,20251021,164000,76.0093,76.0093,76.0093,76.0093,150,0
RSPF.US,5,20251021,164500,76.1225,76.1225,76.1225,76.1225,258,0
RSPF.US,5,20251021,171500,76.25,76.25,76.25,76.25,397,0
RSPF.US,5,20251021,172500,76.0596,76.0596,76.0596,76.0596,458,0
RSPF.US,5,20251021,174000,76.0744,76.0744,76.0744,76.0744,459,0
RSPF.US,5,20251021,180500,76.08,76.08,76.035,76.044,499,0
RSPF.US,5,20251021,184500,76.0991,76.0991,76.0991,76.0991,738,0
RSPF.US,5,20251021,185500,76.0735,76.0735,76.0735,76.0735,1458,0
RSPF.US,5,20251021,193500,76.1086,76.1086,76.1086,76.1086,133,0
RSPF.US,5,20251021,195500,76.14,76.14,76.14,76.14,262,0
RSPF.US,5,20251021,201000,75.99,75.99,75.99,75.99,100,0
RSPF.US,5,20251021,203500,75.9683,75.9683,75.9683,75.9683,133,0
RSPF.US,5,20251021,205500,75.991,75.991,75.991,75.991,200,0
RSPF.US,5,20251021,213000,75.87,75.8918,75.87,75.8918,1847,0
RSPF.US,5,20251022,161000,75.7139,75.7139,75.7139,75.7139,130,0
RSPF.US,5,20251022,164000,75.7404,75.7404,75.7404,75.7404,172,0
RSPF.US,5,20251022,171000,75.7174,75.7174,75.7174,75.7174,206,0
RSPF.US,5,20251022,183500,75.355,75.355,75.355,75.355,300,0
RSPF.US,5,20251022,185000,75.45,75.5825,75.45,75.5825,424,0
RSPF.US,5,20251022,193500,75.355,75.355,75.355,75.355,161,0
RSPF.US,5,20251022,195500,75.1617,75.1617,75.1617,75.1617,100,0
RSPF.US,5,20251022,202500,75.45,75.45,75.45,75.45,200,0
RSPF.US,5,20251022,203500,75.41,75.41,75.41,75.41,597,0
RSPF.US,5,20251022,212000,75.47,75.47,75.47,75.47,118,0
RSPF.US,5,20251022,215000,75.4,75.4,75.4,75.4,400,0
RSPF.US,5,20251023,160500,75.4832,75.4832,75.4832,75.4832,123,0
RSPF.US,5,20251023,172000,75.2,75.2,75.2,75.2,160,0
RSPF.US,5,20251023,175000,75.385,75.385,75.385,75.385,128,0
RSPF.US,5,20251023,193500,75.6,75.6,75.6,75.6,115,0
RSPF.US,5,20251023,195000,75.68,75.68,75.68,75.68,602,0
RSPF.US,5,20251023,200500,75.8129,75.8129,75.8129,75.8129,132,0
RSPF.US,5,20251023,202000,75.78,75.78,75.78,75.78,2061,0
RSPF.US,5,20251023,202500,75.8,75.83,75.8,75.83,204,0
RSPF.US,5,20251023,203500,75.8,75.83,75.73,75.83,335,0
RSPF.US,5,20251024,160000,76.46,76.46,76.46,76.46,769,0
RSPF.US,5,20251024,160500,76.3902,76.3902,76.38,76.3902,300,0
RSPF.US,5,20251024,162500,76.38,76.44,76.3621,76.44,340,0
RSPF.US,5,20251024,174500,76.43,76.43,76.43,76.43,105,0
RSPF.US,5,20251024,175500,76.4374,76.4374,76.4374,76.4374,106,0
RSPF.US,5,20251024,181500,76.27,76.27,76.27,76.27,100,0
RSPF.US,5,20251024,184000,76.03,76.03,76.01,76.01,800,0
RSPF.US,5,20251024,192500,76.33,76.33,76.33,76.33,100,0
RSPF.US,5,20251024,202500,76.4332,76.4332,76.4332,76.4332,130,0
RSPF.US,5,20251024,205000,76.4151,76.4151,76.4151,76.4151,331,0
RSPF.US,5,20251024,215500,76.325,76.325,76.325,76.325,900,0
RSPF.US,5,20251027,145000,76.66,76.66,76.66,76.66,100,0
RSPF.US,5,20251027,160000,76.605,76.605,76.605,76.605,139,0
RSPF.US,5,20251027,162500,76.5065,76.5065,76.5065,76.5065,100,0
RSPF.US,5,20251027,164500,76.4975,76.4975,76.4975,76.4975,685,0
RSPF.US,5,20251027,165000,76.64,76.64,76.64,76.64,345,0
RSPF.US,5,20251027,172000,76.39,76.39,76.39,76.39,106,0
RSPF.US,5,20251027,175500,76.6493,76.6493,76.6493,76.6493,123,0
RSPF.US,5,20251027,182500,76.3951,76.3951,76.3951,76.3951,331,0
RSPF.US,5,20251027,193000,76.5065,76.52,76.4301,76.52,1000,0
RSPF.US,5,20251027,204000,76.67,76.67,76.67,76.67,154,0
RSPF.US,5,20251028,152000,76.28,76.28,76.28,76.28,150,0
RSPF.US,5,20251028,155500,76.43,76.43,76.43,76.43,242,0
RSPF.US,5,20251028,161000,76.34,76.34,76.34,76.34,100,0
RSPF.US,5,20251028,174500,76.18,76.3,76.18,76.3,3877,0
RSPF.US,5,20251028,180000,76.1803,76.1803,76.1803,76.1803,387,0
RSPF.US,5,20251028,182000,76.14,76.14,76.14,76.14,3258,0
RSPF.US,5,20251028,190000,76.1782,76.1782,76.1782,76.1782,100,0
RSPF.US,5,20251028,193500,76.1355,76.1355,76.1355,76.1355,200,0
RSPF.US,5,20251028,203000,76.0023,76.0023,75.965,75.965,527,0
RSPF.US,5,20251028,203500,75.9664,75.9664,75.9664,75.9664,254,0
RSPF.US,5,20251029,152000,74.755,74.755,74.755,74.755,150,0
RSPF.US,5,20251029,154500,74.5001,74.5001,74.5001,74.5001,150,0
RSPF.US,5,20251029,160500,74.67,74.67,74.67,74.67,136,0
RSPF.US,5,20251029,162000,74.7756,74.7756,74.7756,74.7756,950,0
RSPF.US,5,20251029,165500,74.8412,74.8897,74.8412,74.8897,200,0
RSPF.US,5,20251029,171500,74.8545,74.8545,74.8545,74.8545,354,0
RSPF.US,5,20251029,172000,74.855,74.855,74.855,74.855,100,0
RSPF.US,5,20251029,183500,74.72,74.72,74.72,74.72,153,0
RSPF.US,5,20251029,185000,74.73,74.73,74.67,74.67,900,0
RSPF.US,5,20251029,193500,74.53,74.53,74.52,74.52,600,0
RSPF.US,5,20251029,203000,74.09,74.09,74.09,74.09,133,0
RSPF.US,5,20251030,143000,74.34,74.34,74.34,74.34,200,0
RSPF.US,5,20251030,152000,74.777,74.777,74.777,74.777,646,0
RSPF.US,5,20251030,160500,75.1121,75.1121,75.1121,75.1121,100,0
RSPF.US,5,20251030,173000,74.7,74.7,74.7,74.7,157,0
RSPF.US,5,20251030,203500,74.37,74.37,74.37,74.37,100,0
RSPF.US,5,20251030,205000,74.18,74.18,74.18,74.18,120,0
RSPF.US,5,20251030,205500,74.15,74.15,74.14,74.14,1200,0
RSPF.US,5,20251031,145000,74.3957,74.3957,74.3957,74.3957,959,0
RSPF.US,5,20251031,145500,74.3,74.3,74.3,74.3,167,0
RSPF.US,5,20251031,152000,74.4385,74.4385,74.4385,74.4385,165,0
RSPF.US,5,20251031,170000,74.365,74.365,74.365,74.365,640,0
RSPF.US,5,20251031,172500,74.345,74.345,74.345,74.345,141,0
RSPF.US,5,20251031,173500,74.42,74.42,74.42,74.42,255,0
RSPF.US,5,20251031,174500,74.361,74.361,74.345,74.345,545,0
RSPF.US,5,20251031,182000,74.049,74.049,74.0301,74.0301,657,0
RSPF.US,5,20251031,191000,74.28,74.28,74.28,74.28,150,0
RSPF.US,5,20251031,192000,74.28,74.28,74.28,74.28,235,0
RSPF.US,5,20251031,192500,74.3801,74.3801,74.3801,74.3801,174,0
RSPF.US,5,20251031,193000,74.467,74.467,74.467,74.467,216,0
RSPF.US,5,20251103,160500,73.895,73.895,73.895,73.895,348,0
RSPF.US,5,20251103,161500,73.9905,73.9905,73.9905,73.9905,358,0
RSPF.US,5,20251103,165000,73.71,73.71,73.62,73.71,2100,0
RSPF.US,5,20251103,172500,74.065,74.065,74.065,74.065,324,0
RSPF.US,5,20251103,174000,74.19,74.19,74.19,74.19,102,0
RSPF.US,5,20251103,183500,74.1771,74.1771,74.1771,74.1771,140,0
RSPF.US,5,20251103,184500,74.05,74.05,74.05,74.05,135,0
RSPF.US,5,20251103,191500,74.2259,74.2259,74.2259,74.2259,216,0
RSPF.US,5,20251103,200500,74.215,74.215,74.215,74.215,100,0
RSPF.US,5,20251103,210500,74.22,74.22,74.22,74.22,229,0
RSPF.US,5,20251103,213000,74.21,74.21,74.205,74.205,1100,0
RSPF.US,5,20251103,215000,74.217,74.217,74.217,74.217,300,0
RSPF.US,5,20251103,215500,74.31,74.31,74.31,74.31,130,0
RSPF.US,5,20251104,154000,74.2,74.2,74.1195,74.1195,234,0
RSPF.US,5,20251104,170000,74.6691,74.6691,74.6691,74.6691,441,0
RSPF.US,5,20251104,172000,74.49,74.49,74.49,74.49,200,0
RSPF.US,5,20251104,175500,74.44,74.44,74.44,74.44,463,0
RSPF.US,5,20251104,182500,74.61,74.61,74.61,74.61,269,0
RSPF.US,5,20251104,195000,74.25,74.25,74.25,74.25,600,0
RSPF.US,5,20251104,195500,74.345,74.345,74.345,74.345,151,0
RSPF.US,5,20251104,200000,74.33,74.33,74.33,74.33,116,0
RSPF.US,5,20251104,204000,74.5421,74.5421,74.5421,74.5421,157,0
RSPF.US,5,20251104,212500,74.6731,74.6731,74.6731,74.6731,148,0
RSPF.US,5,20251104,214000,74.7208,74.7208,74.7208,74.7208,133,0
RSPF.US,5,20251104,214500,74.6381,74.6381,74.6381,74.6381,114,0
RSPF.US,5,20251105,170000,74.6355,74.88,74.6355,74.88,395,0
RSPF.US,5,20251105,171000,74.8195,74.8195,74.8195,74.8195,500,0
RSPF.US,5,20251105,171500,74.7651,74.7651,74.7651,74.7651,135,0
RSPF.US,5,20251105,174000,75.04,75.04,75.04,75.04,140,0
RSPF.US,5,20251105,183500,75.225,75.225,75.225,75.225,347,0
RSPF.US,5,20251105,195000,75.08,75.08,75.08,75.08,379,0
RSPF.US,5,20251105,204000,74.96,75.0424,74.96,75.0424,1498,0
RSPF.US,5,20251105,204500,74.9794,74.9794,74.9794,74.9794,200,0
RSPF.US,5,20251105,214500,75.0847,75.0847,75.0847,75.0847,265,0
RSPF.US,5,20251105,215500,74.97,74.97,74.97,74.97,100,0
RSPF.US,5,20251106,154000,74.96,74.96,74.8704,74.8704,644,0
RSPF.US,5,20251106,154500,74.93,74.93,74.93,74.93,400,0
RSPF.US,5,20251106,155000,74.92,74.92,74.92,74.92,300,0
RSPF.US,5,20251106,160500,74.775,74.775,74.775,74.775,100,0
RSPF.US,5,20251106,163000,74.839,74.839,74.839,74.839,300,0
RSPF.US,5,20251106,171500,74.415,74.415,74.415,74.415,100,0
RSPF.US,5,20251106,181500,74.355,74.355,74.355,74.355,110,0
RSPF.US,5,20251106,184000,74.35,74.35,74.35,74.35,149,0
RSPF.US,5,20251106,203500,74.62,74.62,74.62,74.62,15367,0
RSPF.US,5,20251106,215000,74.48,74.61,74.48,74.61,300,0
RSPF.US,5,20251107,153500,74,74,74,74,100,0
RSPF.US,5,20251107,161000,74.5851,74.5851,74.5851,74.5851,121,0
RSPF.US,5,20251107,164500,74.4888,74.4888,74.445,74.445,200,0
RSPF.US,5,20251107,165500,74.4964,74.4964,74.4964,74.4964,230,0
RSPF.US,5,20251107,173500,74.2908,74.2908,74.2908,74.2908,110,0
RSPF.US,5,20251107,174500,74.32,74.32,74.32,74.32,19084,0
RSPF.US,5,20251107,180500,74.09,74.09,74.09,74.09,17206,0
RSPF.US,5,20251107,185000,74.26,74.26,74.26,74.26,34483,0
RSPF.US,5,20251107,192000,74.5,74.5,74.5,74.5,160,0
RSPF.US,5,20251107,194500,74.55,74.55,74.55,74.55,500,0
RSPF.US,5,20251107,200000,74.6645,74.6645,74.6645,74.6645,112,0
RSPF.US,5,20251107,202000,74.7202,74.7202,74.7202,74.7202,200,0
RSPF.US,5,20251107,210500,75.161,75.161,75.161,75.161,410,0
RSPF.US,5,20251107,211500,74.9907,74.9907,74.9907,74.9907,280,0
RSPF.US,5,20251107,212500,74.92,74.92,74.92,74.92,100,0
RSPF.US,5,20251107,214000,75.15,75.15,75.15,75.15,200,0
RSPF.US,5,20251107,215000,74.83,74.83,74.83,74.83,100,0
RSPF.US,5,20251110,153500,75.33,75.33,75.33,75.33,100,0
RSPF.US,5,20251110,154500,75.445,75.445,75.445,75.445,720,0
RSPF.US,5,20251110,162500,75.08,75.165,75.08,75.165,862,0
RSPF.US,5,20251110,171500,74.97,74.97,74.97,74.97,100,0
RSPF.US,5,20251110,174000,75.14,75.14,75.14,75.14,100,0
RSPF.US,5,20251110,192500,75.54,75.54,75.54,75.54,225,0
RSPF.US,5,20251110,201000,75.54,75.54,75.54,75.54,102,0
RSPF.US,5,20251110,212500,75.74,75.74,75.74,75.74,274,0
RSPF.US,5,20251110,215000,75.74,75.74,75.74,75.74,400,0
RSPF.US,5,20251110,215500,75.52,75.52,75.52,75.52,300,0
RSPF.US,5,20251111,160500,77.815,77.815,77.815,77.815,140,0
RSPF.US,5,20251111,164500,75.6801,75.6801,75.6801,75.6801,200,0
RSPF.US,5,20251111,165000,75.79,75.79,75.79,75.79,200,0
RSPF.US,5,20251111,185500,76.0308,76.0308,76.0308,76.0308,301,0
RSPF.US,5,20251111,190500,76.1499,76.1499,76.1499,76.1499,133,0
RSPF.US,5,20251111,193500,76.99,76.99,76.99,76.99,250,0
RSPF.US,5,20251111,195000,76.11,76.11,76.11,76.11,150,0
RSPF.US,5,20251111,213500,75.92,75.92,75.92,75.92,300,0
RSPF.US,5,20251112,153500,76.7204,76.7204,76.7204,76.7204,133,0
RSPF.US,5,20251112,170500,76.569,76.569,76.569,76.569,330,0
RSPF.US,5,20251112,172000,76.599,76.599,76.599,76.599,200,0
RSPF.US,5,20251112,192000,76.58,76.58,76.58,76.58,130,0
RSPF.US,5,20251112,192500,76.571,76.571,76.571,76.571,166,0
RSPF.US,5,20251112,204500,76.5,76.5,76.5,76.5,2644,0
RSPF.US,5,20251112,212000,76.52,76.55,76.52,76.535,1300,0
RSPF.US,5,20251112,212500,76.5935,76.5935,76.5935,76.5935,120,0
RSPF.US,5,20251112,213500,76.55,76.6399,76.55,76.6233,872,0
RSPF.US,5,20251112,215500,76.5774,76.5774,76.5774,76.5774,398,0
RSPF.US,5,20251113,154500,77.94291,77.94291,77.94291,77.94291,200,0
RSPF.US,5,20251113,155000,78.135,78.135,78.135,78.135,125,0
RSPF.US,5,20251113,190000,76.0215,76.0215,76.0215,76.0215,127,0
RSPF.US,5,20251113,193000,75.84,75.84,75.84,75.84,200,0
RSPF.US,5,20251113,214000,75.62,75.62,75.62,75.62,150,0
RSPF.US,5,20251113,215500,75.61,75.61,75.53,75.53,1280,0
RSPF.US,5,20251114,161000,74.8008,74.8008,74.71,74.71,500,0
RSPF.US,5,20251114,161500,74.86,74.86,74.86,74.86,725,0
RSPF.US,5,20251114,165500,75.1885,75.1885,75.1885,75.1885,509,0
RSPF.US,5,20251114,180500,75.41,75.41,75.41,75.41,133,0
RSPF.US,5,20251114,202000,75.3501,75.3501,75.3501,75.3501,132,0
RSPF.US,5,20251114,210500,75.27,75.27,75.27,75.27,400,0
RSPF.US,5,20251114,212000,75.06,75.06,75.045,75.045,700,0
RSPF.US,5,20251114,212500,75.03,75.03,75.03,75.03,1100,0
RSPF.US,5,20251114,213500,75.13,75.13,75.13,75.13,316,0
RSPF.US,5,20251117,163000,74.765,74.765,74.765,74.765,162,0
RSPF.US,5,20251117,164000,74.595,74.595,74.595,74.595,750,0
RSPF.US,5,20251117,165000,74.635,74.635,74.635,74.635,133,0
RSPF.US,5,20251117,173000,74.41,74.41,74.41,74.41,100,0
RSPF.US,5,20251117,184000,74.4,74.4761,74.4,74.4761,400,0
RSPF.US,5,20251117,185000,74.35,74.35,74.35,74.35,923,0
RSPF.US,5,20251117,200500,73.9,73.9,73.75,73.75,600,0
RSPF.US,5,20251117,210000,73.16,73.25,73.12,73.12,2786,0
RSPF.US,5,20251117,211000,73.15,73.1601,73.145,73.1601,500,0
RSPF.US,5,20251117,212500,73.23,73.23,73.19,73.19,1400,0
RSPF.US,5,20251117,215000,73.385,73.385,73.385,73.385,116,0
RSPF.US,5,20251118,153000,73,73.005,73,73.005,400,0
RSPF.US,5,20251118,153500,73.0701,73.172,73.0701,73.172,972,0
RSPF.US,5,20251118,181500,73.445,73.445,73.445,73.445,709,0
RSPF.US,5,20251118,192000,73.78,73.78,73.78,73.78,100,0
RSPF.US,5,20251118,193500,73.85,73.85,73.85,73.85,90981,0
RSPF.US,5,20251118,195000,73.8899,73.93,73.83,73.83,1136,0
RSPF.US,5,20251118,200500,73.67,73.67,73.67,73.67,100,0
RSPF.US,5,20251118,211500,73.72,73.72,73.72,73.72,100,0
RSPF.US,5,20251118,214000,73.64,73.66,73.616,73.616,2000,0
RSPF.US,5,20251119,153500,73.51,73.51,73.51,73.51,100,0
RSPF.US,5,20251119,154000,73.5755,73.5755,73.5755,73.5755,2384,0
RSPF.US,5,20251119,162500,73.31,73.31,73.31,73.31,100,0
RSPF.US,5,20251119,180000,73.34,73.34,73.34,73.34,215,0
RSPF.US,5,20251119,184000,73.34,73.34,73.34,73.34,6011,0
RSPF.US,5,20251119,194500,73.3645,73.3645,73.3645,73.3645,178,0
RSPF.US,5,20251119,211500,71.53,72.92,71.53,72.83,1385,0
RSPF.US,5,20251119,212000,73.43,73.43,73.43,73.43,100,0
RSPF.US,5,20251119,213500,73.605,73.605,73.59,73.59,1500,0
RSPF.US,5,20251119,214000,73.55,73.55,73.55,73.55,400,0
RSPF.US,5,20251119,215000,73.6,73.6,73.6,73.6,100,0
RSPF.US,5,20251119,215500,73.68,73.68,73.61,73.61,1185,0
RSPF.US,5,20251120,162000,74.4688,74.4688,74.4688,74.4688,100,0
RSPF.US,5,20251120,164000,74.56,74.56,74.56,74.56,3513,0
RSPF.US,5,20251120,165000,74.507,74.507,74.507,74.507,275,0
RSPF.US,5,20251120,172500,74.265,74.265,74.1962,74.1962,335,0
RSPF.US,5,20251120,192000,73.72,73.72,73.72,73.72,100,0
RSPF.US,5,20251120,194500,73.22,73.3008,73.22,73.3008,400,0
RSPF.US,5,20251120,200000,73.111,73.111,73.111,73.111,179,0
RSPF.US,5,20251120,205500,73.31,73.31,73.31,73.31,1102,0
RSPF.US,5,20251120,211000,73.4,73.4,73.395,73.395,900,0
RSPF.US,5,20251120,213000,73.38,73.38,73.38,73.38,1361,0
RSPF.US,5,20251120,214500,73.1764,73.1764,73.08,73.08,1230,0
RSPF.US,5,20251121,165500,73.7667,73.7667,73.7667,73.7667,215,0
RSPF.US,5,20251121,170500,73.5018,73.5018,73.5018,73.5018,189,0
RSPF.US,5,20251121,172000,73.681,73.681,73.681,73.681,100,0
RSPF.US,5,20251121,174500,74.15,74.15,74.1,74.1,996,0
RSPF.US,5,20251121,191000,74.26,74.26,74.26,74.26,333,0
RSPF.US,5,20251121,194500,74.43,74.43,74.425,74.425,400,0
RSPF.US,5,20251124,154000,73.96,74.0699,73.96,74.0699,1100,0
RSPF.US,5,20251124,155500,73.83,73.84,73.83,73.83,400,0
RSPF.US,5,20251124,160000,74.16,74.16,74.16,74.16,100,0
RSPF.US,5,20251124,161000,74.2,74.2,74.2,74.2,100,0
RSPF.US,5,20251124,181000,74.1956,74.1956,74.1956,74.1956,238,0
RSPF.US,5,20251124,184500,74.44,74.44,74.44,74.44,107,0
RSPF.US,5,20251124,193000,74.55,74.55,74.55,74.55,300,0
RSPF.US,5,20251124,202500,74.43,74.43,74.43,74.43,100,0
RSPF.US,5,20251124,211500,74.57,74.57,74.57,74.57,150,0
RSPF.US,5,20251124,215500,74.39,74.39,74.39,74.39,1100,0
RSPF.US,5,20251125,155500,74.6,74.6,74.6,74.6,100,0
RSPF.US,5,20251125,165000,75.2872,75.2872,75.2872,75.2872,107,0
RSPF.US,5,20251125,171500,75.236,75.236,75.236,75.236,100,0
RSPF.US,5,20251125,174000,75.26,75.26,75.26,75.26,100,0
RSPF.US,5,20251125,174500,75.32,75.32,75.32,75.32,198,0
RSPF.US,5,20251125,175500,75.2953,75.2953,75.2953,75.2953,303,0
RSPF.US,5,20251125,180000,75.44,75.47,75.44,75.44,500,0
RSPF.US,5,20251125,194000,75.32,75.32,75.32,75.32,179,0
RSPF.US,5,20251125,204500,75.3637,75.3637,75.3637,75.3637,700,0
RSPF.US,5,20251125,205500,75.37,75.37,75.37,75.37,100,0
RSPF.US,5,20251125,213500,75.475,75.5192,75.475,75.5192,963,0
RSPF.US,5,20251125,214000,75.485,75.58,75.485,75.58,448,0
RSPF.US,5,20251126,154000,75.695,75.695,75.695,75.695,100,0
RSPF.US,5,20251126,155500,75.73,75.73,75.73,75.73,100,0
RSPF.US,5,20251126,165000,75.8736,75.8736,75.8736,75.8736,141,0
RSPF.US,5,20251126,173000,75.96,75.96,75.96,75.96,100,0
RSPF.US,5,20251126,173500,76.04,76.04,76.04,76.04,200,0
RSPF.US,5,20251126,190500,76.1,76.1,76.1,76.1,100,0
RSPF.US,5,20251126,194500,76,76.0703,75.975,76.06,954,0
RSPF.US,5,20251126,202500,76.15,76.15,76.15,76.15,100,0
RSPF.US,5,20251126,212000,76.16,76.16,76.16,76.16,100,0
RSPF.US,5,20251126,212500,76.145,76.145,76.145,76.145,119,0
RSPF.US,5,20251126,214500,76.12,76.12,76.12,76.12,100,0
RSPF.US,5,20251126,215500,76.0099,76.026,75.83,75.83,385,0
RSPF.US,5,20251128,161000,76.19,76.19,76.19,76.19,100,0
RSPF.US,5,20251128,161500,76.3188,76.3188,76.3188,76.3188,106,0
RSPF.US,5,20251128,175000,76.5,76.5,76.5,76.5,100,0
RSPF.US,5,20251128,181500,76.46,76.46,76.46,76.46,100,0
RSPF.US,5,20251128,182500,76.3592,76.3592,76.3592,76.3592,545,0
RSPF.US,5,20251128,183500,76.29,76.29,76.29,76.29,100,0
RSPF.US,5,20251128,184000,76.345,76.345,76.345,76.345,292,0
RSPF.US,5,20251128,184500,76.4399,76.4399,76.4399,76.4399,133,0
RSPF.US,5,20251128,185500,76.3482,76.3482,76.3482,76.3482,132,0
RSPF.US,5,20251201,153500,75.77,75.77,75.77,75.77,100,0
RSPF.US,5,20251201,160000,76.19,76.19,76.19,76.19,100,0
RSPF.US,5,20251201,160500,76.3,76.3,76.19,76.19,484,0
RSPF.US,5,20251201,161500,76.16,76.16,76.16,76.16,100,0
RSPF.US,5,20251201,162000,76.02,76.02,76,76,200,0
RSPF.US,5,20251201,163000,75.895,75.895,75.895,75.895,200,0
RSPF.US,5,20251201,163500,75.89,75.89,75.89,75.89,100,0
RSPF.US,5,20251201,164000,75.93,75.93,75.93,75.93,554,0
RSPF.US,5,20251201,165000,76.015,76.015,76.015,76.015,100,0
RSPF.US,5,20251201,170000,76.205,76.205,76.205,76.205,100,0
RSPF.US,5,20251201,170500,76.2,76.2,76.2,76.2,100,0
RSPF.US,5,20251201,171000,76.23,76.23,76.23,76.23,100,0
RSPF.US,5,20251201,172500,76.2256,76.2256,76.2256,76.2256,131,0
RSPF.US,5,20251201,173500,76.24,76.24,76.24,76.24,100,0
RSPF.US,5,20251201,174000,76.31,76.31,76.31,76.31,100,0
RSPF.US,5,20251201,174500,76.36,76.36,76.25,76.3508,557,0
RSPF.US,5,20251201,180000,76.2845,76.2845,76.2845,76.2845,491,0
RSPF.US,5,20251201,180500,76.2995,76.2995,76.2995,76.2995,285,0
RSPF.US,5,20251201,181500,76.19,76.19,76.14,76.14,292,0
RSPF.US,5,20251201,183500,76.19,76.19,76.19,76.19,100,0
RSPF.US,5,20251201,184000,76.255,76.255,76.255,76.255,200,0
RSPF.US,5,20251201,185500,76.27,76.27,76.27,76.27,100,0
RSPF.US,5,20251201,191500,76.33,76.33,76.26,76.26,200,0
RSPF.US,5,20251201,192000,76.325,76.325,76.325,76.325,110,0
RSPF.US,5,20251201,192500,76.33,76.33,76.33,76.33,100,0
RSPF.US,5,20251201,193500,76.28,76.28,76.28,76.28,100,0
RSPF.US,5,20251201,194500,76.28,76.3218,76.28,76.3218,327,0
RSPF.US,5,20251201,195500,76.27,76.27,76.27,76.27,100,0
RSPF.US,5,20251201,200000,76.27,76.29,76.21,76.29,526,0
RSPF.US,5,20251201,200500,76.21,76.21,76.21,76.21,100,0
RSPF.US,5,20251201,201000,76.222,76.222,76.222,76.222,570,0
RSPF.US,5,20251201,201500,76.22,76.22,76.209,76.209,225,0
RSPF.US,5,20251201,202000,76.145,76.145,76.145,76.145,100,0
RSPF.US,5,20251201,203000,75.98,75.98,75.98,75.98,192,0
RSPF.US,5,20251201,203500,76,76,76,76,128,0
RSPF.US,5,20251201,204500,75.971,76.069,75.971,76.069,461,0
RSPF.US,5,20251201,205000,75.95,75.95,75.95,75.95,105,0
RSPF.US,5,20251201,205500,75.93,75.93,75.93,75.93,108,0
RSPF.US,5,20251201,210000,75.93,76.1299,75.93,76.1299,312,0
RSPF.US,5,20251201,211500,76.05,76.05,76.05,76.05,105,0
RSPF.US,5,20251201,212500,75.94,75.94,75.94,75.94,105,0
RSPF.US,5,20251201,213500,75.9,75.9,75.9,75.9,105,0
RSPF.US,5,20251201,214000,75.88,75.88,75.88,75.88,100,0
RSPF.US,5,20251201,215000,75.77,75.77,75.77,75.77,108,0
RSPF.US,5,20251201,215500,75.7,75.7,75.68,75.68,223,0
RSPF.US,5,20251202,163000,75.68,75.68,75.68,75.68,152,0
RSPF.US,5,20251202,164500,75.81,75.81,75.81,75.81,100,0
RSPF.US,5,20251202,170500,75.96,75.96,75.96,75.96,200,0
RSPF.US,5,20251202,171500,75.94,75.94,75.9,75.9,300,0
RSPF.US,5,20251202,172500,75.83,75.83,75.83,75.83,100,0
RSPF.US,5,20251202,184500,76.01512,76.01512,76.01512,76.01512,797,0
RSPF.US,5,20251202,190500,75.76,75.76,75.76,75.76,100,0
RSPF.US,5,20251202,202000,75.778,75.778,75.778,75.778,100,0
RSPF.US,5,20251202,215500,75.63,75.63,75.63,75.63,113,0
RSPF.US,5,20251203,155000,76.12,76.12,76.12,76.12,100,0
RSPF.US,5,20251203,163500,76.2541,76.2541,76.2541,76.2541,100,0
RSPF.US,5,20251203,170500,76.1,76.1,76.1,76.1,256,0
RSPF.US,5,20251203,173500,76.18,76.18,76.18,76.18,100,0
RSPF.US,5,20251203,174500,76.2864,76.2864,76.2864,76.2864,154,0
RSPF.US,5,20251203,181000,76.22,76.22,76.22,76.22,536,0
RSPF.US,5,20251203,191000,76.5692,76.5692,76.5692,76.5692,132,0
RSPF.US,5,20251203,192500,76.46,76.46,76.46,76.46,215,0
RSPF.US,5,20251203,204000,76.42,76.42,76.42,76.42,391,0
RSPF.US,5,20251203,210500,76.6035,76.6035,76.6035,76.6035,110,0
RSPF.US,5,20251203,215500,76.72,76.73,76.72,76.73,337,0
RSPF.US,5,20251204,153000,77,77,77,77,503,0
RSPF.US,5,20251204,155000,76.79,76.79,76.79,76.79,100,0
RSPF.US,5,20251204,172000,77.085,77.085,77.085,77.085,100,0
RSPF.US,5,20251204,174500,76.964,76.964,76.964,76.964,100,0
RSPF.US,5,20251204,182000,76.92,76.95,76.92,76.95,300,0
RSPF.US,5,20251204,183500,76.97,76.97,76.97,76.97,100,0
RSPF.US,5,20251204,191500,77.0244,77.0244,77.0244,77.0244,125,0
RSPF.US,5,20251204,192000,77.0924,77.0924,77.0924,77.0924,218,0
RSPF.US,5,20251204,201500,76.94,76.9864,76.9,76.9,2892,0
RSPF.US,5,20251204,202000,76.84,76.85,76.775,76.775,4181,0
RSPF.US,5,20251205,155500,76.71,76.71,76.71,76.71,100,0
RSPF.US,5,20251205,162500,76.74,76.74,76.74,76.74,100,0
RSPF.US,5,20251205,164500,77.0071,77.0071,77.0071,77.0071,306,0
RSPF.US,5,20251205,173000,76.97,76.97,76.97,76.97,165,0
RSPF.US,5,20251205,174000,76.8101,76.8101,76.8101,76.8101,254,0
RSPF.US,5,20251205,180500,76.92,76.92,76.92,76.92,1561,0
RSPF.US,5,20251205,181500,76.88467,76.88467,76.88467,76.88467,130,0
RSPF.US,5,20251205,182500,76.88,76.88,76.88,76.88,100,0
RSPF.US,5,20251205,184500,76.84,76.84,76.84,76.84,100,0
RSPF.US,5,20251205,191000,77.1,77.1,77.1,77.1,100,0
RSPF.US,5,20251205,195500,77.01,77.01,77.01,77.01,100,0
RSPF.US,5,20251205,201000,77.02,77.02,77.02,77.02,100,0
RSPF.US,5,20251205,203000,76.94,76.94,76.94,76.94,100,0
RSPF.US,5,20251205,205000,77.0155,77.0155,77.0155,77.0155,100,0
RSPF.US,5,20251205,214500,77.0488,77.0488,77.0488,77.0488,297,0
RSPF.US,5,20251205,215000,77.04,77.04,77.04,77.04,100,0
RSPF.US,5,20251208,155000,76.67,76.67,76.67,76.67,100,0
RSPF.US,5,20251208,163000,76.895,76.895,76.895,76.895,210,0
RSPF.US,5,20251208,164000,76.76,76.76,76.76,76.76,100,0
RSPF.US,5,20251208,194500,76.5965,76.5965,76.5965,76.5965,115,0
RSPF.US,5,20251208,212000,76.66,76.66,76.66,76.66,100,0
RSPF.US,5,20251209,153000,77.205,77.205,77.205,77.205,500,0
RSPF.US,5,20251209,154000,77.0811,77.0811,77.0811,77.0811,235,0
RSPF.US,5,20251209,155500,77.29,77.29,77.29,77.29,100,0
RSPF.US,5,20251209,163500,77.2568,77.2568,77.2568,77.2568,120,0
RSPF.US,5,20251209,164500,77.2492,77.2492,77.2492,77.2492,100,0
RSPF.US,5,20251209,170500,77.379,77.47,77.379,77.47,200,0
RSPF.US,5,20251209,171500,77.43,77.43,77.43,77.43,615,0
RSPF.US,5,20251209,173500,77.6,77.6,77.6,77.6,146,0
RSPF.US,5,20251209,175500,77.69,77.69,77.69,77.69,100,0
RSPF.US,5,20251209,204500,77.08,77.08,77.08,77.08,800,0
RSPF.US,5,20251209,210000,77.1801,77.1801,77.18,77.18,200,0
RSPF.US,5,20251209,214000,77.09,77.09,77.09,77.09,100,0
RSPF.US,5,20251210,164000,77.19,77.19,77.19,77.19,198,0
RSPF.US,5,20251210,173500,77.4,77.4,77.4,77.4,500,0
RSPF.US,5,20251210,204000,77.8,77.8,77.8,77.8,100,0
RSPF.US,5,20251210,210500,77.89,78,77.885,78,862,0
RSPF.US,5,20251210,211000,78.01,78.01,78.01,78.01,166,0
RSPF.US,5,20251210,214500,78.214,78.214,78.214,78.214,100,0
RSPF.US,5,20251210,215000,78.09,78.09,78.09,78.09,125,0
RSPF.US,5,20251210,215500,78.03,78.0905,77.99,77.99,685,0
RSPF.US,5,20251211,153000,78.0099,78.287,78.0099,78.287,349,0
RSPF.US,5,20251211,160000,78.8179,78.8179,78.8179,78.8179,298,0
RSPF.US,5,20251211,163500,78.8855,78.8855,78.8855,78.8855,137,0
RSPF.US,5,20251211,170000,78.91,78.91,78.84,78.84,632,0
RSPF.US,5,20251211,180500,79.0003,79.0003,79.0003,79.0003,125,0
RSPF.US,5,20251211,181500,78.9896,78.9896,78.9896,78.9896,400,0
RSPF.US,5,20251211,182000,79,79,79,79,798,0
RSPF.US,5,20251211,183000,79.04,79.04,79.04,79.04,1992,0
RSPF.US,5,20251211,185500,79.12,79.17,79.12,79.17,10466,0
RSPF.US,5,20251211,192500,79.18,79.18,79.18,79.18,404,0
RSPF.US,5,20251211,195000,79.25,79.25,79.25,79.25,200,0
RSPF.US,5,20251211,204000,79.1855,79.1855,79.1679,79.1679,218,0
RSPF.US,5,20251211,204500,79.23,79.23,79.23,79.23,280,0
RSPF.US,5,20251211,210000,79.3,79.3,79.3,79.3,125,0
RSPF.US,5,20251211,215000,79.04,79.04,79.04,79.04,120,0
RSPF.US,5,20251211,215500,79.07,79.07,79.05,79.05,336,0
RSPF.US,5,20251212,173500,78.75,78.75,78.75,78.75,239,0
RSPF.US,5,20251212,180000,79.01,79.02,79.01,79.02,1619,0
RSPF.US,5,20251212,182000,79.03,79.03,79.03,79.03,190,0
RSPF.US,5,20251212,184500,79.03,79.03,79.03,79.03,173,0
RSPF.US,5,20251212,201000,78.8785,78.8785,78.8785,78.8785,100,0
RSPF.US,5,20251212,203000,78.8101,78.8101,78.8101,78.8101,168,0
RSPF.US,5,20251212,211000,78.9755,78.9755,78.9755,78.9755,240,0
RSPF.US,5,20251212,212000,78.97,78.97,78.97,78.97,330,0
RSPF.US,5,20251212,213500,78.79,78.79,78.79,78.79,15571,0
RSPF.US,5,20251212,214000,78.97,78.97,78.97,78.97,100,0
RSPF.US,5,20251215,155500,79.22,79.378,79.22,79.378,400,0
RSPF.US,5,20251215,161000,79.3028,79.3028,79.3028,79.3028,200,0
RSPF.US,5,20251215,163500,79.28,79.28,79.28,79.28,125,0
RSPF.US,5,20251215,164500,79.38,79.38,79.38,79.38,3150,0
RSPF.US,5,20251215,170500,79.1831,79.1831,79.1831,79.1831,115,0
RSPF.US,5,20251215,172000,79.0472,79.0472,79.0472,79.0472,150,0
RSPF.US,5,20251215,174500,78.9,78.9,78.9,78.9,646,0
RSPF.US,5,20251215,181000,79.03,79.03,79.03,79.03,100,0
RSPF.US,5,20251215,183500,78.92,78.93,78.92,78.92,609,0
RSPF.US,5,20251215,200500,78.9922,78.9922,78.9922,78.9922,500,0
RSPF.US,5,20251215,204500,78.92,78.92,78.92,78.92,125,0
RSPF.US,5,20251215,205500,79.075,79.216,79.075,79.216,458,0
RSPF.US,5,20251215,211500,79.028,79.028,79.028,79.028,247,0
RSPF.US,5,20251215,214500,78.9779,78.9779,78.9779,78.9779,270,0
RSPF.US,5,20251216,160000,79.1,79.1,79.1,79.1,100,0
RSPF.US,5,20251216,162000,78.815,78.815,78.815,78.815,150,0
RSPF.US,5,20251216,163000,78.868,78.868,78.868,78.868,130,0
RSPF.US,5,20251216,172000,79.01,79.02,79.01,79.02,200,0
RSPF.US,5,20251216,174500,78.96,78.96,78.96,78.96,100,0
RSPF.US,5,20251216,181500,78.9156,78.9156,78.9156,78.9156,305,0
RSPF.US,5,20251216,185500,78.705,78.705,78.68,78.68,300,0
RSPF.US,5,20251216,195000,78.7424,78.755,78.7424,78.755,251,0
RSPF.US,5,20251216,211500,78.75,78.75,78.75,78.75,11201,0
RSPF.US,5,20251216,214000,78.811,78.811,78.811,78.811,103,0
RSPF.US,5,20251216,214500,78.8,78.815,78.8,78.815,516,0
RSPF.US,5,20251217,160500,79.377,79.377,79.3425,79.3425,918,0
RSPF.US,5,20251217,161500,79.51,79.51,79.51,79.51,134,0
RSPF.US,5,20251217,171000,78.94,78.94,78.94,78.94,110,0
RSPF.US,5,20251217,171500,79.05,79.05,79.05,79.05,141,0
RSPF.US,5,20251217,172500,79.04,79.04,79.04,79.04,109,0
RSPF.US,5,20251217,173000,79.07,79.07,79.07,79.07,189,0
RSPF.US,5,20251217,200000,78.8168,78.8168,78.8168,78.8168,117,0
RSPF.US,5,20251217,210500,79,79,79,79,200,0
RSPF.US,5,20251217,213000,78.865,78.865,78.865,78.865,200,0
RSPF.US,5,20251217,214500,78.92,78.93,78.92,78.9299,917,0
RSPF.US,5,20251218,155000,79,79,79,79,21253,0
RSPF.US,5,20251218,184500,78.86,78.86,78.86,78.86,100,0
RSPF.US,5,20251218,194000,78.87,78.87,78.87,78.87,173,0
RSPF.US,5,20251218,194500,78.91,78.91,78.91,78.91,270,0
RSPF.US,5,20251218,195000,78.83,78.83,78.83,78.83,515,0
RSPF.US,5,20251218,195500,78.88,78.94,78.88,78.94,6436,0
RSPF.US,5,20251218,202000,78.745,78.745,78.745,78.745,379,0
RSPF.US,5,20251218,203000,78.83,78.83,78.75,78.75,1061,0
RSPF.US,5,20251218,214000,78.83,78.83,78.794,78.794,410,0
RSPF.US,5,20251218,215500,78.685,78.685,78.685,78.685,100,0
RSPF.US,5,20251219,154000,79.345,79.345,79.34,79.34,435,0
RSPF.US,5,20251219,174000,79.185,79.185,79.185,79.185,100,0
RSPF.US,5,20251219,190000,79.06,79.06,79.06,79.06,100,0
RSPF.US,5,20251219,195500,79.29,79.29,79.29,79.29,200,0
RSPF.US,5,20251219,200000,79.208,79.208,79.208,79.208,128,0
RSPF.US,5,20251219,201500,79.1283,79.1283,79.1283,79.1283,101,0
RSPF.US,5,20251219,210000,79.25,79.25,79.25,79.25,291,0
RSPF.US,5,20251219,211000,79.14,79.14,79.14,79.14,345,0
RSPF.US,5,20251222,173000,79.65,79.65,79.65,79.65,100,0
RSPF.US,5,20251222,174000,79.65,79.65,79.65,79.65,121,0
RSPF.US,5,20251222,175000,79.5824,79.5824,79.5824,79.5824,216,0
RSPF.US,5,20251222,181500,79.95,79.95,79.82,79.82,378,0
RSPF.US,5,20251222,182500,79.68,79.68,79.68,79.68,300,0
RSPF.US,5,20251222,200000,79.62,79.665,79.57,79.57,2738,0
RSPF.US,5,20251222,203500,79.6367,79.6367,79.6367,79.6367,120,0
RSPF.US,5,20251222,204500,79.655,79.655,79.655,79.655,416,0
RSPF.US,5,20251222,213500,79.61,79.61,79.61,79.61,409,0
RSPF.US,5,20251222,214000,79.6717,79.685,79.6717,79.685,560,0
RSPF.US,5,20251222,215000,79.72,79.72,79.72,79.72,377,0
RSPF.US,5,20251223,161000,79.71,79.71,79.71,79.71,100,0
RSPF.US,5,20251223,171000,79.52,79.52,79.52,79.52,700,0
RSPF.US,5,20251223,184500,79.605,79.605,79.605,79.605,650,0
RSPF.US,5,20251223,192500,79.84,79.84,79.84,79.84,2913,0
RSPF.US,5,20251223,193000,79.6954,79.6954,79.6954,79.6954,252,0
RSPF.US,5,20251223,205000,79.58,79.5801,79.58,79.5801,208,0
RSPF.US,5,20251223,214500,79.69,79.69,79.69,79.69,177,0
RSPF.US,5,20251224,161000,79.7997,79.7997,79.7997,79.7997,205,0
RSPF.US,5,20251224,161500,79.8,79.8,79.8,79.8,147,0
RSPF.US,5,20251224,180000,79.985,79.985,79.985,79.985,445,0
RSPF.US,5,20251224,183500,80.23,80.23,80.21,80.21,1362,0
RSPF.US,5,20251224,184000,80.06,80.06,80.06,80.06,312,0
RSPF.US,5,20251224,185000,79.89,79.89,79.89,79.89,103,0
RSPF.US,5,20251224,190000,79.8,79.8,79.8,79.8,101,0
RSPF.US,5,20251226,163000,79.875,79.875,79.875,79.875,110,0
RSPF.US,5,20251226,164000,79.795,79.795,79.795,79.795,176,0
RSPF.US,5,20251226,164500,79.81,79.81,79.81,79.81,196,0
RSPF.US,5,20251226,165000,79.8066,79.8066,79.8066,79.8066,100,0
RSPF.US,5,20251226,193000,79.64,79.64,79.64,79.64,636,0
RSPF.US,5,20251226,202000,79.6062,79.6062,79.6062,79.6062,107,0
RSPF.US,5,20251226,212000,79.6321,79.6321,79.6321,79.6321,245,0
RSPF.US,5,20251226,214500,79.78,79.78,79.78,79.78,100,0
RSPF.US,5,20251229,154000,79.81,79.81,79.8,79.8,576,0
RSPF.US,5,20251229,155000,79.48,79.585,79.47,79.585,1440,0
RSPF.US,5,20251229,171500,79.5067,79.5067,79.5067,79.5067,570,0
RSPF.US,5,20251229,174500,79.36,79.3601,79.36,79.3601,1300,0
RSPF.US,5,20251229,180000,79.464,79.464,79.464,79.464,185,0
RSPF.US,5,20251229,182000,79.33,79.33,79.33,79.33,100,0
RSPF.US,5,20251229,191500,79.55,79.55,79.55,79.55,982,0
RSPF.US,5,20251229,193000,79.4881,79.4881,79.37,79.4794,601,0
RSPF.US,5,20251229,193500,79.485,79.485,79.485,79.485,595,0
RSPF.US,5,20251229,200500,79.4451,79.4451,79.4451,79.4451,300,0
RSPF.US,5,20251229,211000,79.66,79.66,79.66,79.66,189,0
RSPF.US,5,20251229,211500,79.67,79.675,79.6137,79.6137,2896,0
RSPF.US,5,20251229,213000,79.562,79.562,79.562,79.562,400,0
RSPF.US,5,20251230,173500,79.19,79.19,79.19,79.19,115,0
RSPF.US,5,20251230,182500,79.26,79.26,79.26,79.26,500,0
RSPF.US,5,20251230,193000,79.1009,79.1009,79.1009,79.1009,171,0
RSPF.US,5,20251230,194500,79.11,79.11,79.11,79.11,145,0
RSPF.US,5,20251230,213000,79.338,79.338,79.338,79.338,100,0
RSPF.US,5,20251230,214000,79.35,79.35,79.3499,79.3499,378,0
RSPF.US,5,20251230,215500,79.23,79.23,79.23,79.23,100,0
RSPF.US,5,20251231,155000,78.9606,78.9606,78.9606,78.9606,100,0
RSPF.US,5,20251231,155500,78.98864,78.98864,78.98864,78.98864,631,0
RSPF.US,5,20251231,160000,79.08,79.08,79.08,79.08,100,0
RSPF.US,5,20251231,161500,78.895,78.895,78.895,78.895,400,0
RSPF.US,5,20251231,163500,78.98,78.98,78.98,78.98,100,0
RSPF.US,5,20251231,164500,78.88,78.88,78.88,78.88,100,0
RSPF.US,5,20251231,180500,78.8591,78.8591,78.8591,78.8591,126,0
RSPF.US,5,20251231,181000,78.7908,78.7908,78.7908,78.7908,126,0
RSPF.US,5,20251231,192000,78.83,78.83,78.83,78.83,100,0
RSPF.US,5,20251231,194000,78.8386,78.8386,78.8386,78.8386,591,0
RSPF.US,5,20251231,202000,78.96,78.96,78.96,78.96,100,0
RSPF.US,5,20251231,204500,78.875,78.875,78.71,78.7347,727,0
RSPF.US,5,20251231,212500,78.7199,78.7199,78.7199,78.7199,398,0
RSPF.US,5,20251231,214000,78.8099,78.8099,78.8099,78.8099,100,0
RSPF.US,5,20260102,154000,78.9689,78.9689,78.9689,78.9689,140,0
RSPF.US,5,20260102,154500,79.1,79.1,79.1,79.1,100,0
RSPF.US,5,20260102,155500,80.4656,80.4656,80.4656,80.4656,130,0
RSPF.US,5,20260102,160000,79.27,79.27,79.27,79.27,100,0
RSPF.US,5,20260102,161500,78.5,79.24,78.5,79.24,492,0
RSPF.US,5,20260102,170500,78.0901,78.0901,78.0901,78.0901,106,0
RSPF.US,5,20260102,171000,79.4575,79.4575,79.4575,79.4575,2130,0
RSPF.US,5,20260102,174000,78.2501,78.4,78.2501,78.4,325,0
RSPF.US,5,20260102,174500,78.19,78.19,78.19,78.19,1500,0
RSPF.US,5,20260102,180000,78.3077,78.3077,78.3077,78.3077,135,0
RSPF.US,5,20260102,183000,78.5431,78.5431,78.5431,78.5431,280,0
RSPF.US,5,20260102,184000,78.38,78.38,78.38,78.38,270,0
RSPF.US,5,20260102,184500,78.325,78.325,78.325,78.325,145,0
RSPF.US,5,20260102,200500,78.33,78.33,78.33,78.33,100,0
RSPF.US,5,20260102,201000,78.38,78.38,78.38,78.38,100,0
RSPF.US,5,20260102,201500,78.5499,78.5499,78.5499,78.5499,146,0
RSPF.US,5,20260102,204000,78.54,78.54,78.54,78.54,160,0
RSPF.US,5,20260102,204500,78.616,78.616,78.58,78.58,4563,0
RSPF.US,5,20260102,211000,78.64,78.64,78.64,78.64,250,0
RSPF.US,5,20260102,213000,78.46,78.46,78.46,78.46,232,0
RSPF.US,5,20260105,153500,79.05,79.05,79.05,79.05,100,0
RSPF.US,5,20260105,155500,81.29,81.29,81.29,81.29,245,0
RSPF.US,5,20260105,165000,80.92,80.92,80.92,80.92,617,0
RSPF.US,5,20260105,165500,81.11,81.11,81.11,81.11,294,0
RSPF.US,5,20260105,171000,81.28,81.28,81.28,81.28,425,0
RSPF.US,5,20260105,171500,80.19,80.19,80.19,80.19,1221,0
RSPF.US,5,20260105,175000,80.62,80.62,80.62,80.62,100,0
RSPF.US,5,20260105,175500,80.62,80.63,80.62,80.63,300,0
RSPF.US,5,20260105,180000,80.72807,80.72807,80.72807,80.72807,202,0
RSPF.US,5,20260105,184000,80.79,80.79,80.79,80.79,496,0
RSPF.US,5,20260105,190500,80.69,80.6901,80.69,80.6901,200,0
RSPF.US,5,20260105,191000,80.7,80.71,80.7,80.71,225,0
RSPF.US,5,20260105,191500,80.8259,80.8259,80.8259,80.8259,100,0
RSPF.US,5,20260105,193000,80.611,80.611,80.611,80.611,100,0
RSPF.US,5,20260105,195000,80.69,80.69,80.66,80.66,300,0
RSPF.US,5,20260105,201500,80.9199,80.9199,80.9199,80.9199,145,0
RSPF.US,5,20260105,202500,80.92,80.92,80.8209,80.8209,315,0
RSPF.US,5,20260105,204000,80.7302,80.7302,80.73,80.73,782,0
RSPF.US,5,20260105,204500,80.7301,80.7301,80.7301,80.7301,121,0
RSPF.US,5,20260105,212500,80.6263,80.6263,80.47,80.47,1476,0
RSPF.US,5,20260105,213500,80.451,80.451,80.451,80.451,124,0
RSPF.US,5,20260105,214500,80.31,80.31,80.31,80.31,100,0
RSPF.US,5,20260105,215000,80.22,80.22,80.22,80.22,673,0
RSPF.US,5,20260106,161500,80.2751,80.2751,80.2751,80.2751,350,0
RSPF.US,5,20260106,165000,80.39,80.39,80.305,80.305,621,0
RSPF.US,5,20260106,170000,80.2962,80.2962,80.2962,80.2962,150,0
RSPF.US,5,20260106,172500,80.27,80.31686,80.27,80.31686,800,0
RSPF.US,5,20260106,181000,80.49,80.49,80.49,80.49,527,0
RSPF.US,5,20260106,181500,80.6,80.6,80.6,80.6,100,0
RSPF.US,5,20260106,190000,80.545,80.545,80.545,80.545,100,0
RSPF.US,5,20260106,190500,80.64,80.64,80.64,80.64,100,0
RSPF.US,5,20260106,191500,80.64,80.64,80.64,80.64,200,0
RSPF.US,5,20260106,192500,80.7,80.7,80.7,80.7,100,0
RSPF.US,5,20260106,194000,80.69,80.69,80.69,80.69,100,0
RSPF.US,5,20260106,194500,80.6,80.6,80.6,80.6,365,0
RSPF.US,5,20260106,195000,80.65,80.65,80.65,80.65,830,0
RSPF.US,5,20260106,204000,80.765,80.765,80.765,80.765,138,0
RSPF.US,5,20260106,210500,80.83,80.83,80.83,80.83,175,0
RSPF.US,5,20260106,211000,80.83,80.83,80.83,80.83,386,0
RSPF.US,5,20260106,213500,80.849,80.849,80.849,80.849,567,0
RSPF.US,5,20260106,214000,80.92,80.92,80.92,80.92,400,0
RSPF.US,5,20260106,215500,80.85778,80.85778,80.85778,80.85778,262,0
RSPF.US,5,20260107,153500,80.5,80.5,80.5,80.5,400,0
RSPF.US,5,20260107,161000,79.85,79.85,79.85,79.85,156,0
RSPF.US,5,20260107,162500,79.6202,79.6202,79.6202,79.6202,184,0
RSPF.US,5,20260107,163000,79.709,79.709,79.709,79.709,651,0
RSPF.US,5,20260107,173500,79.89,79.89,79.89,79.89,125,0
RSPF.US,5,20260107,183500,80.12,80.12,80.12,80.12,161,0
RSPF.US,5,20260107,184500,80.18,80.18,80.18,80.18,100,0
RSPF.US,5,20260107,191000,80.1,80.1,80.1,80.1,341,0
RSPF.US,5,20260107,193000,80.0506,80.0506,80.0506,80.0506,116,0
RSPF.US,5,20260107,202000,79.97,79.97,79.97,79.97,218,0
RSPF.US,5,20260107,212500,79.9098,79.9098,79.9098,79.9098,150,0
RSPF.US,5,20260107,213500,79.8545,79.8545,79.8545,79.8545,100,0
RSPF.US,5,20260107,215000,79.838,79.838,79.838,79.838,200,0
RSPF.US,5,20260107,215500,79.9,79.9,79.815,79.815,868,0
RSPF.US,5,20260108,164500,80.5,80.5,80.5,80.5,2600,0
RSPF.US,5,20260108,172000,80.6,80.6,80.6,80.6,100,0
RSPF.US,5,20260108,172500,80.63,80.63,80.63,80.63,919,0
RSPF.US,5,20260108,180000,80.83,80.83,80.83,80.83,200,0
RSPF.US,5,20260108,182000,80.81,80.81,80.81,80.81,4141,0
RSPF.US,5,20260108,184000,80.95,80.95,80.95,80.95,1320,0
RSPF.US,5,20260108,185000,80.96,80.96,80.96,80.96,9803,0
RSPF.US,5,20260108,185500,80.93,80.93,80.93,80.93,100,0
RSPF.US,5,20260108,190500,80.96,80.96,80.96,80.96,213,0
RSPF.US,5,20260108,211000,80.68,80.68,80.68,80.68,309,0
RSPF.US,5,20260108,212500,80.63,80.66,80.63,80.66,6178,0
RSPF.US,5,20260108,213000,80.68,80.68,80.68,80.68,105,0
RSPF.US,5,20260108,214500,80.575,80.575,80.575,80.575,100,0
RSPF.US,5,20260108,215000,80.6,80.6,80.6,80.6,288,0
RSPF.US,5,20260108,215500,80.63,80.63,80.63,80.63,100,0
RSPF.US,5,20260109,154500,80.545,80.545,80.545,80.545,100,0
RSPF.US,5,20260109,155000,80.54,80.54,80.54,80.54,150,0
RSPF.US,5,20260109,161000,80.17,80.17,80.17,80.17,236,0
RSPF.US,5,20260109,162000,80.37,80.37,80.37,80.37,100,0
RSPF.US,5,20260109,180500,80.58,80.6101,80.58,80.6092,450,0
RSPF.US,5,20260109,190000,80.52,80.52,80.52,80.52,299,0
RSPF.US,5,20260109,204000,80.21,80.2101,80.21,80.2101,244,0
RSPF.US,5,20260109,204500,80.27,80.27,80.27,80.27,2439,0
RSPF.US,5,20260109,210000,80.3353,80.3353,80.3353,80.3353,150,0
RSPF.US,5,20260109,211000,80.19,80.1901,80.19,80.1901,1000,0
RSPF.US,5,20260109,215500,80.08,80.08,80.08,80.08,821,0
RSPF.US,5,20260112,154500,79.86,79.86,79.86,79.86,100,0
RSPF.US,5,20260112,162500,79.66,79.66,79.66,79.66,100,0
RSPF.US,5,20260112,170500,79.725,79.725,79.725,79.725,100,0
RSPF.US,5,20260112,172500,79.6801,79.6801,79.68,79.68,374,0
RSPF.US,5,20260112,180500,79.695,79.695,79.695,79.695,168,0
RSPF.US,5,20260112,185500,79.6266,79.6266,79.6266,79.6266,100,0
RSPF.US,5,20260112,192000,79.5,79.5,79.5,79.5,300,0
RSPF.US,5,20260112,193500,79.89,79.89,79.89,79.89,275,0
RSPF.US,5,20260112,195500,79.645,79.645,79.645,79.645,500,0
RSPF.US,5,20260112,211000,79.57,79.57,79.57,79.57,209,0
RSPF.US,5,20260112,211500,79.7397,79.7397,79.7397,79.7397,100,0
RSPF.US,5,20260112,212000,79.665,79.665,79.665,79.665,360,0
RSPF.US,5,20260112,214000,79.6402,79.73,79.6402,79.73,1377,0
RSPF.US,5,20260112,215500,79.73,79.7422,79.67,79.67,3300,0
RSPF.US,5,20260113,153000,79.62,79.65,79.62,79.62,300,0
RSPF.US,5,20260113,155000,79.125,79.125,79.125,79.125,500,0
RSPF.US,5,20260113,163000,78.97,78.97,78.97,78.97,3870,0
RSPF.US,5,20260113,165500,79.01,79.06,79.01,79.06,250,0
RSPF.US,5,20260113,172000,78.92,78.92,78.92,78.92,1255,0
RSPF.US,5,20260113,180000,78.685,78.685,78.685,78.685,112,0
RSPF.US,5,20260113,181000,78.605,78.605,78.57,78.57,407,0
RSPF.US,5,20260113,183500,78.6915,78.6915,78.6915,78.6915,500,0
RSPF.US,5,20260113,184000,78.7999,78.7999,78.7999,78.7999,200,0
RSPF.US,5,20260113,194500,78.93,78.93,78.93,78.93,124,0
RSPF.US,5,20260113,195000,78.8,78.8,78.8,78.8,150,0
RSPF.US,5,20260113,195500,78.815,78.815,78.815,78.815,320,0
RSPF.US,5,20260113,204000,78.6128,78.6128,78.6128,78.6128,111,0
RSPF.US,5,20260113,204500,78.601,78.601,78.601,78.601,100,0
RSPF.US,5,20260113,212000,78.64,78.64,78.64,78.64,184,0
RSPF.US,5,20260113,212500,78.53,78.53,78.53,78.53,135,0
RSPF.US,5,20260113,213000,78.55,78.55,78.53,78.53,2265,0
RSPF.US,5,20260113,215000,78.58,78.58,78.58,78.58,100,0
RSPF.US,5,20260114,162000,79.29,79.29,78.54,78.54,380,0
RSPF.US,5,20260114,180000,79.4417,79.4417,79.4417,79.4417,100,0
RSPF.US,5,20260114,182500,78.71,79.39,78.71,79.38,440,0
RSPF.US,5,20260114,190000,79.0712,79.0712,79.0712,79.0712,112,0
RSPF.US,5,20260114,192000,78.67,78.67,78.67,78.67,150,0
RSPF.US,5,20260114,203500,79.445,79.445,79.445,79.445,542,0
RSPF.US,5,20260114,205000,79.0712,79.0712,79.0712,79.0712,425,0
RSPF.US,5,20260114,211500,79.505,79.505,79.505,79.505,100,0
RSPF.US,5,20260115,171000,79.57,79.57,79.57,79.57,200,0
RSPF.US,5,20260115,172000,80.869,80.869,80.47,80.47,482,0
RSPF.US,5,20260115,173500,80.2032,80.2032,80.2032,80.2032,200,0
RSPF.US,5,20260115,194500,81.1299,81.1299,81.1299,81.1299,324,0
RSPF.US,5,20260115,202500,79.4,79.4,79.4,79.4,202,0
RSPF.US,5,20260115,203500,79.35,79.3501,79.35,79.3501,1000,0
RSPF.US,5,20260115,212500,80.35,80.35,80.35,80.35,149,0
RSPF.US,5,20260115,213000,79.08,79.08,79.08,79.08,200,0
RSPF.US,5,20260115,215000,79.5,79.5,79.5,79.5,100,0
RSPF.US,5,20260115,215500,79.255,79.255,79.255,79.255,300,0
RSPF.US,5,20260116,160500,78.66,78.66,78.66,78.66,100,0
RSPF.US,5,20260116,161500,79.4399,79.4399,79.4399,79.4399,1167,0
RSPF.US,5,20260116,164500,79.635,79.635,79.635,79.635,600,0
RSPF.US,5,20260116,172000,80,80,80,80,340,0
RSPF.US,5,20260116,180000,79.98,79.98,79.98,79.98,305,0
RSPF.US,5,20260116,183000,79.26,80.81,79.26,80.81,247,0
RSPF.US,5,20260116,184000,79.26,79.5046,79.26,79.5046,300,0
RSPF.US,5,20260116,185000,79.5449,79.5449,79.5449,79.5449,100,0
RSPF.US,5,20260116,193000,79.3001,79.3001,79.3,79.3,710,0
RSPF.US,5,20260116,194000,80.23,80.23,80.23,80.23,842,0
RSPF.US,5,20260116,194500,79.16,79.455,79.16,79.455,315,0
RSPF.US,5,20260116,201000,79.21,79.2757,79.21,79.2757,797,0
RSPF.US,5,20260116,201500,79.29,79.29,79.29,79.29,4466,0
RSPF.US,5,20260116,203000,79.3293,79.3293,79.3293,79.3293,119,0
RSPF.US,5,20260116,203500,79.34,79.34,79.34,79.34,15561,0
RSPF.US,5,20260116,204000,79.2,79.3844,79.2,79.3844,301,0
RSPF.US,5,20260116,205500,79.15,79.1601,79.15,79.16,459,0
RSPF.US,5,20260116,213000,79.17,79.17,79.17,79.17,1394,0
RSPF.US,5,20260116,215000,79.02,79.02,79.02,79.02,164,0
RSPF.US,5,20260120,153000,77.88,78.44,77.88,78.1532,832,0
RSPF.US,5,20260120,153500,78.1532,78.44,78.07,78.44,891,0
RSPF.US,5,20260120,155000,78.375,78.375,78.375,78.375,400,0
RSPF.US,5,20260120,164000,78.65,78.65,78.65,78.65,100,0
RSPF.US,5,20260120,173000,78.5593,78.5593,78.5593,78.5593,115,0
RSPF.US,5,20260120,174000,78.59,78.59,78.59,78.59,154,0
RSPF.US,5,20260120,181000,78.2975,78.2975,78.2975,78.2975,127,0
RSPF.US,5,20260120,181500,78.395,78.395,78.395,78.395,100,0
RSPF.US,5,20260120,184000,78.38,78.38,78.38,78.38,225,0
RSPF.US,5,20260120,184500,78.18,78.18,78.18,78.18,772,0
RSPF.US,5,20260120,185000,77.89,77.89,77.89,77.89,100,0
RSPF.US,5,20260120,194000,77.8,77.8,77.79,77.79,381,0
RSPF.US,5,20260120,194500,77.49,77.49,77.49,77.49,100,0
RSPF.US,5,20260120,195500,77.55,77.55,77.55,77.55,858,0
RSPF.US,5,20260120,215000,77.161,77.58,77.161,77.412,931,0
RSPF.US,5,20260121,153500,78.345,78.345,78.345,78.345,128,0
RSPF.US,5,20260121,155000,78.55,78.55,78.55,78.55,200,0
RSPF.US,5,20260121,170500,78.22,78.2856,78.22,78.2856,440,0
RSPF.US,5,20260121,175000,78.1051,78.1051,78.1051,78.1051,639,0
RSPF.US,5,20260121,182500,78.0902,78.0902,78.0902,78.0902,1544,0
RSPF.US,5,20260121,184500,78.25,78.25,78.25,78.25,1827,0
RSPF.US,5,20260121,194000,78.22,78.31,78.22,78.22,320,0
RSPF.US,5,20260121,211000,78.6,78.6,78.6,78.6,140,0
RSPF.US,5,20260121,212500,78.37,78.5303,78.37,78.5303,236,0
RSPF.US,5,20260122,153000,78.57,78.57,78.57,78.57,216,0
RSPF.US,5,20260122,160500,78.66,78.66,78.66,78.66,102,0
RSPF.US,5,20260122,170000,78.89,78.89,78.89,78.89,100,0
RSPF.US,5,20260122,181000,78.88,78.88,78.88,78.88,238,0
RSPF.US,5,20260122,192500,79.0799,79.0799,79.0799,79.0799,150,0
RSPF.US,5,20260122,193000,78.94,78.9401,78.82,78.9014,819,0
RSPF.US,5,20260122,201500,79.02,79.02,78.83,78.83,266,0
RSPF.US,5,20260122,202500,79.0024,79.0024,79.0024,79.0024,232,0
RSPF.US,5,20260122,203000,78.8,78.8,78.8,78.8,148,0
RSPF.US,5,20260122,211500,78.6226,78.6226,78.6226,78.6226,514,0
RSPF.US,5,20260122,214000,78.9,78.9,78.9,78.9,100,0
RSPF.US,5,20260122,215500,78.62,78.62,78.5,78.5,477,0
RSPF.US,5,20260123,170000,77.88,77.88,77.88,77.88,128,0
RSPF.US,5,20260123,170500,77.995,77.995,77.995,77.995,131,0
RSPF.US,5,20260123,180000,77.73,77.73,77.73,77.73,105,0
RSPF.US,5,20260123,180500,77.79,77.8113,77.79,77.8113,448,0
RSPF.US,5,20260123,183500,78.11,78.11,78.11,78.11,1575,0
RSPF.US,5,20260123,184500,77.76,77.77,77.76,77.77,336,0
RSPF.US,5,20260123,185500,77.80603,77.80603,77.80603,77.80603,115,0
RSPF.US,5,20260123,190000,77.71,77.71,77.71,77.71,122,0
RSPF.US,5,20260123,191000,77.7044,77.7044,77.7044,77.7044,145,0
RSPF.US,5,20260123,202000,77.8212,77.8212,77.8212,77.8212,147,0
RSPF.US,5,20260123,204500,77.72,77.72,77.72,77.72,196,0
RSPF.US,5,20260123,212000,77.76,77.76,77.76,77.76,100,0
RSPF.US,5,20260123,213000,77.77,77.77,77.77,77.77,517,0
RSPF.US,5,20260123,214500,77.8034,77.8034,77.8034,77.8034,161,0
