<TICKER>,<PER>,<DATE>,<TIME>,<OPEN>,<HIGH>,<LOW>,<CLOSE>,<VOL>,<OPENINT>
RVNU.US,5,20250829,153000,23.755,23.755,23.755,23.755,225,0
RVNU.US,5,20250829,155500,23.705,23.705,23.705,23.705,821,0
RVNU.US,5,20250829,161500,23.77,23.77,23.77,23.77,3239,0
RVNU.US,5,20250829,170000,23.7396,23.7396,23.7396,23.7396,319,0
RVNU.US,5,20250829,170500,23.6863,23.6863,23.6863,23.6863,154,0
RVNU.US,5,20250829,171000,23.71,23.71,23.71,23.71,107,0
RVNU.US,5,20250829,171500,23.72,23.72,23.72,23.72,158,0
RVNU.US,5,20250829,175000,23.72,23.77,23.72,23.77,455,0
RVNU.US,5,20250829,182500,23.6709,23.6709,23.6709,23.6709,3875,0
RVNU.US,5,20250829,184500,23.7592,23.7592,23.7592,23.7592,392,0
RVNU.US,5,20250829,193000,23.69,23.69,23.69,23.69,100,0
RVNU.US,5,20250829,194000,23.725,23.725,23.725,23.725,285,0
RVNU.US,5,20250829,200000,23.7205,23.76,23.7205,23.76,200,0
RVNU.US,5,20250829,202500,23.7,23.7,23.7,23.7,100,0
RVNU.US,5,20250829,204500,23.7699,23.7699,23.7699,23.7699,100,0
RVNU.US,5,20250829,211000,23.77,23.77,23.77,23.77,1602,0
RVNU.US,5,20250829,214000,23.7449,23.77,23.7449,23.77,2919,0
RVNU.US,5,20250829,215500,23.75,23.757,23.75,23.757,295,0
RVNU.US,5,20250902,160000,23.6114,23.6114,23.6114,23.6114,800,0
RVNU.US,5,20250902,163500,23.7,23.7,23.6762,23.6762,252,0
RVNU.US,5,20250902,173000,23.65,23.65,23.65,23.65,196,0
RVNU.US,5,20250902,182000,23.65,23.65,23.58,23.58,2173,0
RVNU.US,5,20250902,191500,23.6497,23.6497,23.6497,23.6497,134,0
RVNU.US,5,20250902,193500,23.625,23.625,23.625,23.625,2112,0
RVNU.US,5,20250902,203500,23.6691,23.6691,23.6691,23.6691,282,0
RVNU.US,5,20250902,205000,23.5909,23.5909,23.5909,23.5909,213,0
RVNU.US,5,20250902,213000,23.6206,23.6206,23.59,23.59,200,0
RVNU.US,5,20250902,213500,23.59,23.59,23.59,23.59,200,0
RVNU.US,5,20250902,214000,23.59,23.59,23.59,23.59,100,0
RVNU.US,5,20250902,214500,23.5931,23.5931,23.58,23.58,300,0
RVNU.US,5,20250902,215000,23.58,23.58,23.58,23.58,400,0
RVNU.US,5,20250902,215500,23.59,23.593,23.58,23.593,1048,0
RVNU.US,5,20250903,162500,23.6,23.6,23.6,23.6,100,0
RVNU.US,5,20250903,172500,23.6,23.6,23.6,23.6,100,0
RVNU.US,5,20250903,173000,23.699,23.699,23.699,23.699,203,0
RVNU.US,5,20250903,174500,23.609,23.609,23.609,23.609,230,0
RVNU.US,5,20250903,182500,23.7089,23.7089,23.7089,23.7089,302,0
RVNU.US,5,20250903,184000,23.655,23.655,23.655,23.655,2177,0
RVNU.US,5,20250903,193500,23.655,23.7099,23.655,23.7099,4000,0
RVNU.US,5,20250903,204000,23.72,23.7299,23.72,23.7299,1117,0
RVNU.US,5,20250903,214000,23.719,23.719,23.65,23.65,300,0
RVNU.US,5,20250904,162500,23.76,23.77,23.76,23.7699,300,0
RVNU.US,5,20250904,163000,23.67,23.67,23.67,23.67,100,0
RVNU.US,5,20250904,171500,23.728,23.728,23.728,23.728,248,0
RVNU.US,5,20250904,174000,23.68,23.68,23.68,23.68,100,0
RVNU.US,5,20250904,180500,23.76,23.77,23.76,23.7699,600,0
RVNU.US,5,20250904,181000,23.77,23.77,23.77,23.77,100,0
RVNU.US,5,20250904,182500,23.6701,23.6701,23.6701,23.6701,452,0
RVNU.US,5,20250904,183000,23.67,23.67,23.67,23.67,100,0
RVNU.US,5,20250904,184500,23.715,23.715,23.715,23.715,101,0
RVNU.US,5,20250904,185000,23.67,23.726071,23.6601,23.726071,1380,0
RVNU.US,5,20250904,194000,23.7176,23.7176,23.7176,23.7176,790,0
RVNU.US,5,20250904,203500,23.68,23.68,23.67,23.67,1100,0
RVNU.US,5,20250904,204000,23.7647,23.7647,23.7647,23.7647,150,0
RVNU.US,5,20250904,205000,23.71,23.71,23.71,23.71,574,0
RVNU.US,5,20250904,211000,23.715,23.715,23.715,23.715,582,0
RVNU.US,5,20250904,213000,23.71,23.71,23.71,23.71,499,0
RVNU.US,5,20250904,213500,23.75,23.75,23.75,23.75,5264,0
RVNU.US,5,20250905,153000,23.896,23.91,23.896,23.91,767,0
RVNU.US,5,20250905,164000,23.9039,23.94,23.9039,23.94,2100,0
RVNU.US,5,20250905,170000,23.98,24.03,23.9625,24.0299,11179,0
RVNU.US,5,20250905,171000,23.985,23.985,23.985,23.985,149,0
RVNU.US,5,20250905,175500,23.9827,23.9827,23.9827,23.9827,210,0
RVNU.US,5,20250905,181500,23.95,23.95,23.95,23.95,100,0
RVNU.US,5,20250905,182000,24,24,24,24,100,0
RVNU.US,5,20250905,182500,23.9676,23.9676,23.9676,23.9676,692,0
RVNU.US,5,20250905,183500,23.96,23.98,23.96,23.98,9563,0
RVNU.US,5,20250905,185500,23.96,23.96,23.96,23.96,100,0
RVNU.US,5,20250905,193500,24,24.01,24,24.01,300,0
RVNU.US,5,20250905,194500,23.979,23.979,23.979,23.979,100,0
RVNU.US,5,20250905,200500,23.985,23.985,23.985,23.985,400,0
RVNU.US,5,20250905,204500,23.973,24.02,23.973,24.02,6600,0
RVNU.US,5,20250905,211000,24,24,24,24,2543,0
RVNU.US,5,20250905,212000,24.019272,24.019272,24.019272,24.019272,1120,0
RVNU.US,5,20250905,213000,23.95,23.95,23.95,23.95,100,0
RVNU.US,5,20250905,215500,24.04,24.05,24.04,24.05,400,0
RVNU.US,5,20250908,154000,24.0514,24.0905,24.0514,24.0905,283,0
RVNU.US,5,20250908,155500,24.125,24.125,24.125,24.125,4570,0
RVNU.US,5,20250908,162500,24.18,24.18,24.18,24.18,100,0
RVNU.US,5,20250908,171500,24.135,24.135,24.135,24.135,203,0
RVNU.US,5,20250908,181000,24.12,24.19,24.1,24.19,2359,0
RVNU.US,5,20250908,200000,24.21,24.23,24.2094,24.23,2100,0
RVNU.US,5,20250908,200500,24.22,24.23,24.1937,24.1937,2888,0
RVNU.US,5,20250908,201000,24.23,24.23,24.22,24.22,300,0
RVNU.US,5,20250908,203000,24.24,24.24,24.23,24.23,300,0
RVNU.US,5,20250908,204000,24.22,24.22,24.22,24.22,100,0
RVNU.US,5,20250908,211500,24.195,24.195,24.195,24.195,100,0
RVNU.US,5,20250908,212000,24.2399,24.25,24.225,24.25,1722,0
RVNU.US,5,20250908,212500,24.2296,24.2296,24.2296,24.2296,526,0
RVNU.US,5,20250908,213000,24.25,24.25,24.2299,24.229904,600,0
RVNU.US,5,20250908,214500,24.2215,24.2215,24.2215,24.2215,115,0
RVNU.US,5,20250908,215500,24.26,24.26,24.26,24.26,100,0
RVNU.US,5,20250909,160000,24.3189,24.3189,24.3189,24.3189,581,0
RVNU.US,5,20250909,162000,24.22,24.22,24.2,24.2101,5028,0
RVNU.US,5,20250909,174000,24.2459,24.2459,24.2459,24.2459,397,0
RVNU.US,5,20250909,174500,24.24,24.24,24.24,24.24,200,0
RVNU.US,5,20250909,180000,24.225,24.225,24.225,24.225,787,0
RVNU.US,5,20250909,185500,24.225,24.225,24.15,24.1501,4487,0
RVNU.US,5,20250909,203500,24.1745,24.1745,24.1745,24.1745,454,0
RVNU.US,5,20250909,204500,24.2142,24.2142,24.2142,24.2142,500,0
RVNU.US,5,20250909,210000,24.17,24.185,24.16,24.185,2200,0
RVNU.US,5,20250909,212000,24.185,24.185,24.185,24.185,154,0
RVNU.US,5,20250909,215000,24.191,24.191,24.185,24.185,773,0
RVNU.US,5,20250909,215500,24.17,24.17,24.16,24.16,218,0
RVNU.US,5,20250910,161000,24.28,24.28,24.28,24.28,100,0
RVNU.US,5,20250910,161500,24.2315,24.29,24.2315,24.29,1800,0
RVNU.US,5,20250910,163000,24.305,24.305,24.305,24.305,288,0
RVNU.US,5,20250910,164500,24.2952,24.2952,24.2952,24.2952,241,0
RVNU.US,5,20250910,165500,24.35,24.36,24.35,24.3599,3462,0
RVNU.US,5,20250910,170000,24.3014,24.36,24.3014,24.36,1283,0
RVNU.US,5,20250910,170500,24.359,24.359,24.305,24.305,200,0
RVNU.US,5,20250910,173500,24.3586,24.3586,24.3586,24.3586,628,0
RVNU.US,5,20250910,175500,24.3103,24.3103,24.3103,24.3103,443,0
RVNU.US,5,20250910,180500,24.36,24.36,24.325485,24.325485,5414,0
RVNU.US,5,20250910,182500,24.36,24.36,24.36,24.36,103,0
RVNU.US,5,20250910,204500,24.37,24.37,24.36,24.36,450,0
RVNU.US,5,20250910,205500,24.27,24.27,24.27,24.27,100,0
RVNU.US,5,20250910,211500,24.2623,24.2623,24.2623,24.2623,120,0
RVNU.US,5,20250910,212500,24.2501,24.37,24.2501,24.37,3573,0
RVNU.US,5,20250910,215500,24.36,24.37,24.36,24.37,200,0
RVNU.US,5,20250911,162000,24.43,24.43,24.43,24.43,1136,0
RVNU.US,5,20250911,172500,24.37,24.37,24.37,24.37,437,0
RVNU.US,5,20250911,173500,24.375,24.375,24.375,24.375,100,0
RVNU.US,5,20250911,174500,24.4057,24.43,24.4057,24.43,4100,0
RVNU.US,5,20250911,175000,24.375,24.375,24.375,24.375,130,0
RVNU.US,5,20250911,175500,24.43,24.43,24.43,24.43,100,0
RVNU.US,5,20250911,180000,24.43,24.43,24.43,24.43,212,0
RVNU.US,5,20250911,191000,24.4066,24.4066,24.4066,24.4066,427,0
RVNU.US,5,20250911,205000,24.42,24.45,24.4103,24.45,1385,0
RVNU.US,5,20250911,212000,24.41,24.41,24.41,24.41,1167,0
RVNU.US,5,20250911,213500,24.51,24.51,24.51,24.51,49680,0
RVNU.US,5,20250911,214000,24.41,24.41,24.41,24.41,959,0
RVNU.US,5,20250911,214500,24.4902,24.4902,24.4902,24.4902,491,0
RVNU.US,5,20250911,215500,24.49,24.499,24.49,24.49,369,0
RVNU.US,5,20250912,161500,24.4,24.4,24.38,24.38,6000,0
RVNU.US,5,20250912,162000,24.5099,24.5099,24.5099,24.5099,225,0
RVNU.US,5,20250912,163500,24.51,24.51,24.51,24.51,100,0
RVNU.US,5,20250912,164000,24.51,24.51,24.51,24.51,2061,0
RVNU.US,5,20250912,172500,24.4239,24.4239,24.4239,24.4239,100,0
RVNU.US,5,20250912,191500,24.4495,24.45,24.4495,24.45,4345,0
RVNU.US,5,20250912,194000,24.4437,24.4437,24.4437,24.4437,2052,0
RVNU.US,5,20250912,195000,24.45,24.45,24.45,24.45,100,0
RVNU.US,5,20250912,201000,24.46,24.49,24.4599,24.49,1702,0
RVNU.US,5,20250912,203000,24.46,24.46,24.46,24.46,300,0
RVNU.US,5,20250912,211000,24.509,24.509,24.509,24.509,3231,0
RVNU.US,5,20250912,213000,24.47,24.47,24.47,24.47,171,0
RVNU.US,5,20250912,215000,24.47,24.47,24.47,24.47,3121,0
RVNU.US,5,20250912,215500,24.49,24.49,24.43,24.43,481,0
RVNU.US,5,20250915,153000,24.6,24.62,24.6,24.62,1800,0
RVNU.US,5,20250915,161000,24.54,24.54,24.54,24.54,100,0
RVNU.US,5,20250915,162500,24.485,24.485,24.485,24.485,200,0
RVNU.US,5,20250915,163500,24.4307,24.485,24.4307,24.485,8239,0
RVNU.US,5,20250915,164000,24.485,24.5399,24.485,24.5399,351,0
RVNU.US,5,20250915,164500,24.485,24.485,24.485,24.485,200,0
RVNU.US,5,20250915,171500,24.54,24.54,24.54,24.54,100,0
RVNU.US,5,20250915,173500,24.53,24.53,24.53,24.53,135,0
RVNU.US,5,20250915,175000,24.4728,24.4728,24.4728,24.4728,348,0
RVNU.US,5,20250915,175500,24.59,24.59,24.59,24.59,100,0
RVNU.US,5,20250915,183000,24.4759,24.4759,24.4759,24.4759,108,0
RVNU.US,5,20250915,184000,24.59,24.59,24.59,24.59,100,0
RVNU.US,5,20250915,185000,24.5415,24.5415,24.5415,24.5415,100,0
RVNU.US,5,20250915,194000,24.5007,24.5007,24.5007,24.5007,254,0
RVNU.US,5,20250915,195000,24.53,24.53,24.52,24.52,1689,0
RVNU.US,5,20250915,200000,24.54,24.54,24.54,24.54,100,0
RVNU.US,5,20250915,200500,24.52,24.52,24.52,24.52,527,0
RVNU.US,5,20250915,203500,24.52,24.52,24.52,24.52,429,0
RVNU.US,5,20250915,205000,24.54,24.54,24.54,24.54,100,0
RVNU.US,5,20250915,211000,24.52,24.523707,24.52,24.523707,202,0
RVNU.US,5,20250915,212000,24.5399,24.5399,24.5399,24.5399,435,0
RVNU.US,5,20250915,213500,24.5235,24.5235,24.52,24.52,785,0
RVNU.US,5,20250915,214000,24.52,24.52,24.475,24.5,1143,0
RVNU.US,5,20250915,214500,24.46,24.505,24.46,24.505,4298,0
RVNU.US,5,20250915,215000,24.47,24.47,24.47,24.47,593,0
RVNU.US,5,20250915,215500,24.5,24.51,24.5,24.51,277,0
RVNU.US,5,20250916,154500,24.51,24.52,24.51,24.51,9074,0
RVNU.US,5,20250916,160000,24.59,24.59,24.53,24.53,320,0
RVNU.US,5,20250916,161000,24.58,24.58,24.58,24.58,100,0
RVNU.US,5,20250916,163000,24.57,24.57,24.57,24.57,100,0
RVNU.US,5,20250916,165500,24.52,24.52,24.52,24.52,200,0
RVNU.US,5,20250916,172000,24.56,24.61,24.56,24.61,4000,0
RVNU.US,5,20250916,173500,24.6023,24.6023,24.6023,24.6023,945,0
RVNU.US,5,20250916,174000,24.59,24.59,24.59,24.59,100,0
RVNU.US,5,20250916,175500,24.5542,24.5542,24.5542,24.5542,457,0
RVNU.US,5,20250916,183000,24.53,24.61,24.53,24.61,1019,0
RVNU.US,5,20250916,183500,24.56,24.56,24.56,24.56,616,0
RVNU.US,5,20250916,185000,24.56,24.56,24.56,24.56,1100,0
RVNU.US,5,20250916,190000,24.61,24.61,24.61,24.61,100,0
RVNU.US,5,20250916,193500,24.603,24.603,24.603,24.603,407,0
RVNU.US,5,20250916,195000,24.609,24.6098,24.609,24.6098,1000,0
RVNU.US,5,20250916,202000,24.59,24.608,24.59,24.608,2207,0
RVNU.US,5,20250916,203500,24.59,24.59,24.59,24.59,100,0
RVNU.US,5,20250916,210000,24.609,24.61,24.609,24.6099,1135,0
RVNU.US,5,20250916,215500,24.59,24.598,24.59,24.598,346,0
RVNU.US,5,20250917,154000,24.6367,24.6367,24.6367,24.6367,825,0
RVNU.US,5,20250917,160500,24.67,24.7,24.67,24.6999,2628,0
RVNU.US,5,20250917,161000,24.57,24.57,24.57,24.57,100,0
RVNU.US,5,20250917,161500,24.7,24.7,24.7,24.7,100,0
RVNU.US,5,20250917,163000,24.6681,24.6681,24.6681,24.6681,286,0
RVNU.US,5,20250917,165000,24.68,24.68,24.68,24.68,100,0
RVNU.US,5,20250917,165500,24.68,24.68,24.68,24.68,100,0
RVNU.US,5,20250917,174000,24.68,24.68,24.68,24.68,200,0
RVNU.US,5,20250917,174500,24.59,24.6351,24.59,24.6351,1447,0
RVNU.US,5,20250917,175000,24.5701,24.5701,24.5701,24.5701,1206,0
RVNU.US,5,20250917,182000,24.68,24.68,24.68,24.68,100,0
RVNU.US,5,20250917,182500,24.635,24.635,24.635,24.635,2184,0
RVNU.US,5,20250917,183000,24.5701,24.5701,24.5701,24.5701,524,0
RVNU.US,5,20250917,184000,24.6409,24.6409,24.6409,24.6409,489,0
RVNU.US,5,20250917,192500,24.571,24.571,24.571,24.571,100,0
RVNU.US,5,20250917,194000,24.68,24.68,24.68,24.68,100,0
RVNU.US,5,20250917,200500,24.62,24.62,24.62,24.62,111,0
RVNU.US,5,20250917,202500,24.62,24.62,24.61,24.6101,3283,0
RVNU.US,5,20250917,205500,24.645,24.645,24.645,24.645,623,0
RVNU.US,5,20250917,213500,24.64,24.64,24.64,24.64,300,0
RVNU.US,5,20250917,214500,24.66,24.66,24.64,24.64,103814,0
RVNU.US,5,20250917,215500,24.61,24.62,24.61,24.62,299,0
RVNU.US,5,20250918,153500,24.6459,24.6459,24.6459,24.6459,162,0
RVNU.US,5,20250918,154500,24.6,24.6,24.6,24.6,139,0
RVNU.US,5,20250918,160500,24.6,24.6,24.6,24.6,100,0
RVNU.US,5,20250918,162000,24.555,24.555,24.555,24.555,848,0
RVNU.US,5,20250918,164500,24.6,24.65,24.59,24.59,4355,0
RVNU.US,5,20250918,171000,24.65,24.65,24.65,24.65,100,0
RVNU.US,5,20250918,180500,24.6699,24.6699,24.6699,24.6699,164,0
RVNU.US,5,20250918,184500,24.61,24.61,24.61,24.61,108,0
RVNU.US,5,20250918,185000,24.65,24.65,24.65,24.65,100,0
RVNU.US,5,20250918,192000,24.65,24.65,24.65,24.65,100,0
RVNU.US,5,20250918,210500,24.6165,24.6165,24.6165,24.6165,304,0
RVNU.US,5,20250918,211500,24.67,24.67,24.67,24.67,100,0
RVNU.US,5,20250918,212500,24.63,24.63,24.63,24.63,584,0
RVNU.US,5,20250918,213500,24.57,24.6335,24.5603,24.6335,3258,0
RVNU.US,5,20250919,161000,24.68,24.68,24.68,24.68,100,0
RVNU.US,5,20250919,171500,24.7,24.7,24.7,24.7,100,0
RVNU.US,5,20250919,173500,24.655,24.655,24.655,24.655,203,0
RVNU.US,5,20250919,180000,24.7,24.7,24.7,24.7,100,0
RVNU.US,5,20250919,181000,24.65,24.65,24.65,24.65,581,0
RVNU.US,5,20250919,182000,24.6,24.65,24.59,24.59,5720,0
RVNU.US,5,20250919,184500,24.64,24.64,24.64,24.64,6974,0
RVNU.US,5,20250919,185500,24.6917,24.6917,24.6917,24.6917,913,0
RVNU.US,5,20250919,195000,24.68,24.68,24.68,24.68,100,0
RVNU.US,5,20250919,212000,24.664423,24.664423,24.664423,24.664423,413,0
RVNU.US,5,20250922,154000,24.68,24.68,24.68,24.68,100,0
RVNU.US,5,20250922,161000,24.7,24.7,24.7,24.7,100,0
RVNU.US,5,20250922,170500,24.7,24.7,24.7,24.7,200,0
RVNU.US,5,20250922,174500,24.7,24.7,24.7,24.7,100,0
RVNU.US,5,20250922,175500,24.675,24.675,24.675,24.675,116,0
RVNU.US,5,20250922,180000,24.71,24.72,24.68,24.72,5695,0
RVNU.US,5,20250922,182000,24.74,24.74,24.74,24.74,100,0
RVNU.US,5,20250922,192000,24.74,24.74,24.74,24.74,100,0
RVNU.US,5,20250922,195000,24.6871,24.6871,24.6871,24.6871,532,0
RVNU.US,5,20250922,202000,24.728,24.728,24.728,24.728,404,0
RVNU.US,5,20250922,202500,24.74,24.74,24.74,24.74,100,0
RVNU.US,5,20250922,210500,24.698,24.698,24.698,24.698,402,0
RVNU.US,5,20250922,213500,24.74,24.74,24.74,24.74,100,0
RVNU.US,5,20250922,215000,24.67,24.67,24.66,24.66,400,0
RVNU.US,5,20250922,215500,24.74,24.75,24.74,24.74,900,0
RVNU.US,5,20250923,153000,24.7,24.7,24.7,24.7,125,0
RVNU.US,5,20250923,154000,24.6884,24.6884,24.6884,24.6884,178,0
RVNU.US,5,20250923,160500,24.73,24.73,24.73,24.73,100,0
RVNU.US,5,20250923,170000,24.6695,24.6695,24.65,24.65,1159,0
RVNU.US,5,20250923,170500,24.65,24.65,24.65,24.65,1161,0
RVNU.US,5,20250923,171000,24.65,24.65,24.59,24.61,10100,0
RVNU.US,5,20250923,171500,24.68626,24.68626,24.68626,24.68626,112,0
RVNU.US,5,20250923,173500,24.665,24.665,24.665,24.665,100,0
RVNU.US,5,20250923,174000,24.665,24.665,24.665,24.665,100,0
RVNU.US,5,20250923,175500,24.665,24.665,24.665,24.665,969,0
RVNU.US,5,20250923,180000,24.665,24.665,24.665,24.665,200,0
RVNU.US,5,20250923,180500,24.665,24.665,24.665,24.665,100,0
RVNU.US,5,20250923,193000,24.6001,24.61,24.6001,24.6056,1005,0
RVNU.US,5,20250923,193500,24.66,24.66,24.66,24.66,100,0
RVNU.US,5,20250923,201000,24.665,24.665,24.665,24.665,100,0
RVNU.US,5,20250923,205000,24.677,24.677,24.677,24.677,100,0
RVNU.US,5,20250923,205500,24.66,24.66,24.66,24.66,100,0
RVNU.US,5,20250923,211500,24.6741,24.6741,24.66,24.66,4200,0
RVNU.US,5,20250923,213000,24.66,24.66,24.6,24.6,2362,0
RVNU.US,5,20250923,214500,24.66,24.66,24.66,24.66,284,0
RVNU.US,5,20250923,215500,24.62,24.62,24.62,24.62,133,0
RVNU.US,5,20250924,160500,24.7,24.7,24.7,24.7,100,0
RVNU.US,5,20250924,170500,24.66,24.66,24.66,24.66,763,0
RVNU.US,5,20250924,171000,24.6689,24.6689,24.61,24.61,1553,0
RVNU.US,5,20250924,174500,24.6409,24.6409,24.6409,24.6409,213,0
RVNU.US,5,20250924,181500,24.69,24.69,24.69,24.69,100,0
RVNU.US,5,20250924,202000,24.61,24.61,24.6,24.6,4547,0
RVNU.US,5,20250924,203000,24.6013,24.6013,24.6013,24.6013,258,0
RVNU.US,5,20250924,203500,24.6,24.6,24.6,24.6,100,0
RVNU.US,5,20250924,204000,24.6611,24.6611,24.6611,24.6611,150,0
RVNU.US,5,20250924,204500,24.6344,24.6344,24.6344,24.6344,100,0
RVNU.US,5,20250924,205000,24.59,24.59,24.59,24.59,100,0
RVNU.US,5,20250924,212500,24.65,24.65,24.65,24.65,100,0
RVNU.US,5,20250924,215500,24.57,24.57,24.57,24.57,138,0
RVNU.US,5,20250925,155500,24.595,24.6399,24.55,24.55,1662,0
RVNU.US,5,20250925,162500,24.52,24.52,24.52,24.52,100,0
RVNU.US,5,20250925,165500,24.58,24.58,24.566277,24.566277,506,0
RVNU.US,5,20250925,171500,24.64,24.64,24.58,24.58,412,0
RVNU.US,5,20250925,172000,24.62,24.62,24.62,24.62,100,0
RVNU.US,5,20250925,174500,24.58,24.58,24.58,24.58,922,0
RVNU.US,5,20250925,183500,24.58,24.58,24.58,24.58,179,0
RVNU.US,5,20250925,184000,24.55,24.55,24.55,24.55,360,0
RVNU.US,5,20250925,190500,24.52,24.52,24.52,24.52,2917,0
RVNU.US,5,20250925,194500,24.56,24.56,24.56,24.56,125,0
RVNU.US,5,20250925,201500,24.62,24.62,24.62,24.62,100,0
RVNU.US,5,20250925,203000,24.568,24.568,24.568,24.568,156,0
RVNU.US,5,20250925,205500,24.58,24.58,24.58,24.58,298,0
RVNU.US,5,20250925,211000,24.5857,24.5857,24.5857,24.5857,2000,0
RVNU.US,5,20250925,212500,24.599401,24.599401,24.599401,24.599401,669,0
RVNU.US,5,20250925,213500,24.6399,24.6399,24.6399,24.6399,732,0
RVNU.US,5,20250925,215000,24.5817,24.5817,24.5817,24.5817,522,0
RVNU.US,5,20250925,215500,24.6389,24.6389,24.55,24.55,700,0
RVNU.US,5,20250926,160000,24.6625,24.67,24.600591,24.621457,2090,0
RVNU.US,5,20250926,162500,24.6028,24.6028,24.6028,24.6028,500,0
RVNU.US,5,20250926,163000,24.64,24.6699,24.64,24.6699,725,0
RVNU.US,5,20250926,171000,24.64,24.64,24.64,24.64,100,0
RVNU.US,5,20250926,172500,24.6589,24.6589,24.6009,24.6009,901,0
RVNU.US,5,20250926,174000,24.6535,24.6535,24.6535,24.6535,100,0
RVNU.US,5,20250926,180000,24.64,24.64,24.64,24.64,100,0
RVNU.US,5,20250926,183000,24.6,24.6,24.6,24.6,109,0
RVNU.US,5,20250926,190000,24.54,24.5401,24.5305,24.5401,1206,0
RVNU.US,5,20250926,214500,24.5988,24.5988,24.5988,24.5988,1304,0
RVNU.US,5,20250926,215500,24.56,24.56,24.56,24.56,141,0
RVNU.US,5,20250929,153500,24.58,24.58,24.5707,24.5707,3536,0
RVNU.US,5,20250929,154500,24.58,24.68,24.58,24.5801,1949,0
RVNU.US,5,20250929,162000,24.68,24.68,24.68,24.68,100,0
RVNU.US,5,20250929,170500,24.6813,24.6813,24.6813,24.6813,251,0
RVNU.US,5,20250929,172000,24.67,24.67,24.67,24.67,100,0
RVNU.US,5,20250929,172500,24.635,24.635,24.635,24.635,426,0
RVNU.US,5,20250929,180000,24.6834,24.6845,24.61,24.6845,5967,0
RVNU.US,5,20250929,180500,24.61,24.68,24.6007,24.67,2125,0
RVNU.US,5,20250929,181000,24.645,24.645,24.645,24.645,119,0
RVNU.US,5,20250929,183000,24.645,24.645,24.645,24.645,170,0
RVNU.US,5,20250929,191000,24.69,24.69,24.69,24.69,100,0
RVNU.US,5,20250929,195500,24.7,24.7,24.7,24.7,100,0
RVNU.US,5,20250929,200000,24.71,24.71,24.71,24.71,120,0
RVNU.US,5,20250929,211000,24.71,24.71,24.71,24.71,569,0
RVNU.US,5,20250929,215000,24.67,24.67,24.67,24.67,200,0
RVNU.US,5,20250929,215500,24.67,24.67,24.65,24.65,2685,0
RVNU.US,5,20250930,155500,24.61,24.61,24.585,24.59,1900,0
RVNU.US,5,20250930,161500,24.67,24.67,24.67,24.67,3981,0
RVNU.US,5,20250930,170500,24.5708,24.5708,24.5708,24.5708,158,0
RVNU.US,5,20250930,171500,24.611167,24.611167,24.611167,24.611167,1320,0
RVNU.US,5,20250930,180000,24.5711,24.5711,24.5711,24.5711,169,0
RVNU.US,5,20250930,185500,24.6,24.6,24.6,24.6,708,0
RVNU.US,5,20250930,191000,24.63,24.68,24.63,24.6435,1998,0
RVNU.US,5,20250930,212000,24.635,24.689,24.635,24.689,1283,0
RVNU.US,5,20250930,212500,24.67,24.67,24.67,24.67,100,0
RVNU.US,5,20250930,214000,24.59,24.68,24.58,24.58,1396,0
RVNU.US,5,20250930,215000,24.67,24.67,24.67,24.67,100,0
RVNU.US,5,20250930,215500,24.66,24.67,24.66,24.67,268,0
RVNU.US,5,20251001,162000,24.68,24.68,24.58,24.5811,2568,0
RVNU.US,5,20251001,165500,24.68,24.68,24.68,24.68,125,0
RVNU.US,5,20251001,173500,24.64,24.69,24.64,24.68,1025,0
RVNU.US,5,20251001,183000,24.63,24.63,24.63,24.63,2350,0
RVNU.US,5,20251001,183500,24.68,24.68,24.68,24.68,100,0
RVNU.US,5,20251001,184500,24.6899,24.69,24.63,24.63,5391,0
RVNU.US,5,20251001,185000,24.67,24.67,24.67,24.67,100,0
RVNU.US,5,20251001,185500,24.6,24.6,24.6,24.6,726,0
RVNU.US,5,20251001,190000,24.58,24.58,24.55,24.55,900,0
RVNU.US,5,20251001,191000,24.61,24.61,24.61,24.61,112,0
RVNU.US,5,20251001,193000,24.65,24.65,24.65,24.65,100,0
RVNU.US,5,20251001,200500,24.6182,24.6182,24.6182,24.6182,551,0
RVNU.US,5,20251001,202500,24.61,24.61,24.61,24.61,100,0
RVNU.US,5,20251001,203000,24.57,24.57,24.57,24.57,137,0
RVNU.US,5,20251001,213500,24.62,24.62,24.62,24.62,1060,0
RVNU.US,5,20251001,214500,24.65,24.65,24.65,24.65,100,0
RVNU.US,5,20251001,215500,24.56,24.56,24.56,24.56,200,0
RVNU.US,5,20251002,160000,24.5793,24.5793,24.5793,24.5793,129,0
RVNU.US,5,20251002,164500,24.58,24.58,24.58,24.58,211,0
RVNU.US,5,20251002,191500,24.62,24.62,24.6199,24.6199,404,0
RVNU.US,5,20251002,200500,24.6184,24.6184,24.6184,24.6184,129,0
RVNU.US,5,20251002,204500,24.5669,24.5669,24.5669,24.5669,106,0
RVNU.US,5,20251002,212000,24.59,24.59,24.59,24.59,100,0
RVNU.US,5,20251003,161000,24.64,24.64,24.64,24.64,100,0
RVNU.US,5,20251003,162500,24.64,24.65,24.64,24.6499,1300,0
RVNU.US,5,20251003,163000,24.63,24.63,24.63,24.63,2159,0
RVNU.US,5,20251003,165000,24.63,24.63,24.63,24.63,100,0
RVNU.US,5,20251003,170500,24.6158,24.65,24.6158,24.6499,740,0
RVNU.US,5,20251003,172500,24.65,24.69,24.6499,24.6499,800,0
RVNU.US,5,20251003,175500,24.6,24.69,24.6,24.69,1581,0
RVNU.US,5,20251003,181500,24.638196,24.638196,24.638196,24.638196,256,0
RVNU.US,5,20251003,194000,24.625,24.625,24.625,24.625,300,0
RVNU.US,5,20251003,200000,24.6235,24.6235,24.6235,24.6235,3250,0
RVNU.US,5,20251003,202500,24.5605,24.62,24.5605,24.62,605,0
RVNU.US,5,20251003,213000,24.6024,24.6024,24.6024,24.6024,135,0
RVNU.US,5,20251003,215500,24.66,24.66,24.66,24.66,200,0
RVNU.US,5,20251006,153000,24.7,24.7,24.7,24.7,200,0
RVNU.US,5,20251006,162500,24.65,24.65,24.65,24.65,300,0
RVNU.US,5,20251006,173500,24.5612,24.5612,24.5612,24.5612,249,0
RVNU.US,5,20251006,175000,24.62,24.62,24.62,24.62,162,0
RVNU.US,5,20251006,184500,24.62,24.62,24.62,24.62,207,0
RVNU.US,5,20251006,192000,24.5989,24.5989,24.5989,24.5989,114,0
RVNU.US,5,20251006,200000,24.62,24.62,24.62,24.62,527,0
RVNU.US,5,20251006,200500,24.66,24.66,24.66,24.66,300,0
RVNU.US,5,20251006,204500,24.67,24.67,24.67,24.67,100,0
RVNU.US,5,20251006,205000,24.68,24.68,24.68,24.68,576,0
RVNU.US,5,20251006,210500,24.65,24.71,24.65,24.69,4150,0
RVNU.US,5,20251006,212000,24.69,24.69,24.69,24.69,100,0
RVNU.US,5,20251006,212500,24.65,24.719,24.58,24.58,3698,0
RVNU.US,5,20251006,213000,24.648,24.648,24.648,24.648,280,0
RVNU.US,5,20251006,213500,24.71,24.71,24.71,24.71,100,0
RVNU.US,5,20251006,215500,24.69,24.72,24.69,24.71,310,0
RVNU.US,5,20251007,161500,24.66,24.66,24.66,24.66,533,0
RVNU.US,5,20251007,170500,24.6514,24.6514,24.6514,24.6514,120,0
RVNU.US,5,20251007,183500,24.72,24.72,24.72,24.72,100,0
RVNU.US,5,20251007,184000,24.72,24.72,24.72,24.72,100,0
RVNU.US,5,20251007,185500,24.7296,24.7296,24.7296,24.7296,316,0
RVNU.US,5,20251007,203000,24.61,24.61,24.61,24.61,3121,0
RVNU.US,5,20251007,204500,24.6411,24.6411,24.6411,24.6411,1979,0
RVNU.US,5,20251007,214500,24.688,24.688,24.6134,24.6134,1529,0
RVNU.US,5,20251007,215500,24.67,24.72,24.67,24.72,435,0
RVNU.US,5,20251008,153000,24.59,24.59,24.59,24.59,104,0
RVNU.US,5,20251008,154000,24.7457,24.7457,24.7457,24.7457,121,0
RVNU.US,5,20251008,154500,24.7075,24.7075,24.7075,24.7075,101,0
RVNU.US,5,20251008,160000,24.76,24.76,24.7599,24.7599,640,0
RVNU.US,5,20251008,171500,24.6821,24.6821,24.6821,24.6821,122,0
RVNU.US,5,20251008,172500,24.697,24.697,24.697,24.697,200,0
RVNU.US,5,20251008,183000,24.6204,24.6204,24.6204,24.6204,454,0
RVNU.US,5,20251008,183500,24.6905,24.6905,24.6905,24.6905,1333,0
RVNU.US,5,20251008,194500,24.7499,24.7499,24.61,24.675,2662,0
RVNU.US,5,20251008,205000,24.6,24.6,24.6,24.6,2489,0
RVNU.US,5,20251008,211500,24.71,24.735,24.67,24.67,8000,0
RVNU.US,5,20251008,214500,24.71,24.71,24.71,24.71,200,0
RVNU.US,5,20251008,215500,24.67,24.71,24.67,24.71,1816,0
RVNU.US,5,20251009,153500,24.75,24.75,24.74,24.75,500,0
RVNU.US,5,20251009,162500,24.6685,24.6685,24.6685,24.6685,1698,0
RVNU.US,5,20251009,175000,24.695,24.695,24.695,24.695,137,0
RVNU.US,5,20251009,185500,24.7203,24.7203,24.7203,24.7203,1039,0
RVNU.US,5,20251009,195500,24.695,24.695,24.695,24.695,191,0
RVNU.US,5,20251009,203000,24.6973,24.6973,24.6973,24.6973,133,0
RVNU.US,5,20251009,215500,24.73,24.74,24.67,24.67,534,0
RVNU.US,5,20251010,153500,24.81,24.81,24.81,24.81,200,0
RVNU.US,5,20251010,154000,24.69,24.69,24.6701,24.6701,2532,0
RVNU.US,5,20251010,155000,24.6701,24.6701,24.6701,24.6701,140,0
RVNU.US,5,20251010,155500,24.74,24.74,24.74,24.74,1136,0
RVNU.US,5,20251010,170000,24.68,24.68,24.68,24.68,300,0
RVNU.US,5,20251010,174000,24.73,24.73,24.73,24.73,128,0
RVNU.US,5,20251010,191000,24.7834,24.7834,24.7834,24.7834,169,0
RVNU.US,5,20251010,192000,24.7836,24.7836,24.7836,24.7836,210,0
RVNU.US,5,20251010,192500,24.7428,24.7428,24.7428,24.7428,134,0
RVNU.US,5,20251010,193500,24.6801,24.6801,24.6801,24.6801,136,0
RVNU.US,5,20251010,195000,24.7185,24.7837,24.7185,24.7837,473,0
RVNU.US,5,20251010,205500,24.7404,24.7404,24.7404,24.7404,800,0
RVNU.US,5,20251010,211000,24.8199,24.8199,24.8199,24.8199,102,0
RVNU.US,5,20251010,214000,24.756,24.756,24.756,24.756,1000,0
RVNU.US,5,20251010,214500,24.7812,24.7812,24.7812,24.7812,727,0
RVNU.US,5,20251013,153500,24.84,24.84,24.7806,24.7806,617,0
RVNU.US,5,20251013,160500,24.7601,24.7601,24.66,24.66,3213,0
RVNU.US,5,20251013,161000,24.826,24.826,24.826,24.826,185,0
RVNU.US,5,20251013,163500,24.7,24.7,24.69,24.69,4392,0
RVNU.US,5,20251013,170500,24.71,24.71,24.7,24.7,600,0
RVNU.US,5,20251013,171000,24.76,24.76,24.76,24.76,395,0
RVNU.US,5,20251013,174500,24.7712,24.7712,24.7712,24.7712,173,0
RVNU.US,5,20251013,180500,24.76,24.76,24.76,24.76,213,0
RVNU.US,5,20251013,192000,24.7934,24.7934,24.7934,24.7934,4027,0
RVNU.US,5,20251013,204500,24.78,24.78,24.78,24.78,213,0
RVNU.US,5,20251013,215500,24.75,24.75,24.74,24.74,235,0
RVNU.US,5,20251014,153000,24.773,24.785,24.773,24.785,2226,0
RVNU.US,5,20251014,153500,24.84,24.84,24.84,24.84,200,0
RVNU.US,5,20251014,161000,24.8377,24.8377,24.78,24.8376,433,0
RVNU.US,5,20251014,165000,24.78,24.78,24.78,24.78,154,0
RVNU.US,5,20251014,175000,24.7101,24.7101,24.7101,24.7101,117,0
RVNU.US,5,20251014,180000,24.85,24.85,24.85,24.85,125,0
RVNU.US,5,20251014,180500,24.8368,24.8368,24.8368,24.8368,141,0
RVNU.US,5,20251014,181500,24.78,24.78,24.78,24.78,3000,0
RVNU.US,5,20251014,183500,24.84,24.84,24.72,24.72,531,0
RVNU.US,5,20251014,185500,24.8487,24.8487,24.8487,24.8487,146,0
RVNU.US,5,20251014,213000,24.72,24.72,24.72,24.72,3735,0
RVNU.US,5,20251014,215500,24.83,24.84,24.828,24.84,351,0
RVNU.US,5,20251015,160500,24.94,24.94,24.94,24.94,402,0
RVNU.US,5,20251015,161000,24.9355,24.9355,24.9355,24.9355,114,0
RVNU.US,5,20251015,171000,24.84,24.84,24.84,24.84,400,0
RVNU.US,5,20251015,171500,24.8113,24.8113,24.8113,24.8113,278,0
RVNU.US,5,20251015,173000,24.8869,24.8869,24.8869,24.8869,217,0
RVNU.US,5,20251015,175000,24.81,24.81,24.81,24.81,1093,0
RVNU.US,5,20251015,175500,24.8831,24.8831,24.8831,24.8831,101,0
RVNU.US,5,20251015,192000,24.8572,24.8572,24.8572,24.8572,903,0
RVNU.US,5,20251015,195000,24.8251,24.8251,24.8251,24.8251,103,0
RVNU.US,5,20251015,202500,24.91,24.92,24.91,24.9199,821,0
RVNU.US,5,20251015,211000,24.859,24.859,24.859,24.859,2000,0
RVNU.US,5,20251015,215500,24.91,24.92,24.91,24.92,200,0
RVNU.US,5,20251016,153500,24.99,24.99,24.99,24.99,400,0
RVNU.US,5,20251016,155500,24.95,24.95,24.93,24.95,1056,0
RVNU.US,5,20251016,161500,24.935,25,24.935,25,8252,0
RVNU.US,5,20251016,162000,24.9578,24.9578,24.9578,24.9578,2401,0
RVNU.US,5,20251016,164500,24.94,24.94,24.94,24.94,300,0
RVNU.US,5,20251016,180000,24.9545,24.9545,24.9545,24.9545,233,0
RVNU.US,5,20251016,182500,24.9552,24.9552,24.9552,24.9552,111,0
RVNU.US,5,20251016,185000,24.9221,24.9221,24.9221,24.9221,104,0
RVNU.US,5,20251016,185500,24.96,24.96,24.96,24.96,530,0
RVNU.US,5,20251016,191000,24.96,24.96,24.96,24.96,100,0
RVNU.US,5,20251016,193000,24.9669,24.9669,24.9669,24.9669,199,0
RVNU.US,5,20251016,212000,24.92,24.955,24.92,24.9505,300,0
RVNU.US,5,20251016,215500,24.98,24.98,24.98,24.98,100,0
RVNU.US,5,20251017,154500,25.03,25.03,25.03,25.03,300,0
RVNU.US,5,20251017,163500,24.9104,24.9104,24.9104,24.9104,449,0
RVNU.US,5,20251017,165000,25.0178,25.0178,25.0178,25.0178,150,0
RVNU.US,5,20251017,171000,25,25,25,25,100,0
RVNU.US,5,20251017,175500,24.955,24.955,24.955,24.955,226,0
RVNU.US,5,20251017,182500,24.9878,24.9878,24.9878,24.9878,150,0
RVNU.US,5,20251017,190000,24.9604,24.9604,24.9604,24.9604,123,0
RVNU.US,5,20251017,195000,24.9478,24.9478,24.9478,24.9478,316,0
RVNU.US,5,20251017,195500,24.955,24.955,24.955,24.955,777,0
RVNU.US,5,20251017,202000,24.955,24.955,24.955,24.955,328,0
RVNU.US,5,20251017,204500,24.95,24.95,24.95,24.95,1745,0
RVNU.US,5,20251017,205500,24.95,24.95,24.95,24.95,100,0
RVNU.US,5,20251017,211000,24.91,24.91,24.91,24.91,7633,0
RVNU.US,5,20251017,215000,24.93,24.93,24.91,24.91,669,0
RVNU.US,5,20251017,215500,24.975,24.975,24.92,24.92,200,0
RVNU.US,5,20251020,155500,24.95,24.95,24.95,24.95,2571,0
RVNU.US,5,20251020,163000,25.03,25.03,25.03,25.03,935,0
RVNU.US,5,20251020,180500,24.9409,24.9409,24.9409,24.9409,554,0
RVNU.US,5,20251020,183000,24.9409,24.9409,24.9409,24.9409,121,0
RVNU.US,5,20251020,184000,24.9441,24.9441,24.9441,24.9441,511,0
RVNU.US,5,20251020,185000,24.9691,24.9691,24.9691,24.9691,247,0
RVNU.US,5,20251020,185500,24.981672,24.981672,24.981672,24.981672,400,0
RVNU.US,5,20251020,194500,24.9694,24.9694,24.9694,24.9694,979,0
RVNU.US,5,20251020,200500,24.975,25.01,24.975,25.01,1199,0
RVNU.US,5,20251020,204500,24.975,24.975,24.975,24.975,200,0
RVNU.US,5,20251020,214500,24.975,24.975,24.975,24.975,728,0
RVNU.US,5,20251020,215500,25,25.01,25,25.01,200,0
RVNU.US,5,20251021,162500,25.0001,25.0025,25,25.0025,328,0
RVNU.US,5,20251021,171000,24.9101,24.9101,24.9101,24.9101,359,0
RVNU.US,5,20251021,171500,25.01,25.0289,25.01,25.0289,200,0
RVNU.US,5,20251021,174000,24.9357,24.9357,24.9357,24.9357,248,0
RVNU.US,5,20251021,180500,25.0299,25.0299,24.98,24.9935,2420,0
RVNU.US,5,20251021,182500,24.98,24.98,24.98,24.98,124,0
RVNU.US,5,20251021,215000,24.9445,24.9445,24.9445,24.9445,134,0
RVNU.US,5,20251022,160500,25.015,25.015,25.015,25.015,113,0
RVNU.US,5,20251022,173000,25.004,25.004,25.004,25.004,235,0
RVNU.US,5,20251022,182500,24.9514,24.9514,24.9514,24.9514,423,0
RVNU.US,5,20251022,210500,24.9995,24.9995,24.9995,24.9995,197,0
RVNU.US,5,20251022,212000,25.005,25.005,25.005,25.005,211,0
RVNU.US,5,20251022,215500,24.95,24.95,24.95,24.95,120,0
RVNU.US,5,20251023,161500,25.03,25.0599,25.03,25.0599,700,0
RVNU.US,5,20251023,162000,24.995,24.995,24.995,24.995,1457,0
RVNU.US,5,20251023,165500,25.04,25.04,25.04,25.04,500,0
RVNU.US,5,20251023,170000,24.9409,25,24.9409,25,912,0
RVNU.US,5,20251023,170500,25.06,25.06,25.06,25.06,331,0
RVNU.US,5,20251023,172000,25.06,25.06,24.965,24.965,1716,0
RVNU.US,5,20251023,174500,24.975,24.975,24.975,24.975,221,0
RVNU.US,5,20251023,181500,24.99,24.99,24.975,24.975,1600,0
RVNU.US,5,20251023,195000,24.9478,24.9478,24.9478,24.9478,100,0
RVNU.US,5,20251023,200500,25.01,25.01,25.01,25.01,507,0
RVNU.US,5,20251023,202000,25.0365,25.0365,25.0365,25.0365,180,0
RVNU.US,5,20251023,211500,24.985,24.985,24.985,24.985,442,0
RVNU.US,5,20251023,215500,24.96,24.96,24.96,24.96,154,0
RVNU.US,5,20251024,154000,25.02,25.0299,25.02,25.0299,514,0
RVNU.US,5,20251024,154500,24.98,24.98,24.98,24.98,329,0
RVNU.US,5,20251024,162000,25.01,25.01,25.01,25.01,2001,0
RVNU.US,5,20251024,164000,24.96,24.96,24.9301,24.9301,681,0
RVNU.US,5,20251024,171000,25.01,25.01,25.01,25.01,400,0
RVNU.US,5,20251024,172500,24.98,24.98,24.98,24.98,134,0
RVNU.US,5,20251024,183500,25.03,25.03,25.03,25.03,257,0
RVNU.US,5,20251024,190500,24.98,24.98,24.98,24.98,268,0
RVNU.US,5,20251024,194000,24.9914,24.9914,24.9914,24.9914,332,0
RVNU.US,5,20251024,195500,24.985,24.985,24.985,24.985,200,0
RVNU.US,5,20251024,211000,24.9985,24.9985,24.9985,24.9985,130,0
RVNU.US,5,20251024,213000,24.985,24.985,24.985,24.985,3492,0
RVNU.US,5,20251027,151000,25.01,25.01,25.01,25.01,100,0
RVNU.US,5,20251027,154500,24.993,24.993,24.993,24.993,157,0
RVNU.US,5,20251027,163500,24.98,25.02,24.98,25.02,322,0
RVNU.US,5,20251027,182500,25.0299,25.0299,25.0299,25.0299,1187,0
RVNU.US,5,20251027,193500,24.9643,24.9643,24.9643,24.9643,120,0
RVNU.US,5,20251027,201000,24.98,25.02,24.98,24.9935,1163,0
RVNU.US,5,20251027,202000,25.0045,25.0045,25.0045,25.0045,2192,0
RVNU.US,5,20251027,202500,25.0095,25.0095,24.98,24.98,2900,0
RVNU.US,5,20251027,205500,25.01,25.02,25.01,25.01,1589,0
RVNU.US,5,20251028,143500,25.02,25.03,24.989,24.9962,1400,0
RVNU.US,5,20251028,144000,25.03,25.03,25.0296,25.0296,912,0
RVNU.US,5,20251028,151500,24.996654,24.996654,24.996654,24.996654,399,0
RVNU.US,5,20251028,154000,24.9612,24.9612,24.9612,24.9612,129,0
RVNU.US,5,20251028,160500,25.05,25.05,25.05,25.05,184,0
RVNU.US,5,20251028,165500,25.0342,25.0342,25.0342,25.0342,205,0
RVNU.US,5,20251028,172000,25.0148,25.0148,25.0148,25.0148,210,0
RVNU.US,5,20251028,181500,25.0095,25.0127,25.0095,25.0127,1000,0
RVNU.US,5,20251028,182000,25.0095,25.03,25.0095,25.0095,2500,0
RVNU.US,5,20251028,190500,24.9838,24.9838,24.9838,24.9838,914,0
RVNU.US,5,20251028,192000,25.005,25.005,24.9862,24.9862,213,0
RVNU.US,5,20251028,195500,24.9978,24.9978,24.9978,24.9978,284,0
RVNU.US,5,20251028,204500,24.9919,24.9919,24.9919,24.9919,530,0
RVNU.US,5,20251028,205500,25.005,25.03,25.005,25.03,600,0
RVNU.US,5,20251029,153500,24.985,24.985,24.985,24.985,1425,0
RVNU.US,5,20251029,155500,24.999,24.999,24.999,24.999,129,0
RVNU.US,5,20251029,160500,24.97,24.97,24.97,24.97,1241,0
RVNU.US,5,20251029,174500,24.93,24.936,24.93,24.936,3454,0
RVNU.US,5,20251029,182000,24.9934,24.9934,24.9934,24.9934,1397,0
RVNU.US,5,20251029,200000,25.0399,25.0399,25.0399,25.0399,557,0
RVNU.US,5,20251029,200500,24.9677,24.9677,24.9677,24.9677,137,0
RVNU.US,5,20251029,201500,24.9211,24.9211,24.9211,24.9211,894,0
RVNU.US,5,20251030,143000,24.91,24.91,24.91,24.91,2296,0
RVNU.US,5,20251030,145500,24.9,24.9,24.9,24.9,120,0
RVNU.US,5,20251030,163500,24.89,24.9348,24.89,24.9348,430,0
RVNU.US,5,20251030,172000,24.9182,24.9182,24.9182,24.9182,458,0
RVNU.US,5,20251030,174500,24.93,24.93,24.93,24.93,374,0
RVNU.US,5,20251030,180000,24.92,24.97,24.89,24.97,2257,0
RVNU.US,5,20251030,181000,24.8806,24.8806,24.8806,24.8806,396,0
RVNU.US,5,20251030,181500,24.925,24.925,24.925,24.925,352,0
RVNU.US,5,20251030,184500,24.8909,24.8909,24.8909,24.8909,400,0
RVNU.US,5,20251030,193000,24.9043,24.9043,24.9043,24.9043,219,0
RVNU.US,5,20251030,195000,24.935,24.935,24.935,24.935,358,0
RVNU.US,5,20251030,195500,24.9406,24.9406,24.9406,24.9406,102,0
RVNU.US,5,20251030,203000,24.9006,24.9006,24.9006,24.9006,129,0
RVNU.US,5,20251031,151500,24.9765,24.9765,24.9765,24.9765,157,0
RVNU.US,5,20251031,163500,24.958247,24.958247,24.958247,24.958247,211,0
RVNU.US,5,20251031,170500,24.97,24.97,24.97,24.97,952,0
RVNU.US,5,20251031,171500,24.9873,24.9873,24.9873,24.9873,114,0
RVNU.US,5,20251031,192000,24.9382,24.9382,24.9382,24.9382,136,0
RVNU.US,5,20251031,205500,24.9101,24.9101,24.9101,24.9101,406,0
RVNU.US,5,20251103,153500,24.83,24.83,24.83,24.83,350,0
RVNU.US,5,20251103,160500,24.79,24.792,24.79,24.792,323,0
RVNU.US,5,20251103,161000,24.84,24.84,24.84,24.84,903,0
RVNU.US,5,20251103,171000,24.8497,24.8497,24.8497,24.8497,109,0
RVNU.US,5,20251103,182000,24.84,24.84,24.84,24.84,887,0
RVNU.US,5,20251103,191500,24.81,24.81,24.81,24.81,2362,0
RVNU.US,5,20251103,193000,24.84,24.84,24.84,24.84,575,0
RVNU.US,5,20251103,201500,24.78,24.78,24.78,24.78,100,0
RVNU.US,5,20251103,204500,24.86,24.86,24.78,24.785,5240,0
RVNU.US,5,20251103,205000,24.78,24.78,24.78,24.78,2442,0
RVNU.US,5,20251103,212500,24.834,24.834,24.834,24.834,653,0
RVNU.US,5,20251104,153000,24.82,24.9376,24.82,24.9376,662,0
RVNU.US,5,20251104,163000,24.855,24.855,24.855,24.855,164,0
RVNU.US,5,20251104,164500,24.9,24.9,24.9,24.9,100,0
RVNU.US,5,20251104,172000,24.8,24.8,24.8,24.8,264,0
RVNU.US,5,20251104,174000,24.9,24.9,24.9,24.9,300,0
RVNU.US,5,20251104,175500,24.85,24.85,24.85,24.85,1612,0
RVNU.US,5,20251104,190000,24.9087,24.9087,24.9087,24.9087,198,0
RVNU.US,5,20251104,194500,24.8001,24.8001,24.8001,24.8001,150,0
RVNU.US,5,20251104,200500,24.83,24.83,24.83,24.83,6553,0
RVNU.US,5,20251104,204500,24.8583,24.9,24.8583,24.9,2242,0
RVNU.US,5,20251104,205500,24.905,24.9059,24.9,24.9,2514,0
RVNU.US,5,20251104,213000,24.9,24.9,24.9,24.9,16726,0
RVNU.US,5,20251104,215500,24.844245,24.855,24.8415,24.8415,1363,0
RVNU.US,5,20251105,160000,24.87,24.88,24.87,24.8799,900,0
RVNU.US,5,20251105,175000,24.7511,24.7511,24.7511,24.7511,123,0
RVNU.US,5,20251105,192000,24.81,24.8598,24.81,24.8598,792,0
RVNU.US,5,20251105,205500,24.77,24.77,24.75,24.75,6634,0
RVNU.US,5,20251106,155000,24.77,24.795,24.75,24.795,6203,0
RVNU.US,5,20251106,160000,24.795,24.795,24.795,24.795,1900,0
RVNU.US,5,20251106,170500,24.75,24.75,24.75,24.75,160,0
RVNU.US,5,20251106,171000,24.8179,24.8179,24.8179,24.8179,122,0
RVNU.US,5,20251106,175000,24.7505,24.7505,24.7505,24.7505,300,0
RVNU.US,5,20251106,182500,24.75,24.795,24.75,24.795,324,0
RVNU.US,5,20251106,190500,24.8399,24.8399,24.8399,24.8399,250,0
RVNU.US,5,20251106,202000,24.795,24.795,24.795,24.795,205,0
RVNU.US,5,20251106,203000,24.84,24.84,24.84,24.84,132,0
RVNU.US,5,20251106,211000,24.77,24.7951,24.7652,24.7652,1879,0
RVNU.US,5,20251106,212000,24.795,24.7951,24.795,24.795,311,0
RVNU.US,5,20251106,213500,24.795,24.795,24.795,24.795,470,0
RVNU.US,5,20251106,215000,24.8399,24.8399,24.8399,24.8399,545,0
RVNU.US,5,20251106,215500,24.795,24.795,24.76,24.76,1735,0
RVNU.US,5,20251107,160000,24.8839,24.8839,24.8839,24.8839,134,0
RVNU.US,5,20251107,173000,24.85,24.85,24.85,24.85,314,0
RVNU.US,5,20251107,200500,24.835,24.835,24.835,24.835,302,0
RVNU.US,5,20251107,205000,24.8412,24.8412,24.8412,24.8412,435,0
RVNU.US,5,20251107,210500,24.8986,24.8986,24.8986,24.8986,181,0
RVNU.US,5,20251110,154500,24.7876,24.7876,24.7876,24.7876,128,0
RVNU.US,5,20251110,160000,24.83,24.8914,24.83,24.8914,822,0
RVNU.US,5,20251110,163000,24.83,24.83,24.83,24.83,190,0
RVNU.US,5,20251110,171500,24.8237,24.8237,24.8237,24.8237,222,0
RVNU.US,5,20251110,172500,24.77,24.77,24.765,24.765,300,0
RVNU.US,5,20251110,175500,24.83,24.83,24.83,24.83,112,0
RVNU.US,5,20251110,202500,24.7701,24.7701,24.7701,24.7701,392,0
RVNU.US,5,20251110,205000,24.7713,24.7713,24.7713,24.7713,159,0
RVNU.US,5,20251110,205500,24.9,24.9,24.9,24.9,170,0
RVNU.US,5,20251110,211000,24.820237,24.820237,24.820237,24.820237,581,0
RVNU.US,5,20251110,213500,24.835,24.835,24.835,24.835,1288,0
RVNU.US,5,20251110,215500,24.78,24.79,24.78,24.79,200,0
RVNU.US,5,20251111,153000,24.86,24.917,24.86,24.917,2018,0
RVNU.US,5,20251111,154000,24.815,24.815,24.815,24.815,398,0
RVNU.US,5,20251111,155500,24.84,24.84,24.84,24.84,100,0
RVNU.US,5,20251111,175000,24.815,24.815,24.815,24.815,240,0
RVNU.US,5,20251111,182000,24.827432,24.827432,24.827432,24.827432,161,0
RVNU.US,5,20251111,185500,24.8163,24.8163,24.8163,24.8163,389,0
RVNU.US,5,20251111,202000,24.82,24.8795,24.82,24.8795,1967,0
RVNU.US,5,20251111,215000,24.88,24.88,24.88,24.88,100,0
RVNU.US,5,20251112,154000,24.835,24.835,24.835,24.835,201,0
RVNU.US,5,20251112,163500,24.81,24.8101,24.81,24.8101,306,0
RVNU.US,5,20251112,165500,24.83,24.83,24.83,24.83,1025,0
RVNU.US,5,20251112,174500,24.8733,24.8733,24.8733,24.8733,264,0
RVNU.US,5,20251112,190500,24.8009,24.8009,24.8009,24.8009,550,0
RVNU.US,5,20251112,194000,24.8792,24.8792,24.8792,24.8792,760,0
RVNU.US,5,20251112,195500,24.8558,24.8558,24.8558,24.8558,240,0
RVNU.US,5,20251112,203000,24.8012,24.8012,24.8012,24.8012,273,0
RVNU.US,5,20251112,215500,24.82,24.82,24.82,24.82,100,0
RVNU.US,5,20251113,160500,24.825,24.8367,24.825,24.8367,912,0
RVNU.US,5,20251113,165500,24.81,24.8101,24.8,24.8001,1049,0
RVNU.US,5,20251113,171000,24.818,24.818,24.818,24.818,167,0
RVNU.US,5,20251113,174500,24.85,24.85,24.830046,24.830278,2640,0
RVNU.US,5,20251113,183000,24.8005,24.8005,24.8005,24.8005,102,0
RVNU.US,5,20251113,184000,24.825,24.825,24.825,24.825,432,0
RVNU.US,5,20251113,185000,24.8386,24.8386,24.8386,24.8386,429,0
RVNU.US,5,20251113,191000,24.8142,24.8142,24.8142,24.8142,1300,0
RVNU.US,5,20251113,201000,24.826,24.826,24.825,24.825,341,0
RVNU.US,5,20251113,201500,24.8399,24.8399,24.8399,24.8399,201,0
RVNU.US,5,20251113,211000,24.83,24.8301,24.8,24.8001,2206,0
RVNU.US,5,20251113,213000,24.8218,24.8218,24.8218,24.8218,176,0
RVNU.US,5,20251113,214000,24.832,24.832,24.832,24.832,1000,0
RVNU.US,5,20251113,215000,24.825,24.825,24.825,24.825,228,0
RVNU.US,5,20251113,215500,24.8,24.8,24.8,24.8,300,0
RVNU.US,5,20251114,163500,24.835,24.869,24.835,24.8465,1855,0
RVNU.US,5,20251114,175000,24.835,24.835,24.835,24.835,301,0
RVNU.US,5,20251114,184500,24.82,24.82,24.82,24.82,952,0
RVNU.US,5,20251114,202000,24.82,24.82,24.82,24.82,493,0
RVNU.US,5,20251114,202500,24.82,24.83,24.82,24.83,462,0
RVNU.US,5,20251114,204000,24.826,24.845,24.8,24.845,7516,0
RVNU.US,5,20251114,211500,24.83,24.83,24.83,24.83,100,0
RVNU.US,5,20251114,214000,24.83,24.83,24.8,24.8,1244,0
RVNU.US,5,20251114,214500,24.8093,24.8093,24.8093,24.8093,201,0
RVNU.US,5,20251117,161000,24.8565,24.8565,24.8565,24.8565,400,0
RVNU.US,5,20251117,165000,24.85,24.85,24.85,24.85,149,0
RVNU.US,5,20251117,175000,24.9,24.9,24.9,24.9,114,0
RVNU.US,5,20251117,181000,24.85,24.85,24.85,24.85,128,0
RVNU.US,5,20251117,194000,24.839,24.839,24.839,24.839,170,0
RVNU.US,5,20251117,202000,24.840546,24.840546,24.840546,24.840546,173,0
RVNU.US,5,20251117,205000,24.842,24.842,24.842,24.842,202,0
RVNU.US,5,20251117,211500,24.8999,24.8999,24.8999,24.8999,789,0
RVNU.US,5,20251118,153000,24.92,24.93,24.8,24.865,9600,0
RVNU.US,5,20251118,170000,24.8939,24.8939,24.8939,24.8939,1892,0
RVNU.US,5,20251118,170500,24.8575,24.8575,24.8575,24.8575,137,0
RVNU.US,5,20251118,171500,24.8564,24.8564,24.8564,24.8564,295,0
RVNU.US,5,20251118,173500,24.87,24.87,24.8532,24.8532,487,0
RVNU.US,5,20251118,174500,24.8691,24.8691,24.8691,24.8691,242,0
RVNU.US,5,20251118,185000,24.87,24.87,24.87,24.87,100,0
RVNU.US,5,20251118,191500,24.87,24.93,24.8699,24.93,6600,0
RVNU.US,5,20251118,195500,24.91,24.91,24.91,24.91,300,0
RVNU.US,5,20251118,211000,24.91,24.91,24.91,24.91,100,0
RVNU.US,5,20251118,214500,24.8,24.93,24.8,24.93,3561,0
RVNU.US,5,20251118,215000,24.87,24.87,24.87,24.87,200,0
RVNU.US,5,20251118,215500,24.91,24.91,24.91,24.91,300,0
RVNU.US,5,20251119,171500,24.83,24.83,24.83,24.83,978,0
RVNU.US,5,20251119,172500,24.895,24.895,24.895,24.895,2456,0
RVNU.US,5,20251119,185000,24.88,24.88,24.88,24.88,100,0
RVNU.US,5,20251119,185500,24.8642,24.8642,24.8642,24.8642,332,0
RVNU.US,5,20251119,190000,24.88,24.895,24.845,24.89,10528,0
RVNU.US,5,20251119,192500,24.895,24.895,24.895,24.895,100,0
RVNU.US,5,20251119,195000,24.93,24.93,24.9273,24.9273,955,0
RVNU.US,5,20251119,213000,24.9395,24.9395,24.92,24.92,761,0
RVNU.US,5,20251119,214000,24.8667,24.8667,24.8667,24.8667,113,0
RVNU.US,5,20251119,215000,24.92,24.93,24.83,24.83,921,0
RVNU.US,5,20251119,215500,24.91,24.91,24.91,24.91,100,0
RVNU.US,5,20251120,165500,24.87,24.87,24.87,24.87,177,0
RVNU.US,5,20251120,171000,24.8862,24.8862,24.8862,24.8862,113,0
RVNU.US,5,20251120,171500,24.9181,24.9181,24.9181,24.9181,508,0
RVNU.US,5,20251120,173500,24.8624,24.8624,24.8624,24.8624,243,0
RVNU.US,5,20251120,180000,24.91,24.91,24.9,24.9,1726,0
RVNU.US,5,20251120,181000,24.85,24.85,24.84,24.84,318,0
RVNU.US,5,20251120,182500,24.88,24.88,24.8,24.8001,6301,0
RVNU.US,5,20251120,184500,24.84,24.84,24.84,24.84,281,0
RVNU.US,5,20251120,193000,24.86,24.86,24.86,24.86,121,0
RVNU.US,5,20251120,195500,24.873516,24.873516,24.873516,24.873516,768,0
RVNU.US,5,20251120,201000,24.86,24.86,24.86,24.86,1021,0
RVNU.US,5,20251120,210500,24.8696,24.8696,24.8696,24.8696,131,0
RVNU.US,5,20251120,213000,24.81,24.81,24.81,24.81,200,0
RVNU.US,5,20251120,213500,24.81,24.8101,24.75,24.75,3538,0
RVNU.US,5,20251120,215500,24.815,24.815,24.815,24.815,200,0
RVNU.US,5,20251121,155000,24.85,24.85,24.85,24.85,100,0
RVNU.US,5,20251121,164000,24.872,24.872,24.85,24.85,9745,0
RVNU.US,5,20251121,164500,24.85,24.9,24.8005,24.9,8132,0
RVNU.US,5,20251121,172500,24.8705,24.8705,24.8705,24.8705,802,0
RVNU.US,5,20251121,173500,24.855,24.855,24.855,24.855,777,0
RVNU.US,5,20251121,174000,24.855,24.855,24.855,24.855,230,0
RVNU.US,5,20251121,175000,24.8887,24.8887,24.8887,24.8887,174,0
RVNU.US,5,20251121,182500,24.9,24.9,24.9,24.9,100,0
RVNU.US,5,20251121,183000,24.855,24.855,24.855,24.855,1228,0
RVNU.US,5,20251121,183500,24.91,24.91,24.91,24.91,100,0
RVNU.US,5,20251121,191500,24.8605,24.8605,24.8605,24.8605,746,0
RVNU.US,5,20251121,192000,24.855,24.855,24.855,24.855,120,0
RVNU.US,5,20251121,193500,24.865736,24.865736,24.865736,24.865736,200,0
RVNU.US,5,20251121,202500,24.9,24.9,24.9,24.9,100,0
RVNU.US,5,20251121,212500,24.8,24.8,24.8,24.8,14599,0
RVNU.US,5,20251124,153000,24.94,24.98,24.94,24.9508,5839,0
RVNU.US,5,20251124,161000,24.865,24.865,24.865,24.865,100,0
RVNU.US,5,20251124,165000,24.9,24.9,24.9,24.9,162,0
RVNU.US,5,20251124,170500,24.9199,24.9199,24.9199,24.9199,387,0
RVNU.US,5,20251124,171000,24.8738,24.8738,24.8738,24.8738,636,0
RVNU.US,5,20251124,174500,24.865,24.865,24.865,24.865,189,0
RVNU.US,5,20251124,180000,24.92,24.92,24.9,24.91,825,0
RVNU.US,5,20251124,181500,24.86,24.86,24.86,24.86,3217,0
RVNU.US,5,20251124,182000,24.83,24.83,24.83,24.83,100,0
RVNU.US,5,20251124,182500,24.9,24.91,24.9,24.9,400,0
RVNU.US,5,20251124,183000,24.83,24.83,24.83,24.83,100,0
RVNU.US,5,20251124,183500,24.865,24.91,24.865,24.91,360,0
RVNU.US,5,20251124,191500,24.9145,24.9145,24.9145,24.9145,100,0
RVNU.US,5,20251124,195500,24.865,24.865,24.865,24.865,104,0
RVNU.US,5,20251124,203000,24.9,24.9,24.9,24.9,200,0
RVNU.US,5,20251124,203500,24.8553,24.8553,24.8553,24.8553,132,0
RVNU.US,5,20251124,213000,24.865,24.865,24.865,24.865,124,0
RVNU.US,5,20251125,160000,24.96,24.96,24.9599,24.9599,384,0
RVNU.US,5,20251125,162500,24.85,24.85,24.85,24.85,100,0
RVNU.US,5,20251125,165000,24.93,24.9598,24.895,24.9598,2000,0
RVNU.US,5,20251125,165500,24.8301,24.8301,24.8301,24.8301,802,0
RVNU.US,5,20251125,171500,24.84,24.84,24.84,24.84,100,0
RVNU.US,5,20251125,175000,24.8797,24.8797,24.8797,24.8797,1000,0
RVNU.US,5,20251125,185000,24.83,24.83,24.83,24.83,100,0
RVNU.US,5,20251125,192000,24.84,24.84,24.84,24.84,400,0
RVNU.US,5,20251125,195500,24.8402,24.8402,24.8402,24.8402,418,0
RVNU.US,5,20251125,204000,24.96,24.96,24.9,24.9,1414,0
RVNU.US,5,20251125,205000,24.85,24.9,24.85,24.9,7142,0
RVNU.US,5,20251125,215000,24.96,24.96,24.9,24.9,9178,0
RVNU.US,5,20251125,215500,24.9,24.9,24.83,24.83,3008,0
RVNU.US,5,20251126,163500,24.8,24.8,24.8,24.8,100,0
RVNU.US,5,20251126,164000,24.92,24.92,24.92,24.92,5511,0
RVNU.US,5,20251126,170500,24.87,24.87,24.81,24.81,1274,0
RVNU.US,5,20251126,171000,24.91,24.91,24.91,24.91,563,0
RVNU.US,5,20251126,173000,24.81,24.81,24.81,24.81,100,0
RVNU.US,5,20251126,183000,24.81,24.92,24.81,24.855,1110,0
RVNU.US,5,20251126,185500,24.81,24.81,24.81,24.81,100,0
RVNU.US,5,20251126,201500,24.849,24.849,24.849,24.849,224,0
RVNU.US,5,20251126,203000,24.8682,24.93,24.8682,24.93,2036,0
RVNU.US,5,20251126,210000,24.84,24.87,24.84,24.87,946,0
RVNU.US,5,20251126,212500,24.945,24.96,24.945,24.9512,950,0
RVNU.US,5,20251126,214500,24.951778,24.951778,24.951778,24.951778,120,0
RVNU.US,5,20251126,215500,24.96,24.96,24.96,24.96,321,0
RVNU.US,5,20251128,160000,24.9013,24.972566,24.9013,24.972566,424,0
RVNU.US,5,20251128,160500,24.9981,24.9981,24.9981,24.9981,117,0
RVNU.US,5,20251128,162000,24.93,24.93,24.93,24.93,947,0
RVNU.US,5,20251128,181500,24.91,25,24.9,25,1312,0
RVNU.US,5,20251128,182500,24.9546,24.9546,24.9546,24.9546,304,0
RVNU.US,5,20251201,154000,24.8275,24.8275,24.8275,24.8275,339,0
RVNU.US,5,20251201,154500,24.835,24.835,24.835,24.835,1369,0
RVNU.US,5,20251201,163500,24.835,24.835,24.835,24.835,342,0
RVNU.US,5,20251201,173000,24.9,24.9,24.9,24.9,237,0
RVNU.US,5,20251201,174000,24.835,24.835,24.835,24.835,315,0
RVNU.US,5,20251201,181000,24.88,24.88,24.88,24.88,100,0
RVNU.US,5,20251201,181500,24.835,24.835,24.835,24.835,174,0
RVNU.US,5,20251201,211000,24.87,24.89,24.77,24.85,5515,0
RVNU.US,5,20251201,215500,24.84,24.84,24.84,24.84,100,0
RVNU.US,5,20251202,161500,24.75,24.75,24.75,24.75,100,0
RVNU.US,5,20251202,162000,24.8,24.8,24.8,24.8,113,0
RVNU.US,5,20251202,165000,24.815,24.815,24.815,24.815,172,0
RVNU.US,5,20251202,172500,24.815,24.815,24.815,24.815,233,0
RVNU.US,5,20251202,184500,24.804,24.804,24.804,24.804,322,0
RVNU.US,5,20251202,185000,24.83,24.86,24.8,24.81,3015,0
RVNU.US,5,20251202,192000,24.805,24.805,24.805,24.805,305,0
RVNU.US,5,20251202,193500,24.7915,24.7915,24.7915,24.7915,100,0
RVNU.US,5,20251202,195000,24.85,24.85,24.8095,24.8095,700,0
RVNU.US,5,20251202,201000,24.7919,24.7919,24.7919,24.7919,200,0
RVNU.US,5,20251202,211000,24.76,24.76,24.76,24.76,133,0
RVNU.US,5,20251202,211500,24.79,24.79,24.79,24.79,345,0
RVNU.US,5,20251202,213000,24.8095,24.8095,24.8095,24.8095,254,0
RVNU.US,5,20251202,215500,24.805,24.83,24.77,24.77,400,0
RVNU.US,5,20251203,171500,24.75,24.75,24.75,24.75,297,0
RVNU.US,5,20251203,172000,24.78,24.78,24.78,24.78,600,0
RVNU.US,5,20251203,173500,24.82,24.82,24.82,24.82,328,0
RVNU.US,5,20251203,183500,24.8202,24.8203,24.8202,24.8203,400,0
RVNU.US,5,20251203,192000,24.82,24.84,24.82,24.84,502,0
RVNU.US,5,20251203,202000,24.82,24.82,24.78,24.78,200,0
RVNU.US,5,20251203,215500,24.815,24.815,24.76,24.76,2603,0
RVNU.US,5,20251204,175500,24.8077,24.8077,24.75,24.75,810,0
RVNU.US,5,20251204,191000,24.8023,24.8023,24.8023,24.8023,112,0
RVNU.US,5,20251204,210500,24.775,24.79,24.75,24.79,6102,0
RVNU.US,5,20251204,211000,24.775,24.775,24.775,24.775,100,0
RVNU.US,5,20251204,215500,24.75,24.775,24.75,24.775,1209,0
RVNU.US,5,20251205,163500,24.69,24.69,24.69,24.69,9704,0
RVNU.US,5,20251205,165500,24.76,24.76,24.76,24.76,528,0
RVNU.US,5,20251205,175500,24.76,24.76,24.76,24.76,186,0
RVNU.US,5,20251205,193000,24.8283,24.8283,24.76,24.8,4247,0
RVNU.US,5,20251205,195000,24.76,24.76,24.76,24.76,172,0
RVNU.US,5,20251205,195500,24.8299,24.8299,24.8299,24.8299,319,0
RVNU.US,5,20251205,205000,24.76,24.76,24.76,24.76,105,0
RVNU.US,5,20251208,155500,24.75,24.75,24.75,24.75,165,0
RVNU.US,5,20251208,165500,24.745,24.745,24.745,24.745,1088,0
RVNU.US,5,20251208,170000,24.743,24.745,24.7,24.745,488,0
RVNU.US,5,20251208,171500,24.745,24.745,24.68,24.6801,1497,0
RVNU.US,5,20251208,182000,24.74,24.74,24.74,24.74,447,0
RVNU.US,5,20251208,183000,24.745,24.745,24.745,24.745,383,0
RVNU.US,5,20251208,185500,24.78,24.8087,24.69,24.69,5757,0
RVNU.US,5,20251208,213000,24.7515,24.7515,24.69,24.69,1656,0
RVNU.US,5,20251208,213500,24.68,24.68,24.68,24.68,10761,0
RVNU.US,5,20251208,215000,24.69,24.69,24.68,24.68,2202,0
RVNU.US,5,20251209,161500,24.75,24.75,24.75,24.75,2015,0
RVNU.US,5,20251209,171000,24.755,24.755,24.755,24.755,220,0
RVNU.US,5,20251209,191000,24.8052,24.8052,24.8052,24.8052,232,0
RVNU.US,5,20251209,202000,24.7605,24.7605,24.7605,24.7605,121,0
RVNU.US,5,20251209,203000,24.76,24.76,24.7,24.7,2526,0
RVNU.US,5,20251209,213000,24.7002,24.7002,24.7002,24.7002,213,0
RVNU.US,5,20251209,215000,24.75,24.75,24.75,24.75,100,0
RVNU.US,5,20251209,215500,24.71,24.71,24.71,24.71,100,0
RVNU.US,5,20251210,154000,24.76,24.76,24.76,24.76,3948,0
RVNU.US,5,20251210,154500,24.7109,24.7109,24.7109,24.7109,410,0
RVNU.US,5,20251210,175000,24.77,24.77,24.7,24.757,5899,0
RVNU.US,5,20251210,182000,24.7,24.72,24.7,24.72,437,0
RVNU.US,5,20251210,183000,24.6764,24.6764,24.6764,24.6764,172,0
RVNU.US,5,20251210,192000,24.71,24.71,24.65,24.65,1335,0
RVNU.US,5,20251210,192500,24.66,24.66,24.66,24.66,246,0
RVNU.US,5,20251210,201000,24.66,24.66,24.66,24.66,100,0
RVNU.US,5,20251210,203500,24.7171,24.7171,24.7171,24.7171,382,0
RVNU.US,5,20251210,211000,24.71,24.71,24.65,24.65,1925,0
RVNU.US,5,20251210,214000,24.695,24.695,24.68,24.68,1233,0
RVNU.US,5,20251211,153500,24.715,24.715,24.715,24.715,250,0
RVNU.US,5,20251211,154500,24.641,24.641,24.641,24.641,4100,0
RVNU.US,5,20251211,164000,24.6201,24.6201,24.6201,24.6201,700,0
RVNU.US,5,20251211,171500,24.695,24.695,24.695,24.695,244,0
RVNU.US,5,20251211,181000,24.69,24.74,24.69,24.74,5646,0
RVNU.US,5,20251211,201000,24.7594,24.7594,24.7594,24.7594,103,0
RVNU.US,5,20251211,201500,24.78,24.78,24.78,24.78,294,0
RVNU.US,5,20251211,203500,24.66,24.72,24.66,24.72,1357,0
RVNU.US,5,20251211,211000,24.78,24.78,24.72,24.72,2243,0
RVNU.US,5,20251211,215500,24.72,24.76,24.72,24.76,2383,0
RVNU.US,5,20251212,163000,24.6931,24.6931,24.6931,24.6931,211,0
RVNU.US,5,20251212,170000,24.68,24.68,24.68,24.68,100,0
RVNU.US,5,20251212,172500,24.735,24.735,24.735,24.735,273,0
RVNU.US,5,20251212,174000,24.74,24.74,24.74,24.74,2559,0
RVNU.US,5,20251212,174500,24.735,24.735,24.735,24.735,379,0
RVNU.US,5,20251212,180000,24.7454,24.7454,24.7454,24.7454,291,0
RVNU.US,5,20251212,190000,24.69,24.69,24.67,24.67,950,0
RVNU.US,5,20251212,200500,24.7999,24.7999,24.7999,24.7999,530,0
RVNU.US,5,20251212,202000,24.73,24.73,24.67,24.68,2327,0
RVNU.US,5,20251212,210000,24.73,24.73,24.73,24.73,200,0
RVNU.US,5,20251212,212000,24.6601,24.7,24.66,24.66,4458,0
RVNU.US,5,20251212,213000,24.715,24.715,24.6604,24.6604,256,0
RVNU.US,5,20251212,215500,24.66,24.715,24.66,24.715,300,0
RVNU.US,5,20251215,162000,24.68,24.68,24.68,24.68,100,0
RVNU.US,5,20251215,165000,24.71,24.71,24.65,24.65,3728,0
RVNU.US,5,20251215,170000,24.645,24.645,24.645,24.645,100,0
RVNU.US,5,20251215,171500,24.65,24.66,24.64,24.64,4955,0
RVNU.US,5,20251215,172500,24.64,24.64,24.64,24.64,100,0
RVNU.US,5,20251215,173000,24.64,24.64,24.62,24.62,1942,0
RVNU.US,5,20251215,173500,24.62,24.625,24.62,24.62,900,0
RVNU.US,5,20251215,174000,24.615,24.615,24.615,24.615,100,0
RVNU.US,5,20251215,180500,24.615,24.615,24.6,24.6,700,0
RVNU.US,5,20251215,182000,24.615,24.615,24.615,24.615,200,0
RVNU.US,5,20251215,182500,24.615,24.615,24.615,24.615,100,0
RVNU.US,5,20251215,183000,24.615,24.615,24.615,24.615,197,0
RVNU.US,5,20251215,184000,24.615,24.615,24.615,24.615,100,0
RVNU.US,5,20251215,190500,24.6,24.6,24.6,24.6,347,0
RVNU.US,5,20251215,191000,24.6,24.6,24.6,24.6,100,0
RVNU.US,5,20251215,192000,24.63,24.63,24.63,24.63,351,0
RVNU.US,5,20251215,194000,24.6,24.6,24.6,24.6,100,0
RVNU.US,5,20251215,202500,24.6063,24.62,24.6063,24.62,267,0
RVNU.US,5,20251215,203500,24.6,24.6,24.6,24.6,100,0
RVNU.US,5,20251215,212000,24.59,24.59,24.59,24.59,100,0
RVNU.US,5,20251215,212500,24.59,24.59,24.59,24.59,200,0
RVNU.US,5,20251215,214500,24.6345,24.6345,24.619,24.619,471,0
RVNU.US,5,20251215,215500,24.64,24.64,24.6,24.6,582,0
RVNU.US,5,20251216,153000,24.59,24.59,24.58,24.58,1000,0
RVNU.US,5,20251216,155500,24.6,24.6,24.6,24.6,100,0
RVNU.US,5,20251216,160000,24.5701,24.59,24.5701,24.58,3654,0
RVNU.US,5,20251216,162500,24.59,24.59,24.59,24.59,100,0
RVNU.US,5,20251216,164500,24.57,24.58,24.57,24.58,3858,0
RVNU.US,5,20251216,170000,24.58,24.58,24.57,24.58,5285,0
RVNU.US,5,20251216,170500,24.6272,24.6272,24.6272,24.6272,2028,0
RVNU.US,5,20251216,174000,24.6699,24.6699,24.59,24.59,964,0
RVNU.US,5,20251216,180000,24.59,24.59,24.59,24.59,100,0
RVNU.US,5,20251216,182000,24.629732,24.63,24.629732,24.63,586,0
RVNU.US,5,20251216,183500,24.59,24.59,24.59,24.59,100,0
RVNU.US,5,20251216,185500,24.614,24.614,24.6,24.6,746,0
RVNU.US,5,20251216,191000,24.614,24.614,24.6,24.6,258,0
RVNU.US,5,20251216,191500,24.5919,24.5919,24.5919,24.5919,640,0
RVNU.US,5,20251216,194500,24.63,24.63,24.6,24.6,344,0
RVNU.US,5,20251216,202500,24.67,24.67,24.67,24.67,114,0
RVNU.US,5,20251216,203000,24.61,24.61,24.59,24.6,2200,0
RVNU.US,5,20251216,205000,24.59,24.59,24.59,24.59,100,0
RVNU.US,5,20251216,215500,24.6,24.61,24.59,24.6,600,0
RVNU.US,5,20251217,155500,24.6,24.6,24.6,24.6,100,0
RVNU.US,5,20251217,162000,24.62,24.62,24.62,24.62,123,0
RVNU.US,5,20251217,162500,24.6,24.6,24.6,24.6,200,0
RVNU.US,5,20251217,163500,24.6,24.6,24.6,24.6,100,0
RVNU.US,5,20251217,164000,24.6,24.6,24.6,24.6,100,0
RVNU.US,5,20251217,165000,24.6464,24.6464,24.6464,24.6464,300,0
RVNU.US,5,20251217,165500,24.6144,24.62,24.6144,24.62,494,0
RVNU.US,5,20251217,171000,24.58,24.6554,24.58,24.6,1065,0
RVNU.US,5,20251217,175000,24.62,24.62,24.62,24.62,252,0
RVNU.US,5,20251217,180500,24.59,24.59,24.58,24.58,400,0
RVNU.US,5,20251217,183000,24.58,24.58,24.58,24.58,100,0
RVNU.US,5,20251217,183500,24.6341,24.6341,24.6341,24.6341,132,0
RVNU.US,5,20251217,184000,24.6038,24.615,24.58,24.58,5122,0
RVNU.US,5,20251217,190000,24.58,24.58,24.58,24.58,100,0
RVNU.US,5,20251217,194000,24.59,24.59,24.58,24.58,10000,0
RVNU.US,5,20251217,194500,24.59,24.59,24.59,24.59,500,0
RVNU.US,5,20251217,200000,24.61,24.61,24.61,24.61,389,0
RVNU.US,5,20251218,155000,24.61,24.61,24.61,24.61,300,0
RVNU.US,5,20251218,181500,24.67,24.67,24.67,24.67,1079,0
RVNU.US,5,20251218,182000,24.67,24.67,24.67,24.67,100,0
RVNU.US,5,20251218,195000,24.62,24.62,24.62,24.62,100,0
RVNU.US,5,20251218,202500,24.5952,24.5952,24.58,24.58,309,0
RVNU.US,5,20251218,203500,24.6194,24.6194,24.58,24.58,438,0
RVNU.US,5,20251218,205000,24.58,24.62,24.58,24.62,1450,0
RVNU.US,5,20251218,211500,24.58,24.63,24.56,24.58,16106,0
RVNU.US,5,20251218,212500,24.58,24.61,24.57,24.58,6153,0
RVNU.US,5,20251218,213000,24.6,24.61,24.58,24.58,3850,0
RVNU.US,5,20251218,213500,24.58,24.58,24.58,24.58,123,0
RVNU.US,5,20251218,214000,24.609,24.609,24.609,24.609,151,0
RVNU.US,5,20251218,215000,24.61,24.61,24.61,24.61,1500,0
RVNU.US,5,20251218,215500,24.6,24.62,24.58,24.62,865,0
RVNU.US,5,20251219,153000,24.562,24.562,24.562,24.562,550,0
RVNU.US,5,20251219,153500,24.62,24.62,24.62,24.62,300,0
RVNU.US,5,20251219,164500,24.65,24.66,24.55,24.66,1968,0
RVNU.US,5,20251219,175000,24.604494,24.604494,24.604494,24.604494,171,0
RVNU.US,5,20251219,185000,24.62,24.62,24.62,24.62,239,0
RVNU.US,5,20251219,193000,24.54,24.5601,24.53,24.53,5330,0
RVNU.US,5,20251219,202000,24.56,24.57,24.54,24.55,2500,0
RVNU.US,5,20251219,203500,24.55,24.5699,24.54,24.54,1700,0
RVNU.US,5,20251219,210500,24.57,24.57,24.53,24.565,6002,0
RVNU.US,5,20251219,213500,24.5886,24.5886,24.5886,24.5886,173,0
RVNU.US,5,20251219,214500,24.57,24.61,24.53,24.58,20380,0
RVNU.US,5,20251222,165000,24.545,24.545,24.545,24.545,276,0
RVNU.US,5,20251222,171500,24.5396,24.5396,24.5396,24.5396,368,0
RVNU.US,5,20251222,173500,24.545,24.545,24.545,24.545,1000,0
RVNU.US,5,20251222,174000,24.5275,24.545,24.5275,24.545,548,0
RVNU.US,5,20251222,182000,24.545,24.545,24.545,24.545,546,0
RVNU.US,5,20251222,205500,24.545,24.545,24.545,24.545,100,0
RVNU.US,5,20251222,211500,24.54,24.54,24.54,24.54,16952,0
RVNU.US,5,20251222,213000,24.545,24.545,24.5101,24.5101,4341,0
RVNU.US,5,20251222,214000,24.53,24.53,24.52,24.5201,2420,0
RVNU.US,5,20251222,215500,24.52,24.52,24.52,24.52,100,0
RVNU.US,5,20251223,161500,24.57,24.5733,24.57,24.5733,453,0
RVNU.US,5,20251223,162000,24.57,24.57,24.57,24.57,200,0
RVNU.US,5,20251223,170000,24.53,24.53,24.53,24.53,347,0
RVNU.US,5,20251223,171000,24.57,24.58,24.57,24.58,3210,0
RVNU.US,5,20251223,182000,24.555,24.555,24.555,24.555,279,0
RVNU.US,5,20251223,184500,24.619,24.619,24.619,24.619,776,0
RVNU.US,5,20251223,211000,24.5459,24.5459,24.5459,24.5459,657,0
RVNU.US,5,20251223,211500,24.62,24.62,24.62,24.62,198,0
RVNU.US,5,20251223,214500,24.52,24.5551,24.52,24.5551,1032,0
RVNU.US,5,20251223,215500,24.52,24.5201,24.52,24.5201,400,0
RVNU.US,5,20251224,155500,24.57,24.57,24.57,24.57,200,0
RVNU.US,5,20251224,161000,24.57,24.57,24.57,24.57,179,0
RVNU.US,5,20251224,170500,24.57,24.57,24.57,24.57,4070,0
RVNU.US,5,20251224,173000,24.57,24.58,24.57,24.58,8369,0
RVNU.US,5,20251224,174000,24.63,24.64,24.6,24.6,1791,0
RVNU.US,5,20251224,174500,24.64,24.64,24.605,24.605,3300,0
RVNU.US,5,20251224,175500,24.57,24.57,24.57,24.57,3515,0
RVNU.US,5,20251224,185500,24.57,24.59,24.57,24.59,200,0
RVNU.US,5,20251226,165000,24.6,24.6,24.6,24.6,129,0
RVNU.US,5,20251226,172000,24.6,24.6,24.54,24.55,4636,0
RVNU.US,5,20251226,174500,24.55,24.56,24.53,24.53,355,0
RVNU.US,5,20251226,175500,24.59,24.59,24.54,24.54,1246,0
RVNU.US,5,20251226,181500,24.65,24.65,24.54,24.54,533,0
RVNU.US,5,20251226,182500,24.6243,24.6243,24.6243,24.6243,263,0
RVNU.US,5,20251226,202500,24.54,24.585,24.54,24.585,637,0
RVNU.US,5,20251226,212500,24.585,24.585,24.54,24.54,1000,0
RVNU.US,5,20251226,215500,24.55,24.55,24.55,24.55,100,0
RVNU.US,5,20251229,160000,24.56,24.56,24.56,24.56,100,0
RVNU.US,5,20251229,161000,24.5725,24.605,24.5725,24.605,704,0
RVNU.US,5,20251229,162500,24.5623,24.5623,24.5623,24.5623,145,0
RVNU.US,5,20251229,163000,24.56,24.5601,24.541,24.5601,2492,0
RVNU.US,5,20251229,171000,24.6,24.6,24.6,24.6,1775,0
RVNU.US,5,20251229,171500,24.56,24.56,24.56,24.56,100,0
RVNU.US,5,20251229,172500,24.631,24.77,24.631,24.635,8202,0
RVNU.US,5,20251229,173500,24.65,24.65,24.65,24.65,280,0
RVNU.US,5,20251229,175500,24.6,24.6,24.6,24.6,100,0
RVNU.US,5,20251229,182000,24.7014,24.7014,24.7014,24.7014,352,0
RVNU.US,5,20251229,183500,24.6,24.6,24.6,24.6,100,0
RVNU.US,5,20251229,185000,24.59,24.64,24.59,24.64,420,0
RVNU.US,5,20251229,185500,24.59,24.59,24.59,24.59,100,0
RVNU.US,5,20251229,190500,24.59,24.59,24.59,24.59,100,0
RVNU.US,5,20251229,191000,24.585,24.585,24.54,24.54,2930,0
RVNU.US,5,20251229,192000,24.55,24.55,24.55,24.55,100,0
RVNU.US,5,20251229,195000,24.55,24.55,24.55,24.55,100,0
RVNU.US,5,20251229,204000,24.57,24.58,24.53,24.53,5173,0
RVNU.US,5,20251229,211000,24.605,24.605,24.605,24.605,105,0
RVNU.US,5,20251229,212000,24.555,24.6699,24.55,24.55,2428,0
RVNU.US,5,20251229,213500,24.56,24.605,24.5402,24.56,1002,0
RVNU.US,5,20251229,214500,24.61,24.61,24.61,24.61,124,0
RVNU.US,5,20251229,215500,24.57,24.62,24.56,24.57,1045,0
RVNU.US,5,20251230,160500,24.53,24.53,24.53,24.53,100,0
RVNU.US,5,20251230,163500,24.57,24.57,24.57,24.57,643,0
RVNU.US,5,20251230,170500,24.54,24.54,24.54,24.54,100,0
RVNU.US,5,20251230,173000,24.5828,24.5828,24.5828,24.5828,601,0
RVNU.US,5,20251230,173500,24.64,24.64,24.53,24.53,1945,0
RVNU.US,5,20251230,174000,24.575,24.64,24.575,24.64,1099,0
RVNU.US,5,20251230,174500,24.54,24.54,24.51,24.51,300,0
RVNU.US,5,20251230,175500,24.53,24.53,24.53,24.53,180,0
RVNU.US,5,20251230,180000,24.53,24.54,24.53,24.54,200,0
RVNU.US,5,20251230,180500,24.53,24.53,24.53,24.53,100,0
RVNU.US,5,20251230,191500,24.53,24.53,24.53,24.53,300,0
RVNU.US,5,20251230,193000,24.53,24.53,24.53,24.53,100,0
RVNU.US,5,20251230,201000,24.575,24.575,24.575,24.575,241,0
RVNU.US,5,20251230,203500,24.53,24.53,24.53,24.53,200,0
RVNU.US,5,20251230,205500,24.53,24.53,24.53,24.53,100,0
RVNU.US,5,20251230,210500,24.6399,24.6399,24.53,24.63,865,0
RVNU.US,5,20251230,212000,24.53,24.53,24.53,24.53,100,0
RVNU.US,5,20251230,214000,24.5101,24.575,24.5101,24.575,660,0
RVNU.US,5,20251230,214500,24.53,24.54,24.53,24.54,200,0
RVNU.US,5,20251230,215000,24.53,24.53,24.53,24.53,100,0
RVNU.US,5,20251231,154500,24.5371,24.5371,24.5371,24.5371,253,0
RVNU.US,5,20251231,160000,24.54,24.54,24.54,24.54,100,0
RVNU.US,5,20251231,161000,24.598,24.598,24.598,24.598,241,0
RVNU.US,5,20251231,165000,24.59,24.65,24.59,24.59,7115,0
RVNU.US,5,20251231,165500,24.59,24.6499,24.5377,24.59,2729,0
RVNU.US,5,20251231,170000,24.65,24.65,24.65,24.65,185,0
RVNU.US,5,20251231,174000,24.61,24.61,24.61,24.61,177,0
RVNU.US,5,20251231,182000,24.62,24.62,24.62,24.62,178,0
RVNU.US,5,20251231,182500,24.59,24.59,24.59,24.59,100,0
RVNU.US,5,20251231,192500,24.61,24.61,24.61,24.61,100,0
RVNU.US,5,20251231,195000,24.62,24.62,24.54,24.54,7595,0
RVNU.US,5,20251231,195500,24.54,24.54,24.54,24.54,100,0
RVNU.US,5,20251231,200000,24.54,24.54,24.54,24.54,100,0
RVNU.US,5,20251231,200500,24.6,24.6,24.6,24.6,202,0
RVNU.US,5,20251231,201000,24.54,24.54,24.54,24.54,100,0
RVNU.US,5,20251231,202000,24.54,24.54,24.54,24.54,100,0
RVNU.US,5,20251231,202500,24.65,24.65,24.65,24.65,200,0
RVNU.US,5,20251231,205000,24.6,24.6,24.54,24.54,1817,0
RVNU.US,5,20251231,205500,24.66,24.66,24.55,24.55,931,0
RVNU.US,5,20251231,210000,24.67,24.67,24.67,24.67,235,0
RVNU.US,5,20251231,211500,24.54,24.54,24.54,24.54,100,0
RVNU.US,5,20251231,212500,24.54,24.65,24.54,24.56,959,0
RVNU.US,5,20251231,214000,24.6,24.6,24.54,24.54,1587,0
RVNU.US,5,20251231,215000,24.5561,24.5561,24.54,24.54,240,0
RVNU.US,5,20251231,215500,24.56,24.56,24.54,24.54,200,0
RVNU.US,5,20260102,153500,24.587,24.587,24.587,24.587,486,0
RVNU.US,5,20260102,155500,24.55,24.55,24.55,24.55,100,0
RVNU.US,5,20260102,160500,24.62,24.93,24.62,24.81,18307,0
RVNU.US,5,20260102,161000,24.5926,24.5926,24.5926,24.5926,100,0
RVNU.US,5,20260102,164000,24.61,24.61,24.61,24.61,100,0
RVNU.US,5,20260102,165500,24.65,24.65,24.65,24.65,147,0
RVNU.US,5,20260102,170000,24.68,24.7103,24.68,24.68,520,0
RVNU.US,5,20260102,170500,24.7199,24.7199,24.7199,24.7199,151,0
RVNU.US,5,20260102,171000,24.61,24.61,24.61,24.61,100,0
RVNU.US,5,20260102,172500,24.6568,24.6568,24.6568,24.6568,419,0
RVNU.US,5,20260102,175500,24.65,24.65,24.65,24.65,7300,0
RVNU.US,5,20260102,182000,24.61,24.61,24.61,24.61,100,0
RVNU.US,5,20260102,183000,24.66,24.66,24.66,24.66,1230,0
RVNU.US,5,20260102,185000,24.7195,24.7195,24.7195,24.7195,214,0
RVNU.US,5,20260102,185500,24.61,24.61,24.61,24.61,100,0
RVNU.US,5,20260102,193500,24.61,24.61,24.61,24.61,100,0
RVNU.US,5,20260102,195000,24.6699,24.6699,24.6699,24.6699,133,0
RVNU.US,5,20260102,201000,24.61,24.61,24.61,24.61,100,0
RVNU.US,5,20260102,202500,24.7199,24.7199,24.7199,24.7199,125,0
RVNU.US,5,20260102,205500,24.61,24.61,24.61,24.61,100,0
RVNU.US,5,20260102,210000,24.68,24.68,24.68,24.68,100,0
RVNU.US,5,20260102,212500,24.655,24.655,24.61,24.61,1495,0
RVNU.US,5,20260102,213500,24.68,24.7183,24.68,24.7183,10855,0
RVNU.US,5,20260102,215500,24.68,24.68,24.61,24.61,716,0
RVNU.US,5,20260105,153000,24.58,24.58,24.58,24.58,100,0
RVNU.US,5,20260105,154000,24.68,24.68,24.68,24.68,130,0
RVNU.US,5,20260105,163500,24.64,24.64,24.64,24.64,100,0
RVNU.US,5,20260105,172000,24.63,24.63,24.63,24.63,100,0
RVNU.US,5,20260105,174500,24.675,24.675,24.675,24.675,700,0
RVNU.US,5,20260105,175000,24.7104,24.7104,24.7104,24.7104,148,0
RVNU.US,5,20260105,180000,24.675,24.675,24.62,24.6204,3647,0
RVNU.US,5,20260105,181000,24.63,24.63,24.63,24.63,100,0
RVNU.US,5,20260105,182500,24.675,24.675,24.63,24.63,703,0
RVNU.US,5,20260105,193500,24.63,24.63,24.63,24.63,100,0
RVNU.US,5,20260105,201500,24.67,24.67,24.67,24.67,200,0
RVNU.US,5,20260105,203000,24.67,24.67,24.61,24.61,438,0
RVNU.US,5,20260105,205000,24.67,24.67,24.67,24.67,230,0
RVNU.US,5,20260105,205500,24.67,24.67,24.67,24.67,175,0
RVNU.US,5,20260105,211000,24.6948,24.6948,24.6948,24.6948,103,0
RVNU.US,5,20260105,212500,24.665,24.665,24.665,24.665,1500,0
RVNU.US,5,20260105,215500,24.6455,24.6455,24.6455,24.6455,1612,0
RVNU.US,5,20260106,163000,24.69,24.69,24.69,24.69,100,0
RVNU.US,5,20260106,164000,24.702,24.7499,24.702,24.7499,2500,0
RVNU.US,5,20260106,172000,24.6301,24.6301,24.6301,24.6301,529,0
RVNU.US,5,20260106,182000,24.72,24.73,24.72,24.73,691,0
RVNU.US,5,20260106,184500,24.65,24.65,24.65,24.65,100,0
RVNU.US,5,20260106,193500,24.7199,24.7199,24.7199,24.7199,163,0
RVNU.US,5,20260106,201500,24.68,24.68,24.68,24.68,100,0
RVNU.US,5,20260106,211000,24.6201,24.77,24.6201,24.695,1870,0
RVNU.US,5,20260106,214000,24.695,24.695,24.695,24.695,402,0
RVNU.US,5,20260106,214500,24.65,24.65,24.65,24.65,100,0
RVNU.US,5,20260107,155500,24.77,24.77,24.77,24.77,300,0
RVNU.US,5,20260107,160000,24.68,24.68,24.68,24.68,100,0
RVNU.US,5,20260107,162500,24.7699,24.7699,24.7699,24.7699,250,0
RVNU.US,5,20260107,163000,24.71,24.7541,24.71,24.7541,2558,0
RVNU.US,5,20260107,164000,24.66,24.71,24.66,24.71,5470,0
RVNU.US,5,20260107,180000,24.73,24.73,24.73,24.73,300,0
RVNU.US,5,20260107,183500,24.76,24.76,24.76,24.76,100,0
RVNU.US,5,20260107,194000,24.7699,24.7699,24.7699,24.7699,335,0
RVNU.US,5,20260107,200000,24.77,24.77,24.77,24.77,2668,0
RVNU.US,5,20260107,202000,24.66,24.66,24.66,24.66,722,0
RVNU.US,5,20260107,211000,24.77,24.78,24.77,24.78,300,0
RVNU.US,5,20260107,213000,24.725,24.725,24.725,24.725,554,0
RVNU.US,5,20260107,214500,24.725,24.725,24.725,24.725,521,0
RVNU.US,5,20260107,215000,24.745,24.745,24.736,24.736,323,0
RVNU.US,5,20260107,215500,24.77,24.77,24.77,24.77,100,0
RVNU.US,5,20260108,153000,24.7475,24.7475,24.7475,24.7475,121,0
RVNU.US,5,20260108,160000,24.7,24.7,24.7,24.7,100,0
RVNU.US,5,20260108,172000,24.69,24.69,24.69,24.69,100,0
RVNU.US,5,20260108,181500,24.77,24.77,24.77,24.77,200,0
RVNU.US,5,20260108,184000,24.755,24.755,24.7174,24.7174,621,0
RVNU.US,5,20260108,185500,24.69,24.69,24.69,24.69,100,0
RVNU.US,5,20260108,211000,24.755,24.755,24.755,24.755,1339,0
RVNU.US,5,20260108,211500,24.7,24.77,24.7,24.7,17967,0
RVNU.US,5,20260108,212000,24.755,24.755,24.755,24.755,900,0
RVNU.US,5,20260108,213000,24.755,24.755,24.755,24.755,221,0
RVNU.US,5,20260108,215000,24.755,24.755,24.755,24.755,100,0
RVNU.US,5,20260109,154500,24.77,24.77,24.77,24.77,400,0
RVNU.US,5,20260109,160000,24.7,24.7,24.7,24.7,100,0
RVNU.US,5,20260109,161500,24.7001,24.7001,24.7001,24.7001,1698,0
RVNU.US,5,20260109,164500,24.74,24.745,24.74,24.745,5340,0
RVNU.US,5,20260109,170000,24.72,24.72,24.72,24.72,100,0
RVNU.US,5,20260109,172000,24.745,24.745,24.745,24.745,323,0
RVNU.US,5,20260109,182000,24.77,24.77,24.77,24.77,400,0
RVNU.US,5,20260109,182500,24.7883,24.7883,24.7883,24.7883,863,0
RVNU.US,5,20260109,183000,24.72,24.72,24.72,24.72,100,0
RVNU.US,5,20260109,193000,24.76,24.76,24.74,24.76,5189,0
RVNU.US,5,20260109,194500,24.79,24.79,24.74,24.74,305,0
RVNU.US,5,20260109,201500,24.79,24.79,24.76,24.76,262,0
RVNU.US,5,20260109,202000,24.76,24.7887,24.76,24.76,2402,0
RVNU.US,5,20260109,202500,24.73,24.73,24.73,24.73,100,0
RVNU.US,5,20260109,210500,24.7892,24.7892,24.73,24.73,787,0
RVNU.US,5,20260109,211000,24.7631,24.7631,24.7631,24.7631,327,0
RVNU.US,5,20260109,211500,24.73,24.73,24.73,24.73,100,0
RVNU.US,5,20260109,215500,24.75,24.75,24.75,24.75,100,0
RVNU.US,5,20260112,155000,24.71,24.71,24.71,24.71,202,0
RVNU.US,5,20260112,155500,24.775,24.775,24.775,24.775,200,0
RVNU.US,5,20260112,160000,24.71,24.71,24.71,24.71,100,0
RVNU.US,5,20260112,162500,24.778,24.778,24.778,24.778,175,0
RVNU.US,5,20260112,163000,24.76,24.76,24.76,24.76,194,0
RVNU.US,5,20260112,174500,24.81,24.81,24.81,24.81,1167,0
RVNU.US,5,20260112,182500,24.7408,24.7408,24.7408,24.7408,940,0
RVNU.US,5,20260112,185000,24.75,24.75,24.75,24.75,100,0
RVNU.US,5,20260112,192500,24.78,24.78,24.7515,24.7515,300,0
RVNU.US,5,20260112,193500,24.81,24.81,24.81,24.81,282,0
RVNU.US,5,20260112,194500,24.75,24.75,24.75,24.75,100,0
RVNU.US,5,20260112,200500,24.78147,24.78147,24.78147,24.78147,265,0
RVNU.US,5,20260112,202000,24.7508,24.7508,24.7508,24.7508,256,0
RVNU.US,5,20260112,211000,24.75,24.75,24.75,24.75,188,0
RVNU.US,5,20260112,212500,24.78,24.7896,24.78,24.7896,663,0
RVNU.US,5,20260112,213000,24.78,24.8,24.78,24.8,500,0
RVNU.US,5,20260112,213500,24.78,24.7839,24.78,24.78,3024,0
RVNU.US,5,20260112,214000,24.76,24.76,24.76,24.76,100,0
RVNU.US,5,20260112,215000,24.785,24.785,24.785,24.785,300,0
RVNU.US,5,20260113,154500,24.76,24.7701,24.69,24.7701,2571,0
RVNU.US,5,20260113,155000,24.71,24.71,24.71,24.71,100,0
RVNU.US,5,20260113,162500,24.66,24.66,24.66,24.66,100,0
RVNU.US,5,20260113,164500,24.68,24.6801,24.68,24.6801,200,0
RVNU.US,5,20260113,170500,24.67,24.67,24.67,24.67,100,0
RVNU.US,5,20260113,172000,24.73,24.73,24.73,24.73,313,0
RVNU.US,5,20260113,190000,24.725,24.725,24.725,24.725,577,0
RVNU.US,5,20260113,191500,24.71,24.745,24.71,24.745,300,0
RVNU.US,5,20260113,193500,24.7503,24.7503,24.7503,24.7503,106,0
RVNU.US,5,20260113,194000,24.75,24.7501,24.75,24.7501,259,0
RVNU.US,5,20260113,194500,24.765,24.765,24.765,24.765,208,0
RVNU.US,5,20260113,205500,24.75,24.75,24.75,24.75,100,0
RVNU.US,5,20260113,211000,24.755,24.7551,24.73,24.7301,400,0
RVNU.US,5,20260113,211500,24.73,24.73,24.73,24.73,100,0
RVNU.US,5,20260113,212500,24.73,24.73,24.73,24.73,100,0
RVNU.US,5,20260113,213000,24.7478,24.7478,24.7478,24.7478,530,0
RVNU.US,5,20260113,215500,24.73,24.73,24.73,24.73,100,0
RVNU.US,5,20260114,155000,24.7304,24.7304,24.7304,24.7304,965,0
RVNU.US,5,20260114,161000,24.74,24.74,24.74,24.74,100,0
RVNU.US,5,20260114,165500,24.7713,24.7713,24.7713,24.7713,120,0
RVNU.US,5,20260114,173000,24.78,24.78,24.78,24.78,673,0
RVNU.US,5,20260114,180500,24.8,24.8,24.8,24.8,248,0
RVNU.US,5,20260114,184500,24.7961,24.7961,24.7961,24.7961,209,0
RVNU.US,5,20260114,210500,24.78,24.78,24.776,24.78,1207,0
RVNU.US,5,20260114,213000,24.799,24.799,24.799,24.799,421,0
RVNU.US,5,20260114,215000,24.7784,24.7784,24.7784,24.7784,300,0
RVNU.US,5,20260115,160000,24.78,24.78,24.78,24.78,100,0
RVNU.US,5,20260115,163000,24.8,24.8,24.8,24.8,100,0
RVNU.US,5,20260115,164500,24.7995,24.7995,24.7994,24.7994,459,0
RVNU.US,5,20260115,165500,24.7901,24.795,24.7901,24.795,451,0
RVNU.US,5,20260115,173000,24.795,24.795,24.795,24.795,300,0
RVNU.US,5,20260115,173500,24.7991,24.7991,24.7991,24.7991,180,0
RVNU.US,5,20260115,174000,24.79,24.79,24.79,24.79,100,0
RVNU.US,5,20260115,181500,24.78,24.78,24.78,24.78,100,0
RVNU.US,5,20260115,192000,24.7856,24.7856,24.7856,24.7856,3117,0
RVNU.US,5,20260115,200000,24.785,24.7899,24.785,24.785,500,0
RVNU.US,5,20260115,200500,24.78,24.78,24.78,24.78,3820,0
RVNU.US,5,20260115,201500,24.786,24.786,24.786,24.786,200,0
RVNU.US,5,20260115,202500,24.7803,24.7803,24.7803,24.7803,229,0
RVNU.US,5,20260115,203500,24.75,24.75,24.75,24.75,787,0
RVNU.US,5,20260115,215500,24.77,24.77,24.77,24.77,100,0
RVNU.US,5,20260116,154500,24.75,24.75,24.75,24.75,100,0
RVNU.US,5,20260116,160000,24.75,24.75,24.75,24.75,295,0
RVNU.US,5,20260116,162000,24.75,24.75,24.75,24.75,100,0
RVNU.US,5,20260116,163500,24.7635,24.7635,24.7635,24.7635,137,0
RVNU.US,5,20260116,164000,24.75,24.7999,24.75,24.7999,2970,0
RVNU.US,5,20260116,165000,24.775,24.775,24.75,24.7512,2221,0
RVNU.US,5,20260116,165500,24.775,24.775,24.775,24.775,1045,0
RVNU.US,5,20260116,170000,24.75,24.79,24.75,24.7891,2146,0
RVNU.US,5,20260116,171000,24.75,24.75,24.75,24.75,100,0
RVNU.US,5,20260116,175500,24.79,24.79,24.79,24.79,2865,0
RVNU.US,5,20260116,180000,24.76,24.76,24.76,24.76,100,0
RVNU.US,5,20260116,181000,24.77,24.77,24.77,24.77,289,0
RVNU.US,5,20260116,183000,24.77,24.77,24.77,24.77,642,0
RVNU.US,5,20260116,185000,24.77,24.77,24.77,24.77,100,0
RVNU.US,5,20260116,190500,24.7684,24.7684,24.7684,24.7684,200,0
RVNU.US,5,20260116,192000,24.77,24.77,24.77,24.77,300,0
RVNU.US,5,20260116,201500,24.7899,24.7899,24.7899,24.7899,1063,0
RVNU.US,5,20260116,204000,24.765,24.765,24.765,24.765,100,0
RVNU.US,5,20260116,215500,24.75,24.76,24.75,24.76,200,0
RVNU.US,5,20260120,153000,24.7126,24.7126,24.7126,24.7126,202,0
RVNU.US,5,20260120,160000,24.59,24.59,24.59,24.59,100,0
RVNU.US,5,20260120,163000,24.72,24.72,24.72,24.72,979,0
RVNU.US,5,20260120,164000,24.7193,24.7193,24.7193,24.7193,808,0
RVNU.US,5,20260120,171500,24.7193,24.7193,24.7193,24.7193,387,0
RVNU.US,5,20260120,172500,24.6765,24.6765,24.63,24.63,284,0
RVNU.US,5,20260120,180500,24.686615,24.686615,24.686615,24.686615,842,0
RVNU.US,5,20260120,181000,24.62,24.62,24.62,24.62,1300,0
RVNU.US,5,20260120,182000,24.62,24.62,24.62,24.62,100,0
RVNU.US,5,20260120,183500,24.64,24.64,24.64,24.64,3271,0
RVNU.US,5,20260120,184500,24.64,24.68,24.64,24.68,4600,0
RVNU.US,5,20260120,185000,24.61,24.61,24.61,24.61,100,0
RVNU.US,5,20260120,192500,24.61,24.61,24.61,24.61,100,0
RVNU.US,5,20260120,193500,24.6,24.6,24.6,24.6,100,0
RVNU.US,5,20260120,195000,24.6,24.6,24.6,24.6,100,0
RVNU.US,5,20260120,201000,24.59,24.61,24.59,24.61,300,0
RVNU.US,5,20260120,202000,24.61,24.61,24.59,24.59,200,0
RVNU.US,5,20260120,204000,24.59,24.59,24.59,24.59,100,0
RVNU.US,5,20260120,205000,24.6227,24.6227,24.6227,24.6227,101,0
RVNU.US,5,20260120,205500,24.61,24.61,24.61,24.61,302,0
RVNU.US,5,20260120,210000,24.6066,24.6066,24.6066,24.6066,168,0
RVNU.US,5,20260120,210500,24.61,24.61,24.61,24.61,100,0
RVNU.US,5,20260120,211500,24.59,24.59,24.59,24.59,100,0
RVNU.US,5,20260120,214500,24.62,24.62,24.607294,24.607402,1400,0
RVNU.US,5,20260120,215500,24.59,24.61,24.59,24.61,1617,0
RVNU.US,5,20260121,155000,24.59,24.59,24.59,24.59,100,0
RVNU.US,5,20260121,173500,24.68,24.68,24.59,24.6,17587,0
RVNU.US,5,20260121,174000,24.66,24.66,24.59,24.59,600,0
RVNU.US,5,20260121,175000,24.59,24.59,24.59,24.59,200,0
RVNU.US,5,20260121,180500,24.64,24.64,24.64,24.64,1640,0
RVNU.US,5,20260121,182000,24.59,24.59,24.54,24.54,1300,0
RVNU.US,5,20260121,183500,24.6303,24.6303,24.6303,24.6303,193,0
RVNU.US,5,20260121,190500,24.595,24.595,24.595,24.595,145,0
RVNU.US,5,20260121,191000,24.6,24.6,24.6,24.6,252,0
RVNU.US,5,20260121,192500,24.59,24.59,24.59,24.59,100,0
RVNU.US,5,20260121,193500,24.63,24.63,24.54,24.5848,4298,0
RVNU.US,5,20260121,194000,24.6003,24.6003,24.6003,24.6003,192,0
RVNU.US,5,20260121,204500,24.5725,24.5725,24.5725,24.5725,197,0
RVNU.US,5,20260121,210500,24.605,24.605,24.605,24.605,609,0
RVNU.US,5,20260121,211000,24.63,24.68,24.6,24.68,5752,0
RVNU.US,5,20260121,211500,24.68,24.7,24.68,24.7,200,0
RVNU.US,5,20260121,212000,24.7,24.7,24.7,24.7,100,0
RVNU.US,5,20260121,212500,24.68,24.68,24.68,24.68,200,0
RVNU.US,5,20260121,213000,24.68,24.68,24.61,24.64,400,0
RVNU.US,5,20260121,213500,24.64,24.64,24.64,24.64,400,0
RVNU.US,5,20260121,214000,24.61,24.65,24.61,24.65,400,0
RVNU.US,5,20260121,214500,24.65,24.66,24.65,24.66,400,0
RVNU.US,5,20260121,215000,24.7,24.7,24.68,24.7,300,0
RVNU.US,5,20260121,215500,24.7,24.71,24.62,24.62,800,0
RVNU.US,5,20260122,155500,24.63,24.63,24.63,24.63,100,0
RVNU.US,5,20260122,161500,24.7,24.7,24.7,24.7,100,0
RVNU.US,5,20260122,162500,24.69,24.77,24.69,24.77,391,0
RVNU.US,5,20260122,170500,24.675,24.675,24.675,24.675,152,0
RVNU.US,5,20260122,171500,24.63,24.63,24.63,24.63,100,0
RVNU.US,5,20260122,175000,24.6304,24.6304,24.6304,24.6304,796,0
RVNU.US,5,20260122,184500,24.67,24.67,24.67,24.67,101,0
RVNU.US,5,20260122,202500,24.66,24.66,24.66,24.66,1000,0
RVNU.US,5,20260122,204500,24.63,24.63,24.63,24.63,800,0
RVNU.US,5,20260122,211000,24.64,24.64,24.64,24.64,100,0
RVNU.US,5,20260122,212000,24.67,24.67,24.67,24.67,122,0
RVNU.US,5,20260122,212500,24.67,24.7031,24.67,24.7031,1504,0
RVNU.US,5,20260122,213000,24.67,24.67,24.67,24.67,168,0
RVNU.US,5,20260123,161500,24.65,24.68,24.65,24.68,310,0
RVNU.US,5,20260123,181000,24.68,24.68,24.62,24.68,3248,0
RVNU.US,5,20260123,183000,24.68,24.68,24.62,24.62,302,0
RVNU.US,5,20260123,183500,24.690242,24.690242,24.690242,24.690242,183,0
RVNU.US,5,20260123,190500,24.68,24.74,24.68,24.74,2100,0
RVNU.US,5,20260123,202000,24.67,24.67,24.67,24.67,3000,0
RVNU.US,5,20260123,211000,24.675,24.74,24.675,24.74,2329,0
RVNU.US,5,20260123,211500,24.7335,24.7335,24.7335,24.7335,100,0
RVNU.US,5,20260123,214000,24.73,24.73,24.73,24.73,126,0
RVNU.US,5,20260123,215500,24.72,24.73,24.72,24.73,200,0
