<TICKER>,<PER>,<DATE>,<TIME>,<OPEN>,<HIGH>,<LOW>,<CLOSE>,<VOL>,<OPENINT>
RXI.US,5,20250829,153000,199.23,199.23,199.23,199.23,300,0
RXI.US,5,20250829,171000,198.58,198.58,198.58,198.58,152,0
RXI.US,5,20250829,174000,197.9666,197.9666,197.9666,197.9666,153,0
RXI.US,5,20250829,210500,198.24,198.26,198.24,198.26,326,0
RXI.US,5,20250902,162500,196.84,196.84,196.84,196.84,186,0
RXI.US,5,20250902,170000,196.7,196.76,196.7,196.76,3657,0
RXI.US,5,20250902,181500,196.5092,196.5092,196.5092,196.5092,379,0
RXI.US,5,20250902,202000,196.66,196.66,196.66,196.66,100,0
RXI.US,5,20250902,212500,197.075,197.075,197.075,197.075,100,0
RXI.US,5,20250904,153000,198.62,198.62,198.62,198.62,603,0
RXI.US,5,20250904,205500,199.4185,199.4185,199.4185,199.4185,115,0
RXI.US,5,20250904,215000,199.89,199.89,199.89,199.89,240,0
RXI.US,5,20250904,215500,199.95,199.95,199.95,199.95,346,0
RXI.US,5,20250905,161500,201.08,201.08,201.08,201.08,600,0
RXI.US,5,20250905,165000,200.24,200.24,200.24,200.24,298,0
RXI.US,5,20250908,210000,202.03,202.03,202.03,202.03,100,0
RXI.US,5,20250908,212000,201.9,201.9,201.9,201.9,100,0
RXI.US,5,20250909,205500,201.87,201.87,201.87,201.87,100,0
RXI.US,5,20250910,190000,200.76,200.76,200.75,200.75,1776,0
RXI.US,5,20250910,210000,200.38,200.38,200.38,200.38,100,0
RXI.US,5,20250910,213500,199.92,199.92,199.92,199.92,100,0
RXI.US,5,20250911,205000,203.94,203.94,203.94,203.94,295,0
RXI.US,5,20250911,205500,203.9,203.9,203.9,203.9,159,0
RXI.US,5,20250912,153500,203.4,203.4,203.4,203.4,101,0
RXI.US,5,20250912,205000,204.41,204.47,204.41,204.47,2064,0
RXI.US,5,20250912,211000,204.24,204.24,204.24,204.24,185,0
RXI.US,5,20250915,195500,206.5855,206.5855,206.5855,206.5855,298,0
RXI.US,5,20250916,210000,207.409,207.409,207.409,207.409,889,0
RXI.US,5,20250917,183000,207.74,207.74,207.74,207.74,180,0
RXI.US,5,20250917,183500,207.73,207.73,207.73,207.73,100,0
RXI.US,5,20250917,204000,207,207,207,207,102,0
RXI.US,5,20250917,215500,207.64,207.64,207.64,207.64,128,0
RXI.US,5,20250918,195000,207.823,207.823,207.823,207.823,137,0
RXI.US,5,20250918,200000,207.734,207.734,207.734,207.734,143,0
RXI.US,5,20250918,204500,207.73,207.73,207.73,207.73,150,0
RXI.US,5,20250919,153000,206.92,206.92,206.9,206.9,300,0
RXI.US,5,20250919,163000,207.4798,207.4798,207.4798,207.4798,200,0
RXI.US,5,20250919,204500,206.73,206.73,206.73,206.73,100,0
RXI.US,5,20250919,205500,206.71,206.71,206.71,206.71,100,0
RXI.US,5,20250919,210000,206.68,206.68,206.68,206.68,100,0
RXI.US,5,20250919,210500,206.81,206.81,206.81,206.81,158,0
RXI.US,5,20250919,212000,206.89,206.89,206.89,206.89,1000,0
RXI.US,5,20250919,213000,206.86,206.86,206.86,206.86,100,0
RXI.US,5,20250919,213500,206.82,206.82,206.81,206.81,200,0
RXI.US,5,20250919,214000,206.86,206.86,206.86,206.86,100,0
RXI.US,5,20250919,214500,206.83,206.83,206.83,206.83,100,0
RXI.US,5,20250919,215000,206.74,206.91,206.74,206.91,200,0
RXI.US,5,20250919,215500,206.73,206.73,206.67,206.67,859,0
RXI.US,5,20250922,183000,206.64,206.64,206.64,206.64,112,0
RXI.US,5,20250922,200000,206.511,206.6045,206.511,206.6045,204,0
RXI.US,5,20250922,204500,206.51,206.585,206.48,206.585,7443,0
RXI.US,5,20250922,205000,206.58,206.58,206.58,206.58,200,0
RXI.US,5,20250922,205500,206.58,206.585,206.58,206.58,400,0
RXI.US,5,20250922,215000,206.64,206.645,206.64,206.645,500,0
RXI.US,5,20250922,215500,206.58,206.58,206.58,206.58,155,0
RXI.US,5,20250923,190500,206.26,206.26,206.26,206.26,102,0
RXI.US,5,20250923,193500,205.83,205.83,205.83,205.83,100,0
RXI.US,5,20250923,201500,205.54,205.54,205.54,205.54,100,0
RXI.US,5,20250923,203000,205.74,205.74,205.74,205.74,100,0
RXI.US,5,20250923,205000,205.6,205.6,205.43,205.43,300,0
RXI.US,5,20250924,161500,206.64,206.64,206.64,206.64,160,0
RXI.US,5,20250924,165000,207.15,207.15,207.15,207.15,159,0
RXI.US,5,20250924,204000,206.39,206.39,206.39,206.39,110,0
RXI.US,5,20250924,205000,206.58,206.58,206.58,206.58,100,0
RXI.US,5,20250924,211500,206.52,206.52,206.52,206.52,100,0
RXI.US,5,20250924,215000,206.615,206.615,206.615,206.615,350,0
RXI.US,5,20250925,184500,204.93,204.93,204.93,204.93,245,0
RXI.US,5,20250925,204500,204.34,204.34,204.34,204.34,115,0
RXI.US,5,20250926,162000,204.52,204.52,204.52,204.52,100,0
RXI.US,5,20250926,181500,205.61,205.61,205.61,205.61,100,0
RXI.US,5,20250926,210500,206.47,206.47,206.47,206.47,115,0
RXI.US,5,20250926,212500,206.605,206.605,206.605,206.605,170,0
RXI.US,5,20250929,153500,207.8,207.8,207.8,207.8,100,0
RXI.US,5,20250929,154000,207.88,207.88,207.73,207.73,500,0
RXI.US,5,20250929,160000,207.57,207.57,207.57,207.57,100,0
RXI.US,5,20250929,160500,207.64,207.825,207.62,207.825,300,0
RXI.US,5,20250929,161000,207.735,207.735,207.65,207.65,300,0
RXI.US,5,20250929,161500,207.55,207.55,207.55,207.55,100,0
RXI.US,5,20250929,162000,207.57,207.57,207.57,207.57,100,0
RXI.US,5,20250929,162500,207.55,207.55,207.55,207.55,100,0
RXI.US,5,20250929,164000,207.61,207.61,207.61,207.61,100,0
RXI.US,5,20250929,164500,207.565,207.565,207.565,207.565,100,0
RXI.US,5,20250929,165000,207.52,207.52,207.52,207.52,100,0
RXI.US,5,20250929,165500,207.44,207.44,207.44,207.44,100,0
RXI.US,5,20250929,170000,207.51,207.51,207.51,207.51,100,0
RXI.US,5,20250929,170500,207.5,207.5,207.5,207.5,100,0
RXI.US,5,20250929,171000,207.33,207.33,207.33,207.33,100,0
RXI.US,5,20250929,171500,207.395,207.395,207.13,207.215,500,0
RXI.US,5,20250929,173000,207.32,207.32,207.275,207.275,300,0
RXI.US,5,20250929,174000,207.255,207.255,207.16,207.16,200,0
RXI.US,5,20250929,175000,207.09,207.09,207.01,207.01,200,0
RXI.US,5,20250929,180500,207.14,207.14,207.14,207.14,100,0
RXI.US,5,20250929,181000,207.295,207.295,207.295,207.295,100,0
RXI.US,5,20250929,181500,207.23,207.23,207.23,207.23,100,0
RXI.US,5,20250929,182000,207.34,207.34,207.34,207.34,200,0
RXI.US,5,20250929,182500,207.28,207.28,207.28,207.28,200,0
RXI.US,5,20250929,183000,207.36,207.36,207.36,207.36,100,0
RXI.US,5,20250929,183500,207.355,207.355,207.355,207.355,100,0
RXI.US,5,20250929,184000,207.295,207.295,207.295,207.295,100,0
RXI.US,5,20250929,184500,207.23,207.23,207.23,207.23,100,0
RXI.US,5,20250929,185000,207.12,207.12,207.12,207.12,100,0
RXI.US,5,20250929,190000,207.1,207.17,207.1,207.17,200,0
RXI.US,5,20250929,190500,207.14,207.14,207.14,207.14,100,0
RXI.US,5,20250929,191000,207.14,207.14,207.14,207.14,100,0
RXI.US,5,20250929,192000,207.18,207.18,207.18,207.18,100,0
RXI.US,5,20250929,193000,207.25,207.25,207.25,207.25,200,0
RXI.US,5,20250929,194000,207.395,207.395,207.28,207.28,300,0
RXI.US,5,20250929,194500,207.45,207.45,207.45,207.45,100,0
RXI.US,5,20250929,195000,207.45,207.45,207.45,207.45,100,0
RXI.US,5,20250929,200000,207.49,207.49,207.49,207.49,100,0
RXI.US,5,20250929,201000,207.635,207.635,207.635,207.635,100,0
RXI.US,5,20250929,201500,207.635,207.635,207.635,207.635,100,0
RXI.US,5,20250929,202000,207.675,207.675,207.675,207.675,100,0
RXI.US,5,20250929,202500,207.675,207.675,207.675,207.675,100,0
RXI.US,5,20250929,203000,207.675,207.675,207.675,207.675,100,0
RXI.US,5,20250929,203500,207.675,207.675,207.675,207.675,100,0
RXI.US,5,20250929,204000,207.66,207.66,207.66,207.66,100,0
RXI.US,5,20250929,204500,207.71,207.71,207.71,207.71,100,0
RXI.US,5,20250929,205000,207.805,207.805,207.805,207.805,100,0
RXI.US,5,20250929,205500,207.805,207.805,207.805,207.805,100,0
RXI.US,5,20250929,210000,207.785,207.785,207.785,207.785,100,0
RXI.US,5,20250929,210500,207.63,207.725,207.58,207.58,300,0
RXI.US,5,20250929,211000,207.57,207.57,207.57,207.57,100,0
RXI.US,5,20250929,211500,207.4,207.4,207.4,207.4,100,0
RXI.US,5,20250929,212500,207.675,207.675,207.675,207.675,100,0
RXI.US,5,20250929,213500,207.79,207.79,207.7899,207.7899,200,0
RXI.US,5,20250929,214500,207.875,207.875,207.875,207.875,100,0
RXI.US,5,20250929,215000,207.935,207.935,207.935,207.935,100,0
RXI.US,5,20250930,181000,206.31,206.31,206.31,206.31,1263,0
RXI.US,5,20250930,192500,206.36,206.36,206.36,206.36,100,0
RXI.US,5,20250930,193000,206.34,206.34,206.32,206.32,200,0
RXI.US,5,20250930,215500,207.06,207.06,207.06,207.06,458,0
RXI.US,5,20251001,153000,207.62,207.62,207.62,207.62,3502,0
RXI.US,5,20251001,165500,207.57,207.57,207.57,207.57,100,0
RXI.US,5,20251001,173500,207.57,207.57,207.57,207.57,100,0
RXI.US,5,20251001,180500,207.675,207.675,207.675,207.675,100,0
RXI.US,5,20251001,183000,207.73,207.73,207.73,207.73,100,0
RXI.US,5,20251001,184000,207.745,207.745,207.745,207.745,356,0
RXI.US,5,20251001,190500,207.8765,207.8765,207.8765,207.8765,120,0
RXI.US,5,20251001,192500,208.07,208.07,208.07,208.07,476,0
RXI.US,5,20251001,193000,208.1,208.11,208.1,208.11,1998,0
RXI.US,5,20251001,193500,207.91,207.9874,207.91,207.9874,479,0
RXI.US,5,20251001,203000,208.4,208.4,208.4,208.4,100,0
RXI.US,5,20251001,205500,208.48,208.48,208.48,208.48,100,0
RXI.US,5,20251001,211500,208.55,208.56,208.55,208.55,609,0
RXI.US,5,20251001,214500,208.31,208.31,208.31,208.31,100,0
RXI.US,5,20251001,215500,208.44,208.44,208.44,208.44,1016,0
RXI.US,5,20251002,200000,208.23,208.23,208.23,208.23,275,0
RXI.US,5,20251002,215000,208.12,208.12,208.12,208.12,100,0
RXI.US,5,20251002,215500,208.18,208.18,208,208,6195,0
RXI.US,5,20251003,153000,209.52,209.55,209.52,209.55,787,0
RXI.US,5,20251003,153500,209.3,209.41,209.3,209.41,5297,0
RXI.US,5,20251003,190500,208.53,208.53,208.53,208.53,400,0
RXI.US,5,20251003,200500,207.88,207.88,207.82,207.82,600,0
RXI.US,5,20251003,210000,208.33,208.33,208.28,208.28,900,0
RXI.US,5,20251003,212500,208.45,208.4501,208.45,208.4501,200,0
RXI.US,5,20251003,215500,208.64,208.64,208.64,208.64,152,0
RXI.US,5,20251006,153000,208.75,208.75,208.75,208.75,200,0
RXI.US,5,20251006,163500,208.56,208.56,208.56,208.56,500,0
RXI.US,5,20251006,164000,208.66,208.66,208.66,208.66,500,0
RXI.US,5,20251006,182500,209.117,209.117,209.117,209.117,144,0
RXI.US,5,20251006,192000,209.34,209.34,209.34,209.34,100,0
RXI.US,5,20251006,200000,209.43,209.43,209.43,209.43,319,0
RXI.US,5,20251006,210500,209.49,209.49,209.49,209.49,100,0
RXI.US,5,20251007,165000,208.03,208.03,208.03,208.03,110,0
RXI.US,5,20251007,190000,207.3,207.3,207.3,207.3,1000,0
RXI.US,5,20251008,155000,206.03,206.03,205.905,205.905,200,0
RXI.US,5,20251008,155500,206.07,206.07,206.07,206.07,1600,0
RXI.US,5,20251008,160000,206.45,206.45,206.43,206.43,400,0
RXI.US,5,20251008,160500,206.29,206.53,206.29,206.53,1800,0
RXI.US,5,20251008,161500,206.66,206.66,206.56,206.56,400,0
RXI.US,5,20251008,162000,206.57,206.57,206.49,206.49,1900,0
RXI.US,5,20251008,162500,206.72,206.72,206.72,206.72,100,0
RXI.US,5,20251008,163000,206.74,206.74,206.64,206.64,495,0
RXI.US,5,20251008,163500,206.59,206.59,206.58,206.59,1500,0
RXI.US,5,20251008,164000,206.59,206.71,206.59,206.7,1600,0
RXI.US,5,20251008,194500,206.5845,206.5845,206.5845,206.5845,133,0
RXI.US,5,20251009,154500,204.92,204.92,204.92,204.92,200,0
RXI.US,5,20251009,165000,204.21,204.21,204.21,204.21,800,0
RXI.US,5,20251009,172500,204.08,204.08,204.08,204.08,662,0
RXI.US,5,20251009,173500,204,204.06,204,204.05,3600,0
RXI.US,5,20251009,184000,204.15,204.15,204.15,204.15,300,0
RXI.US,5,20251009,195000,204.03,204.03,204.03,204.03,400,0
RXI.US,5,20251009,202500,204.14,204.15,204.05,204.05,5300,0
RXI.US,5,20251009,205500,204.06,204.06,204.06,204.06,600,0
RXI.US,5,20251009,213500,204.52,204.56,204.38,204.4,7300,0
RXI.US,5,20251009,214000,204.6,204.66,204.6,204.61,13000,0
RXI.US,5,20251009,214500,204.61,204.73,204.61,204.72,4600,0
RXI.US,5,20251009,215000,204.68,204.68,204.68,204.68,100,0
RXI.US,5,20251009,215500,204.61,204.81,204.61,204.69,8971,0
RXI.US,5,20251010,162500,204.21,204.22,204.21,204.22,800,0
RXI.US,5,20251010,165500,204.46,204.46,204.46,204.46,100,0
RXI.US,5,20251010,180500,200.54,200.6,200.54,200.6,700,0
RXI.US,5,20251010,184500,200.1074,200.1074,200.1074,200.1074,178,0
RXI.US,5,20251010,211500,199.25,199.25,199.25,199.25,109,0
RXI.US,5,20251013,154000,201.22,201.22,201.22,201.22,144,0
RXI.US,5,20251013,161000,201.5105,201.5105,201.5105,201.5105,452,0
RXI.US,5,20251013,161500,201.53,201.53,201.53,201.53,100,0
RXI.US,5,20251014,155500,200.73,200.73,200.42,200.42,2086,0
RXI.US,5,20251014,172000,201.96,201.99,201.96,201.99,200,0
RXI.US,5,20251014,172500,201.94,201.94,201.94,201.94,100,0
RXI.US,5,20251014,174500,202.94,202.94,202.94,202.94,200,0
RXI.US,5,20251014,184500,204.38,204.38,204.38,204.38,100,0
RXI.US,5,20251014,190000,204.05,204.05,204.05,204.05,100,0
RXI.US,5,20251014,191500,204.34,204.34,204.34,204.34,100,0
RXI.US,5,20251014,195500,204.47,204.47,204.47,204.47,100,0
RXI.US,5,20251014,200500,204.44,204.44,204.44,204.44,100,0
RXI.US,5,20251014,201500,204.455,204.455,204.455,204.455,172,0
RXI.US,5,20251014,203000,204.52,204.52,204.52,204.52,100,0
RXI.US,5,20251014,204000,204.39,204.39,204.39,204.39,200,0
RXI.US,5,20251014,214500,203.31,203.31,203.31,203.31,100,0
RXI.US,5,20251014,215000,203.62,203.62,203.62,203.62,100,0
RXI.US,5,20251014,215500,203.66,203.83,203.66,203.79,300,0
RXI.US,5,20251015,180000,204.82,204.82,204.82,204.82,100,0
RXI.US,5,20251015,182000,204.98,204.98,204.98,204.98,100,0
RXI.US,5,20251015,203500,204.76,204.7601,204.76,204.7601,200,0
RXI.US,5,20251015,212500,204.92,204.92,204.92,204.92,7444,0
RXI.US,5,20251016,160000,205.28,205.4,205.28,205.4,200,0
RXI.US,5,20251016,160500,205.34,205.45,205.18,205.18,300,0
RXI.US,5,20251016,161000,205.16,205.17,205.16,205.17,200,0
RXI.US,5,20251016,173000,205.3,205.3,205.29,205.29,200,0
RXI.US,5,20251016,215500,203.84,203.84,203.84,203.84,166,0
RXI.US,5,20251017,204000,205.551,205.6425,205.2101,205.6425,9054,0
RXI.US,5,20251017,204500,205.5401,205.5401,205.31,205.31,3955,0
RXI.US,5,20251017,211500,205.71,205.71,205.71,205.71,100,0
RXI.US,5,20251017,214500,205.635,205.6351,205.635,205.6351,400,0
RXI.US,5,20251020,162000,206.75,206.75,206.75,206.75,610,0
RXI.US,5,20251020,165500,206.8,206.904,206.8,206.86,2627,0
RXI.US,5,20251020,190500,207.085,207.085,207.085,207.085,125,0
RXI.US,5,20251020,194000,207.2587,207.2587,207.2587,207.2587,126,0
RXI.US,5,20251020,200500,207.25,207.25,207.25,207.25,100,0
RXI.US,5,20251020,204000,207.12,207.12,207.12,207.12,100,0
RXI.US,5,20251020,211500,207.27,207.27,207.27,207.27,100,0
RXI.US,5,20251020,214500,207.25,207.25,207.25,207.25,192,0
RXI.US,5,20251020,215500,207.26,207.3,207.2,207.2,391,0
RXI.US,5,20251021,171500,208.32,208.3201,208.32,208.3201,200,0
RXI.US,5,20251021,190000,208.12,208.12,208.12,208.12,109,0
RXI.US,5,20251021,215000,208.53,208.53,208.53,208.53,260,0
RXI.US,5,20251023,172000,207.2492,207.2492,207.2492,207.2492,225,0
RXI.US,5,20251023,214000,208.35,208.35,208.35,208.35,100,0
RXI.US,5,20251024,162500,208.6101,208.6101,208.6101,208.6101,110,0
RXI.US,5,20251024,172000,208.855,208.855,208.855,208.855,100,0
RXI.US,5,20251024,172500,209.008,209.0376,209.008,209.0376,624,0
RXI.US,5,20251024,215000,208.295,208.295,208.295,208.295,350,0
RXI.US,5,20251027,144000,210.44,210.44,210.44,210.44,2400,0
RXI.US,5,20251027,160500,210.09,210.09,210.09,210.09,100,0
RXI.US,5,20251028,160500,210.75,210.75,210.75,210.75,100,0
RXI.US,5,20251028,165000,210.58,210.58,210.5701,210.5701,1056,0
RXI.US,5,20251028,171500,210.87,210.87,210.87,210.87,3593,0
RXI.US,5,20251028,173000,211.04,211.12,211.04,211.12,986,0
RXI.US,5,20251029,143000,210.19,210.19,210.15,210.15,400,0
RXI.US,5,20251029,150000,209.33,209.3301,209.33,209.3301,200,0
RXI.US,5,20251029,194500,207.9536,207.9536,207.9536,207.9536,236,0
RXI.US,5,20251030,143000,205.6,205.6001,205.6,205.6001,332,0
RXI.US,5,20251030,163000,206.76,206.76,206.76,206.76,120,0
RXI.US,5,20251030,163500,206.44,206.44,206.44,206.44,100,0
RXI.US,5,20251030,194000,205.72,205.72,205.72,205.72,100,0
RXI.US,5,20251031,144500,206.32,206.32,206.32,206.32,2200,0
RXI.US,5,20251031,145500,206.5,206.5,206.5,206.5,100,0
RXI.US,5,20251031,150500,206.5,206.5,206.5,206.5,100,0
RXI.US,5,20251031,164500,207.14,207.14,207.14,207.14,2200,0
RXI.US,5,20251031,183500,205.88,205.88,205.88,205.88,200,0
RXI.US,5,20251031,204500,206.97,206.98,206.97,206.98,2110,0
RXI.US,5,20251103,154000,207.13,207.13,207.13,207.13,16700,0
RXI.US,5,20251103,205500,207.368,207.368,207.368,207.368,259,0
RXI.US,5,20251103,210500,207.38,207.38,207.38,207.38,100,0
RXI.US,5,20251103,212000,207.14,207.14,207.14,207.14,100,0
RXI.US,5,20251103,212500,207.14,207.14,207.14,207.14,100,0
RXI.US,5,20251103,214500,207.02,207.02,207.02,207.02,100,0
RXI.US,5,20251103,215000,206.99,207.21,206.99,207.21,1700,0
RXI.US,5,20251104,205500,204.38,204.38,204.38,204.38,100,0
RXI.US,5,20251104,215000,204.41,204.5,204.31,204.31,600,0
RXI.US,5,20251104,215500,204.3512,204.5,204.14,204.14,6797,0
RXI.US,5,20251105,153000,204.71,204.71,204.71,204.71,1330,0
RXI.US,5,20251105,155000,204.87,204.87,204.87,204.87,643,0
RXI.US,5,20251105,155500,205.32,205.32,205.32,205.32,300,0
RXI.US,5,20251105,171000,204.37,204.37,204.37,204.37,343,0
RXI.US,5,20251105,210000,206.5,206.5,206.5,206.5,336,0
RXI.US,5,20251105,215500,206.24,206.24,206.24,206.24,668,0
RXI.US,5,20251106,184500,203.57,203.57,203.57,203.57,109,0
RXI.US,5,20251106,210500,204.2966,204.2966,204.2966,204.2966,151,0
RXI.US,5,20251106,212000,204.165,204.195,204.05,204.195,1614,0
RXI.US,5,20251106,215500,203.39,203.39,203.39,203.39,110,0
RXI.US,5,20251107,154000,202.615,202.615,202.615,202.615,100,0
RXI.US,5,20251107,171000,202.3865,202.3865,202.3865,202.3865,150,0
RXI.US,5,20251107,173500,202.44,202.44,202.44,202.44,158,0
RXI.US,5,20251107,175000,202.32,202.32,202.32,202.32,100,0
RXI.US,5,20251107,183500,202.37,202.37,202.37,202.37,200,0
RXI.US,5,20251107,205500,204.29,204.29,204.29,204.29,100,0
RXI.US,5,20251107,210000,204.325,204.325,204.325,204.325,100,0
RXI.US,5,20251107,210500,204.2799,204.28,204.24,204.24,460,0
RXI.US,5,20251107,211000,204.37,204.37,204.37,204.37,100,0
RXI.US,5,20251107,213500,204.07498,204.09,204.07498,204.09,1587,0
RXI.US,5,20251107,214000,204.29,204.29,204.29,204.29,100,0
RXI.US,5,20251107,214500,204.31,204.31,204.02,204.02,300,0
RXI.US,5,20251107,215000,204.13,204.15,204.13,204.15,200,0
RXI.US,5,20251107,215500,204.23,204.28,204.23,204.28,338,0
RXI.US,5,20251110,153500,205.47,205.47,205.47,205.47,100,0
RXI.US,5,20251110,154000,205.8,205.81,205.8,205.81,400,0
RXI.US,5,20251110,154500,205.65,205.65,205.42,205.42,515,0
RXI.US,5,20251110,155500,205.22,205.395,205.22,205.395,300,0
RXI.US,5,20251110,160000,205.58,205.58,205.58,205.58,100,0
RXI.US,5,20251110,160500,205.62,205.62,205.465,205.49,300,0
RXI.US,5,20251110,161000,205.66,205.685,205.66,205.685,200,0
RXI.US,5,20251110,163000,205.635,205.635,205.585,205.585,400,0
RXI.US,5,20251110,163500,205.66,205.66,205.51,205.51,3000,0
RXI.US,5,20251110,164000,205.61,205.61,205.61,205.61,200,0
RXI.US,5,20251110,164500,205.6,205.6,205.6,205.6,100,0
RXI.US,5,20251110,165000,205.585,205.585,205.28,205.28,500,0
RXI.US,5,20251110,165500,205.36,205.36,205.36,205.36,100,0
RXI.US,5,20251110,170000,205.255,205.255,205.165,205.165,300,0
RXI.US,5,20251110,170500,205.11,205.11,205.11,205.11,100,0
RXI.US,5,20251110,172000,205.555,205.555,205.25,205.36,612,0
RXI.US,5,20251110,173000,205.4,205.4,205.36,205.36,246,0
RXI.US,5,20251110,173500,205.3,205.3,205.29,205.29,700,0
RXI.US,5,20251110,174000,205.22,205.26,205.13,205.26,404,0
RXI.US,5,20251110,175000,205.24,205.26,205.24,205.26,329,0
RXI.US,5,20251110,180000,205.51,205.51,205.51,205.51,100,0
RXI.US,5,20251110,181000,205.805,205.805,205.765,205.765,1000,0
RXI.US,5,20251110,181500,205.89,205.89,205.89,205.89,100,0
RXI.US,5,20251110,182000,205.93,205.96,205.755,205.755,400,0
RXI.US,5,20251110,184000,206,206.095,206,206.095,200,0
RXI.US,5,20251110,190000,206.38,206.38,206.38,206.38,100,0
RXI.US,5,20251110,192500,206.2735,206.31,206.2735,206.31,694,0
RXI.US,5,20251110,193000,206.4,206.4,206.285,206.29,588,0
RXI.US,5,20251110,193500,206.41,206.41,206.41,206.41,100,0
RXI.US,5,20251110,195000,206.43,206.43,206.34,206.34,200,0
RXI.US,5,20251110,201000,206.49,206.49,206.375,206.375,200,0
RXI.US,5,20251110,203000,206.47,206.47,206.47,206.47,200,0
RXI.US,5,20251110,203500,206.465,206.465,206.465,206.465,200,0
RXI.US,5,20251110,213000,206.72,206.72,206.72,206.72,100,0
RXI.US,5,20251110,214000,206.69,206.69,206.69,206.69,445,0
RXI.US,5,20251110,215000,206.52,206.52,206.52,206.52,290,0
RXI.US,5,20251110,215500,206.55,206.55,206.55,206.55,100,0
RXI.US,5,20251111,154000,207.44,207.44,207.44,207.44,100,0
RXI.US,5,20251111,155000,207.12,207.12,207.035,207.035,389,0
RXI.US,5,20251111,160500,207.205,207.3299,207.005,207.205,1814,0
RXI.US,5,20251111,162000,207.18,207.18,207.18,207.18,100,0
RXI.US,5,20251111,183500,207.29,207.379,207.29,207.379,500,0
RXI.US,5,20251111,185000,207.3,207.305,207.3,207.305,200,0
RXI.US,5,20251111,191500,207.86,207.86,207.86,207.86,100,0
RXI.US,5,20251111,202000,207.7206,207.7206,207.7206,207.7206,141,0
RXI.US,5,20251111,204500,207.71,207.71,207.71,207.71,130,0
RXI.US,5,20251111,212500,207.45,207.45,207.395,207.395,200,0
RXI.US,5,20251111,213000,207.3654,207.3654,207.355,207.355,444,0
RXI.US,5,20251111,215000,207.63,207.63,207.63,207.63,100,0
RXI.US,5,20251111,215500,207.62,207.62,207.62,207.62,200,0
RXI.US,5,20251112,160000,208.1,208.1,207.945,207.945,1259,0
RXI.US,5,20251112,162000,207.51,207.51,207.51,207.51,2354,0
RXI.US,5,20251112,173500,207.421,207.421,207.421,207.421,100,0
RXI.US,5,20251112,184000,208.0599,208.06,208.0599,208.06,1166,0
RXI.US,5,20251112,191500,207.81,207.81,207.81,207.81,221,0
RXI.US,5,20251112,205000,207.421,207.421,207.41,207.41,250,0
RXI.US,5,20251112,210500,207.495,207.495,207.495,207.495,900,0
RXI.US,5,20251112,211000,207.6,207.6,207.6,207.6,100,0
RXI.US,5,20251113,153500,207.39,207.39,207.39,207.39,100,0
RXI.US,5,20251113,161500,207.07,207.07,207.07,207.07,4062,0
RXI.US,5,20251113,163500,206.45,206.45,206.45,206.45,200,0
RXI.US,5,20251113,175000,205.37,205.37,205.37,205.37,900,0
RXI.US,5,20251113,183000,205.48,205.48,205.48,205.48,3330,0
RXI.US,5,20251113,190500,204.66,204.66,204.66,204.66,112,0
RXI.US,5,20251113,191000,204.73,204.73,204.73,204.73,900,0
RXI.US,5,20251113,210500,204.3,204.31,204.3,204.3099,700,0
RXI.US,5,20251113,211000,204.23,204.44,204.23,204.44,9816,0
RXI.US,5,20251113,212000,203.965,203.965,203.965,203.965,120,0
RXI.US,5,20251113,214000,204.4,204.4,204.4,204.4,900,0
RXI.US,5,20251113,214500,204.41,204.42,204.285,204.285,1500,0
RXI.US,5,20251113,215000,204.325,204.325,203.83,203.83,5100,0
RXI.US,5,20251113,215500,204.09,204.09,204.09,204.09,114,0
RXI.US,5,20251114,153000,202.52,202.52,202.52,202.52,140,0
RXI.US,5,20251114,160500,203.223,203.223,203.21,203.2101,500,0
RXI.US,5,20251114,161500,203.4,203.41,203.39,203.39,1000,0
RXI.US,5,20251114,163000,203.875,203.875,203.875,203.875,100,0
RXI.US,5,20251114,175000,204.91,204.91,204.91,204.91,100,0
RXI.US,5,20251114,184000,204.78,204.78,204.78,204.78,1290,0
RXI.US,5,20251114,190500,203.85,203.8775,203.85,203.8775,294,0
RXI.US,5,20251114,191000,204,204,204,204,100,0
RXI.US,5,20251114,200000,203.77,203.77,203.77,203.77,100,0
RXI.US,5,20251114,201500,203.61,203.61,203.61,203.61,100,0
RXI.US,5,20251114,204500,203.7,203.7,203.7,203.7,190,0
RXI.US,5,20251114,211500,203.545,203.545,203.545,203.545,400,0
RXI.US,5,20251114,212000,203.25,203.25,203.25,203.25,100,0
RXI.US,5,20251114,214500,203.19,203.19,203.19,203.19,600,0
RXI.US,5,20251114,215000,203.28,203.28,203.28,203.28,100,0
RXI.US,5,20251117,154500,202.415,202.415,202.415,202.415,194,0
RXI.US,5,20251117,161500,202.409,202.409,202.409,202.409,100,0
RXI.US,5,20251117,180000,202.91,202.91,202.91,202.91,100,0
RXI.US,5,20251117,184000,202.47,202.52,202.459,202.5199,1570,0
RXI.US,5,20251117,202000,200.565,200.565,200.565,200.565,192,0
RXI.US,5,20251117,211000,199.96,199.96,199.96,199.96,2981,0
RXI.US,5,20251117,215000,200.39,200.39,200.39,200.39,100,0
RXI.US,5,20251118,153500,199.09,199.09,199.09,199.09,100,0
RXI.US,5,20251118,154500,198.85,198.88,198.55,198.55,700,0
RXI.US,5,20251118,155000,198.06,198.06,198.06,198.06,300,0
RXI.US,5,20251118,155500,197.7724,198,197.7724,197.9,2225,0
RXI.US,5,20251118,160500,197.97,197.97,197.97,197.97,3215,0
RXI.US,5,20251118,162500,197.92,197.92,197.91,197.92,1500,0
RXI.US,5,20251118,174500,198.37,198.37,198.37,198.37,100,0
RXI.US,5,20251118,180500,198.09,198.09,198.09,198.09,100,0
RXI.US,5,20251118,183000,197.37,197.399,197.32,197.399,1100,0
RXI.US,5,20251118,191000,198.72,198.72,198.72,198.72,100,0
RXI.US,5,20251118,192000,198.715,198.715,198.715,198.715,100,0
RXI.US,5,20251118,195000,198.66,198.66,198.66,198.66,100,0
RXI.US,5,20251118,202000,198.805,198.805,198.805,198.805,100,0
RXI.US,5,20251118,202500,198.51,198.51,198.51,198.51,100,0
RXI.US,5,20251118,210000,198.91,198.91,198.8,198.8,687,0
RXI.US,5,20251118,212500,198.47,198.47,198.47,198.47,100,0
RXI.US,5,20251118,213000,198.071,198.126,197.9236,197.9236,2830,0
RXI.US,5,20251118,214500,197.865,197.865,197.865,197.865,100,0
RXI.US,5,20251118,215000,198.03,198.03,198.03,198.03,200,0
RXI.US,5,20251118,215500,197.9226,197.9226,197.46,197.46,8279,0
RXI.US,5,20251119,160000,198.01,198.01,198.01,198.01,350,0
RXI.US,5,20251119,173000,197.42,197.42,197.42,197.42,100,0
RXI.US,5,20251119,175000,197.17,197.17,197.17,197.17,100,0
RXI.US,5,20251119,182000,197.125,197.125,197.125,197.125,100,0
RXI.US,5,20251119,184000,196.76,196.76,196.76,196.76,100,0
RXI.US,5,20251119,185000,197.12,197.12,197.12,197.12,115,0
RXI.US,5,20251119,193500,197.43,197.43,197.43,197.43,100,0
RXI.US,5,20251119,195500,197.59,197.59,197.59,197.59,100,0
RXI.US,5,20251119,202500,196.92,196.92,196.92,196.92,100,0
RXI.US,5,20251119,205500,197.11,197.11,197.11,197.11,100,0
RXI.US,5,20251119,210500,197.11,197.11,197.11,197.11,755,0
RXI.US,5,20251119,211000,197.18,197.18,197.18,197.18,100,0
RXI.US,5,20251119,211500,197.7,197.7,197.7,197.7,100,0
RXI.US,5,20251119,213000,197.445,197.445,197.445,197.445,100,0
RXI.US,5,20251119,213500,197.39,197.57,197.39,197.57,607,0
RXI.US,5,20251119,214500,197.305,197.305,197.305,197.305,175,0
RXI.US,5,20251119,215500,197.605,197.605,197.605,197.605,100,0
RXI.US,5,20251120,160000,199.53,199.53,199.53,199.53,298,0
RXI.US,5,20251120,184500,194.81,194.88,194.78,194.88,1825,0
RXI.US,5,20251120,193000,196.05,196.05,195.6301,195.6301,200,0
RXI.US,5,20251120,201500,195.29,195.29,195.29,195.29,100,0
RXI.US,5,20251120,210500,195.42,195.42,195.42,195.42,100,0
RXI.US,5,20251120,212000,195.54,195.54,195.54,195.54,100,0
RXI.US,5,20251120,213000,195.26,195.26,195.11,195.11,300,0
RXI.US,5,20251120,213500,194.895,194.895,194.895,194.895,100,0
RXI.US,5,20251120,214500,194.53,194.53,194.53,194.53,135,0
RXI.US,5,20251121,170000,195.82,195.82,195.82,195.82,200,0
RXI.US,5,20251121,183000,198.78,198.78,198.78,198.78,463,0
RXI.US,5,20251121,184500,198.6216,198.6216,198.6216,198.6216,100,0
RXI.US,5,20251121,194500,198.73,198.83,198.73,198.83,1200,0
RXI.US,5,20251121,212000,198.69,198.69,198.69,198.69,100,0
RXI.US,5,20251121,213000,198.38,198.38,198.34,198.34,1842,0
RXI.US,5,20251121,213500,198.77,198.77,198.77,198.77,100,0
RXI.US,5,20251121,215000,198.49,198.49,198.49,198.49,100,0
RXI.US,5,20251121,215500,198.21,198.21,198.21,198.21,196,0
RXI.US,5,20251124,163000,200.21,200.21,200.21,200.21,623,0
RXI.US,5,20251124,163500,200.17,200.17,200.17,200.17,2200,0
RXI.US,5,20251124,202000,200.34,200.34,200.34,200.34,155,0
RXI.US,5,20251124,203000,200.29,200.29,200.29,200.29,100,0
RXI.US,5,20251124,211500,200.08,200.08,200.08,200.08,100,0
RXI.US,5,20251124,215000,199.89,199.95,199.89,199.95,665,0
RXI.US,5,20251124,215500,200.14,200.14,200.14,200.14,100,0
RXI.US,5,20251125,161500,201.04,201.21,201.04,201.16,900,0
RXI.US,5,20251125,173000,202.09,202.09,202.09,202.09,100,0
RXI.US,5,20251125,173500,202.22,202.23,201.95,201.95,3671,0
RXI.US,5,20251125,175000,202.34,202.34,202.34,202.34,11298,0
RXI.US,5,20251125,183000,203.04,203.04,203.01,203.04,516,0
RXI.US,5,20251125,204500,202.675,202.675,202.675,202.675,100,0
RXI.US,5,20251125,210500,202.99,202.99,202.94,202.94,255,0
RXI.US,5,20251125,213500,203.095,203.095,203.095,203.095,189,0
RXI.US,5,20251125,214500,202.97,202.97,202.97,202.97,521,0
RXI.US,5,20251126,154500,204.03,204.03,204.03,204.03,100,0
RXI.US,5,20251126,155000,203.87,203.87,203.87,203.87,100,0
RXI.US,5,20251126,160500,203.85,203.85,203.85,203.85,100,0
RXI.US,5,20251126,162000,204.1,204.1,204.1,204.1,100,0
RXI.US,5,20251126,162500,204.225,204.225,204.225,204.225,100,0
RXI.US,5,20251126,163500,204.42,204.42,204.42,204.42,100,0
RXI.US,5,20251126,165000,204.21,204.21,204.07,204.07,300,0
RXI.US,5,20251126,183500,204.855,204.855,204.855,204.855,100,0
RXI.US,5,20251126,194500,204.23,204.24,204.18,204.24,1100,0
RXI.US,5,20251126,212500,204.82,204.82,204.745,204.745,200,0
RXI.US,5,20251126,213000,204.8,204.81,204.76,204.76,400,0
RXI.US,5,20251126,213500,204.81,204.81,204.78,204.78,700,0
RXI.US,5,20251126,214000,204.75,204.86,204.75,204.86,700,0
RXI.US,5,20251126,214500,204.83,204.93,204.79,204.79,900,0
RXI.US,5,20251126,215000,204.89,204.89,204.74,204.74,900,0
RXI.US,5,20251126,215500,204.79,204.8,204.66,204.73,2673,0
RXI.US,5,20251128,160500,204.95,204.95,204.94,204.94,700,0
RXI.US,5,20251128,161000,204.93,204.93,204.68,204.7,14023,0
RXI.US,5,20251128,164000,204.964,204.964,204.964,204.964,100,0
RXI.US,5,20251128,165000,205.26,205.27,205.26,205.27,300,0
RXI.US,5,20251128,180000,205.23,205.23,205.23,205.23,1080,0
RXI.US,5,20251128,185500,205.29,205.29,205.29,205.29,100,0
RXI.US,5,20251128,190000,205.37,205.37,205.37,205.37,846,0
RXI.US,5,20251201,160500,205.52,205.52,205.52,205.52,500,0
RXI.US,5,20251201,165000,205.57,205.59,205.55,205.55,1576,0
RXI.US,5,20251201,170000,205.8,205.8,205.8,205.8,174,0
RXI.US,5,20251201,171000,205.59,205.59,205.59,205.59,100,0
RXI.US,5,20251201,171500,205.51,205.51,205.51,205.51,2702,0
RXI.US,5,20251201,215000,205.32,205.32,205.32,205.32,100,0
RXI.US,5,20251202,163500,204.04,204.04,204.02,204.03,430,0
RXI.US,5,20251202,181500,204.511,204.511,204.511,204.511,245,0
RXI.US,5,20251202,193500,204.0701,204.0701,204.0701,204.0701,140,0
RXI.US,5,20251202,201000,204.62,204.62,204.62,204.62,155,0
RXI.US,5,20251202,205500,205.05,205.11,204.94,205.11,5444,0
RXI.US,5,20251202,211500,205.03,205.15,205.02,205.15,795,0
RXI.US,5,20251202,213000,205.02,205.02,205.02,205.02,100,0
RXI.US,5,20251202,215000,205.23,205.25,205.1,205.1,1260,0
RXI.US,5,20251203,160500,205.87,205.9244,205.87,205.9244,200,0
RXI.US,5,20251203,164000,205.78,205.78,205.78,205.78,1500,0
RXI.US,5,20251203,170000,205.67,205.67,205.67,205.67,100,0
RXI.US,5,20251203,172000,205.77,205.77,205.77,205.77,100,0
RXI.US,5,20251203,173000,205.84,205.84,205.84,205.84,139,0
RXI.US,5,20251203,200000,206.5,206.5,206.5,206.5,100,0
RXI.US,5,20251203,210500,206.26,206.26,206.26,206.26,550,0
RXI.US,5,20251204,160000,206.432,206.432,206.432,206.432,133,0
RXI.US,5,20251204,162000,206.3283,206.3283,206.3283,206.3283,110,0
RXI.US,5,20251204,183500,206.147,206.147,206.147,206.147,345,0
RXI.US,5,20251204,191500,206.21,206.21,206.21,206.21,100,0
RXI.US,5,20251204,200500,206.21,206.21,206.21,206.21,128,0
RXI.US,5,20251204,205500,205.96,205.98,205.96,205.98,2047,0
RXI.US,5,20251204,210000,205.94,205.94,205.94,205.94,475,0
RXI.US,5,20251204,213000,205.64,205.64,205.64,205.64,149,0
RXI.US,5,20251204,215000,206.01,206.01,206.01,206.01,100,0
RXI.US,5,20251204,215500,205.94,205.94,205.94,205.94,200,0
RXI.US,5,20251205,160500,207.07,207.07,207.07,207.07,1550,0
RXI.US,5,20251205,164000,207.4086,207.4086,207.4086,207.4086,153,0
RXI.US,5,20251205,165500,207.2033,207.2033,207.2033,207.2033,239,0
RXI.US,5,20251205,183500,206.73,206.73,206.73,206.73,2005,0
RXI.US,5,20251205,194000,207.35,207.35,207.35,207.35,100,0
RXI.US,5,20251205,195500,207.35,207.35,207.35,207.35,100,0
RXI.US,5,20251205,201000,207.27,207.27,207.27,207.27,100,0
RXI.US,5,20251205,202000,207.19,207.25,207.185,207.25,1108,0
RXI.US,5,20251205,202500,207.255,207.255,207.255,207.255,100,0
RXI.US,5,20251205,203500,207.28,207.28,207.28,207.28,100,0
RXI.US,5,20251205,205000,207.215,207.215,207.215,207.215,100,0
RXI.US,5,20251205,210500,207.34,207.34,207.34,207.34,100,0
RXI.US,5,20251205,211500,207.34,207.34,207.34,207.34,100,0
RXI.US,5,20251205,212000,207.21,207.21,207.21,207.21,945,0
RXI.US,5,20251205,212500,207.21,207.21,207.21,207.21,100,0
RXI.US,5,20251205,213500,207.18,207.18,207.18,207.18,100,0
RXI.US,5,20251205,214000,207.185,207.185,207.185,207.185,100,0
RXI.US,5,20251205,215000,207.11,207.11,207.03,207.03,510,0
RXI.US,5,20251205,215500,207.17,207.21,207.17,207.21,302,0
RXI.US,5,20251208,183500,204.5812,204.5812,204.38,204.38,320,0
RXI.US,5,20251208,184500,204.46,204.46,204.46,204.46,130,0
RXI.US,5,20251208,212500,204.37,204.37,204.37,204.37,100,0
RXI.US,5,20251208,213500,204.28,204.28,204.28,204.28,115,0
RXI.US,5,20251209,161500,204.12,204.12,204.04,204.08,416,0
RXI.US,5,20251209,174500,204.38,204.38,204.38,204.38,2925,0
RXI.US,5,20251209,180500,204.435,204.435,204.3386,204.345,650,0
RXI.US,5,20251209,183000,204.15,204.15,204.15,204.15,100,0
RXI.US,5,20251209,183500,204.1532,204.1532,204.1532,204.1532,430,0
RXI.US,5,20251209,211000,204.345,204.345,204.345,204.345,140,0
RXI.US,5,20251209,212000,204.32,204.32,204.15,204.15,1371,0
RXI.US,5,20251209,212500,204.13,204.13,204.09,204.09,575,0
RXI.US,5,20251209,213000,204.02,204.02,204.02,204.02,100,0
RXI.US,5,20251209,215000,204.14,204.14,204.13,204.13,500,0
RXI.US,5,20251210,172500,205.02,205.02,205.02,205.02,100,0
RXI.US,5,20251210,203000,205.59,205.59,205.59,205.59,100,0
RXI.US,5,20251210,203500,206.01,206.06,206,206.06,2174,0
RXI.US,5,20251210,205000,205.7516,205.7516,205.7516,205.7516,111,0
RXI.US,5,20251210,212500,207.23,207.23,207.23,207.23,100,0
RXI.US,5,20251210,215000,207.02,207.02,207.02,207.02,700,0
RXI.US,5,20251210,215500,206.955,206.955,206.7,206.75,1500,0
RXI.US,5,20251211,160000,206.92,206.92,206.92,206.92,100,0
RXI.US,5,20251211,202500,207.7914,207.7914,207.7914,207.7914,259,0
RXI.US,5,20251211,211000,207.7,207.7,207.7,207.7,8905,0
RXI.US,5,20251212,154000,209.23,209.26,209.23,209.26,1300,0
RXI.US,5,20251212,155000,209.19,209.19,209.19,209.19,100,0
RXI.US,5,20251212,155500,209.45,209.45,209.45,209.45,100,0
RXI.US,5,20251212,160000,209.1,209.12,209.1,209.12,3995,0
RXI.US,5,20251212,160500,208.865,208.865,208.865,208.865,200,0
RXI.US,5,20251212,162000,208.4001,208.4001,208.4001,208.4001,100,0
RXI.US,5,20251212,163000,208.26,208.3,208.105,208.3,2255,0
RXI.US,5,20251212,170000,207.7879,207.7879,207.7879,207.7879,235,0
RXI.US,5,20251212,171000,207.68,207.68,207.68,207.68,200,0
RXI.US,5,20251212,171500,207.735,207.735,207.735,207.735,100,0
RXI.US,5,20251212,180000,207.62,207.62,207.62,207.62,233,0
RXI.US,5,20251212,183000,208.1175,208.1175,208.1175,208.1175,185,0
RXI.US,5,20251215,163500,209.6755,209.6755,209.6755,209.6755,125,0
RXI.US,5,20251215,175000,209.48,209.48,209.48,209.48,100,0
RXI.US,5,20251215,195000,209.32,209.32,209.32,209.32,1446,0
RXI.US,5,20251215,213500,209.935,209.935,209.935,209.935,100,0
RXI.US,5,20251215,214500,209.76,209.76,209.74,209.74,1000,0
RXI.US,5,20251216,184000,207.6159,207.6159,207.6159,207.6159,150,0
RXI.US,5,20251216,204000,207.3663,207.3663,207.3663,207.3663,230,0
RXI.US,5,20251216,210000,207.72,207.72,207.7104,207.7104,270,0
RXI.US,5,20251216,210500,207.7652,207.7652,207.7652,207.7652,200,0
RXI.US,5,20251216,212000,207.805,207.805,207.805,207.805,100,0
RXI.US,5,20251216,215000,207.9,207.9,207.89,207.89,450,0
RXI.US,5,20251216,215500,208.065,208.065,207.87,207.87,600,0
RXI.US,5,20251217,160000,208.03,208.03,208.03,208.03,1577,0
RXI.US,5,20251217,192500,206.51,206.51,206.51,206.51,100,0
RXI.US,5,20251217,194000,206.11,206.11,206.11,206.11,100,0
RXI.US,5,20251217,195500,206.1,206.1,206.1,206.1,100,0
RXI.US,5,20251217,201000,206.09,206.09,206.09,206.09,100,0
RXI.US,5,20251217,202500,206.03,206.03,206.03,206.03,100,0
RXI.US,5,20251217,204000,206.21,206.21,206.21,206.21,100,0
RXI.US,5,20251217,205500,206.26,206.26,206.26,206.26,100,0
RXI.US,5,20251217,210500,206.27,206.27,206.27,206.27,100,0
RXI.US,5,20251217,211000,206.22,206.4,206.13,206.4,2155,0
RXI.US,5,20251217,213000,206.28,206.28,205.99,205.99,200,0
RXI.US,5,20251217,214000,206.15,206.15,206.105,206.105,200,0
RXI.US,5,20251217,215500,205.68,205.68,205.68,205.68,200,0
RXI.US,5,20251218,171500,209.6,209.6,209.6,209.6,733,0
RXI.US,5,20251218,182500,207.8409,207.8409,207.8409,207.8409,132,0
RXI.US,5,20251218,184500,208.59,208.59,208.59,208.59,100,0
RXI.US,5,20251218,194000,208.68,208.68,208.68,208.68,3710,0
RXI.US,5,20251218,195000,208.54,208.54,208.54,208.54,1135,0
RXI.US,5,20251218,210000,208.105,208.13,208.105,208.13,200,0
RXI.US,5,20251218,211000,208.06,208.06,208.05,208.05,326,0
RXI.US,5,20251219,160500,208,208,208,208,200,0
RXI.US,5,20251219,164000,208.0119,208.0119,208.0119,208.0119,100,0
RXI.US,5,20251219,174000,207.76,207.76,207.76,207.76,300,0
RXI.US,5,20251219,175500,207.8205,207.8205,207.8205,207.8205,240,0
RXI.US,5,20251219,183500,207.89,207.89,207.89,207.89,955,0
RXI.US,5,20251219,193500,208.14,208.14,208.13,208.13,500,0
RXI.US,5,20251219,195000,207.98,208.01,207.97,208.01,400,0
RXI.US,5,20251219,195500,208.0497,208.0497,207.87,207.87,377,0
RXI.US,5,20251219,211000,208.12,208.12,208.12,208.12,648,0
RXI.US,5,20251219,215500,207.33,207.35,207.33,207.34,300,0
RXI.US,5,20251222,184000,208.71,208.71,208.71,208.71,220,0
RXI.US,5,20251222,211000,208.5492,208.5492,208.5492,208.5492,380,0
RXI.US,5,20251223,160000,208.0356,208.0356,208.0356,208.0356,100,0
RXI.US,5,20251223,175000,207.92,208.15,207.9,207.9,2327,0
RXI.US,5,20251223,183000,207.886,207.886,207.83,207.83,1100,0
RXI.US,5,20251223,202500,207.97,207.97,207.95,207.96,600,0
RXI.US,5,20251223,204000,208.055,208.055,208.055,208.055,168,0
RXI.US,5,20251223,204500,207.99,207.99,207.99,207.99,155,0
RXI.US,5,20251223,210500,208.08,208.35,208.05,208.35,1015,0
RXI.US,5,20251223,215000,208.02,208.02,208.02,208.02,350,0
RXI.US,5,20251226,154000,208.59,208.59,208.59,208.59,100,0
RXI.US,5,20251229,193500,206.86,206.86,206.86,206.86,100,0
RXI.US,5,20251229,203000,206.899,206.899,206.899,206.899,440,0
RXI.US,5,20251229,210500,206.97,206.97,206.97,206.97,1280,0
RXI.US,5,20251230,154000,206.87,206.87,206.87,206.87,790,0
RXI.US,5,20251230,160000,206.88,206.88,206.88,206.88,100,0
RXI.US,5,20251230,182500,206.99,206.99,206.99,206.99,120,0
RXI.US,5,20251230,202000,206.9771,206.9771,206.9771,206.9771,100,0
RXI.US,5,20251231,160000,205.898,205.898,205.898,205.898,150,0
RXI.US,5,20251231,164500,205.65,205.65,205.65,205.65,100,0
RXI.US,5,20251231,173500,205.445,205.445,205.445,205.445,121,0
RXI.US,5,20251231,203500,205.725,205.725,205.725,205.725,600,0
RXI.US,5,20251231,211000,205.42,205.42,205.42,205.42,230,0
RXI.US,5,20251231,215500,205.26,205.26,205.26,205.26,215,0
RXI.US,5,20260102,160000,206.35,206.35,206.35,206.35,400,0
RXI.US,5,20260102,164500,205.6,205.6,205.6,205.6,125,0
RXI.US,5,20260102,172000,205.485,205.5,205.485,205.4999,3300,0
RXI.US,5,20260102,183500,205.54,205.54,205.54,205.54,109,0
RXI.US,5,20260102,195000,204.87,204.87,204.87,204.87,100,0
RXI.US,5,20260102,200000,205.13,205.13,205.13,205.13,105,0
RXI.US,5,20260102,205000,205.8101,205.8101,205.8101,205.8101,300,0
RXI.US,5,20260102,210500,205.94,205.94,205.94,205.94,430,0
RXI.US,5,20260102,211000,205.945,205.945,205.945,205.945,150,0
RXI.US,5,20260102,212500,205.85,205.85,205.85,205.85,100,0
RXI.US,5,20260102,215500,205.79,205.79,205.79,205.79,119,0
RXI.US,5,20260105,153000,205.808,205.808,205.808,205.808,100,0
RXI.US,5,20260105,153500,205.81,205.94,205.73,205.94,9885,0
RXI.US,5,20260105,154000,206.42,206.42,206.42,206.42,200,0
RXI.US,5,20260105,154500,206.42,206.54,206.42,206.54,5082,0
RXI.US,5,20260105,155000,206.46,206.46,206.46,206.46,100,0
RXI.US,5,20260105,160000,206.64,206.83,206.64,206.83,275,0
RXI.US,5,20260105,160500,206.9,206.9,206.9,206.9,760,0
RXI.US,5,20260105,161000,206.985,207.03,206.985,207.03,400,0
RXI.US,5,20260105,162000,207.15,207.17,207.15,207.17,200,0
RXI.US,5,20260105,162500,207.27,207.27,207.27,207.27,210,0
RXI.US,5,20260105,164000,207.1001,207.1329,207.1,207.1329,621,0
RXI.US,5,20260105,174000,207.515,207.515,207.515,207.515,600,0
RXI.US,5,20260105,181500,208.08,208.08,208.08,208.08,800,0
RXI.US,5,20260105,183500,208.2,208.2,208.2,208.2,550,0
RXI.US,5,20260105,194500,207.88,207.88,207.88,207.88,100,0
RXI.US,5,20260105,211000,207.95,208.07,207.95,208.07,905,0
RXI.US,5,20260105,212000,207.85,207.85,207.85,207.85,100,0
RXI.US,5,20260106,153000,206.28,206.28,206.28,206.28,400,0
RXI.US,5,20260106,170500,207.1761,207.1761,207.1761,207.1761,100,0
RXI.US,5,20260106,172000,207.37,207.37,207.37,207.37,110,0
RXI.US,5,20260106,174000,206.9801,206.9801,206.9801,206.9801,441,0
RXI.US,5,20260106,175500,207.0275,207.0275,207.0275,207.0275,101,0
RXI.US,5,20260106,181500,207.43,207.43,207.43,207.43,400,0
RXI.US,5,20260106,182500,207.62,207.62,207.6,207.6,1004,0
RXI.US,5,20260106,183000,207.6,207.6,207.5931,207.5931,328,0
RXI.US,5,20260106,185500,207.585,207.585,207.57,207.57,250,0
RXI.US,5,20260106,190000,207.6,207.6,207.6,207.6,712,0
RXI.US,5,20260106,204000,207.97,207.97,207.97,207.97,108,0
RXI.US,5,20260106,205000,207.8,207.95,207.8,207.95,323,0
RXI.US,5,20260106,211500,208,208,208,208,1395,0
RXI.US,5,20260106,212000,207.83,207.83,207.83,207.83,100,0
RXI.US,5,20260106,214000,208,208,208,208,162,0
RXI.US,5,20260107,153000,207.42,207.42,207.42,207.42,155,0
RXI.US,5,20260107,153500,207.75,207.75,207.75,207.75,100,0
RXI.US,5,20260107,163500,207.19,207.19,207.19,207.19,170,0
RXI.US,5,20260107,170000,207.3732,207.375,207.37,207.375,790,0
RXI.US,5,20260107,171000,207.3,207.3,207.3,207.3,100,0
RXI.US,5,20260107,171500,207.36,207.36,207.36,207.36,200,0
RXI.US,5,20260107,172000,207.36,207.42,207.36,207.42,200,0
RXI.US,5,20260107,172500,207.38,207.38,207.32,207.32,300,0
RXI.US,5,20260107,173000,207.34,207.36,207.34,207.35,300,0
RXI.US,5,20260107,173500,207.4,207.42,207.4,207.42,200,0
RXI.US,5,20260107,174000,207.43,207.49,207.41,207.49,300,0
RXI.US,5,20260107,174500,207.55,207.55,207.54,207.54,200,0
RXI.US,5,20260107,175000,207.55,207.62,207.55,207.62,600,0
RXI.US,5,20260107,180000,207.59,207.59,207.59,207.59,100,0
RXI.US,5,20260107,180500,207.63,207.71,207.63,207.71,200,0
RXI.US,5,20260107,181000,207.61,207.61,207.57,207.57,200,0
RXI.US,5,20260107,181500,207.57,207.63,207.57,207.63,200,0
RXI.US,5,20260107,182000,207.61,207.61,207.61,207.61,100,0
RXI.US,5,20260107,182500,207.65,207.71,207.65,207.71,200,0
RXI.US,5,20260107,183000,207.66,207.66,207.66,207.66,100,0
RXI.US,5,20260107,183500,207.63,207.72,207.63,207.72,580,0
RXI.US,5,20260107,184000,207.65,207.66,207.65,207.66,200,0
RXI.US,5,20260107,184500,207.55,207.55,207.55,207.55,100,0
RXI.US,5,20260107,185000,207.53,207.53,207.41,207.41,200,0
RXI.US,5,20260107,185500,207.44,207.44,207.44,207.44,100,0
RXI.US,5,20260107,190000,207.42,207.42,207.39,207.41,300,0
RXI.US,5,20260107,190500,207.31,207.31,207.24,207.24,200,0
RXI.US,5,20260107,191500,207.18,207.18,207.18,207.18,100,0
RXI.US,5,20260107,192000,207.1,207.1,207.1,207.1,100,0
RXI.US,5,20260107,192500,207.04,207.04,207.04,207.04,100,0
RXI.US,5,20260107,193000,207.02,207.06,207.02,207.06,200,0
RXI.US,5,20260107,193500,207.07,207.07,207.07,207.07,100,0
RXI.US,5,20260107,194000,207.17,207.17,207.15,207.15,200,0
RXI.US,5,20260107,194500,207.17,207.17,207.17,207.17,100,0
RXI.US,5,20260107,195000,207.2,207.2,207.2,207.2,100,0
RXI.US,5,20260107,195500,207.11,207.11,207.06,207.06,200,0
RXI.US,5,20260107,200000,207.08,207.08,207.08,207.08,100,0
RXI.US,5,20260107,200500,207.02,207.02,206.99,206.99,200,0
RXI.US,5,20260107,201000,206.93,206.93,206.93,206.93,100,0
RXI.US,5,20260107,201500,206.89,206.89,206.89,206.89,100,0
RXI.US,5,20260107,202000,206.88,206.88,206.82,206.82,200,0
RXI.US,5,20260107,203000,207.03,207.05,207.03,207.05,200,0
RXI.US,5,20260107,203500,207.2,207.31,207.2,207.31,3000,0
RXI.US,5,20260107,204500,207.06,207.06,207.06,207.06,100,0
RXI.US,5,20260107,205000,207.04,207.04,207.04,207.04,100,0
RXI.US,5,20260107,205500,207.19,207.19,207.03,207.03,200,0
RXI.US,5,20260107,210000,207.17,207.17,207.0755,207.0755,218,0
RXI.US,5,20260107,210500,206.94,206.94,206.82,206.82,300,0
RXI.US,5,20260107,211000,206.86,206.86,206.83,206.83,200,0
RXI.US,5,20260107,211500,206.865,206.865,206.865,206.865,300,0
RXI.US,5,20260107,212000,206.975,206.975,206.975,206.975,100,0
RXI.US,5,20260107,212500,206.915,206.925,206.915,206.925,200,0
RXI.US,5,20260107,213000,206.865,206.865,206.865,206.865,100,0
RXI.US,5,20260107,214000,206.6,206.64,206.6,206.64,200,0
RXI.US,5,20260107,214500,206.54,206.55,206.54,206.55,300,0
RXI.US,5,20260107,215000,206.52,206.52,206.52,206.52,200,0
RXI.US,5,20260107,215500,206.44,206.44,206.23,206.23,600,0
RXI.US,5,20260108,153500,205.9081,205.9081,205.9081,205.9081,110,0
RXI.US,5,20260108,154000,206.26,206.37,206.26,206.3,5300,0
RXI.US,5,20260108,154500,206.26,206.985,206.18,206.985,500,0
RXI.US,5,20260108,155500,207.28,207.28,207.28,207.28,100,0
RXI.US,5,20260108,160000,207.34,207.34,207.34,207.34,200,0
RXI.US,5,20260108,160500,207.91,207.91,207.91,207.91,100,0
RXI.US,5,20260108,163000,208.74,208.74,208.74,208.74,100,0
RXI.US,5,20260108,163500,208.73,208.73,208.67,208.67,455,0
RXI.US,5,20260108,164000,208.8,208.8,208.8,208.8,100,0
RXI.US,5,20260108,164500,208.73,208.73,208.66,208.66,1000,0
RXI.US,5,20260108,165000,208.75,208.75,208.75,208.75,100,0
RXI.US,5,20260108,165500,208.7,209.05,208.7,209.05,300,0
RXI.US,5,20260108,170000,209.03,209.03,209.01,209.02,400,0
RXI.US,5,20260108,170500,208.79,208.79,208.79,208.79,100,0
RXI.US,5,20260108,171500,208.7101,208.7101,208.7101,208.7101,120,0
RXI.US,5,20260108,172000,208.88,208.89,208.88,208.89,200,0
RXI.US,5,20260108,173500,209,209,209,209,100,0
RXI.US,5,20260108,174500,209.18,209.18,209.18,209.18,100,0
RXI.US,5,20260108,175000,209.07,209.07,209.07,209.07,100,0
RXI.US,5,20260108,175500,209.17,209.17,209.17,209.17,100,0
RXI.US,5,20260108,183000,209.56,209.56,209.56,209.56,1120,0
RXI.US,5,20260108,190500,209.64,209.64,209.64,209.64,100,0
RXI.US,5,20260108,191000,209.52,209.52,209.51,209.51,200,0
RXI.US,5,20260108,193500,209.46,209.63,209.46,209.63,5174,0
RXI.US,5,20260108,200000,209.49,209.56,209.49,209.56,900,0
RXI.US,5,20260108,200500,209.5634,209.5634,209.5634,209.5634,155,0
RXI.US,5,20260108,211500,209.55,209.63,209.47,209.47,3628,0
RXI.US,5,20260108,212500,209.365,209.365,209.365,209.365,100,0
RXI.US,5,20260108,215000,209.48,209.48,209.48,209.48,100,0
RXI.US,5,20260108,215500,209.6594,209.68,209.595,209.68,813,0
RXI.US,5,20260109,154000,210.53,210.53,210.53,210.53,100,0
RXI.US,5,20260109,160000,210.42,210.66,210.39,210.66,500,0
RXI.US,5,20260109,160500,209.43,209.43,209.43,209.43,100,0
RXI.US,5,20260109,162000,210.64,210.64,210.64,210.64,100,0
RXI.US,5,20260109,165000,210.68,210.68,210.68,210.68,100,0
RXI.US,5,20260109,165500,210.885,210.94,210.868,210.94,2043,0
RXI.US,5,20260109,183000,211.6171,211.6171,211.6171,211.6171,305,0
RXI.US,5,20260109,183500,211.6447,211.6447,211.6447,211.6447,395,0
RXI.US,5,20260109,184500,211.5704,211.5704,211.5704,211.5704,360,0
RXI.US,5,20260109,185500,211.5501,211.5501,211.5501,211.5501,100,0
RXI.US,5,20260109,190500,211.6389,211.6389,211.6389,211.6389,300,0
RXI.US,5,20260109,193000,211.645,211.645,211.645,211.645,100,0
RXI.US,5,20260109,212500,211.88,211.88,211.88,211.88,100,0
RXI.US,5,20260109,214000,211.96,211.96,211.96,211.96,146,0
RXI.US,5,20260109,215500,211.96,211.96,211.96,211.96,204,0
RXI.US,5,20260112,162500,213.19,213.19,213.19,213.19,100,0
RXI.US,5,20260112,175000,213.52,213.57,213.345,213.48,7399,0
RXI.US,5,20260112,180000,213.6,213.6,213.6,213.6,100,0
RXI.US,5,20260112,180500,213.685,213.685,213.685,213.685,449,0
RXI.US,5,20260112,184000,213.64,213.64,213.64,213.64,1420,0
RXI.US,5,20260112,184500,213.77,213.77,213.77,213.77,100,0
RXI.US,5,20260112,190000,213.65,213.65,213.65,213.65,100,0
RXI.US,5,20260112,203500,213.67,213.67,213.67,213.67,100,0
RXI.US,5,20260112,204000,213.625,213.625,213.625,213.625,805,0
RXI.US,5,20260112,204500,213.625,213.625,213.625,213.625,200,0
RXI.US,5,20260112,210500,213.52,213.52,213.52,213.52,1865,0
RXI.US,5,20260112,211000,213.585,213.585,213.56,213.57,400,0
RXI.US,5,20260112,214000,213.54,213.56,213.38,213.38,8894,0
RXI.US,5,20260112,214500,213.48,213.555,213.48,213.555,2000,0
RXI.US,5,20260112,215000,213.48,213.48,213.36,213.36,300,0
RXI.US,5,20260113,154500,212.98,212.98,212.98,212.98,100,0
RXI.US,5,20260113,160500,212.76,212.76,212.76,212.76,100,0
RXI.US,5,20260113,161000,212.71,212.71,212.71,212.71,100,0
RXI.US,5,20260113,162500,212.03,212.03,212.03,212.03,100,0
RXI.US,5,20260113,165000,212.685,212.685,212.685,212.685,100,0
RXI.US,5,20260113,192000,212.425,212.5,212.425,212.5,1500,0
RXI.US,5,20260113,192500,212.425,212.5,212.42,212.5,1100,0
RXI.US,5,20260113,193000,212.49,212.49,212.49,212.49,200,0
RXI.US,5,20260113,200500,212.21,212.21,212.21,212.21,2833,0
RXI.US,5,20260113,201500,212.21,212.21,212.21,212.21,100,0
RXI.US,5,20260113,202500,212.265,212.265,212.265,212.265,200,0
RXI.US,5,20260113,211000,212.58,212.58,212.58,212.58,100,0
RXI.US,5,20260113,213000,212.45,212.45,212.45,212.45,100,0
RXI.US,5,20260113,214000,212.51,212.51,212.51,212.51,100,0
RXI.US,5,20260113,214500,212.63,212.63,212.63,212.63,20595,0
RXI.US,5,20260113,215000,212.65,212.65,212.65,212.65,100,0
RXI.US,5,20260113,215500,212.71,212.71,212.71,212.71,100,0
RXI.US,5,20260114,163500,210.935,210.935,210.935,210.935,100,0
RXI.US,5,20260114,164000,211.19,211.19,211.19,211.19,200,0
RXI.US,5,20260114,172000,211.14,211.14,211.14,211.14,100,0
RXI.US,5,20260114,172500,211.355,211.355,211.355,211.355,100,0
RXI.US,5,20260114,173000,211.41,211.41,211.41,211.41,100,0
RXI.US,5,20260114,180000,210.48,210.48,210.48,210.48,192,0
RXI.US,5,20260114,192000,210.305,210.305,210.22,210.22,2340,0
RXI.US,5,20260114,192500,210.225,210.25,210.225,210.25,200,0
RXI.US,5,20260114,193500,209.98,209.98,209.98,209.98,100,0
RXI.US,5,20260114,195500,210.2,210.2,210.2,210.2,100,0
RXI.US,5,20260114,210000,210.13,210.17,210.13,210.17,200,0
RXI.US,5,20260114,215000,210.4,210.77,210.4,210.49,3492,0
RXI.US,5,20260114,215500,210.89,210.89,210.89,210.89,100,0
RXI.US,5,20260115,160000,210.8164,210.8164,210.8,210.8,4395,0
RXI.US,5,20260115,160500,210.78,210.78,210.78,210.78,100,0
RXI.US,5,20260115,164000,211.2968,211.52,211.2968,211.52,210,0
RXI.US,5,20260115,164500,211.145,211.145,211.145,211.145,100,0
RXI.US,5,20260115,183000,211.16,211.16,211.16,211.16,1230,0
RXI.US,5,20260115,185000,211.2,211.2,211.2,211.2,301,0
RXI.US,5,20260115,202500,211.23,211.23,211.23,211.23,100,0
RXI.US,5,20260115,215500,210.92,210.92,210.92,210.92,159,0
RXI.US,5,20260116,154000,210.06,210.06,209.77,209.77,200,0
RXI.US,5,20260116,155000,209.83,209.83,209.83,209.83,200,0
RXI.US,5,20260116,160500,209.68,209.68,209.68,209.68,275,0
RXI.US,5,20260116,164000,209.05,209.05,209.05,209.05,106,0
RXI.US,5,20260116,171000,209.55,209.56,209.465,209.465,3263,0
RXI.US,5,20260116,172000,209.54,209.54,209.54,209.54,200,0
RXI.US,5,20260116,173000,209.585,209.585,209.585,209.585,200,0
RXI.US,5,20260116,181500,209.43,209.43,209.43,209.43,100,0
RXI.US,5,20260116,183000,209.42,209.42,209.42,209.42,1555,0
RXI.US,5,20260116,183500,209.33,209.425,209.33,209.425,300,0
RXI.US,5,20260116,200000,209.425,209.425,209.425,209.425,100,0
RXI.US,5,20260116,200500,209.645,209.645,209.645,209.645,140,0
RXI.US,5,20260116,203500,209.54,209.54,209.54,209.54,100,0
RXI.US,5,20260116,211000,209.52,209.52,209.52,209.52,100,0
RXI.US,5,20260116,212000,209.44,209.44,209.44,209.44,100,0
RXI.US,5,20260116,213000,209.315,209.315,209.315,209.315,100,0
RXI.US,5,20260116,215000,209.47,209.495,209.47,209.495,300,0
RXI.US,5,20260116,215500,209.27,209.27,209.27,209.27,171,0
RXI.US,5,20260120,154000,205.95,205.95,205.95,205.95,251,0
RXI.US,5,20260120,154500,205.9855,205.9855,205.9855,205.9855,258,0
RXI.US,5,20260120,155000,206.59,206.6,206.59,206.6,1100,0
RXI.US,5,20260120,164000,206.4699,206.4699,206.305,206.305,303,0
RXI.US,5,20260120,170500,206.31,206.31,206.31,206.31,100,0
RXI.US,5,20260120,183500,205.89,205.89,205.89,205.89,730,0
RXI.US,5,20260120,205000,204.45,204.45,204.45,204.45,397,0
RXI.US,5,20260120,210500,204.3645,204.3645,204.2708,204.2708,275,0
RXI.US,5,20260120,213500,204.505,204.64,204.505,204.59,821,0
RXI.US,5,20260120,214500,204.67,204.71,204.54,204.71,3040,0
RXI.US,5,20260120,215000,204.3,204.3,204.3,204.3,100,0
RXI.US,5,20260120,215500,204.58,204.68,204.58,204.68,582,0
RXI.US,5,20260121,162000,207.08,207.08,207.08,207.08,184,0
RXI.US,5,20260121,162500,207.18,207.43,207.18,207.43,2574,0
RXI.US,5,20260121,163000,207.77,207.77,207.77,207.77,100,0
RXI.US,5,20260121,170500,207.84,207.85,207.83,207.845,600,0
RXI.US,5,20260121,172500,207.5,207.5,207.5,207.5,100,0
RXI.US,5,20260121,174000,207.115,207.115,207.115,207.115,100,0
RXI.US,5,20260121,181500,206.28,206.28,206.28,206.28,200,0
RXI.US,5,20260121,183000,206.7217,206.7217,206.7217,206.7217,248,0
RXI.US,5,20260121,184500,206.45,206.45,206.45,206.45,100,0
RXI.US,5,20260121,185000,206.57,206.58,206.57,206.575,500,0
RXI.US,5,20260121,192000,206.765,206.765,206.765,206.765,170,0
RXI.US,5,20260121,194500,207.11,207.11,207.11,207.11,100,0
RXI.US,5,20260121,201000,206.996,206.996,206.996,206.996,105,0
RXI.US,5,20260121,201500,207.12,207.12,207.12,207.12,100,0
RXI.US,5,20260121,205500,209.25,209.25,209.25,209.25,100,0
RXI.US,5,20260121,212000,208.83,208.83,208.83,208.83,100,0
RXI.US,5,20260121,214000,208.89,208.9,208.89,208.9,200,0
RXI.US,5,20260121,215000,208.72,208.91,208.72,208.91,383,0
RXI.US,5,20260122,161000,210.14,210.14,210.1,210.1,200,0
RXI.US,5,20260122,161500,210.3207,210.3207,210.3207,210.3207,105,0
RXI.US,5,20260122,172500,210.835,210.835,210.83,210.83,200,0
RXI.US,5,20260122,180500,210.645,210.645,210.645,210.645,100,0
RXI.US,5,20260122,191000,211.1799,211.1799,210.97,210.97,223,0
RXI.US,5,20260122,194000,210.9483,210.9483,210.9483,210.9483,100,0
RXI.US,5,20260122,195000,210.88,210.88,210.88,210.88,100,0
RXI.US,5,20260122,203000,210.72,210.72,210.72,210.72,100,0
RXI.US,5,20260122,205000,210.39,210.39,210.39,210.39,166,0
RXI.US,5,20260122,205500,210.295,210.295,210.295,210.295,100,0
RXI.US,5,20260122,210000,210.215,210.215,210.215,210.215,100,0
RXI.US,5,20260122,212500,210.35,210.35,210.35,210.35,100,0
RXI.US,5,20260122,214500,210.5,210.54,210.385,210.405,3199,0
RXI.US,5,20260122,215000,210.475,210.475,210.475,210.475,100,0
RXI.US,5,20260122,215500,210.48,210.48,210.48,210.48,100,0
RXI.US,5,20260123,162000,209.36,209.36,209.36,209.36,100,0
RXI.US,5,20260123,164500,209.6511,209.6511,209.6511,209.6511,105,0
RXI.US,5,20260123,172500,209.88,209.94,209.88,209.94,300,0
RXI.US,5,20260123,174500,209.9,209.94,209.83,209.94,800,0
RXI.US,5,20260123,175000,209.9,209.98,209.8,209.81,800,0
RXI.US,5,20260123,175500,209.78,209.81,209.78,209.8,700,0
RXI.US,5,20260123,180000,209.81,209.93,209.76,209.93,800,0
RXI.US,5,20260123,180500,209.87,209.94,209.86,209.94,700,0
RXI.US,5,20260123,181000,209.9,209.98,209.88,209.98,800,0
RXI.US,5,20260123,181500,209.99,209.99,209.9,209.97,700,0
RXI.US,5,20260123,182000,209.97,210.01,209.89,209.93,800,0
RXI.US,5,20260123,182500,209.95,210.04,209.95,210.04,500,0
RXI.US,5,20260123,193500,209.8308,209.8308,209.8308,209.8308,358,0
RXI.US,5,20260123,202000,210.1906,210.1906,210.06,210.06,250,0
RXI.US,5,20260123,213500,209.89,209.89,209.89,209.89,275,0
