<TICKER>,<PER>,<DATE>,<TIME>,<OPEN>,<HIGH>,<LOW>,<CLOSE>,<VOL>,<OPENINT>
AFOS.US,5,20250903,155500,28.1199,28.1199,28.1,28.1,925,0
AFOS.US,5,20250912,211500,29.27,29.27,29.27,29.27,468,0
AFOS.US,5,20250912,213000,29.25,29.25,29.25,29.25,400,0
AFOS.US,5,20250912,215500,29.23,29.23,29.23,29.23,988,0
AFOS.US,5,20250915,193000,29.4502,29.4502,29.4502,29.4502,350,0
AFOS.US,5,20250917,153000,29.66,29.66,29.66,29.66,100,0
AFOS.US,5,20250918,175000,29.83,29.84,29.83,29.84,700,0
AFOS.US,5,20250919,153000,30.21,30.21,30.21,30.21,102,0
AFOS.US,5,20250919,153500,30.08,30.08,30.08,30.08,114,0
AFOS.US,5,20250922,165000,30.15,30.15,30.1175,30.15,2152,0
AFOS.US,5,20250923,153000,30.61,30.61,30.61,30.61,110,0
AFOS.US,5,20250924,175000,29.98,29.98,29.98,29.98,172,0
AFOS.US,5,20250925,180000,29.6825,29.6825,29.6825,29.6825,1205,0
AFOS.US,5,20250929,162000,30.28,30.28,30.28,30.28,510,0
AFOS.US,5,20250929,210000,30.2125,30.2125,30.2125,30.2125,1000,0
AFOS.US,5,20250929,210500,30.2135,30.24,30.1972,30.1972,3294,0
AFOS.US,5,20250929,211000,30.1988,30.1988,30.1988,30.1988,500,0
AFOS.US,5,20250930,180500,30.34,30.3401,30.34,30.3401,400,0
AFOS.US,5,20250930,200000,30.36,30.3601,30.36,30.3601,674,0
AFOS.US,5,20251001,163000,30.95,30.95,30.9499,30.9499,290,0
AFOS.US,5,20251001,164000,30.95,30.95,30.95,30.95,100,0
AFOS.US,5,20251001,175000,31.08,31.08,31.08,31.08,360,0
AFOS.US,5,20251001,181000,31.07,31.07,31.07,31.07,600,0
AFOS.US,5,20251001,212000,31.2135,31.2399,31.2,31.2,1000,0
AFOS.US,5,20251002,153000,31.67,31.67,31.67,31.67,160,0
AFOS.US,5,20251002,214000,31.32,31.32,31.32,31.32,960,0
AFOS.US,5,20251002,215500,31.338,31.338,31.338,31.338,200,0
AFOS.US,5,20251003,153000,31.5,31.5,31.5,31.5,320,0
AFOS.US,5,20251003,154000,31.51,31.52,31.495,31.495,4579,0
AFOS.US,5,20251003,155000,31.5199,31.5199,31.5199,31.5199,125,0
AFOS.US,5,20251003,185500,31.67,31.67,31.67,31.67,950,0
AFOS.US,5,20251003,192000,31.5265,31.5265,31.5265,31.5265,100,0
AFOS.US,5,20251003,192500,31.49,31.49,31.46,31.46,974,0
AFOS.US,5,20251003,194500,31.39,31.39,31.39,31.39,795,0
AFOS.US,5,20251003,202000,31.45,31.45,31.45,31.45,380,0
AFOS.US,5,20251006,155500,31.7935,31.7935,31.7935,31.7935,314,0
AFOS.US,5,20251006,163000,31.66,31.66,31.66,31.66,100,0
AFOS.US,5,20251006,165500,31.7186,31.7186,31.7186,31.7186,300,0
AFOS.US,5,20251006,180000,31.7122,31.7122,31.7122,31.7122,200,0
AFOS.US,5,20251006,180500,31.71,31.71,31.71,31.71,100,0
AFOS.US,5,20251006,182500,31.7499,31.7499,31.7499,31.7499,100,0
AFOS.US,5,20251006,184000,31.72,31.72,31.72,31.72,100,0
AFOS.US,5,20251006,201500,31.739,31.739,31.739,31.739,100,0
AFOS.US,5,20251007,160000,31.6386,31.6386,31.6386,31.6386,317,0
AFOS.US,5,20251007,161000,31.57,31.57,31.57,31.57,100,0
AFOS.US,5,20251007,170500,31.3,31.3,31.3,31.3,100,0
AFOS.US,5,20251007,175500,31.1082,31.1595,31.1082,31.1595,889,0
AFOS.US,5,20251007,180000,31.1818,31.208,31.1725,31.1725,992,0
AFOS.US,5,20251007,182500,31.19,31.19,31.19,31.19,100,0
AFOS.US,5,20251007,192500,31.23,31.23,31.23,31.23,100,0
AFOS.US,5,20251007,194000,31.22,31.22,31.22,31.22,100,0
AFOS.US,5,20251007,215500,31.25,31.25,31.25,31.25,100,0
AFOS.US,5,20251008,155000,31.43,31.43,31.43,31.43,100,0
AFOS.US,5,20251008,160500,31.485,31.485,31.485,31.485,159,0
AFOS.US,5,20251008,161500,31.48,31.48,31.4675,31.4675,259,0
AFOS.US,5,20251008,173000,31.58,31.63,31.58,31.63,330,0
AFOS.US,5,20251008,184000,31.65,31.65,31.63,31.63,931,0
AFOS.US,5,20251008,190000,31.69,31.69,31.69,31.69,100,0
AFOS.US,5,20251008,194000,31.63,31.63,31.63,31.63,100,0
AFOS.US,5,20251008,204000,31.61,31.61,31.61,31.61,100,0
AFOS.US,5,20251009,155500,31.65,31.65,31.65,31.65,100,0
AFOS.US,5,20251009,182000,31.52,31.52,31.52,31.52,100,0
AFOS.US,5,20251010,155000,31.57,31.57,31.57,31.57,100,0
AFOS.US,5,20251010,201000,30.8,30.8,30.8,30.8,100,0
AFOS.US,5,20251010,201500,30.825,30.825,30.825,30.825,200,0
AFOS.US,5,20251010,202000,30.82,30.82,30.82,30.82,300,0
AFOS.US,5,20251013,161000,31.11,31.11,31.11,31.11,100,0
AFOS.US,5,20251013,181500,31.22,31.22,31.22,31.22,125,0
AFOS.US,5,20251013,191500,31.26,31.26,31.26,31.26,100,0
AFOS.US,5,20251014,163000,30.99,30.99,30.99,30.99,100,0
AFOS.US,5,20251014,205000,31.2738,31.2738,31.2738,31.2738,138,0
AFOS.US,5,20251014,214000,31.11,31.115,31.11,31.115,200,0
AFOS.US,5,20251015,181500,31.335,31.335,31.335,31.335,200,0
AFOS.US,5,20251016,212000,31.3,31.3,31.3,31.3,400,0
AFOS.US,5,20251016,212500,31.33,31.33,31.3299,31.3299,800,0
AFOS.US,5,20251016,213500,31.3099,31.3099,31.26,31.26,400,0
AFOS.US,5,20251017,175000,31.1084,31.13,31.1084,31.1084,6146,0
AFOS.US,5,20251020,203500,31.57,31.57,31.57,31.57,207,0
AFOS.US,5,20251020,211500,31.56,31.56,31.5599,31.5599,600,0
AFOS.US,5,20251021,170000,31.3993,31.3993,31.3993,31.3993,650,0
AFOS.US,5,20251022,215500,31.182,31.182,31.182,31.182,300,0
AFOS.US,5,20251023,192000,31.65,31.65,31.65,31.65,825,0
AFOS.US,5,20251027,143000,32.56,32.56,32.56,32.56,148,0
AFOS.US,5,20251027,161500,32.15,32.15,32.15,32.15,300,0
AFOS.US,5,20251027,163500,32.12,32.1201,32.12,32.1201,600,0
AFOS.US,5,20251027,164500,32.1499,32.1499,32.1499,32.1499,777,0
AFOS.US,5,20251028,202000,32.3409,32.3409,32.3409,32.3409,1128,0
AFOS.US,5,20251029,144000,32.74,32.74,32.7399,32.7399,2500,0
AFOS.US,5,20251029,151500,32.86,32.86,32.86,32.86,100,0
AFOS.US,5,20251029,173000,32.9686,32.9686,32.9686,32.9686,500,0
AFOS.US,5,20251029,174000,32.945,32.945,32.945,32.945,150,0
AFOS.US,5,20251029,180500,32.94,32.94,32.94,32.94,100,0
AFOS.US,5,20251029,184500,32.97,32.97,32.97,32.97,100,0
AFOS.US,5,20251029,193500,32.97,32.97,32.97,32.97,100,0
AFOS.US,5,20251029,204000,32.78,32.78,32.78,32.78,100,0
AFOS.US,5,20251030,151000,32.93,32.93,32.93,32.93,754,0
AFOS.US,5,20251030,155000,32.91,32.91,32.91,32.91,100,0
AFOS.US,5,20251030,160500,32.9,32.9,32.9,32.9,500,0
AFOS.US,5,20251030,163500,32.86,32.86,32.86,32.86,100,0
AFOS.US,5,20251030,173000,32.78,32.78,32.78,32.78,178,0
AFOS.US,5,20251030,174500,32.81,32.81,32.81,32.81,104,0
AFOS.US,5,20251030,181000,32.77,32.77,32.77,32.77,100,0
AFOS.US,5,20251030,183000,32.82,32.82,32.82,32.82,500,0
AFOS.US,5,20251030,191500,32.77,32.77,32.77,32.77,100,0
AFOS.US,5,20251031,152000,32.97,32.97,32.97,32.97,100,0
AFOS.US,5,20251031,202500,32.9,32.9,32.9,32.9,282,0
AFOS.US,5,20251031,204000,32.92,32.92,32.92,32.92,200,0
AFOS.US,5,20251103,153000,33.1,33.13,33.1,33.13,905,0
AFOS.US,5,20251103,161500,32.87,32.87,32.87,32.87,100,0
AFOS.US,5,20251103,175500,33.02,33.02,33.02,33.02,500,0
AFOS.US,5,20251103,182500,33.05,33.05,33.05,33.05,1000,0
AFOS.US,5,20251103,193000,33.07,33.07,33.07,33.07,504,0
AFOS.US,5,20251103,195000,33.05,33.05,33.05,33.05,1990,0
AFOS.US,5,20251103,204000,33.05,33.05,33.05,33.05,100,0
AFOS.US,5,20251103,211500,33.0484,33.0484,33.0484,33.0484,1065,0
AFOS.US,5,20251104,172500,32.447,32.447,32.447,32.447,100,0
AFOS.US,5,20251104,173000,32.5299,32.5299,32.5299,32.5299,100,0
AFOS.US,5,20251104,175000,32.42,32.4201,32.42,32.4201,600,0
AFOS.US,5,20251104,175500,32.53,32.53,32.5299,32.5299,200,0
AFOS.US,5,20251104,181000,32.4625,32.4625,32.4625,32.4625,100,0
AFOS.US,5,20251104,193500,32.35,32.35,32.35,32.35,300,0
AFOS.US,5,20251104,203500,32.36,32.36,32.36,32.36,5340,0
AFOS.US,5,20251105,153000,32.19,32.19,32.19,32.19,1072,0
AFOS.US,5,20251105,154000,32.249,32.249,32.249,32.249,100,0
AFOS.US,5,20251105,164500,32.7,32.7,32.7,32.7,125,0
AFOS.US,5,20251105,172000,32.4915,32.4915,32.4915,32.4915,100,0
AFOS.US,5,20251105,205000,32.83,32.83,32.83,32.83,100,0
AFOS.US,5,20251106,153500,32.761,32.761,32.761,32.761,153,0
AFOS.US,5,20251106,154500,32.8505,32.8505,32.8505,32.8505,152,0
AFOS.US,5,20251106,155000,32.84,32.84,32.84,32.84,351,0
AFOS.US,5,20251106,161000,32.67,32.67,32.67,32.67,100,0
AFOS.US,5,20251106,164500,32.41,32.41,32.41,32.41,100,0
AFOS.US,5,20251106,174500,32.381,32.381,32.381,32.381,100,0
AFOS.US,5,20251106,183000,32.4,32.4,32.4,32.4,100,0
AFOS.US,5,20251106,191500,32.43,32.43,32.43,32.43,346,0
AFOS.US,5,20251106,192500,32.53,32.53,32.53,32.53,100,0
AFOS.US,5,20251106,215500,32.445,32.445,32.445,32.445,500,0
AFOS.US,5,20251107,153000,32.21,32.21,32.21,32.21,100,0
AFOS.US,5,20251107,191500,32.057,32.057,32.057,32.057,456,0
AFOS.US,5,20251107,192500,32.1,32.1,32.1,32.1,144,0
AFOS.US,5,20251107,204500,32.34,32.34,32.34,32.34,100,0
AFOS.US,5,20251107,212000,32.38,32.38,32.3799,32.3799,260,0
AFOS.US,5,20251107,212500,32.36,32.36,32.36,32.36,131,0
AFOS.US,5,20251107,213500,32.41,32.41,32.4099,32.4099,218,0
AFOS.US,5,20251110,153000,33.13,33.13,33.13,33.13,700,0
AFOS.US,5,20251110,162500,33.141,33.141,33.141,33.141,100,0
AFOS.US,5,20251110,172000,33,33,33,33,100,0
AFOS.US,5,20251110,182500,33.107,33.107,33.107,33.107,100,0
AFOS.US,5,20251110,183000,33.17,33.17,33.17,33.17,100,0
AFOS.US,5,20251110,185000,33.197,33.24,33.197,33.21,300,0
AFOS.US,5,20251110,190000,33.211,33.272,33.211,33.272,998,0
AFOS.US,5,20251110,191000,33.26,33.26,33.26,33.26,100,0
AFOS.US,5,20251110,192000,33.2397,33.2397,33.2397,33.2397,1250,0
AFOS.US,5,20251110,202500,33.235,33.235,33.235,33.235,275,0
AFOS.US,5,20251111,155000,33.07,33.07,33.019,33.019,1340,0
AFOS.US,5,20251111,161000,33.02,33.02,33.02,33.02,100,0
AFOS.US,5,20251111,162500,32.9,32.9,32.9,32.9,100,0
AFOS.US,5,20251111,163500,32.91,32.91,32.91,32.91,100,0
AFOS.US,5,20251111,184500,33.18,33.18,33.18,33.18,600,0
AFOS.US,5,20251111,191000,33.17,33.17,33.17,33.17,100,0
AFOS.US,5,20251111,211500,33.16,33.16,33.16,33.16,100,0
AFOS.US,5,20251111,213500,33.133,33.133,33.133,33.133,500,0
AFOS.US,5,20251112,161000,33.39,33.39,33.39,33.39,100,0
AFOS.US,5,20251112,171500,33.17,33.17,33.1699,33.1699,2180,0
AFOS.US,5,20251112,175500,33.1392,33.1392,33.1392,33.1392,1077,0
AFOS.US,5,20251112,180000,33.1255,33.1255,33.1255,33.1255,1025,0
AFOS.US,5,20251112,181500,33.135,33.135,33.13,33.13,200,0
AFOS.US,5,20251112,185000,33.17,33.17,33.17,33.17,100,0
AFOS.US,5,20251112,193000,33.255,33.255,33.255,33.255,100,0
AFOS.US,5,20251112,194500,33.21,33.21,33.21,33.21,100,0
AFOS.US,5,20251112,200000,33.23,33.23,33.23,33.23,100,0
AFOS.US,5,20251112,215000,33.18,33.18,33.18,33.18,421,0
AFOS.US,5,20251113,154000,32.72,32.72,32.72,32.72,100,0
AFOS.US,5,20251113,161500,32.96,32.96,32.96,32.96,100,0
AFOS.US,5,20251113,162500,32.83,32.83,32.77,32.77,200,0
AFOS.US,5,20251113,164500,32.5401,32.57,32.53,32.53,3881,0
AFOS.US,5,20251113,171500,32.56,32.56,32.56,32.56,100,0
AFOS.US,5,20251113,173000,32.56,32.56,32.56,32.56,100,0
AFOS.US,5,20251113,183500,32.6,32.6,32.6,32.6,100,0
AFOS.US,5,20251113,210500,32.27,32.27,32.27,32.27,100,0
AFOS.US,5,20251113,212500,32.335,32.335,32.335,32.335,155,0
AFOS.US,5,20251113,214500,32.435,32.435,32.435,32.435,300,0
AFOS.US,5,20251113,215000,32.43,32.43,32.39,32.39,255,0
AFOS.US,5,20251114,154500,32.46,32.46,32.46,32.46,100,0
AFOS.US,5,20251114,161000,32.44,32.44,32.44,32.44,100,0
AFOS.US,5,20251114,173000,32.82,32.82,32.82,32.82,100,0
AFOS.US,5,20251114,173500,32.82,32.82,32.82,32.82,100,0
AFOS.US,5,20251114,174000,32.82,32.82,32.82,32.82,100,0
AFOS.US,5,20251114,174500,32.7639,32.7639,32.7639,32.7639,100,0
AFOS.US,5,20251114,180500,32.82,32.82,32.82,32.82,100,0
AFOS.US,5,20251114,183000,32.81,32.81,32.81,32.81,100,0
AFOS.US,5,20251114,184000,32.7766,32.7766,32.7766,32.7766,100,0
AFOS.US,5,20251114,191500,32.7,32.7,32.64,32.64,200,0
AFOS.US,5,20251114,192000,32.59,32.59,32.59,32.59,100,0
AFOS.US,5,20251114,193000,32.65,32.65,32.65,32.65,100,0
AFOS.US,5,20251114,195000,32.5848,32.5848,32.5848,32.5848,100,0
AFOS.US,5,20251114,204000,32.6,32.6,32.6,32.6,220,0
AFOS.US,5,20251114,204500,32.58,32.58,32.58,32.58,100,0
AFOS.US,5,20251114,211000,32.61,32.61,32.61,32.61,100,0
AFOS.US,5,20251117,155000,32.82,32.82,32.82,32.82,100,0
AFOS.US,5,20251117,161500,32.69,32.69,32.69,32.69,100,0
AFOS.US,5,20251117,162500,32.71,32.71,32.71,32.71,100,0
AFOS.US,5,20251117,164000,32.64,32.64,32.64,32.64,100,0
AFOS.US,5,20251117,172000,32.4525,32.4525,32.4525,32.4525,500,0
AFOS.US,5,20251117,175500,32.7201,32.7201,32.72,32.72,360,0
AFOS.US,5,20251117,180500,32.72,32.72,32.72,32.72,100,0
AFOS.US,5,20251117,181500,32.69,32.69,32.69,32.69,100,0
AFOS.US,5,20251117,194500,32.53,32.53,32.53,32.53,100,0
AFOS.US,5,20251117,203000,32.2931,32.2931,32.2931,32.2931,125,0
AFOS.US,5,20251117,205000,32.22,32.22,32.16,32.16,1200,0
AFOS.US,5,20251117,211000,32.13,32.13,32.13,32.13,100,0
AFOS.US,5,20251117,215500,32.3,32.3,32.3,32.3,100,0
AFOS.US,5,20251118,194500,32.23,32.23,32.23,32.23,105,0
AFOS.US,5,20251119,183500,31.9399,31.94,31.887,31.887,2445,0
AFOS.US,5,20251119,190000,32.09,32.09,32.09,32.09,100,0
AFOS.US,5,20251119,190500,32.0701,32.0901,32.0701,32.0901,300,0
AFOS.US,5,20251119,191000,32.18,32.18,32.18,32.18,100,0
AFOS.US,5,20251119,192500,32.1466,32.1466,32.083,32.0989,300,0
AFOS.US,5,20251119,193000,32.06,32.0966,32.06,32.0966,396,0
AFOS.US,5,20251119,194000,32.18,32.18,32.18,32.18,100,0
AFOS.US,5,20251119,212500,32.26,32.26,32.26,32.26,312,0
AFOS.US,5,20251120,153500,32.76,32.76,32.76,32.76,103,0
AFOS.US,5,20251120,170500,32.59,32.59,32.59,32.59,100,0
AFOS.US,5,20251120,183500,31.53,31.53,31.53,31.53,200,0
AFOS.US,5,20251120,185000,31.57,31.5701,31.56,31.56,2536,0
AFOS.US,5,20251120,193500,31.69,31.69,31.69,31.69,100,0
AFOS.US,5,20251120,194500,31.503,31.503,31.503,31.503,100,0
AFOS.US,5,20251120,195000,31.3818,31.3818,31.3818,31.3818,100,0
AFOS.US,5,20251120,200000,31.38,31.3916,31.38,31.3916,200,0
AFOS.US,5,20251120,200500,31.375,31.375,31.375,31.375,100,0
AFOS.US,5,20251120,201000,31.413,31.413,31.413,31.413,100,0
AFOS.US,5,20251120,201500,31.4112,31.4112,31.4112,31.4112,100,0
AFOS.US,5,20251120,202500,31.4375,31.4375,31.4375,31.4375,100,0
AFOS.US,5,20251120,203500,31.483,31.483,31.483,31.483,100,0
AFOS.US,5,20251120,213000,31.39,31.39,31.39,31.39,390,0
AFOS.US,5,20251121,163000,30.95,30.95,30.9499,30.9499,200,0
AFOS.US,5,20251121,165000,30.985,30.985,30.985,30.985,200,0
AFOS.US,5,20251121,165500,30.96,30.96,30.96,30.96,200,0
AFOS.US,5,20251121,170000,30.861,30.861,30.861,30.861,141,0
AFOS.US,5,20251121,170500,30.9129,30.9129,30.9129,30.9129,200,0
AFOS.US,5,20251121,172000,31.0805,31.0805,31.0805,31.0805,200,0
AFOS.US,5,20251121,173000,31.223,31.223,31.223,31.223,152,0
AFOS.US,5,20251121,174500,31.2433,31.2433,31.2433,31.2433,200,0
AFOS.US,5,20251121,204000,31.64,31.64,31.64,31.64,100,0
AFOS.US,5,20251121,204500,31.62,31.62,31.62,31.62,100,0
AFOS.US,5,20251124,171000,32.3672,32.3672,32.3672,32.3672,640,0
AFOS.US,5,20251124,172500,32.32,32.32,32.32,32.32,319,0
AFOS.US,5,20251124,183000,32.379,32.379,32.379,32.379,100,0
AFOS.US,5,20251124,185000,32.44,32.44,32.4399,32.4399,200,0
AFOS.US,5,20251124,190500,32.405,32.405,32.405,32.405,100,0
AFOS.US,5,20251124,191000,32.4035,32.4035,32.4035,32.4035,100,0
AFOS.US,5,20251124,192000,32.36,32.3601,32.36,32.3601,1200,0
AFOS.US,5,20251124,194000,32.4,32.4,32.365,32.3757,300,0
AFOS.US,5,20251124,194500,32.3825,32.3825,32.3825,32.3825,100,0
AFOS.US,5,20251124,195000,32.3708,32.3708,32.3708,32.3708,105,0
AFOS.US,5,20251124,200000,32.365,32.3836,32.365,32.3836,300,0
AFOS.US,5,20251124,201500,32.385,32.39,32.385,32.39,200,0
AFOS.US,5,20251124,202500,32.371,32.371,32.371,32.371,200,0
AFOS.US,5,20251124,203000,32.3599,32.3599,32.3599,32.3599,100,0
AFOS.US,5,20251124,204500,32.3496,32.3496,32.3496,32.3496,100,0
AFOS.US,5,20251124,205500,32.32,32.32,32.32,32.32,100,0
AFOS.US,5,20251125,153000,32.3,32.3,32.3,32.3,300,0
AFOS.US,5,20251125,173000,32.3,32.3178,32.3,32.3,1300,0
AFOS.US,5,20251125,181500,32.48,32.48,32.48,32.48,200,0
AFOS.US,5,20251125,183000,32.54,32.54,32.54,32.54,100,0
AFOS.US,5,20251125,202500,32.54,32.56,32.54,32.5464,2064,0
AFOS.US,5,20251125,203000,32.56,32.57,32.5464,32.57,6832,0
AFOS.US,5,20251126,183000,33.12,33.12,33.12,33.12,100,0
AFOS.US,5,20251126,184000,33.14,33.14,33.14,33.14,100,0
AFOS.US,5,20251126,185000,33.13,33.13,33.13,33.13,150,0
AFOS.US,5,20251126,204000,33.1401,33.1401,33.1401,33.1401,365,0
AFOS.US,5,20251126,214500,33.2,33.2,33.2,33.2,100,0
AFOS.US,5,20251128,153500,33.218,33.218,33.218,33.218,100,0
AFOS.US,5,20251128,154000,33.2,33.2,33.2,33.2,120,0
AFOS.US,5,20251128,162000,33.26,33.26,33.2475,33.2475,4146,0
AFOS.US,5,20251128,172500,33.33,33.33,33.33,33.33,100,0
AFOS.US,5,20251128,173500,33.35,33.35,33.35,33.35,100,0
AFOS.US,5,20251128,174000,33.32,33.32,33.32,33.32,100,0
AFOS.US,5,20251128,174500,33.36,33.36,33.36,33.36,100,0
AFOS.US,5,20251128,175500,33.36,33.36,33.335,33.335,300,0
AFOS.US,5,20251128,183500,33.32,33.32,33.32,33.32,100,0
AFOS.US,5,20251128,184500,33.2677,33.2677,33.2677,33.2677,993,0
AFOS.US,5,20251128,185500,33.36,33.36,33.36,33.36,559,0
AFOS.US,5,20251201,154000,33.06,33.06,33.06,33.06,100,0
AFOS.US,5,20251201,160000,33.2,33.2,33.2,33.2,129,0
AFOS.US,5,20251201,161000,33.19,33.19,33.16,33.16,500,0
AFOS.US,5,20251201,164500,33.16,33.16,33.127,33.127,800,0
AFOS.US,5,20251201,165000,33.16,33.22,33.13,33.22,1416,0
AFOS.US,5,20251201,165500,33.21,33.21,33.21,33.21,130,0
AFOS.US,5,20251201,173000,33.2,33.2,33.2,33.2,100,0
AFOS.US,5,20251201,180000,33.215,33.215,33.215,33.215,158,0
AFOS.US,5,20251201,181500,33.22,33.22,33.22,33.22,100,0
AFOS.US,5,20251201,183500,33.26,33.26,33.26,33.26,100,0
AFOS.US,5,20251201,184000,33.2252,33.2252,33.21,33.21,5718,0
AFOS.US,5,20251201,190000,33.29,33.29,33.29,33.29,100,0
AFOS.US,5,20251201,202000,33.21,33.21,33.21,33.21,539,0
AFOS.US,5,20251201,213000,33.22,33.22,33.22,33.22,100,0
AFOS.US,5,20251202,170500,33.11,33.11,33.11,33.11,255,0
AFOS.US,5,20251202,180000,33.18,33.18,33.18,33.18,100,0
AFOS.US,5,20251202,181500,33.25,33.25,33.25,33.25,100,0
AFOS.US,5,20251202,192000,33.3,33.3,33.3,33.3,100,0
AFOS.US,5,20251202,192500,33.29,33.29,33.29,33.29,100,0
AFOS.US,5,20251202,193000,33.2825,33.2825,33.2825,33.2825,450,0
AFOS.US,5,20251202,193500,33.25,33.25,33.25,33.25,100,0
AFOS.US,5,20251202,194000,33.23,33.23,33.23,33.23,100,0
AFOS.US,5,20251202,194500,33.22,33.22,33.22,33.22,120,0
AFOS.US,5,20251202,200000,33.27,33.27,33.27,33.27,200,0
AFOS.US,5,20251202,200500,33.27,33.27,33.27,33.27,200,0
AFOS.US,5,20251202,201000,33.28,33.28,33.28,33.28,250,0
AFOS.US,5,20251202,203000,33.27,33.27,33.27,33.27,100,0
AFOS.US,5,20251202,215500,33.21,33.21,33.21,33.21,801,0
AFOS.US,5,20251203,153000,33,33,33,33,100,0
AFOS.US,5,20251203,160000,32.91,32.91,32.91,32.91,100,0
AFOS.US,5,20251203,195000,33.19,33.19,33.19,33.19,200,0
AFOS.US,5,20251203,195500,33.1699,33.1699,33.1699,33.1699,100,0
AFOS.US,5,20251203,202000,33.1695,33.1695,33.1695,33.1695,139,0
AFOS.US,5,20251203,203000,33.16,33.16,33.16,33.16,220,0
AFOS.US,5,20251203,210000,33.22,33.22,33.22,33.22,100,0
AFOS.US,5,20251204,160500,33.0125,33.0125,33.0125,33.0125,1500,0
AFOS.US,5,20251204,172000,33.27,33.27,33.27,33.27,2000,0
AFOS.US,5,20251204,175500,33.3175,33.3175,33.3175,33.3175,225,0
AFOS.US,5,20251204,183000,33.3,33.3,33.29,33.29,1002,0
AFOS.US,5,20251204,190000,33.345,33.345,33.345,33.345,200,0
AFOS.US,5,20251205,155000,33.62,33.62,33.62,33.62,229,0
AFOS.US,5,20251208,155500,33.8399,33.84,33.8399,33.84,200,0
AFOS.US,5,20251208,161500,33.775,33.775,33.775,33.775,102,0
AFOS.US,5,20251208,211000,33.73,33.73,33.73,33.73,200,0
AFOS.US,5,20251208,212500,33.705,33.705,33.705,33.705,320,0
AFOS.US,5,20251209,194000,33.74,33.74,33.74,33.74,182,0
AFOS.US,5,20251209,200000,33.76,33.7601,33.76,33.7601,2200,0
AFOS.US,5,20251209,211500,33.85,33.85,33.83,33.83,1875,0
AFOS.US,5,20251209,215000,33.8,33.8,33.8,33.8,528,0
AFOS.US,5,20251210,162500,33.78,33.78,33.78,33.78,250,0
AFOS.US,5,20251210,163500,33.74,33.74,33.74,33.74,285,0
AFOS.US,5,20251210,180500,33.985,33.985,33.985,33.985,370,0
AFOS.US,5,20251210,194000,34.05,34.05,34.05,34.05,300,0
AFOS.US,5,20251211,153000,34.41,34.41,34.41,34.41,499,0
AFOS.US,5,20251211,153500,34.2,34.2,34.2,34.2,180,0
AFOS.US,5,20251211,155500,34.08,34.08,34.08,34.08,100,0
AFOS.US,5,20251211,174500,34.38,34.3973,34.37,34.37,1656,0
AFOS.US,5,20251211,180000,34.32,34.38,34.32,34.3201,824,0
AFOS.US,5,20251211,180500,34.33,34.3301,34.33,34.3301,800,0
AFOS.US,5,20251211,192000,34.6,34.6,34.6,34.6,200,0
AFOS.US,5,20251211,193000,34.59,34.59,34.57,34.57,300,0
AFOS.US,5,20251211,204000,34.6521,34.6521,34.6521,34.6521,200,0
AFOS.US,5,20251211,215500,34.64,34.64,34.64,34.64,468,0
AFOS.US,5,20251212,153000,34.65,34.65,34.65,34.65,192,0
AFOS.US,5,20251212,161500,34.17,34.17,34.17,34.17,200,0
AFOS.US,5,20251212,170500,33.75,33.75,33.75,33.75,200,0
AFOS.US,5,20251212,180000,33.84,33.84,33.84,33.84,200,0
AFOS.US,5,20251212,180500,33.89,33.89,33.89,33.89,100,0
AFOS.US,5,20251212,190500,34.03,34.03,34.03,34.03,100,0
AFOS.US,5,20251212,211500,33.94,33.94,33.94,33.94,100,0
AFOS.US,5,20251215,153000,34.03,34.03,34.03,34.03,105,0
AFOS.US,5,20251215,193500,34.01,34.01,34.01,34.01,500,0
AFOS.US,5,20251215,194500,34.04,34.04,34.04,34.04,598,0
AFOS.US,5,20251215,200000,34.07,34.07,34.07,34.07,750,0
AFOS.US,5,20251215,201000,34.069,34.07,34.069,34.07,500,0
AFOS.US,5,20251215,201500,34.04,34.04,34.04,34.04,100,0
AFOS.US,5,20251215,203000,34.0399,34.0399,34.0399,34.0399,218,0
AFOS.US,5,20251215,205000,34,34,34,34,153,0
AFOS.US,5,20251215,215500,33.9,33.9,33.9,33.9,2000,0
AFOS.US,5,20251216,162000,33.7,33.7,33.7,33.7,700,0
AFOS.US,5,20251216,162500,33.64,33.64,33.64,33.64,100,0
AFOS.US,5,20251216,164000,33.66,33.66,33.66,33.66,266,0
AFOS.US,5,20251216,164500,33.68,33.6801,33.68,33.68,600,0
AFOS.US,5,20251216,170000,33.74,33.74,33.74,33.74,350,0
AFOS.US,5,20251216,200000,33.73,33.73,33.7046,33.7046,450,0
AFOS.US,5,20251217,154000,33.75,33.75,33.75,33.75,150,0
AFOS.US,5,20251217,161500,33.67,33.67,33.6699,33.6699,200,0
AFOS.US,5,20251217,164000,33.36,33.36,33.36,33.36,400,0
AFOS.US,5,20251217,171000,33.207,33.207,33.207,33.207,300,0
AFOS.US,5,20251217,171500,33.19,33.19,33.19,33.19,320,0
AFOS.US,5,20251217,173000,33.15,33.15,33.15,33.15,100,0
AFOS.US,5,20251217,180500,33.1858,33.1858,33.1858,33.1858,100,0
AFOS.US,5,20251217,195500,33.1,33.1,33.1,33.1,418,0
AFOS.US,5,20251217,204500,33,33,32.95,32.95,392,0
AFOS.US,5,20251218,154000,33.75,33.75,33.75,33.75,100,0
AFOS.US,5,20251218,154500,33.6702,33.6702,33.6702,33.6702,300,0
AFOS.US,5,20251218,161000,33.5873,33.5873,33.5873,33.5873,300,0
AFOS.US,5,20251218,171000,33.82,33.82,33.82,33.82,200,0
AFOS.US,5,20251218,172000,33.8199,33.8199,33.8199,33.8199,184,0
AFOS.US,5,20251218,174000,33.87,33.89,33.84,33.89,600,0
AFOS.US,5,20251218,181000,33.65,33.65,33.65,33.65,100,0
AFOS.US,5,20251218,182500,33.58,33.58,33.58,33.58,100,0
AFOS.US,5,20251218,190000,33.63,33.63,33.63,33.63,400,0
AFOS.US,5,20251218,203500,33.68,33.68,33.68,33.68,100,0
AFOS.US,5,20251219,155000,34.11,34.11,34.04,34.09,800,0
AFOS.US,5,20251219,160000,34.186,34.186,34.186,34.186,205,0
AFOS.US,5,20251219,161000,34.1399,34.1399,34.1399,34.1399,247,0
AFOS.US,5,20251219,161500,34.12,34.12,34.1,34.1,488,0
AFOS.US,5,20251219,164500,34.11,34.11,34.11,34.11,100,0
AFOS.US,5,20251219,165000,34.0826,34.0826,34.0826,34.0826,119,0
AFOS.US,5,20251219,195500,34.29,34.29,34.2899,34.2899,1162,0
AFOS.US,5,20251219,205500,34.3,34.3,34.3,34.3,900,0
AFOS.US,5,20251219,212500,34.32,34.32,34.32,34.32,500,0
AFOS.US,5,20251219,213000,34.33,34.33,34.33,34.33,100,0
AFOS.US,5,20251219,214000,34.32,34.32,34.31,34.31,2296,0
AFOS.US,5,20251219,214500,34.29,34.29,34.29,34.29,100,0
AFOS.US,5,20251219,215500,34.24,34.24,34.24,34.24,296,0
AFOS.US,5,20251222,153000,34.6,34.6,34.6,34.6,500,0
AFOS.US,5,20251222,155000,34.54,34.54,34.54,34.54,200,0
AFOS.US,5,20251222,163500,34.5,34.5,34.5,34.5,600,0
AFOS.US,5,20251222,164000,34.4298,34.5,34.4298,34.5,1200,0
AFOS.US,5,20251222,172500,34.57,34.57,34.5699,34.5699,400,0
AFOS.US,5,20251222,200500,34.68,34.68,34.68,34.68,600,0
AFOS.US,5,20251222,213500,34.6903,34.72,34.66,34.72,1210,0
AFOS.US,5,20251223,154500,34.7048,34.7048,34.7048,34.7048,115,0
AFOS.US,5,20251223,155500,34.57,34.57,34.57,34.57,100,0
AFOS.US,5,20251223,165000,34.65,34.65,34.65,34.65,150,0
AFOS.US,5,20251223,184500,34.67,34.67,34.67,34.67,100,0
AFOS.US,5,20251223,213000,34.78,34.78,34.78,34.78,128,0
AFOS.US,5,20251224,162000,34.91,34.91,34.91,34.91,100,0
AFOS.US,5,20251224,171500,34.84,34.84,34.84,34.84,100,0
AFOS.US,5,20251224,173000,34.89,34.89,34.89,34.89,645,0
AFOS.US,5,20251224,174500,34.86,34.86,34.86,34.86,100,0
AFOS.US,5,20251226,153000,34.92,34.92,34.92,34.92,350,0
AFOS.US,5,20251226,160500,34.91,34.91,34.91,34.91,215,0
AFOS.US,5,20251226,170000,34.94,34.94,34.94,34.94,100,0
AFOS.US,5,20251226,172000,34.9699,34.97,34.9699,34.97,200,0
AFOS.US,5,20251226,181500,34.9,34.9,34.9,34.9,300,0
AFOS.US,5,20251229,170000,34.63,34.63,34.63,34.63,100,0
AFOS.US,5,20251229,181500,34.75,34.75,34.75,34.75,109,0
AFOS.US,5,20251229,204000,34.75,34.75,34.75,34.75,390,0
AFOS.US,5,20251229,204500,34.82,34.82,34.82,34.82,100,0
AFOS.US,5,20251229,215500,34.8,34.8,34.8,34.8,265,0
AFOS.US,5,20251230,154000,34.77,34.77,34.74,34.74,820,0
AFOS.US,5,20251230,154500,34.77,34.77,34.77,34.77,250,0
AFOS.US,5,20251230,161500,34.73,34.7449,34.73,34.73,550,0
AFOS.US,5,20251230,192000,34.8,34.8,34.8,34.8,1425,0
AFOS.US,5,20251230,193500,34.76,34.76,34.76,34.76,150,0
AFOS.US,5,20251230,200000,34.7699,34.7699,34.7699,34.7699,1290,0
AFOS.US,5,20251230,203500,34.77,34.77,34.77,34.77,232,0
AFOS.US,5,20251230,211000,34.71,34.71,34.71,34.71,300,0
AFOS.US,5,20251231,153000,34.68,34.68,34.68,34.68,366,0
AFOS.US,5,20251231,154500,34.507,34.507,34.507,34.507,100,0
AFOS.US,5,20251231,155000,34.52,34.57,34.52,34.5699,300,0
AFOS.US,5,20251231,160000,34.5499,34.55,34.5499,34.55,200,0
AFOS.US,5,20251231,184500,34.55,34.55,34.55,34.55,100,0
AFOS.US,5,20251231,193000,34.51,34.51,34.51,34.51,173,0
AFOS.US,5,20251231,202500,34.5,34.5,34.44,34.44,671,0
AFOS.US,5,20251231,210500,34.4,34.4,34.4,34.4,300,0
AFOS.US,5,20260102,161000,35.07,35.07,35.07,35.07,100,0
AFOS.US,5,20260102,164000,35.1,35.1,35.1,35.1,250,0
AFOS.US,5,20260102,171500,35,35,35,35,110,0
AFOS.US,5,20260102,173500,35,35,35,35,171,0
AFOS.US,5,20260102,175000,34.95,34.95,34.95,34.95,700,0
AFOS.US,5,20260102,203500,35.21,35.22,35.2099,35.22,560,0
AFOS.US,5,20260105,154000,35.6415,35.6415,35.6415,35.6415,500,0
AFOS.US,5,20260105,154500,35.7,35.7,35.67,35.67,998,0
AFOS.US,5,20260105,161500,35.53,35.53,35.53,35.53,100,0
AFOS.US,5,20260105,164000,35.7,35.7,35.7,35.7,100,0
AFOS.US,5,20260105,170000,35.62,35.62,35.62,35.62,1059,0
AFOS.US,5,20260105,171000,35.62,35.62,35.595,35.595,2000,0
AFOS.US,5,20260105,175500,35.58,35.58,35.56,35.56,200,0
AFOS.US,5,20260105,180000,35.53,35.53,35.53,35.53,100,0
AFOS.US,5,20260105,181500,35.5999,35.6,35.5999,35.6,4000,0
AFOS.US,5,20260105,183000,35.595,35.62,35.595,35.62,200,0
AFOS.US,5,20260105,184000,35.605,35.605,35.6,35.6,1104,0
AFOS.US,5,20260105,190500,35.62,35.62,35.62,35.62,2900,0
AFOS.US,5,20260105,191500,35.61,35.61,35.61,35.61,100,0
AFOS.US,5,20260105,200500,35.63,35.63,35.63,35.63,1200,0
AFOS.US,5,20260105,203500,35.6,35.6,35.6,35.6,250,0
AFOS.US,5,20260105,204000,35.59,35.59,35.57,35.57,400,0
AFOS.US,5,20260105,204500,35.59,35.59,35.58,35.58,8100,0
AFOS.US,5,20260105,205500,35.59,35.59,35.59,35.59,184,0
AFOS.US,5,20260105,213500,35.6,35.6,35.6,35.6,100,0
AFOS.US,5,20260105,215500,35.63,35.63,35.63,35.63,2413,0
AFOS.US,5,20260106,154000,35.75,35.75,35.75,35.75,320,0
AFOS.US,5,20260106,161000,36.23,36.23,36.23,36.23,1500,0
AFOS.US,5,20260106,161500,36.2,36.2,36.2,36.2,100,0
AFOS.US,5,20260106,163500,36.13,36.13,36.13,36.13,290,0
AFOS.US,5,20260106,164000,36.09,36.09,36.09,36.09,100,0
AFOS.US,5,20260106,170500,36.07,36.07,36.0699,36.0699,200,0
AFOS.US,5,20260106,172500,36.22,36.22,36.18,36.18,900,0
AFOS.US,5,20260106,173500,36.225,36.225,36.225,36.225,100,0
AFOS.US,5,20260106,174000,36.2,36.205,36.2,36.205,300,0
AFOS.US,5,20260106,175500,36.218,36.22,36.218,36.22,300,0
AFOS.US,5,20260106,185000,36.3,36.31,36.285,36.285,1472,0
AFOS.US,5,20260106,190000,36.475,36.475,36.475,36.475,476,0
AFOS.US,5,20260106,190500,36.33,36.33,36.305,36.33,300,0
AFOS.US,5,20260106,195000,36.4,36.4,36.4,36.4,400,0
AFOS.US,5,20260106,200000,36.39,36.39,36.39,36.39,365,0
AFOS.US,5,20260106,205500,36.42,36.42,36.42,36.42,200,0
AFOS.US,5,20260106,210000,36.45,36.46,36.45,36.46,250,0
AFOS.US,5,20260106,213000,36.49,36.49,36.4899,36.4899,400,0
AFOS.US,5,20260106,215500,36.52,36.52,36.52,36.52,2104,0
AFOS.US,5,20260107,153000,36.5,36.5,36.49,36.49,1477,0
AFOS.US,5,20260107,162500,36.295,36.295,36.295,36.295,200,0
AFOS.US,5,20260107,163000,36.35,36.35,36.29,36.29,300,0
AFOS.US,5,20260107,163500,36.31,36.31,36.31,36.31,200,0
AFOS.US,5,20260107,164500,36.3,36.3001,36.3,36.3001,400,0
AFOS.US,5,20260107,173000,36.27,36.27,36.27,36.27,143,0
AFOS.US,5,20260107,182500,36.35,36.35,36.3499,36.3499,1000,0
AFOS.US,5,20260107,183000,36.33,36.33,36.33,36.33,100,0
AFOS.US,5,20260107,183500,36.314,36.314,36.314,36.314,305,0
AFOS.US,5,20260107,184500,36.33,36.33,36.29,36.29,1674,0
AFOS.US,5,20260107,201000,36.24,36.24,36.24,36.24,100,0
AFOS.US,5,20260107,212000,36.22,36.22,36.22,36.22,488,0
AFOS.US,5,20260107,214000,36.09,36.09,36.09,36.09,100,0
AFOS.US,5,20260108,162000,35.82,35.82,35.82,35.82,100,0
AFOS.US,5,20260108,163500,35.685,35.685,35.685,35.685,100,0
AFOS.US,5,20260108,182000,35.69,35.69,35.69,35.69,380,0
AFOS.US,5,20260108,182500,35.66,35.66,35.66,35.66,232,0
AFOS.US,5,20260108,185500,35.693,35.693,35.693,35.693,100,0
AFOS.US,5,20260108,201000,35.57,35.57,35.55,35.55,290,0
AFOS.US,5,20260108,201500,35.55,35.55,35.55,35.55,100,0
AFOS.US,5,20260108,202000,35.5516,35.5516,35.5516,35.5516,162,0
AFOS.US,5,20260108,203000,35.61,35.61,35.61,35.61,614,0
AFOS.US,5,20260108,210500,35.5999,35.6,35.5999,35.6,392,0
AFOS.US,5,20260109,155500,36.113,36.1324,36.113,36.1324,247,0
AFOS.US,5,20260109,184000,36.27,36.3,36.265,36.27,9250,0
AFOS.US,5,20260109,185500,36.27,36.27,36.27,36.27,789,0
AFOS.US,5,20260109,194000,36.34,36.34,36.34,36.34,1000,0
AFOS.US,5,20260112,153000,36.47,36.47,36.3388,36.3388,1799,0
AFOS.US,5,20260112,154000,36.5496,36.5496,36.5496,36.5496,200,0
AFOS.US,5,20260112,154500,36.4985,36.4985,36.4799,36.4799,900,0
AFOS.US,5,20260112,155000,36.5899,36.59,36.5899,36.59,250,0
AFOS.US,5,20260112,155500,36.57,36.57,36.57,36.57,100,0
AFOS.US,5,20260112,160000,36.5489,36.5489,36.5489,36.5489,136,0
AFOS.US,5,20260112,162500,36.63,36.63,36.63,36.63,100,0
AFOS.US,5,20260112,163500,36.64,36.64,36.6399,36.6399,1000,0
AFOS.US,5,20260112,164500,36.595,36.595,36.59,36.59,200,0
AFOS.US,5,20260112,170000,36.62,36.62,36.6199,36.6199,1000,0
AFOS.US,5,20260112,172000,36.69,36.69,36.69,36.69,100,0
AFOS.US,5,20260112,184500,36.74,36.74,36.74,36.74,700,0
AFOS.US,5,20260112,192500,36.8003,36.8003,36.8003,36.8003,100,0
AFOS.US,5,20260112,201500,36.84,36.84,36.84,36.84,100,0
AFOS.US,5,20260112,203500,36.8201,36.8201,36.8201,36.8201,2622,0
AFOS.US,5,20260112,205500,36.8576,36.8576,36.8576,36.8576,150,0
AFOS.US,5,20260112,213000,36.87,36.87,36.845,36.845,571,0
AFOS.US,5,20260113,153500,36.9,36.9,36.88,36.88,2900,0
AFOS.US,5,20260113,160500,36.77,36.77,36.77,36.77,100,0
AFOS.US,5,20260113,161000,36.75,36.77,36.75,36.77,200,0
AFOS.US,5,20260113,161500,36.74,36.74,36.74,36.74,200,0
AFOS.US,5,20260113,171000,36.87,36.87,36.8699,36.8699,600,0
AFOS.US,5,20260113,171500,36.81,36.81,36.81,36.81,100,0
AFOS.US,5,20260113,172000,36.84,36.84,36.84,36.84,100,0
AFOS.US,5,20260113,172500,36.82,36.82,36.82,36.82,100,0
AFOS.US,5,20260113,184500,36.86,36.86,36.83,36.83,200,0
AFOS.US,5,20260113,185000,36.81,36.8196,36.81,36.8196,200,0
AFOS.US,5,20260113,190000,36.73,36.7599,36.725,36.725,4196,0
AFOS.US,5,20260113,190500,36.76,36.76,36.76,36.76,1066,0
AFOS.US,5,20260113,192000,36.81,36.81,36.79,36.8,300,0
AFOS.US,5,20260113,195500,36.78,36.78,36.78,36.78,100,0
AFOS.US,5,20260113,213000,36.67,36.67,36.67,36.67,100,0
AFOS.US,5,20260113,213500,36.68,36.68,36.6799,36.6799,260,0
AFOS.US,5,20260114,160500,36.5,36.5,36.5,36.5,100,0
AFOS.US,5,20260114,161500,36.68,36.68,36.66,36.66,200,0
AFOS.US,5,20260114,162000,36.64,36.64,36.6099,36.6099,350,0
AFOS.US,5,20260114,162500,36.58,36.58,36.58,36.58,248,0
AFOS.US,5,20260114,164000,36.52,36.52,36.52,36.52,100,0
AFOS.US,5,20260114,164500,36.39,36.39,36.38,36.38,2951,0
AFOS.US,5,20260114,171000,36.45,36.45,36.45,36.45,100,0
AFOS.US,5,20260114,174000,36.47,36.47,36.4,36.4001,1272,0
AFOS.US,5,20260114,175000,36.38,36.38,36.3799,36.3799,1900,0
AFOS.US,5,20260114,180000,36.46,36.46,36.46,36.46,100,0
AFOS.US,5,20260114,195500,36.47,36.47,36.47,36.47,300,0
AFOS.US,5,20260114,203000,36.51,36.51,36.51,36.51,100,0
AFOS.US,5,20260114,211500,36.5,36.5,36.5,36.5,100,0
AFOS.US,5,20260114,215000,36.54,36.54,36.54,36.54,200,0
AFOS.US,5,20260115,153000,37.28,37.28,37.28,37.28,101,0
AFOS.US,5,20260115,154000,37.1494,37.15,37.1494,37.15,400,0
AFOS.US,5,20260115,162500,36.98,36.98,36.98,36.98,100,0
AFOS.US,5,20260115,184500,37.17,37.17,37.17,37.17,700,0
AFOS.US,5,20260115,185500,37.1527,37.1527,37.1527,37.1527,100,0
AFOS.US,5,20260115,201000,37.11,37.11,37.1,37.1,350,0
AFOS.US,5,20260115,204500,37.05,37.05,37.0499,37.0499,530,0
AFOS.US,5,20260115,213000,36.97,36.97,36.9699,36.9699,540,0
AFOS.US,5,20260116,153500,37.1455,37.1455,37.135,37.135,200,0
AFOS.US,5,20260116,161000,37.115,37.12,37.115,37.12,644,0
AFOS.US,5,20260116,172000,37.105,37.105,37.105,37.105,100,0
AFOS.US,5,20260116,184500,37.13,37.13,37.13,37.13,100,0
AFOS.US,5,20260116,192000,37.098,37.098,37.098,37.098,150,0
AFOS.US,5,20260116,193500,37.115,37.115,37.115,37.115,137,0
AFOS.US,5,20260116,200000,37.16,37.16,37.16,37.16,100,0
AFOS.US,5,20260116,202000,37.0285,37.0285,37.0285,37.0285,300,0
AFOS.US,5,20260116,213000,37.11,37.11,37.11,37.11,100,0
AFOS.US,5,20260120,153000,36.87,36.87,36.87,36.87,136,0
AFOS.US,5,20260120,161500,36.907,36.907,36.907,36.907,100,0
AFOS.US,5,20260120,170000,37.01,37.01,37.01,37.01,100,0
AFOS.US,5,20260120,175000,36.95,36.98,36.95,36.95,500,0
AFOS.US,5,20260120,175500,37.01,37.04,37.01,37.01,1250,0
AFOS.US,5,20260120,184500,36.85,36.85,36.85,36.85,675,0
AFOS.US,5,20260120,194000,36.77,36.77,36.77,36.77,100,0
AFOS.US,5,20260120,215500,36.79,36.79,36.79,36.79,108,0
AFOS.US,5,20260121,161500,37.27,37.27,37.27,37.27,100,0
AFOS.US,5,20260121,162000,37.21,37.21,37.21,37.21,100,0
AFOS.US,5,20260121,163000,37.31,37.31,37.31,37.31,1000,0
AFOS.US,5,20260121,164500,37.4226,37.4226,37.4226,37.4226,318,0
AFOS.US,5,20260121,170500,37.4161,37.4161,37.4161,37.4161,134,0
AFOS.US,5,20260121,174000,37.36,37.36,37.36,37.36,500,0
AFOS.US,5,20260121,185000,37.1,37.1,37.0776,37.0776,612,0
AFOS.US,5,20260121,192500,37.15,37.15,37.125,37.125,930,0
AFOS.US,5,20260121,194500,37.2276,37.2276,37.2276,37.2276,115,0
AFOS.US,5,20260121,203000,37.48,37.48,37.48,37.48,100,0
AFOS.US,5,20260121,203500,37.54,37.54,37.5399,37.5399,700,0
AFOS.US,5,20260121,204000,37.6,37.6,37.6,37.6,100,0
AFOS.US,5,20260121,204500,37.64,37.66,37.64,37.66,200,0
AFOS.US,5,20260121,205000,37.635,37.635,37.63,37.63,800,0
AFOS.US,5,20260121,205500,37.65,37.65,37.65,37.65,100,0
AFOS.US,5,20260121,210500,37.59,37.59,37.59,37.59,100,0
AFOS.US,5,20260121,211500,37.57,37.57,37.57,37.57,274,0
AFOS.US,5,20260121,212000,37.54,37.54,37.54,37.54,500,0
AFOS.US,5,20260121,215000,37.47,37.47,37.47,37.47,253,0
AFOS.US,5,20260121,215500,37.49,37.49,37.49,37.49,100,0
AFOS.US,5,20260122,153000,37.96,37.96,37.6999,37.6999,2551,0
AFOS.US,5,20260122,154000,37.52,37.52,37.5199,37.5199,200,0
AFOS.US,5,20260122,154500,37.38,37.38,37.38,37.38,165,0
AFOS.US,5,20260122,161500,37.34,37.34,37.27,37.27,1900,0
AFOS.US,5,20260122,164000,37.4016,37.4016,37.4016,37.4016,111,0
AFOS.US,5,20260122,172000,37.55,37.55,37.55,37.55,100,0
AFOS.US,5,20260122,172500,37.57,37.595,37.56,37.56,3430,0
AFOS.US,5,20260122,174000,37.6302,37.6302,37.6302,37.6302,100,0
AFOS.US,5,20260122,182500,37.6482,37.6482,37.6482,37.6482,212,0
AFOS.US,5,20260122,183500,37.76,37.76,37.76,37.76,100,0
AFOS.US,5,20260122,184500,37.77,37.77,37.77,37.77,1553,0
AFOS.US,5,20260122,185000,37.76,37.76,37.76,37.76,100,0
AFOS.US,5,20260122,195500,37.69,37.7,37.69,37.7,802,0
AFOS.US,5,20260122,204500,37.7,37.7,37.7,37.7,100,0
AFOS.US,5,20260122,210000,37.6555,37.6555,37.6555,37.6555,500,0
AFOS.US,5,20260122,213000,37.55,37.5847,37.55,37.5501,6778,0
AFOS.US,5,20260122,215500,37.612,37.612,37.612,37.612,400,0
AFOS.US,5,20260123,153000,37.48,37.51,37.48,37.51,1000,0
AFOS.US,5,20260123,161500,37.69,37.69,37.69,37.69,100,0
AFOS.US,5,20260123,162500,37.82,37.82,37.82,37.82,100,0
AFOS.US,5,20260123,171000,37.6815,37.6815,37.6815,37.6815,100,0
AFOS.US,5,20260123,184000,37.44,37.4401,37.44,37.4401,200,0
AFOS.US,5,20260123,184500,37.48,37.48,37.48,37.48,100,0
AFOS.US,5,20260123,191000,37.5001,37.5001,37.5001,37.5001,125,0
AFOS.US,5,20260123,210500,37.63,37.63,37.6299,37.6299,935,0
