<TICKER>,<PER>,<DATE>,<TIME>,<OPEN>,<HIGH>,<LOW>,<CLOSE>,<VOL>,<OPENINT>
AMID.US,5,20250829,153000,34.78,34.78,34.78,34.78,200,0
AMID.US,5,20250829,164000,34.5498,34.5498,34.5498,34.5498,903,0
AMID.US,5,20250829,165500,34.5,34.51,34.5,34.5099,3956,0
AMID.US,5,20250829,190000,34.56,34.56,34.56,34.56,100,0
AMID.US,5,20250829,210500,34.54,34.54,34.5399,34.5399,4602,0
AMID.US,5,20250902,182000,34.12,34.15,34.12,34.1499,841,0
AMID.US,5,20250902,182500,34.1,34.13,34.1,34.1299,2005,0
AMID.US,5,20250902,183500,34.095,34.12,34.095,34.095,2866,0
AMID.US,5,20250902,192500,34.19,34.19,34.19,34.19,904,0
AMID.US,5,20250902,194000,34.229,34.229,34.229,34.229,120,0
AMID.US,5,20250902,212500,34.275,34.275,34.275,34.275,227,0
AMID.US,5,20250903,162500,34.233,34.233,34.233,34.233,100,0
AMID.US,5,20250903,173500,34.24,34.249,34.2254,34.23,1822,0
AMID.US,5,20250903,190000,34.175,34.175,34.175,34.175,351,0
AMID.US,5,20250903,210000,34.0544,34.0544,34.0544,34.0544,1351,0
AMID.US,5,20250903,213000,34.07,34.07,34.02,34.0699,4600,0
AMID.US,5,20250903,215500,34.18,34.18,34.18,34.18,408,0
AMID.US,5,20250904,160500,34.24,34.24,34.24,34.24,789,0
AMID.US,5,20250904,204000,34.4873,34.5227,34.4873,34.5227,2178,0
AMID.US,5,20250904,212000,34.57,34.59,34.57,34.59,751,0
AMID.US,5,20250904,213500,34.57,34.57,34.57,34.57,389,0
AMID.US,5,20250905,153000,34.85,34.85,34.85,34.85,165,0
AMID.US,5,20250905,171500,34.455,34.455,34.455,34.455,111,0
AMID.US,5,20250905,211500,34.72,34.72,34.72,34.72,100,0
AMID.US,5,20250908,153000,34.73,34.73,34.73,34.73,106,0
AMID.US,5,20250908,154500,34.49,34.49,34.49,34.49,408,0
AMID.US,5,20250908,204000,34.7,34.725,34.7,34.7182,1330,0
AMID.US,5,20250908,213000,34.7,34.7,34.6999,34.6999,1500,0
AMID.US,5,20250909,185500,34.41,34.41,34.4099,34.4099,210,0
AMID.US,5,20250909,204000,34.4792,34.4792,34.4792,34.4792,1090,0
AMID.US,5,20250909,210000,34.47,34.47,34.47,34.47,196,0
AMID.US,5,20250909,212000,34.49,34.49,34.4899,34.4899,346,0
AMID.US,5,20250909,214500,34.49,34.49,34.49,34.49,2465,0
AMID.US,5,20250909,215500,34.47,34.47,34.46,34.46,291,0
AMID.US,5,20250910,164000,34.5495,34.5495,34.5495,34.5495,300,0
AMID.US,5,20250910,170000,34.4203,34.4203,34.4203,34.4203,1163,0
AMID.US,5,20250910,171000,34.3701,34.3701,34.3701,34.3701,291,0
AMID.US,5,20250910,171500,34.39,34.39,34.39,34.39,100,0
AMID.US,5,20250910,191000,34.42,34.42,34.42,34.42,248,0
AMID.US,5,20250910,211500,34.31,34.31,34.31,34.31,381,0
AMID.US,5,20250910,214000,34.2441,34.2441,34.2441,34.2441,123,0
AMID.US,5,20250910,215500,34.37,34.37,34.37,34.37,220,0
AMID.US,5,20250911,153000,35.05,35.05,35.05,35.05,100,0
AMID.US,5,20250911,154000,34.62,34.62,34.62,34.62,137,0
AMID.US,5,20250911,154500,34.5699,34.57,34.5699,34.57,800,0
AMID.US,5,20250911,181500,34.8996,34.8996,34.8996,34.8996,286,0
AMID.US,5,20250911,202000,34.97,34.97,34.97,34.97,100,0
AMID.US,5,20250911,205000,34.93,34.93,34.93,34.93,100,0
AMID.US,5,20250911,214500,35.04,35.04,35.04,35.04,226,0
AMID.US,5,20250911,215500,35.09,35.09,35.03,35.03,874,0
AMID.US,5,20250912,154000,34.94,34.94,34.94,34.94,177,0
AMID.US,5,20250912,165500,34.76,34.76,34.735,34.735,1526,0
AMID.US,5,20250912,212500,34.67,34.67,34.67,34.67,198,0
AMID.US,5,20250915,155000,34.62,34.62,34.62,34.62,100,0
AMID.US,5,20250915,184500,34.497,34.53,34.497,34.53,11539,0
AMID.US,5,20250915,192000,34.47,34.47,34.47,34.47,100,0
AMID.US,5,20250915,210000,34.49,34.49,34.49,34.49,16569,0
AMID.US,5,20250915,213500,34.421,34.421,34.421,34.421,696,0
AMID.US,5,20250915,215500,34.5,34.5,34.5,34.5,271,0
AMID.US,5,20250916,161500,34.32,34.32,34.32,34.32,100,0
AMID.US,5,20250916,192000,34.3072,34.3072,34.3072,34.3072,249,0
AMID.US,5,20250916,194500,34.36,34.36,34.36,34.36,248,0
AMID.US,5,20250916,202000,34.3199,34.32,34.295,34.32,1603,0
AMID.US,5,20250916,205500,34.36,34.36,34.36,34.36,635,0
AMID.US,5,20250916,214500,34.39,34.39,34.39,34.39,792,0
AMID.US,5,20250916,215500,34.4,34.4,34.4,34.4,1009,0
AMID.US,5,20250917,161500,34.54,34.54,34.52,34.52,2950,0
AMID.US,5,20250917,170500,34.58,34.58,34.58,34.58,300,0
AMID.US,5,20250917,172500,34.56,34.56,34.56,34.56,1560,0
AMID.US,5,20250917,184000,34.48,34.49,34.48,34.4899,607,0
AMID.US,5,20250917,185000,34.49,34.49,34.4799,34.4799,3856,0
AMID.US,5,20250917,185500,34.4294,34.4294,34.4294,34.4294,124,0
AMID.US,5,20250917,203500,34.4399,34.4399,34.4399,34.4399,359,0
AMID.US,5,20250917,204500,34.2472,34.2472,34.2472,34.2472,200,0
AMID.US,5,20250917,215000,34.3,34.3,34.3,34.3,447,0
AMID.US,5,20250917,215500,34.29,34.29,34.25,34.25,778,0
AMID.US,5,20250918,153500,34.4344,34.4344,34.4344,34.4344,580,0
AMID.US,5,20250918,154500,34.41,34.41,34.41,34.41,197,0
AMID.US,5,20250918,192500,34.68,34.68,34.68,34.68,579,0
AMID.US,5,20250919,153000,34.66,34.66,34.66,34.66,100,0
AMID.US,5,20250919,170500,34.35,34.35,34.3281,34.3281,210,0
AMID.US,5,20250922,164000,34.21,34.21,34.21,34.21,100,0
AMID.US,5,20250922,184500,34.37,34.37,34.35,34.35,1372,0
AMID.US,5,20250922,205500,34.42,34.42,34.42,34.42,120,0
AMID.US,5,20250922,211500,34.41,34.41,34.4099,34.4099,2398,0
AMID.US,5,20250922,213000,34.44,34.44,34.44,34.44,392,0
AMID.US,5,20250922,214500,34.47,34.47,34.4699,34.4699,630,0
AMID.US,5,20250923,153000,34.48,34.48,34.48,34.48,179,0
AMID.US,5,20250923,161000,34.629,34.629,34.629,34.629,138,0
AMID.US,5,20250923,191000,34.4,34.4,34.4,34.4,587,0
AMID.US,5,20250923,211500,34.265,34.265,34.265,34.265,146,0
AMID.US,5,20250923,212500,34.229,34.229,34.229,34.229,145,0
AMID.US,5,20250924,160000,34.27,34.27,34.27,34.27,241,0
AMID.US,5,20250924,193500,34.07,34.07,34.07,34.07,441,0
AMID.US,5,20250924,210500,33.969,33.969,33.969,33.969,460,0
AMID.US,5,20250925,153000,33.7699,33.77,33.7699,33.77,200,0
AMID.US,5,20250925,173000,33.61,33.61,33.6099,33.6099,200,0
AMID.US,5,20250925,182500,33.6572,33.6572,33.6572,33.6572,474,0
AMID.US,5,20250925,183000,33.7,33.7,33.6999,33.6999,200,0
AMID.US,5,20250925,184500,33.66,33.66,33.66,33.66,507,0
AMID.US,5,20250925,210000,33.72,33.72,33.71,33.71,202,0
AMID.US,5,20250925,215500,33.62,33.62,33.62,33.62,238,0
AMID.US,5,20250926,154000,33.81,33.81,33.81,33.81,154,0
AMID.US,5,20250926,175500,33.84,33.8401,33.84,33.8401,396,0
AMID.US,5,20250926,201500,33.905,33.905,33.905,33.905,129,0
AMID.US,5,20250929,161000,33.93,33.93,33.93,33.93,1250,0
AMID.US,5,20250929,182000,33.8999,33.9,33.8999,33.9,1104,0
AMID.US,5,20250929,192500,33.88,33.88,33.88,33.88,100,0
AMID.US,5,20250929,193500,33.87,33.87,33.87,33.87,173,0
AMID.US,5,20250929,195000,33.9,33.9,33.9,33.9,1750,0
AMID.US,5,20250929,205000,33.95,33.96,33.9343,33.9343,3545,0
AMID.US,5,20250929,211000,33.8865,33.8865,33.8865,33.8865,134,0
AMID.US,5,20250929,215000,33.95,33.95,33.95,33.95,100,0
AMID.US,5,20250929,215500,33.92,33.92,33.92,33.92,911,0
AMID.US,5,20250930,173500,33.73,33.73,33.7299,33.7299,400,0
AMID.US,5,20250930,191000,33.71,33.71,33.71,33.71,100,0
AMID.US,5,20251001,174500,33.99,33.99,33.9899,33.9899,200,0
AMID.US,5,20251001,181500,33.91,33.91,33.91,33.91,272,0
AMID.US,5,20251001,194000,33.87,33.87,33.87,33.87,1031,0
AMID.US,5,20251001,214000,33.9548,33.9548,33.9548,33.9548,147,0
AMID.US,5,20251001,215000,33.99,33.99,33.99,33.99,100,0
AMID.US,5,20251001,215500,33.93,33.93,33.93,33.93,187,0
AMID.US,5,20251002,175500,34,34,34,34,111,0
AMID.US,5,20251002,181500,34.05,34.05,34.05,34.05,264,0
AMID.US,5,20251002,215000,34.165,34.165,34.165,34.165,191,0
AMID.US,5,20251003,155000,34.38,34.38,34.38,34.38,100,0
AMID.US,5,20251003,163500,34.5365,34.5365,34.5365,34.5365,100,0
AMID.US,5,20251003,211500,34.3677,34.3677,34.3677,34.3677,175,0
AMID.US,5,20251003,215500,34.34,34.34,34.34,34.34,486,0
AMID.US,5,20251006,154000,34.4,34.4,34.4,34.4,580,0
AMID.US,5,20251006,154500,34.36,34.36,34.36,34.36,100,0
AMID.US,5,20251006,155000,34.37,34.37,34.37,34.37,100,0
AMID.US,5,20251006,161000,34.21,34.22,34.21,34.22,2189,0
AMID.US,5,20251006,164500,34.35,34.35,34.35,34.35,100,0
AMID.US,5,20251006,180000,34.37,34.37,34.37,34.37,332,0
AMID.US,5,20251006,190000,34.38,34.38,34.38,34.38,100,0
AMID.US,5,20251006,215500,34.25,34.25,34.25,34.25,1273,0
AMID.US,5,20251007,155500,34.29,34.29,34.29,34.29,116,0
AMID.US,5,20251007,161000,34.2,34.2,34.2,34.2,100,0
AMID.US,5,20251007,194000,33.98,33.98,33.98,33.98,100,0
AMID.US,5,20251007,215500,34.05,34.05,34.05,34.05,443,0
AMID.US,5,20251008,170500,34.255,34.255,34.255,34.255,100,0
AMID.US,5,20251008,183500,34.33,34.33,34.33,34.33,100,0
AMID.US,5,20251008,190000,34.33,34.33,34.33,34.33,672,0
AMID.US,5,20251008,193500,34.3195,34.3195,34.3195,34.3195,336,0
AMID.US,5,20251008,201000,34.33,34.33,34.33,34.33,100,0
AMID.US,5,20251008,203500,34.33,34.33,34.33,34.33,100,0
AMID.US,5,20251008,210000,34.33,34.34,34.32,34.34,507,0
AMID.US,5,20251008,212500,34.39,34.39,34.3899,34.3899,310,0
AMID.US,5,20251008,213500,34.38,34.38,34.38,34.38,252,0
AMID.US,5,20251009,153000,34.35,34.35,34.35,34.35,246,0
AMID.US,5,20251009,160000,34.1,34.1,34.1,34.1,100,0
AMID.US,5,20251009,173500,34.015,34.015,34.015,34.015,260,0
AMID.US,5,20251009,183000,34.03,34.03,34.03,34.03,310,0
AMID.US,5,20251009,190000,34.02,34.02,34.02,34.02,278,0
AMID.US,5,20251009,194000,34.04,34.04,33.99,33.99,836,0
AMID.US,5,20251009,203500,33.94,33.94,33.94,33.94,544,0
AMID.US,5,20251009,213000,33.97,33.97,33.96,33.96,3492,0
AMID.US,5,20251009,214500,34.05,34.05,34.05,34.05,2009,0
AMID.US,5,20251010,153000,34.05,34.05,34.05,34.05,124,0
AMID.US,5,20251010,155500,34.1055,34.1055,34.1055,34.1055,1830,0
AMID.US,5,20251010,160000,34.15,34.15,34.15,34.15,100,0
AMID.US,5,20251010,165500,33.94,33.94,33.94,33.94,395,0
AMID.US,5,20251010,181500,33.55,33.55,33.55,33.55,212,0
AMID.US,5,20251010,214000,33.35,33.35,33.35,33.35,100,0
AMID.US,5,20251013,160000,33.81,33.81,33.81,33.81,100,0
AMID.US,5,20251013,204500,33.89,33.9,33.89,33.9,1582,0
AMID.US,5,20251013,213500,33.83,33.83,33.83,33.83,100,0
AMID.US,5,20251013,215500,33.86,33.86,33.86,33.86,473,0
AMID.US,5,20251014,175000,34.05,34.05,34.05,34.05,473,0
AMID.US,5,20251014,185000,34.19,34.19,34.19,34.19,100,0
AMID.US,5,20251014,195000,34.27,34.27,34.27,34.27,338,0
AMID.US,5,20251014,203000,34.2525,34.2525,34.2525,34.2525,100,0
AMID.US,5,20251014,212000,34.2975,34.32,34.2975,34.32,348,0
AMID.US,5,20251014,214000,34.13,34.13,34.13,34.13,112,0
AMID.US,5,20251014,214500,34.12,34.14,34.12,34.14,3680,0
AMID.US,5,20251015,155500,34.36,34.36,34.36,34.36,100,0
AMID.US,5,20251015,172500,34.285,34.31,34.285,34.31,2455,0
AMID.US,5,20251015,173500,34.2,34.2,34.2,34.2,100,0
AMID.US,5,20251015,183500,34.26,34.26,34.26,34.26,100,0
AMID.US,5,20251015,191000,34.06,34.06,34.06,34.06,100,0
AMID.US,5,20251015,191500,33.9852,33.9852,33.9852,33.9852,181,0
AMID.US,5,20251015,192500,34.12,34.12,34.12,34.12,243,0
AMID.US,5,20251015,193000,34.14,34.14,34.14,34.14,100,0
AMID.US,5,20251015,212500,34.23,34.23,34.23,34.23,371,0
AMID.US,5,20251015,213000,34.2,34.23,34.2,34.23,829,0
AMID.US,5,20251015,214000,34.15,34.165,34.15,34.165,298,0
AMID.US,5,20251015,215000,34.18,34.18,34.1799,34.1799,200,0
AMID.US,5,20251016,155000,34.21,34.21,34.21,34.21,100,0
AMID.US,5,20251016,185000,33.91,33.95,33.91,33.95,420,0
AMID.US,5,20251016,190500,33.97,33.97,33.97,33.97,100,0
AMID.US,5,20251016,211500,33.82,33.82,33.82,33.82,100,0
AMID.US,5,20251016,214000,33.7515,33.7515,33.7515,33.7515,141,0
AMID.US,5,20251016,215500,33.85,33.85,33.85,33.85,182,0
AMID.US,5,20251017,160000,33.83,33.83,33.83,33.83,100,0
AMID.US,5,20251017,195500,33.87,33.87,33.87,33.87,100,0
AMID.US,5,20251017,200500,33.89,33.89,33.89,33.89,100,0
AMID.US,5,20251020,154000,34.27,34.27,34.27,34.27,100,0
AMID.US,5,20251020,155500,34.2325,34.2325,34.2325,34.2325,100,0
AMID.US,5,20251020,185500,34.28,34.28,34.28,34.28,100,0
AMID.US,5,20251020,212500,34.3432,34.3432,34.3432,34.3432,437,0
AMID.US,5,20251020,214500,34.36,34.36,34.36,34.36,100,0
AMID.US,5,20251020,215500,34.33,34.33,34.33,34.33,312,0
AMID.US,5,20251021,153000,34.27,34.27,34.27,34.27,150,0
AMID.US,5,20251021,155000,34.26,34.26,34.26,34.26,100,0
AMID.US,5,20251021,171000,34.56,34.56,34.56,34.56,100,0
AMID.US,5,20251021,190000,34.49,34.49,34.49,34.49,387,0
AMID.US,5,20251021,190500,34.51,34.51,34.51,34.51,100,0
AMID.US,5,20251021,192000,34.49,34.49,34.49,34.49,100,0
AMID.US,5,20251021,193500,34.5,34.5,34.5,34.5,100,0
AMID.US,5,20251021,200000,34.52,34.52,34.52,34.52,100,0
AMID.US,5,20251021,203500,34.55,34.55,34.55,34.55,100,0
AMID.US,5,20251021,204500,34.53,34.53,34.53,34.53,100,0
AMID.US,5,20251021,205000,34.54,34.54,34.504,34.504,293,0
AMID.US,5,20251021,205500,34.53,34.53,34.53,34.53,100,0
AMID.US,5,20251021,210500,34.51,34.51,34.51,34.51,100,0
AMID.US,5,20251021,215500,34.5,34.5,34.5,34.5,1336,0
AMID.US,5,20251022,153000,34.54,34.54,34.54,34.54,100,0
AMID.US,5,20251022,155500,34.44,34.44,34.44,34.44,100,0
AMID.US,5,20251022,160500,34.3611,34.3611,34.3611,34.3611,165,0
AMID.US,5,20251022,184000,34.2899,34.2899,34.2899,34.2899,120,0
AMID.US,5,20251022,185000,34.25,34.25,34.25,34.25,100,0
AMID.US,5,20251022,200500,34.081,34.14,34.081,34.14,815,0
AMID.US,5,20251022,215500,34.19,34.19,34.19,34.19,139,0
AMID.US,5,20251023,173000,34.52,34.52,34.52,34.52,100,0
AMID.US,5,20251023,184000,34.56,34.56,34.56,34.56,100,0
AMID.US,5,20251024,153500,35.14,35.14,35.13,35.14,17170,0
AMID.US,5,20251024,160500,35.09,35.09,35.09,35.09,100,0
AMID.US,5,20251024,161000,35.06,35.06,35.06,35.06,123,0
AMID.US,5,20251024,165000,35.11,35.11,35.11,35.11,100,0
AMID.US,5,20251024,175500,35.11,35.11,35.0401,35.0401,257,0
AMID.US,5,20251024,181500,35.04,35.04,35.04,35.04,100,0
AMID.US,5,20251024,183500,35.03,35.03,35.03,35.03,100,0
AMID.US,5,20251024,192000,35.1,35.1,35.1,35.1,100,0
AMID.US,5,20251024,205000,35.07,35.07,35.07,35.07,100,0
AMID.US,5,20251024,213500,35.05,35.05,35.05,35.05,100,0
AMID.US,5,20251024,214500,34.98,34.98,34.98,34.98,188,0
AMID.US,5,20251027,150000,35.26,35.26,35.26,35.26,100,0
AMID.US,5,20251027,160500,35.18,35.18,35.1799,35.1799,2000,0
AMID.US,5,20251027,190000,35.08,35.08,35.07,35.07,1299,0
AMID.US,5,20251027,192500,35.0848,35.0848,35.0848,35.0848,117,0
AMID.US,5,20251027,205500,35.1285,35.1285,35.1285,35.1285,182,0
AMID.US,5,20251028,181000,34.93,34.98,34.93,34.98,1300,0
AMID.US,5,20251028,185000,34.965,34.965,34.965,34.965,1186,0
AMID.US,5,20251028,202500,34.89,34.8901,34.89,34.8901,7400,0
AMID.US,5,20251028,203000,34.901,34.901,34.901,34.901,187,0
AMID.US,5,20251028,204000,34.9,34.91,34.9,34.91,686,0
AMID.US,5,20251029,155000,34.79,34.79,34.79,34.79,152,0
AMID.US,5,20251029,175000,34.92,34.92,34.92,34.92,210,0
AMID.US,5,20251029,175500,34.91,34.9101,34.9,34.9001,1170,0
AMID.US,5,20251029,182000,34.88,34.88,34.88,34.88,904,0
AMID.US,5,20251029,200000,34.61,34.61,34.6099,34.6099,1000,0
AMID.US,5,20251029,202000,34.57,34.57,34.5699,34.5699,200,0
AMID.US,5,20251030,175000,34.36,34.38,34.36,34.38,1145,0
AMID.US,5,20251030,190000,34.31,34.31,34.31,34.31,100,0
AMID.US,5,20251030,202500,34.12,34.14,34.12,34.14,1942,0
AMID.US,5,20251030,203000,34.14,34.14,34.11,34.11,1902,0
AMID.US,5,20251030,205500,34.06,34.08,34.035,34.08,1469,0
AMID.US,5,20251031,162000,34.15,34.15,34.1499,34.1499,600,0
AMID.US,5,20251031,202500,34.28,34.28,34.28,34.28,383,0
AMID.US,5,20251103,162500,33.9095,33.9199,33.9,33.9,3605,0
AMID.US,5,20251103,165000,34,34,34,34,100,0
AMID.US,5,20251103,173000,34.15,34.15,34.1499,34.1499,400,0
AMID.US,5,20251103,174000,34.11,34.11,34.09,34.09,2621,0
AMID.US,5,20251103,181500,34.13,34.13,34.13,34.13,100,0
AMID.US,5,20251103,212000,34.23,34.23,34.23,34.23,161,0
AMID.US,5,20251103,213000,34.23,34.23,34.2299,34.2299,600,0
AMID.US,5,20251103,215000,34.24,34.24,34.2399,34.2399,400,0
AMID.US,5,20251103,215500,34.27,34.27,34.27,34.27,265,0
AMID.US,5,20251104,162500,34.19,34.19,34.19,34.19,1954,0
AMID.US,5,20251104,180000,34.17,34.1701,34.17,34.1701,400,0
AMID.US,5,20251104,195000,34.0887,34.0887,34.0887,34.0887,293,0
AMID.US,5,20251104,211000,34.1396,34.1396,34.1396,34.1396,234,0
AMID.US,5,20251104,211500,34.16,34.16,34.1599,34.1599,200,0
AMID.US,5,20251104,212000,34.14,34.14,34.14,34.14,100,0
AMID.US,5,20251104,212500,34.14,34.14,34.1399,34.1399,260,0
AMID.US,5,20251105,195500,34.3,34.3,34.3,34.3,100,0
AMID.US,5,20251106,210000,34.06,34.06,34.06,34.06,102,0
AMID.US,5,20251106,213000,34.049,34.063,34.049,34.063,233,0
AMID.US,5,20251107,170500,33.731,33.731,33.731,33.731,200,0
AMID.US,5,20251107,191500,33.82,33.82,33.82,33.82,117,0
AMID.US,5,20251107,205000,34.061,34.061,34.06,34.0602,1700,0
AMID.US,5,20251107,210500,34.08,34.085,34.08,34.085,223,0
AMID.US,5,20251110,181500,34.12,34.12,34.12,34.12,24377,0
AMID.US,5,20251110,182000,34.15,34.15,34.15,34.15,1462,0
AMID.US,5,20251110,183000,34.19,34.19,34.19,34.19,149781,0
AMID.US,5,20251110,194500,34.27,34.2701,34.27,34.2701,346,0
AMID.US,5,20251110,204500,34.365,34.365,34.365,34.365,729,0
AMID.US,5,20251110,205500,34.4098,34.4098,34.4098,34.4098,145,0
AMID.US,5,20251110,210000,34.38,34.38,34.38,34.38,776,0
AMID.US,5,20251110,212000,34.38,34.3896,34.38,34.38,595,0
AMID.US,5,20251110,214500,34.3861,34.3861,34.3861,34.3861,284,0
AMID.US,5,20251111,194000,34.49,34.49,34.48,34.4895,1422,0
AMID.US,5,20251111,204500,34.44,34.44,34.44,34.44,100,0
AMID.US,5,20251111,205500,34.42,34.42,34.42,34.42,110,0
AMID.US,5,20251111,214500,34.38,34.38,34.38,34.38,223,0
AMID.US,5,20251111,215500,34.35,34.35,34.35,34.35,189,0
AMID.US,5,20251112,184000,34.6399,34.64,34.615,34.6232,3990,0
AMID.US,5,20251112,193500,34.5999,34.5999,34.5999,34.5999,141,0
AMID.US,5,20251112,201000,34.525,34.525,34.525,34.525,144,0
AMID.US,5,20251112,210500,34.54,34.54,34.54,34.54,334,0
AMID.US,5,20251112,212500,34.56,34.56,34.56,34.56,100,0
AMID.US,5,20251112,215500,34.47,34.47,34.47,34.47,187,0
AMID.US,5,20251113,155000,34.2516,34.2516,34.2516,34.2516,233,0
AMID.US,5,20251113,160000,34.175,34.175,34.175,34.175,272,0
AMID.US,5,20251113,163500,34.23,34.23,34.2299,34.2299,330,0
AMID.US,5,20251113,205000,33.71,33.7102,33.71,33.7102,504,0
AMID.US,5,20251113,205500,33.71,33.71,33.71,33.71,1200,0
AMID.US,5,20251113,211000,33.707,33.707,33.707,33.707,183,0
AMID.US,5,20251113,213500,33.7399,33.74,33.7399,33.74,400,0
AMID.US,5,20251113,215000,33.71,33.71,33.71,33.71,404,0
AMID.US,5,20251113,215500,33.695,33.74,33.695,33.74,402,0
AMID.US,5,20251114,153000,33.29,33.29,33.29,33.29,213,0
AMID.US,5,20251114,154500,33.59,33.59,33.59,33.59,100,0
AMID.US,5,20251114,164000,33.69,33.69,33.6899,33.6899,1000,0
AMID.US,5,20251114,174500,33.83,33.83,33.83,33.83,100,0
AMID.US,5,20251114,204000,33.81,33.81,33.8099,33.81,403,0
AMID.US,5,20251114,215500,33.71,33.71,33.71,33.71,237,0
AMID.US,5,20251117,155500,33.745,33.745,33.745,33.745,500,0
AMID.US,5,20251117,161500,33.72,33.72,33.72,33.72,400,0
AMID.US,5,20251117,172500,33.52,33.52,33.52,33.52,100,0
AMID.US,5,20251117,181000,33.59,33.59,33.5899,33.5899,476,0
AMID.US,5,20251117,183500,33.57,33.57,33.57,33.57,500,0
AMID.US,5,20251117,184000,33.54,33.54,33.54,33.54,200,0
AMID.US,5,20251117,184500,33.535,33.535,33.53,33.53,632,0
AMID.US,5,20251117,185000,33.5,33.5,33.5,33.5,200,0
AMID.US,5,20251117,185500,33.49,33.495,33.49,33.49,800,0
AMID.US,5,20251117,190000,33.45,33.45,33.45,33.45,100,0
AMID.US,5,20251117,191000,33.4495,33.4495,33.4495,33.4495,121,0
AMID.US,5,20251117,191500,33.45,33.45,33.45,33.45,114,0
AMID.US,5,20251117,192500,33.435,33.435,33.43,33.43,400,0
AMID.US,5,20251117,212500,33.07,33.07,33.0601,33.0601,9548,0
AMID.US,5,20251117,215500,33.09,33.09,33.09,33.09,1400,0
AMID.US,5,20251118,153000,32.88,32.88,32.88,32.88,127,0
AMID.US,5,20251118,181000,33.02,33.02,33.02,33.02,100,0
AMID.US,5,20251118,200000,33.14,33.14,33.14,33.14,5000,0
AMID.US,5,20251118,205500,33.111,33.111,33.1,33.1,18692,0
AMID.US,5,20251118,211000,33.15,33.15,33.1499,33.1499,927,0
AMID.US,5,20251118,212000,33.1601,33.1601,33.1601,33.1601,670,0
AMID.US,5,20251118,212500,33.1132,33.1132,33.1132,33.1132,953,0
AMID.US,5,20251118,214000,33.14,33.14,33.14,33.14,100,0
AMID.US,5,20251119,155000,33.19,33.19,33.16,33.16,368,0
AMID.US,5,20251119,183500,33.05,33.05,33.05,33.05,100,0
AMID.US,5,20251119,184500,33.146,33.146,33.1399,33.1399,700,0
AMID.US,5,20251119,193000,33.16,33.16,33.16,33.16,100,0
AMID.US,5,20251119,193500,33.216,33.23,33.216,33.23,3000,0
AMID.US,5,20251119,194000,33.2,33.2,33.2,33.2,500,0
AMID.US,5,20251119,194500,33.15,33.15,33.15,33.15,200,0
AMID.US,5,20251119,195000,33.1996,33.1996,33.1996,33.1996,1504,0
AMID.US,5,20251119,200500,33.17,33.17,33.17,33.17,100,0
AMID.US,5,20251119,202000,33.09,33.09,33.09,33.09,100,0
AMID.US,5,20251119,203500,33.02,33.02,33.02,33.02,100,0
AMID.US,5,20251119,205500,33.08,33.08,33.08,33.08,200,0
AMID.US,5,20251119,210000,33.14,33.14,33.14,33.14,104,0
AMID.US,5,20251119,212500,33.2123,33.2123,33.2,33.2,2907,0
AMID.US,5,20251119,213000,33.2,33.2,33.2,33.2,100,0
AMID.US,5,20251119,215000,33.19,33.19,33.19,33.19,100,0
AMID.US,5,20251119,215500,33.13,33.14,33.12,33.12,700,0
AMID.US,5,20251120,203000,32.745,32.745,32.745,32.745,475,0
AMID.US,5,20251120,211000,32.776,32.776,32.776,32.776,102,0
AMID.US,5,20251120,212000,32.84,32.84,32.79,32.79,760,0
AMID.US,5,20251121,160000,32.9,32.9,32.9,32.9,100,0
AMID.US,5,20251121,202500,33.5,33.5,33.5,33.5,200,0
AMID.US,5,20251121,205000,33.465,33.465,33.465,33.465,224,0
AMID.US,5,20251124,180000,33.67,33.67,33.645,33.645,2700,0
AMID.US,5,20251125,161500,33.9,33.92,33.9,33.92,1273,0
AMID.US,5,20251125,164500,34.16,34.16,34.16,34.16,648,0
AMID.US,5,20251126,171000,34.5,34.5,34.5,34.5,190,0
AMID.US,5,20251126,185000,34.57,34.57,34.57,34.57,100,0
AMID.US,5,20251126,191500,34.585,34.585,34.585,34.585,117,0
AMID.US,5,20251126,194000,34.545,34.545,34.545,34.545,190,0
AMID.US,5,20251126,213000,34.64,34.64,34.64,34.64,600,0
AMID.US,5,20251128,153000,34.605,34.605,34.605,34.605,228,0
AMID.US,5,20251128,185500,34.54,34.54,34.54,34.54,329,0
AMID.US,5,20251201,161000,34.47,34.47,34.47,34.47,100,0
AMID.US,5,20251201,162000,34.45,34.45,34.4499,34.4499,400,0
AMID.US,5,20251201,164000,34.38,34.38,34.38,34.38,175,0
AMID.US,5,20251201,164500,34.4,34.4259,34.4,34.4259,1046,0
AMID.US,5,20251201,170000,34.54,34.54,34.54,34.54,100,0
AMID.US,5,20251201,185500,34.547,34.547,34.52,34.547,472,0
AMID.US,5,20251201,191000,34.5401,34.5401,34.5401,34.5401,290,0
AMID.US,5,20251202,162000,34.33,34.3301,34.33,34.3301,300,0
AMID.US,5,20251202,193000,34.34,34.34,34.34,34.34,100,0
AMID.US,5,20251202,195000,34.295,34.295,34.295,34.295,115,0
AMID.US,5,20251203,212500,34.295,34.295,34.295,34.295,154,0
AMID.US,5,20251203,213000,34.2802,34.2802,34.28,34.28,400,0
AMID.US,5,20251204,165000,34.2961,34.2961,34.2961,34.2961,1309,0
AMID.US,5,20251204,183000,34.42,34.42,34.42,34.42,1400,0
AMID.US,5,20251204,210500,34.3462,34.3474,34.345,34.3474,1162,0
AMID.US,5,20251204,211500,34.36,34.385,34.36,34.385,1554,0
AMID.US,5,20251204,213000,34.3484,34.36,34.3484,34.36,597,0
AMID.US,5,20251205,153500,34.34,34.34,34.34,34.34,243,0
AMID.US,5,20251205,160000,34.41,34.41,34.41,34.41,100,0
AMID.US,5,20251205,173000,34.47,34.47,34.47,34.47,226,0
AMID.US,5,20251205,183000,34.37,34.38,34.37,34.3799,4000,0
AMID.US,5,20251205,183500,34.36,34.36,34.36,34.36,100,0
AMID.US,5,20251205,194500,34.45,34.45,34.45,34.45,887,0
AMID.US,5,20251205,210000,34.42,34.42,34.42,34.42,100,0
AMID.US,5,20251205,212000,34.3781,34.3781,34.3781,34.3781,264,0
AMID.US,5,20251205,212500,34.3405,34.3405,34.3405,34.3405,348,0
AMID.US,5,20251208,161500,34.37,34.37,34.37,34.37,100,0
AMID.US,5,20251208,175500,34.23,34.23,34.23,34.23,300,0
AMID.US,5,20251208,190000,34.174,34.174,34.174,34.174,820,0
AMID.US,5,20251208,192500,34.07,34.07,34.07,34.07,100,0
AMID.US,5,20251208,193500,34.031,34.0338,34.031,34.0338,216,0
AMID.US,5,20251208,194500,34.12,34.12,34.12,34.12,300,0
AMID.US,5,20251208,203000,34.14,34.14,34.1399,34.14,4100,0
AMID.US,5,20251208,211500,34.17,34.17,34.1698,34.17,6676,0
AMID.US,5,20251208,213500,34.1082,34.13,34.1082,34.1082,3937,0
AMID.US,5,20251208,214000,34.13,34.13,34.1299,34.1299,6600,0
AMID.US,5,20251208,215000,34.12,34.12,34.1199,34.12,3890,0
AMID.US,5,20251208,215500,34.08,34.11,34.0699,34.11,14922,0
AMID.US,5,20251209,181000,34.13,34.13,34.12,34.12,366,0
AMID.US,5,20251209,181500,34.12,34.12,34.12,34.12,100,0
AMID.US,5,20251209,211000,34.0264,34.05,34.0264,34.05,1330,0
AMID.US,5,20251209,214000,33.99,33.99,33.9899,33.9899,300,0
AMID.US,5,20251209,215500,33.9,33.9,33.9,33.9,600,0
AMID.US,5,20251210,155000,33.9316,33.9316,33.9304,33.9304,600,0
AMID.US,5,20251210,175500,34.02,34.02,34.0064,34.02,600,0
AMID.US,5,20251210,194500,34.0199,34.02,34.0199,34.02,500,0
AMID.US,5,20251210,200000,33.93,33.93,33.93,33.93,116,0
AMID.US,5,20251210,204500,34.2399,34.2399,34.2399,34.2399,109,0
AMID.US,5,20251210,205500,34.39,34.39,34.3899,34.3899,500,0
AMID.US,5,20251210,210000,34.4199,34.42,34.4199,34.42,376,0
AMID.US,5,20251210,212000,34.46,34.5098,34.46,34.48,1534,0
AMID.US,5,20251210,212500,34.5,34.5,34.483,34.483,200,0
AMID.US,5,20251210,215000,34.46,34.46,34.4599,34.4599,1000,0
AMID.US,5,20251211,154000,34.56,34.56,34.56,34.56,2600,0
AMID.US,5,20251211,154500,34.61,34.61,34.61,34.61,322,0
AMID.US,5,20251211,173500,34.63,34.63,34.63,34.63,800,0
AMID.US,5,20251211,180000,34.64,34.64,34.64,34.64,100,0
AMID.US,5,20251211,203500,34.8,34.8,34.8,34.8,200,0
AMID.US,5,20251211,204000,34.8,34.8,34.8,34.8,100,0
AMID.US,5,20251211,205000,34.82,34.82,34.82,34.82,100,0
AMID.US,5,20251211,210500,34.82,34.82,34.81,34.81,1724,0
AMID.US,5,20251211,212000,34.82,34.82,34.795,34.795,1342,0
AMID.US,5,20251211,212500,34.79,34.79,34.78,34.78,1573,0
AMID.US,5,20251211,215500,34.8,34.81,34.8,34.81,2070,0
AMID.US,5,20251212,161000,34.58,34.58,34.58,34.58,110,0
AMID.US,5,20251212,163000,34.5,34.5,34.5,34.5,1450,0
AMID.US,5,20251212,165000,34.5528,34.5528,34.5528,34.5528,573,0
AMID.US,5,20251212,174000,34.25,34.25,34.25,34.25,100,0
AMID.US,5,20251212,195000,34.4,34.41,34.3999,34.3999,2542,0
AMID.US,5,20251212,204000,34.32,34.32,34.32,34.32,100,0
AMID.US,5,20251212,211000,34.3425,34.3425,34.3425,34.3425,117,0
AMID.US,5,20251212,211500,34.32,34.32,34.32,34.32,100,0
AMID.US,5,20251212,214000,34.28,34.3111,34.28,34.3111,1152,0
AMID.US,5,20251212,214500,34.33,34.33,34.33,34.33,100,0
AMID.US,5,20251215,155500,34.31,34.31,34.31,34.31,100,0
AMID.US,5,20251215,160500,34.3,34.3,34.3,34.3,175,0
AMID.US,5,20251215,184000,34.13,34.13,34.13,34.13,100,0
AMID.US,5,20251215,204000,34.14,34.14,34.14,34.14,160,0
AMID.US,5,20251215,211500,34.168,34.168,34.168,34.168,505,0
AMID.US,5,20251215,214500,34.1132,34.1132,34.1132,34.1132,145,0
AMID.US,5,20251216,155000,34.19,34.19,34.19,34.19,100,0
AMID.US,5,20251216,161000,34.14,34.14,34.14,34.14,100,0
AMID.US,5,20251216,171000,34.06,34.06,34.059,34.06,2758,0
AMID.US,5,20251216,171500,34.05,34.05,34.05,34.05,200,0
AMID.US,5,20251216,175000,34.08,34.08,34.08,34.08,100,0
AMID.US,5,20251216,175500,34.02,34.022,34.0001,34.0001,1670,0
AMID.US,5,20251216,195000,34.0401,34.0401,34.0401,34.0401,550,0
AMID.US,5,20251216,195500,33.9968,33.9968,33.9968,33.9968,111,0
AMID.US,5,20251216,200000,33.9774,33.9774,33.9774,33.9774,558,0
AMID.US,5,20251216,203500,34.01,34.01,34.01,34.01,100,0
AMID.US,5,20251216,210000,34.03,34.03,34.0299,34.0299,1470,0
AMID.US,5,20251216,211500,34.0323,34.0323,34.0101,34.0101,303,0
AMID.US,5,20251216,212000,34.0325,34.0325,34.0325,34.0325,138,0
AMID.US,5,20251216,212500,34.06,34.06,34.0599,34.0599,856,0
AMID.US,5,20251216,213000,34.09,34.09,34.0899,34.0899,200,0
AMID.US,5,20251217,154000,34.1,34.1,34.1,34.1,100,0
AMID.US,5,20251217,155000,34.08,34.0801,34.08,34.0801,306,0
AMID.US,5,20251217,155500,34.1,34.1,34.1,34.1,100,0
AMID.US,5,20251217,160500,34.11,34.11,34.11,34.11,200,0
AMID.US,5,20251217,165000,33.84,33.84,33.84,33.84,100,0
AMID.US,5,20251217,171500,33.7299,33.77,33.7299,33.77,7300,0
AMID.US,5,20251217,184500,33.65,33.65,33.65,33.65,100,0
AMID.US,5,20251217,210000,33.62,33.62,33.62,33.62,103,0
AMID.US,5,20251217,212000,33.62,33.62,33.5865,33.5865,730,0
AMID.US,5,20251217,212500,33.5635,33.5635,33.5635,33.5635,236,0
AMID.US,5,20251217,214000,33.55,33.58,33.55,33.58,2600,0
AMID.US,5,20251217,214500,33.58,33.58,33.58,33.58,100,0
AMID.US,5,20251217,215000,33.5301,33.5449,33.53,33.5301,2300,0
AMID.US,5,20251218,154000,34.07,34.07,34.0699,34.0699,400,0
AMID.US,5,20251218,154500,33.94,33.97,33.91,33.91,609,0
AMID.US,5,20251218,155500,34.01,34.01,34.01,34.01,232,0
AMID.US,5,20251218,162500,34.0399,34.0399,34.0399,34.0399,176,0
AMID.US,5,20251218,172500,34.0575,34.065,34.0575,34.065,354,0
AMID.US,5,20251218,181500,33.7906,33.7906,33.79,33.79,500,0
AMID.US,5,20251218,183000,33.81,33.81,33.81,33.81,199,0
AMID.US,5,20251218,185000,33.92,33.92,33.9199,33.9199,200,0
AMID.US,5,20251218,210000,33.87,33.87,33.8699,33.8699,1474,0
AMID.US,5,20251218,213000,33.94,33.94,33.94,33.94,825,0
AMID.US,5,20251218,215500,33.88,33.89,33.88,33.88,433,0
AMID.US,5,20251219,190000,34.03,34.03,34.0299,34.0299,300,0
AMID.US,5,20251219,202500,34.03,34.03,34.03,34.03,110,0
AMID.US,5,20251219,211500,33.99,33.9902,33.99,33.9902,300,0
AMID.US,5,20251219,212000,34.02,34.02,34.0132,34.0132,226,0
AMID.US,5,20251219,212500,34.02,34.02,34.02,34.02,2000,0
AMID.US,5,20251222,153000,34.05,34.05,34.05,34.05,881,0
AMID.US,5,20251222,154000,34.162,34.162,34.162,34.162,200,0
AMID.US,5,20251222,154500,34.17,34.17,34.17,34.17,200,0
AMID.US,5,20251222,155500,34.18,34.18,34.18,34.18,273,0
AMID.US,5,20251222,165500,34.33,34.33,34.33,34.33,112,0
AMID.US,5,20251222,170500,34.31,34.31,34.31,34.31,200,0
AMID.US,5,20251222,171500,34.33,34.33,34.33,34.33,200,0
AMID.US,5,20251222,173000,34.32,34.32,34.32,34.32,212,0
AMID.US,5,20251222,174000,34.38,34.38,34.38,34.38,288,0
AMID.US,5,20251222,175500,34.38,34.41,34.36,34.375,7346,0
AMID.US,5,20251222,180500,34.35,34.35,34.35,34.35,224,0
AMID.US,5,20251222,181500,34.36,34.36,34.36,34.36,224,0
AMID.US,5,20251222,182500,34.3699,34.3699,34.3699,34.3699,378,0
AMID.US,5,20251222,183000,34.34,34.34,34.34,34.34,224,0
AMID.US,5,20251222,183500,34.348,34.348,34.348,34.348,262,0
AMID.US,5,20251222,184000,34.33,34.33,34.33,34.33,192,0
AMID.US,5,20251222,185500,34.35,34.35,34.35,34.35,224,0
AMID.US,5,20251222,190500,34.34,34.34,34.34,34.34,200,0
AMID.US,5,20251222,192000,34.34,34.34,34.34,34.34,216,0
AMID.US,5,20251222,193000,34.34,34.34,34.34,34.34,200,0
AMID.US,5,20251222,194000,34.32,34.32,34.32,34.32,288,0
AMID.US,5,20251222,195500,34.3,34.3,34.3,34.3,200,0
AMID.US,5,20251222,201000,34.28,34.28,34.28,34.28,368,0
AMID.US,5,20251222,201500,34.27,34.27,34.27,34.27,224,0
AMID.US,5,20251222,203000,34.33,34.33,34.33,34.33,288,0
AMID.US,5,20251222,204500,34.32,34.32,34.32,34.32,200,0
AMID.US,5,20251222,205500,34.32,34.32,34.32,34.32,200,0
AMID.US,5,20251222,210500,34.3,34.3,34.3,34.3,212,0
AMID.US,5,20251222,211500,34.29,34.29,34.29,34.29,288,0
AMID.US,5,20251222,212500,34.29,34.29,34.29,34.29,200,0
AMID.US,5,20251222,213500,34.31,34.31,34.31,34.31,188,0
AMID.US,5,20251222,214500,34.3,34.3,34.27,34.27,388,0
AMID.US,5,20251222,215000,34.28,34.28,34.28,34.28,224,0
AMID.US,5,20251222,215500,34.3,34.32,34.3,34.32,405,0
AMID.US,5,20251223,164000,34.18,34.18,34.18,34.18,129,0
AMID.US,5,20251223,174000,34.11,34.1274,34.11,34.1274,392,0
AMID.US,5,20251223,182000,34.19,34.19,34.1899,34.1899,800,0
AMID.US,5,20251223,183000,34.2125,34.2125,34.205,34.205,232,0
AMID.US,5,20251223,183500,34.22,34.22,34.22,34.22,100,0
AMID.US,5,20251223,190000,34.17,34.202,34.17,34.202,644,0
AMID.US,5,20251223,192500,34.2126,34.2126,34.2126,34.2126,300,0
AMID.US,5,20251223,194500,34.2,34.2,34.2,34.2,2190,0
AMID.US,5,20251223,201000,34.21,34.21,34.2099,34.2099,700,0
AMID.US,5,20251223,203000,34.21,34.21,34.2099,34.2099,400,0
AMID.US,5,20251223,204500,34.21,34.21,34.2099,34.2099,400,0
AMID.US,5,20251223,205000,34.2,34.22,34.2,34.2199,419,0
AMID.US,5,20251223,205500,34.1932,34.1932,34.1932,34.1932,341,0
AMID.US,5,20251223,210000,34.21,34.21,34.2099,34.2099,1800,0
AMID.US,5,20251223,210500,34.1974,34.1974,34.1974,34.1974,289,0
AMID.US,5,20251223,212500,34.209,34.209,34.195,34.1998,2003,0
AMID.US,5,20251223,213500,34.1932,34.21,34.1932,34.21,346,0
AMID.US,5,20251224,161000,34.21,34.22,34.2,34.22,3613,0
AMID.US,5,20251224,161500,34.24,34.24,34.24,34.24,300,0
AMID.US,5,20251224,164000,34.265,34.2799,34.265,34.2799,1723,0
AMID.US,5,20251224,170000,34.3,34.3,34.3,34.3,100,0
AMID.US,5,20251224,170500,34.29,34.29,34.29,34.29,437,0
AMID.US,5,20251224,171000,34.31,34.31,34.31,34.31,100,0
AMID.US,5,20251224,182000,34.32,34.34,34.32,34.34,1464,0
AMID.US,5,20251224,182500,34.324,34.324,34.3072,34.3072,336,0
AMID.US,5,20251224,183500,34.35,34.35,34.3499,34.3499,268,0
AMID.US,5,20251224,185000,34.27,34.27,34.27,34.27,131,0
AMID.US,5,20251224,185500,34.31,34.31,34.31,34.31,1918,0
AMID.US,5,20251226,161000,34.28,34.28,34.2799,34.2799,700,0
AMID.US,5,20251226,171000,34.28,34.28,34.2799,34.2799,1282,0
AMID.US,5,20251226,173500,34.24,34.24,34.2399,34.2399,290,0
AMID.US,5,20251226,205000,34.24,34.24,34.2399,34.2399,734,0
AMID.US,5,20251226,205500,34.23,34.23,34.23,34.23,734,0
AMID.US,5,20251226,215500,34.3,34.3,34.3,34.3,423,0
AMID.US,5,20251229,154500,34.23,34.23,34.23,34.23,400,0
AMID.US,5,20251229,164500,34.08,34.09,34.0798,34.0798,762,0
AMID.US,5,20251229,170000,34.04,34.04,34.04,34.04,359,0
AMID.US,5,20251229,172000,34.0799,34.08,34.0799,34.08,292,0
AMID.US,5,20251229,175000,34.068,34.08,34.068,34.08,393,0
AMID.US,5,20251229,183000,34.069,34.069,34.0564,34.0564,248,0
AMID.US,5,20251229,200000,34.1,34.1,34.1,34.1,609,0
AMID.US,5,20251229,202500,34.1,34.1,34.099,34.0999,486,0
AMID.US,5,20251229,205000,34.12,34.12,34.1199,34.1199,200,0
AMID.US,5,20251229,210500,34.1,34.12,34.1,34.12,317,0
AMID.US,5,20251229,211000,34.139,34.139,34.12,34.12,747,0
AMID.US,5,20251229,214000,34.1,34.14,34.1,34.14,889,0
AMID.US,5,20251229,214500,34.1399,34.1399,34.1399,34.1399,292,0
AMID.US,5,20251229,215000,34.14,34.14,34.14,34.14,100,0
AMID.US,5,20251229,215500,34.13,34.14,34.13,34.14,2100,0
AMID.US,5,20251230,153000,34.08,34.12,34.08,34.1152,612,0
AMID.US,5,20251230,161500,34.02,34.02,34.015,34.0199,1751,0
AMID.US,5,20251230,163500,33.98,33.98,33.9647,33.9664,1618,0
AMID.US,5,20251230,164500,33.9647,33.9647,33.9647,33.9647,294,0
AMID.US,5,20251230,170500,33.98,33.98,33.9799,33.9799,882,0
AMID.US,5,20251230,174000,33.9599,33.96,33.9599,33.96,400,0
AMID.US,5,20251230,175000,33.97,33.97,33.97,33.97,100,0
AMID.US,5,20251230,180500,33.969,33.969,33.969,33.969,200,0
AMID.US,5,20251230,181000,33.97,33.97,33.9699,33.9699,942,0
AMID.US,5,20251230,183000,33.95,33.95,33.95,33.95,100,0
AMID.US,5,20251230,184500,33.95,33.95,33.95,33.95,400,0
AMID.US,5,20251230,190500,33.926,33.926,33.926,33.926,230,0
AMID.US,5,20251230,191000,33.95,33.97,33.95,33.97,527,0
AMID.US,5,20251230,194500,33.97,33.97,33.97,33.97,100,0
AMID.US,5,20251230,195000,33.98,33.98,33.9799,33.9799,200,0
AMID.US,5,20251230,200000,33.96,33.96,33.96,33.96,100,0
AMID.US,5,20251230,202500,33.96,33.96,33.96,33.96,1400,0
AMID.US,5,20251230,205000,33.99,33.99,33.9899,33.9899,400,0
AMID.US,5,20251230,205500,33.95,33.95,33.95,33.95,226,0
AMID.US,5,20251230,210500,33.955,33.955,33.9447,33.9447,459,0
AMID.US,5,20251230,213000,33.98,33.98,33.98,33.98,170,0
AMID.US,5,20251230,215500,33.91,33.91,33.905,33.905,2374,0
AMID.US,5,20251231,153000,33.91,33.91,33.91,33.91,100,0
AMID.US,5,20251231,153500,33.89,33.89,33.89,33.89,100,0
AMID.US,5,20251231,162000,33.74,33.74,33.74,33.74,100,0
AMID.US,5,20251231,170500,33.71,33.71,33.71,33.71,300,0
AMID.US,5,20251231,182500,33.7,33.7,33.6999,33.6999,200,0
AMID.US,5,20251231,183500,33.72,33.72,33.7199,33.7199,200,0
AMID.US,5,20251231,184500,33.69,33.69,33.6798,33.6798,200,0
AMID.US,5,20251231,194500,33.6984,33.72,33.6984,33.72,969,0
AMID.US,5,20251231,200000,33.72,33.72,33.72,33.72,500,0
AMID.US,5,20251231,201000,33.74,33.74,33.7399,33.7399,348,0
AMID.US,5,20251231,211000,33.5899,33.5899,33.5814,33.5814,413,0
AMID.US,5,20251231,215500,33.54,33.54,33.54,33.54,2308,0
AMID.US,5,20260102,163000,33.64,33.64,33.64,33.64,200,0
AMID.US,5,20260102,165000,33.69,33.69,33.69,33.69,110,0
AMID.US,5,20260102,174000,33.84,33.84,33.84,33.84,100,0
AMID.US,5,20260102,185500,33.79,33.79,33.7899,33.7899,400,0
AMID.US,5,20260102,195500,33.72,33.72,33.7199,33.7199,296,0
AMID.US,5,20260102,203500,33.848,33.848,33.848,33.848,359,0
AMID.US,5,20260102,210500,33.94,33.94,33.94,33.94,300,0
AMID.US,5,20260102,211500,33.92,33.92,33.9199,33.9199,356,0
AMID.US,5,20260102,212000,33.92,33.92,33.92,33.92,178,0
AMID.US,5,20260105,154000,34.26,34.26,34.26,34.26,231,0
AMID.US,5,20260105,154500,34.32,34.32,34.32,34.32,1500,0
AMID.US,5,20260105,155000,34.3,34.3,34.25,34.25,3300,0
AMID.US,5,20260105,161000,34.325,34.37,34.325,34.36,4195,0
AMID.US,5,20260105,174500,34.46,34.47,34.4325,34.44,1000,0
AMID.US,5,20260105,175000,34.48,34.48,34.455,34.48,1650,0
AMID.US,5,20260105,175500,34.5198,34.5198,34.5188,34.5188,540,0
AMID.US,5,20260105,182000,34.5399,34.5399,34.5399,34.5399,289,0
AMID.US,5,20260105,183500,34.54,34.54,34.52,34.539,5500,0
AMID.US,5,20260105,184000,34.52,34.52,34.52,34.52,100,0
AMID.US,5,20260105,191500,34.52,34.52,34.52,34.52,182,0
AMID.US,5,20260105,205500,34.53,34.53,34.53,34.53,1320,0
AMID.US,5,20260105,210500,34.52,34.52,34.46,34.46,15905,0
AMID.US,5,20260105,211000,34.48,34.48,34.48,34.48,100,0
AMID.US,5,20260105,214500,34.448,34.448,34.448,34.448,1099,0
AMID.US,5,20260105,215500,34.4,34.4,34.4,34.4,700,0
AMID.US,5,20260106,161500,34.4399,34.44,34.4399,34.44,300,0
AMID.US,5,20260106,163000,34.415,34.415,34.415,34.415,146,0
AMID.US,5,20260106,170500,34.44,34.44,34.44,34.44,150,0
AMID.US,5,20260106,190000,34.76,34.8,34.76,34.8,284,0
AMID.US,5,20260106,192000,34.7,34.7,34.7,34.7,185,0
AMID.US,5,20260106,194000,34.74,34.74,34.74,34.74,197,0
AMID.US,5,20260106,205500,34.8502,34.8502,34.8502,34.8502,139,0
AMID.US,5,20260106,210000,34.84,34.84,34.84,34.84,1656,0
AMID.US,5,20260106,213000,34.884,34.884,34.884,34.884,439,0
AMID.US,5,20260107,155000,34.74,34.74,34.69,34.7,600,0
AMID.US,5,20260107,163500,34.5328,34.5328,34.5328,34.5328,149,0
AMID.US,5,20260107,170000,34.518,34.518,34.518,34.518,105,0
AMID.US,5,20260107,204500,34.49,34.49,34.47,34.4868,2427,0
AMID.US,5,20260108,163000,34.43,34.43,34.43,34.43,100,0
AMID.US,5,20260108,164500,34.48,34.48,34.464,34.464,2126,0
AMID.US,5,20260108,174500,34.5499,34.5499,34.5499,34.5499,145,0
AMID.US,5,20260108,183000,34.53,34.53,34.53,34.53,107,0
AMID.US,5,20260108,193000,34.4784,34.4784,34.4784,34.4784,253,0
AMID.US,5,20260108,200500,34.47,34.47,34.47,34.47,130,0
AMID.US,5,20260108,201500,34.46,34.489,34.44,34.45,5081,0
AMID.US,5,20260108,202500,34.505,34.505,34.505,34.505,219,0
AMID.US,5,20260108,212000,34.476,34.476,34.476,34.476,473,0
AMID.US,5,20260108,212500,34.504,34.504,34.504,34.504,198,0
AMID.US,5,20260108,213000,34.54,34.54,34.5,34.5,566,0
AMID.US,5,20260108,215500,34.52,34.52,34.52,34.52,333,0
AMID.US,5,20260109,160000,34.88,34.9,34.88,34.88,1687,0
AMID.US,5,20260109,161000,34.76,34.76,34.76,34.76,100,0
AMID.US,5,20260109,163500,34.9292,34.9292,34.9292,34.9292,689,0
AMID.US,5,20260109,164500,34.91,34.91,34.91,34.91,100,0
AMID.US,5,20260109,191000,34.98,35,34.98,34.9899,3537,0
AMID.US,5,20260109,200500,34.97,34.97,34.97,34.97,300,0
AMID.US,5,20260109,201000,34.97,34.97,34.97,34.97,800,0
AMID.US,5,20260109,210000,34.99,34.99,34.99,34.99,6762,0
AMID.US,5,20260109,211000,34.97,34.97,34.9501,34.9501,422,0
AMID.US,5,20260109,211500,34.955,34.955,34.955,34.955,1710,0
AMID.US,5,20260109,213500,35.02,35.02,35.0199,35.02,8400,0
AMID.US,5,20260109,214500,35,35,34.99,35,1139,0
AMID.US,5,20260109,215500,35,35,34.99,34.99,10143,0
AMID.US,5,20260112,160500,35.01,35.01,34.94,34.94,245,0
AMID.US,5,20260112,170000,35.01,35.01,35.01,35.01,295,0
AMID.US,5,20260112,182000,35.01,35.01,35.01,35.01,100,0
AMID.US,5,20260112,190000,35.025,35.025,35.025,35.025,124,0
AMID.US,5,20260112,192500,35.06,35.06,35.0599,35.0599,474,0
AMID.US,5,20260112,194500,35.09,35.09,35.09,35.09,100,0
AMID.US,5,20260112,200000,35.1,35.1,35.1,35.1,361,0
AMID.US,5,20260112,201000,35.1,35.1,35.1,35.1,100,0
AMID.US,5,20260112,212000,34.9706,35.01,34.9706,35.01,1999,0
AMID.US,5,20260112,215500,35.23,35.23,35.23,35.23,160,0
AMID.US,5,20260113,160000,35.01,35.01,35.01,35.01,100,0
AMID.US,5,20260113,160500,35.01,35.01,35.01,35.01,100,0
AMID.US,5,20260113,180500,35.0728,35.08,35.0728,35.0764,2140,0
AMID.US,5,20260113,183000,35.06,35.06,35.06,35.06,100,0
AMID.US,5,20260113,184500,35.05,35.05,35.05,35.05,400,0
AMID.US,5,20260113,185500,35.06,35.06,35.06,35.06,100,0
AMID.US,5,20260113,192000,35.05,35.05,35.05,35.05,1570,0
AMID.US,5,20260113,203500,35.08,35.08,35.08,35.08,162,0
AMID.US,5,20260113,210000,35.09,35.1,35.08,35.1,2110,0
AMID.US,5,20260113,211000,35.09,35.09,35.09,35.09,855,0
AMID.US,5,20260113,212500,35.08,35.08,35.08,35.08,1542,0
AMID.US,5,20260113,214000,35.0836,35.0836,35.0836,35.0836,178,0
AMID.US,5,20260114,154500,35.13,35.13,35.13,35.13,100,0
AMID.US,5,20260114,164500,34.97,34.97,34.97,34.97,100,0
AMID.US,5,20260114,172500,35.0501,35.0501,35.0501,35.0501,104,0
AMID.US,5,20260114,173500,35.0392,35.0392,35.0392,35.0392,113,0
AMID.US,5,20260114,174000,35.02,35.02,35.02,35.02,114,0
AMID.US,5,20260114,184000,34.95,34.95,34.9499,34.9499,228,0
AMID.US,5,20260114,190000,34.94,34.94,34.94,34.94,270,0
AMID.US,5,20260114,192000,34.956,34.956,34.956,34.956,245,0
AMID.US,5,20260114,205500,34.97,34.99,34.97,34.9899,3657,0
AMID.US,5,20260114,212000,35.06,35.06,35.06,35.06,100,0
AMID.US,5,20260114,213500,35.15,35.15,35.15,35.15,149,0
AMID.US,5,20260115,154000,35.52,35.52,35.52,35.52,100,0
AMID.US,5,20260115,160000,35.5,35.5,35.5,35.5,100,0
AMID.US,5,20260115,192000,35.68,35.68,35.6799,35.6799,306,0
AMID.US,5,20260115,212500,35.6543,35.6543,35.64,35.64,3020,0
AMID.US,5,20260115,214500,35.68,35.68,35.68,35.68,200,0
AMID.US,5,20260115,215500,35.69,35.69,35.69,35.69,485,0
AMID.US,5,20260116,154000,35.61,35.61,35.61,35.61,100,0
AMID.US,5,20260116,160000,35.5975,35.5975,35.585,35.585,732,0
AMID.US,5,20260116,163000,35.58,35.58,35.58,35.58,100,0
AMID.US,5,20260116,165500,35.53,35.5438,35.53,35.5438,253,0
AMID.US,5,20260116,184500,35.62,35.62,35.61,35.62,4440,0
AMID.US,5,20260116,185000,35.59,35.59,35.59,35.59,100,0
AMID.US,5,20260116,190000,35.57,35.57,35.57,35.57,629,0
AMID.US,5,20260116,194500,35.52,35.52,35.52,35.52,100,0
AMID.US,5,20260116,205500,35.52,35.52,35.52,35.52,100,0
AMID.US,5,20260116,210500,35.48,35.48,35.48,35.48,210,0
AMID.US,5,20260116,211000,35.51,35.51,35.51,35.51,1700,0
AMID.US,5,20260116,214000,35.465,35.465,35.465,35.465,141,0
AMID.US,5,20260116,215000,35.49,35.5,35.49,35.5,278,0
AMID.US,5,20260116,215500,35.47,35.47,35.47,35.47,306,0
AMID.US,5,20260120,155000,35.17,35.17,35.17,35.17,100,0
AMID.US,5,20260120,162500,35.24,35.24,35.24,35.24,928,0
AMID.US,5,20260120,164500,35.23,35.23,35.23,35.23,100,0
AMID.US,5,20260120,182500,35.11,35.11,35.1099,35.1099,626,0
AMID.US,5,20260120,185000,35.02,35.02,35.0199,35.0199,10834,0
AMID.US,5,20260120,190000,35.03,35.04,35.0164,35.02,6752,0
AMID.US,5,20260120,190500,35.03,35.03,35.03,35.03,361,0
AMID.US,5,20260120,191500,35.08,35.08,35.06,35.06,4282,0
AMID.US,5,20260120,193500,35.01,35.01,35.01,35.01,100,0
AMID.US,5,20260120,194000,34.99,34.99,34.99,34.99,100,0
AMID.US,5,20260120,200000,34.9475,34.9475,34.945,34.945,1857,0
AMID.US,5,20260120,201500,34.935,34.935,34.935,34.935,857,0
AMID.US,5,20260120,203000,34.9247,34.9247,34.9247,34.9247,1430,0
AMID.US,5,20260120,205000,34.92,34.92,34.92,34.92,100,0
AMID.US,5,20260120,211500,34.895,34.895,34.895,34.895,537,0
AMID.US,5,20260120,213500,34.92,34.92,34.905,34.905,248,0
AMID.US,5,20260121,153000,35.08,35.08,35.08,35.08,2725,0
AMID.US,5,20260121,155000,35.16,35.16,35.16,35.16,100,0
AMID.US,5,20260121,164000,35.37,35.37,35.37,35.37,100,0
AMID.US,5,20260121,190000,35.125,35.125,35.125,35.125,530,0
AMID.US,5,20260121,191000,35.16,35.16,35.16,35.16,790,0
AMID.US,5,20260121,193000,35.19,35.19,35.18,35.18,900,0
AMID.US,5,20260121,201000,35.22,35.22,35.22,35.22,100,0
AMID.US,5,20260121,202000,35.26,35.26,35.26,35.26,3000,0
AMID.US,5,20260121,202500,35.41,35.41,35.41,35.41,100,0
AMID.US,5,20260121,203500,35.59,35.59,35.59,35.59,200,0
AMID.US,5,20260121,211000,35.51,35.51,35.51,35.51,100,0
AMID.US,5,20260121,213000,35.47,35.47,35.47,35.47,100,0
AMID.US,5,20260122,154500,35.65,35.65,35.62,35.62,255,0
AMID.US,5,20260122,155000,35.58,35.6,35.58,35.6,200,0
AMID.US,5,20260122,160000,35.47,35.47,35.45,35.4501,6772,0
AMID.US,5,20260122,162000,35.5,35.5,35.5,35.5,100,0
AMID.US,5,20260122,175500,35.495,35.495,35.495,35.495,900,0
AMID.US,5,20260122,181000,35.5099,35.5099,35.5099,35.5099,129,0
AMID.US,5,20260122,183000,35.5,35.5,35.5,35.5,100,0
AMID.US,5,20260122,184000,35.508,35.508,35.508,35.508,700,0
AMID.US,5,20260122,192000,35.43,35.43,35.43,35.43,200,0
AMID.US,5,20260122,195000,35.44,35.45,35.44,35.45,637,0
AMID.US,5,20260122,204500,35.39,35.39,35.39,35.39,100,0
AMID.US,5,20260122,212000,35.37,35.39,35.37,35.37,1641,0
AMID.US,5,20260122,214000,35.34,35.34,35.34,35.34,100,0
AMID.US,5,20260122,215500,35.35,35.35,35.33,35.35,900,0
AMID.US,5,20260123,160500,35.16,35.16,35.16,35.16,100,0
AMID.US,5,20260123,161500,35.08,35.08,35.08,35.08,100,0
AMID.US,5,20260123,174500,35.01,35.01,35.01,35.01,100,0
AMID.US,5,20260123,175000,35,35,35,35,100,0
AMID.US,5,20260123,202000,34.91,34.91,34.91,34.91,100,0
AMID.US,5,20260123,204000,34.85,34.85,34.85,34.85,100,0
AMID.US,5,20260123,212000,34.86,34.86,34.86,34.86,200,0
AMID.US,5,20260123,213000,34.84,34.84,34.83,34.84,1452,0
AMID.US,5,20260123,213500,34.85,34.87,34.85,34.87,1287,0
AMID.US,5,20260123,214000,34.87,34.87,34.87,34.87,200,0
AMID.US,5,20260123,215500,34.96,34.96,34.96,34.96,1399,0
