<TICKER>,<PER>,<DATE>,<TIME>,<OPEN>,<HIGH>,<LOW>,<CLOSE>,<VOL>,<OPENINT>
PSET.US,5,20250829,164500,75.3915,75.3915,75.3915,75.3915,482,0
PSET.US,5,20250829,182000,75.49,75.5,75.49,75.5,450,0
PSET.US,5,20250829,192500,75.39,75.39,75.39,75.39,157,0
PSET.US,5,20250829,201000,75.39,75.39,75.39,75.39,157,0
PSET.US,5,20250902,164000,74.64,74.65,74.64,74.65,400,0
PSET.US,5,20250902,184000,74.27,74.2701,74.27,74.2701,800,0
PSET.US,5,20250902,193500,74.63,74.64,74.63,74.64,700,0
PSET.US,5,20250902,211000,74.71,74.71,74.71,74.71,100,0
PSET.US,5,20250902,215500,74.485,74.485,74.34,74.34,1063,0
PSET.US,5,20250903,162500,75,75.01,75,75.01,900,0
PSET.US,5,20250903,165000,75.04,75.054,75.0101,75.0101,1234,0
PSET.US,5,20250903,193000,74.8468,74.8468,74.8468,74.8468,205,0
PSET.US,5,20250903,210500,74.71,74.71,74.71,74.71,669,0
PSET.US,5,20250903,211000,74.78,74.81,74.76,74.76,3229,0
PSET.US,5,20250904,154500,75.16,75.16,75.16,75.16,100,0
PSET.US,5,20250904,163000,75.25,75.25,75.25,75.25,100,0
PSET.US,5,20250904,183000,75.3968,75.3968,75.3968,75.3968,500,0
PSET.US,5,20250904,184000,75.35,75.3899,75.35,75.3899,252,0
PSET.US,5,20250904,200000,75.56,75.56,75.49,75.49,649,0
PSET.US,5,20250904,212000,75.64,75.65,75.64,75.65,649,0
PSET.US,5,20250904,213000,75.53,75.53,75.52,75.52,800,0
PSET.US,5,20250904,213500,75.602,75.602,75.602,75.602,147,0
PSET.US,5,20250905,161500,75.96,75.96,75.96,75.96,100,0
PSET.US,5,20250905,191500,75.5936,75.5936,75.5936,75.5936,288,0
PSET.US,5,20250905,205000,75.67,75.67,75.67,75.67,100,0
PSET.US,5,20250905,213000,75.78,75.78,75.66,75.66,1479,0
PSET.US,5,20250908,164000,75.9314,75.9314,75.9314,75.9314,134,0
PSET.US,5,20250908,165000,75.9914,75.9914,75.9914,75.9914,108,0
PSET.US,5,20250908,191000,75.92,75.92,75.92,75.92,400,0
PSET.US,5,20250908,204000,75.9,75.9,75.9,75.9,100,0
PSET.US,5,20250908,210000,75.83,75.83,75.83,75.83,100,0
PSET.US,5,20250908,210500,75.93,75.93,75.93,75.93,100,0
PSET.US,5,20250908,213000,75.77,75.77,75.77,75.77,700,0
PSET.US,5,20250909,180000,75.55,75.55,75.55,75.55,100,0
PSET.US,5,20250909,195000,75.734,75.734,75.734,75.734,135,0
PSET.US,5,20250909,205000,75.73,75.73,75.73,75.73,7223,0
PSET.US,5,20250909,212500,75.66,75.66,75.66,75.66,800,0
PSET.US,5,20250910,162500,75.8768,75.8768,75.8768,75.8768,164,0
PSET.US,5,20250910,170000,75.77,75.77,75.77,75.77,100,0
PSET.US,5,20250910,171000,75.71,75.71,75.71,75.71,100,0
PSET.US,5,20250910,194000,75.52,75.52,75.52,75.52,400,0
PSET.US,5,20250910,201500,75.4268,75.4268,75.4268,75.4268,355,0
PSET.US,5,20250910,205500,75.45,75.45,75.45,75.45,100,0
PSET.US,5,20250910,212000,75.43,75.43,75.43,75.43,100,0
PSET.US,5,20250910,213500,75.32,75.32,75.32,75.32,100,0
PSET.US,5,20250911,170000,76.1268,76.1268,76.1268,76.1268,213,0
PSET.US,5,20250911,181000,76.205,76.205,76.205,76.205,110,0
PSET.US,5,20250911,191500,76.258,76.258,76.258,76.258,562,0
PSET.US,5,20250911,212500,76.3232,76.3232,76.3232,76.3232,128,0
PSET.US,5,20250912,175000,75.99,75.99,75.99,75.99,100,0
PSET.US,5,20250912,183500,75.95,75.95,75.95,75.95,1102,0
PSET.US,5,20250912,184000,75.965,75.965,75.965,75.965,346,0
PSET.US,5,20250912,214500,75.88,75.88,75.88,75.88,364,0
PSET.US,5,20250915,190500,76.13,76.13,76.13,76.13,100,0
PSET.US,5,20250915,191500,76.09,76.09,76.01,76.01,307,0
PSET.US,5,20250915,215000,75.9971,75.9971,75.9971,75.9971,2411,0
PSET.US,5,20250916,153000,75.9485,75.9485,75.9485,75.9485,400,0
PSET.US,5,20250916,174000,75.83,75.83,75.82,75.82,232,0
PSET.US,5,20250916,192000,75.8309,75.8415,75.8309,75.8415,342,0
PSET.US,5,20250917,153000,75.96,75.96,75.96,75.96,109,0
PSET.US,5,20250917,153500,76.1,76.1,76.1,76.1,100,0
PSET.US,5,20250917,160500,75.98,75.98,75.98,75.98,380,0
PSET.US,5,20250917,173000,75.93,75.93,75.93,75.93,100,0
PSET.US,5,20250917,175000,75.94,75.94,75.94,75.94,427,0
PSET.US,5,20250917,194000,75.86,75.8604,75.86,75.8604,224,0
PSET.US,5,20250917,212000,75.78,75.7822,75.78,75.7822,300,0
PSET.US,5,20250918,170500,76.27,76.27,76.27,76.27,454,0
PSET.US,5,20250918,180000,76.32,76.32,76.32,76.32,226,0
PSET.US,5,20250918,190500,76.365,76.365,76.365,76.365,153,0
PSET.US,5,20250918,204500,76.21,76.21,76.21,76.21,100,0
PSET.US,5,20250919,185500,76.2415,76.2415,76.2415,76.2415,220,0
PSET.US,5,20250919,191500,76.25,76.25,76.25,76.25,509,0
PSET.US,5,20250922,174000,76.44,76.44,76.44,76.44,700,0
PSET.US,5,20250922,193500,76.5276,76.55,76.5276,76.55,6353,0
PSET.US,5,20250922,194000,76.5201,76.5201,76.52,76.52,872,0
PSET.US,5,20250922,205500,76.68,76.68,76.67,76.68,795,0
PSET.US,5,20250922,212000,76.7,76.7,76.7,76.7,939,0
PSET.US,5,20250923,162500,76.69,76.69,76.69,76.69,700,0
PSET.US,5,20250923,171000,76.49,76.49,76.49,76.49,100,0
PSET.US,5,20250923,193500,76.1,76.1001,76.1,76.1001,842,0
PSET.US,5,20250923,195000,76.1899,76.1899,76.1899,76.1899,537,0
PSET.US,5,20250923,204500,76.062,76.062,76.062,76.062,175,0
PSET.US,5,20250923,211000,75.99,75.99,75.99,75.99,1086,0
PSET.US,5,20250923,212000,76,76,76,76,100,0
PSET.US,5,20250923,213500,76,76,76,76,295,0
PSET.US,5,20250923,215500,76.06,76.06,76.06,76.06,300,0
PSET.US,5,20250924,173500,75.89,75.89,75.89,75.89,150,0
PSET.US,5,20250924,190500,75.72,75.742,75.72,75.742,1147,0
PSET.US,5,20250924,193000,75.83,75.83,75.83,75.83,100,0
PSET.US,5,20250924,211000,75.69,75.69,75.69,75.69,1179,0
PSET.US,5,20250924,211500,75.72,75.73,75.72,75.73,317,0
PSET.US,5,20250925,165500,75.27,75.3149,75.27,75.27,565,0
PSET.US,5,20250925,185500,75.19,75.19,75.19,75.19,100,0
PSET.US,5,20250925,191000,75.228,75.228,75.228,75.228,101,0
PSET.US,5,20250925,191500,75.22,75.22,75.22,75.22,700,0
PSET.US,5,20250926,164000,75.5291,75.5291,75.5291,75.5291,318,0
PSET.US,5,20250926,171500,75.49,75.49,75.49,75.49,409,0
PSET.US,5,20250926,184000,75.64,75.64,75.64,75.64,259,0
PSET.US,5,20250926,192000,75.73,75.73,75.73,75.73,100,0
PSET.US,5,20250926,193000,75.752,75.752,75.752,75.752,265,0
PSET.US,5,20250929,164000,75.93,75.9799,75.93,75.9799,420,0
PSET.US,5,20250929,172500,75.8,75.8,75.8,75.8,1851,0
PSET.US,5,20250929,190000,75.71,75.71,75.71,75.71,553,0
PSET.US,5,20250929,194500,75.7437,75.7437,75.7437,75.7437,713,0
PSET.US,5,20250929,204500,75.82,75.82,75.82,75.82,100,0
PSET.US,5,20250929,213000,75.75,75.75,75.75,75.75,100,0
PSET.US,5,20250930,171000,75.81,75.81,75.81,75.81,212,0
PSET.US,5,20250930,171500,75.75,75.7599,75.75,75.7599,243,0
PSET.US,5,20251001,154500,75.84,75.84,75.84,75.84,100,0
PSET.US,5,20251001,164000,76.03,76.03,76.03,76.03,200,0
PSET.US,5,20251001,174500,76.108,76.108,76.108,76.108,100,0
PSET.US,5,20251001,210000,76.3,76.3,76.3,76.3,100,0
PSET.US,5,20251002,163500,76.535,76.535,76.535,76.535,310,0
PSET.US,5,20251002,204500,76.82,76.82,76.82,76.82,100,0
PSET.US,5,20251002,210000,76.768,76.768,76.768,76.768,118,0
PSET.US,5,20251002,213500,76.65,76.6502,76.65,76.6502,200,0
PSET.US,5,20251003,165500,77.22,77.22,77.22,77.22,100,0
PSET.US,5,20251003,175500,77.18,77.2,77.18,77.2,808,0
PSET.US,5,20251003,180500,77.19,77.19,77.19,77.19,388,0
PSET.US,5,20251003,214500,76.91,76.91,76.91,76.91,481,0
PSET.US,5,20251006,165000,76.72,76.72,76.72,76.72,239,0
PSET.US,5,20251006,173500,76.88,76.88,76.88,76.88,247,0
PSET.US,5,20251006,183000,76.89,76.89,76.89,76.89,100,0
PSET.US,5,20251006,202500,77.06,77.06,77.06,77.06,100,0
PSET.US,5,20251006,204000,77.03,77.03,77.03,77.03,100,0
PSET.US,5,20251007,153000,77,77,77,77,121,0
PSET.US,5,20251007,164000,76.7585,76.7585,76.7405,76.7405,642,0
PSET.US,5,20251007,191500,76.4705,76.4705,76.4705,76.4705,301,0
PSET.US,5,20251007,192500,76.39,76.39,76.39,76.39,181,0
PSET.US,5,20251007,212000,76.38,76.38,76.38,76.38,100,0
PSET.US,5,20251008,163500,76.9215,76.9215,76.9215,76.9215,389,0
PSET.US,5,20251008,173500,76.97,76.97,76.97,76.97,100,0
PSET.US,5,20251008,192500,76.98,76.98,76.98,76.98,299,0
PSET.US,5,20251008,202500,76.965,76.965,76.965,76.965,126,0
PSET.US,5,20251008,203000,76.98,76.98,76.98,76.98,100,0
PSET.US,5,20251008,204500,76.94,76.94,76.94,76.94,100,0
PSET.US,5,20251008,211500,76.98,76.98,76.98,76.98,100,0
PSET.US,5,20251009,194000,76.5815,76.5815,76.5815,76.5815,460,0
PSET.US,5,20251010,162000,76.6699,76.6699,76.6699,76.6699,114,0
PSET.US,5,20251010,190000,75.21,75.21,75.21,75.21,200,0
PSET.US,5,20251010,195000,75.195,75.195,75.195,75.195,103,0
PSET.US,5,20251010,210000,75.05,75.05,75.05,75.05,2022,0
PSET.US,5,20251010,211000,75,75,75,75,100,0
PSET.US,5,20251013,163500,75.6496,75.6496,75.6496,75.6496,177,0
PSET.US,5,20251013,175500,75.8,75.8,75.8,75.8,100,0
PSET.US,5,20251013,193500,75.77,75.77,75.77,75.77,105,0
PSET.US,5,20251013,210000,75.6004,75.6004,75.6004,75.6004,101,0
PSET.US,5,20251013,212000,75.78,75.78,75.69,75.69,610,0
PSET.US,5,20251013,214500,75.76,75.76,75.76,75.76,10714,0
PSET.US,5,20251014,170000,75.4852,75.4852,75.4852,75.4852,398,0
PSET.US,5,20251014,173500,75.47,75.47,75.47,75.47,499,0
PSET.US,5,20251014,192000,75.9208,75.9208,75.9208,75.9208,133,0
PSET.US,5,20251014,205000,76.06,76.1,76.03,76.03,6742,0
PSET.US,5,20251014,205500,76.11,76.11,76.11,76.11,106,0
PSET.US,5,20251014,212000,76.0897,76.0897,76.0897,76.0897,936,0
PSET.US,5,20251014,213500,75.9,75.9,75.9,75.9,100,0
PSET.US,5,20251014,214500,75.68,75.68,75.68,75.68,100,0
PSET.US,5,20251015,164000,76.1576,76.1576,76.1576,76.1576,327,0
PSET.US,5,20251015,193500,75.4115,75.4115,75.4115,75.4115,268,0
PSET.US,5,20251015,211500,75.7588,75.7588,75.7588,75.7588,106,0
PSET.US,5,20251015,212500,75.655,75.66,75.64,75.64,700,0
PSET.US,5,20251016,160000,75.83,75.83,75.83,75.83,535,0
PSET.US,5,20251016,162500,75.8,75.8,75.8,75.8,100,0
PSET.US,5,20251016,175000,75.68,75.68,75.68,75.68,100,0
PSET.US,5,20251016,192000,75.33,75.34,75.33,75.34,212,0
PSET.US,5,20251016,205500,75.12,75.12,75.12,75.12,1330,0
PSET.US,5,20251017,153000,74.17,74.17,74.17,74.17,402,0
PSET.US,5,20251017,162500,75.3,75.37,75.3,75.3699,1198,0
PSET.US,5,20251017,173500,75.14,75.14,75.14,75.14,100,0
PSET.US,5,20251017,191500,75.3294,75.3294,75.3294,75.3294,572,0
PSET.US,5,20251017,200000,75.516,75.516,75.516,75.516,100,0
PSET.US,5,20251017,210500,75.67,75.67,75.67,75.67,1061,0
PSET.US,5,20251020,154000,76.01,76.01,76.01,76.01,700,0
PSET.US,5,20251020,162500,76.18,76.18,76.18,76.18,700,0
PSET.US,5,20251020,163500,76.29,76.29,76.29,76.29,100,0
PSET.US,5,20251020,164000,76.28,76.28,76.28,76.28,700,0
PSET.US,5,20251020,191000,76.62,77.5,76.62,77.499,900,0
PSET.US,5,20251020,191500,76.66,76.7,76.66,76.7,470,0
PSET.US,5,20251020,195000,76.635,76.635,76.635,76.635,100,0
PSET.US,5,20251020,215000,76.47,76.47,76.47,76.47,120,0
PSET.US,5,20251020,215500,76.465,76.58,76.435,76.435,1563,0
PSET.US,5,20251021,172500,77.0108,77.0108,77.0108,77.0108,266,0
PSET.US,5,20251021,182000,77.12,77.12,77.12,77.12,100,0
PSET.US,5,20251021,194000,77.11,77.11,77.1099,77.1099,200,0
PSET.US,5,20251021,201000,77.1493,77.1493,77.08,77.133,1204,0
PSET.US,5,20251021,205500,77.11,77.11,77.11,77.11,100,0
PSET.US,5,20251021,210500,77.04,77.04,77,77,2045,0
PSET.US,5,20251021,212000,77.07,77.07,77.07,77.07,100,0
PSET.US,5,20251021,213500,77.01,77.01,77,77,300,0
PSET.US,5,20251021,214000,77.08,77.08,77.08,77.08,100,0
PSET.US,5,20251022,163000,76.81,76.81,76.8,76.8,789,0
PSET.US,5,20251022,172000,76.72,76.72,76.72,76.72,100,0
PSET.US,5,20251022,182000,76.67,76.67,76.67,76.67,392,0
PSET.US,5,20251022,193500,76.35,76.35,76.35,76.35,200,0
PSET.US,5,20251022,201500,76.2,76.2,76.2,76.2,100,0
PSET.US,5,20251022,210000,76.34,76.34,76.24,76.24,800,0
PSET.US,5,20251022,213500,76.44,76.47,76.44,76.47,600,0
PSET.US,5,20251022,214500,76.41,76.43,76.41,76.43,328,0
PSET.US,5,20251022,215500,76.36,76.36,76.36,76.36,100,0
PSET.US,5,20251023,153000,76.5905,76.5905,76.5905,76.5905,1008,0
PSET.US,5,20251023,154000,76.64,76.64,76.64,76.64,100,0
PSET.US,5,20251023,160000,76.74,76.74,76.74,76.74,700,0
PSET.US,5,20251023,163000,76.5997,76.63,76.5997,76.63,579,0
PSET.US,5,20251023,164500,76.71,76.71,76.71,76.71,100,0
PSET.US,5,20251023,165000,76.6945,76.6945,76.6945,76.6945,326,0
PSET.US,5,20251023,171500,76.61,76.61,76.61,76.61,149,0
PSET.US,5,20251023,172500,76.61,76.61,76.61,76.61,276,0
PSET.US,5,20251023,190000,76.87,76.87,76.87,76.87,700,0
PSET.US,5,20251023,190500,76.73,76.73,76.73,76.73,222,0
PSET.US,5,20251023,213500,76.97,76.97,76.97,76.97,100,0
PSET.US,5,20251023,215000,76.92,76.92,76.92,76.92,100,0
PSET.US,5,20251023,215500,76.915,76.915,76.915,76.915,100,0
PSET.US,5,20251024,163000,77.21,77.21,77.2099,77.2099,696,0
PSET.US,5,20251024,165500,77.18,77.18,77.18,77.18,100,0
PSET.US,5,20251024,182000,77.32,77.32,77.32,77.32,102,0
PSET.US,5,20251024,203000,77.2949,77.33,77.2949,77.33,305,0
PSET.US,5,20251024,204000,77.25,77.2501,77.25,77.2501,400,0
PSET.US,5,20251024,204500,77.27,77.27,77.27,77.27,395,0
PSET.US,5,20251027,154000,77.8101,77.86,77.81,77.86,671,0
PSET.US,5,20251027,173000,77.81,77.81,77.81,77.81,129,0
PSET.US,5,20251027,173500,77.81,77.81,77.81,77.81,101,0
PSET.US,5,20251027,182000,77.708,77.708,77.708,77.708,134,0
PSET.US,5,20251027,200500,77.79,77.7901,77.79,77.7901,506,0
PSET.US,5,20251028,143000,78.2,78.2,78.2,78.2,650,0
PSET.US,5,20251028,154500,77.784,77.784,77.784,77.784,730,0
PSET.US,5,20251028,160000,77.76,77.76,77.76,77.76,665,0
PSET.US,5,20251028,182000,77.8196,77.8196,77.8196,77.8196,309,0
PSET.US,5,20251028,185500,77.82,77.82,77.82,77.82,123,0
PSET.US,5,20251029,154500,77.32,77.32,77.32,77.32,132,0
PSET.US,5,20251029,180000,77.42,77.42,77.42,77.42,464,0
PSET.US,5,20251029,182000,77.4004,77.4004,77.375,77.375,294,0
PSET.US,5,20251029,193500,77.24,77.24,77.24,77.24,112,0
PSET.US,5,20251029,194500,76.82,76.82,76.82,76.82,142,0
PSET.US,5,20251029,200000,76.82,76.82,76.82,76.82,134,0
PSET.US,5,20251029,204000,76.75,76.75,76.75,76.75,536,0
PSET.US,5,20251030,153500,77.124,77.15,77.11,77.15,256631,0
PSET.US,5,20251030,181500,76.89,76.89,76.89,76.89,172,0
PSET.US,5,20251030,183000,76.9608,76.9608,76.9608,76.9608,196,0
PSET.US,5,20251031,153500,76.894,76.894,76.894,76.894,144,0
PSET.US,5,20251031,175500,76.576,76.576,76.576,76.576,116,0
PSET.US,5,20251031,201500,76.87,76.95,76.87,76.95,1124,0
PSET.US,5,20251031,204000,77.04,77.04,77.04,77.04,100,0
PSET.US,5,20251103,153500,76.74,76.74,76.74,76.74,100,0
PSET.US,5,20251103,181500,76.6691,76.6691,76.6691,76.6691,100,0
PSET.US,5,20251103,191000,76.74,76.74,76.7399,76.74,800,0
PSET.US,5,20251103,210500,76.73,76.73,76.71,76.71,200,0
PSET.US,5,20251103,211000,76.72,76.72,76.71,76.71,200,0
PSET.US,5,20251103,211500,76.72,76.72,76.72,76.72,200,0
PSET.US,5,20251103,212000,76.75,76.75,76.72,76.72,300,0
PSET.US,5,20251103,212500,76.71,76.71,76.71,76.71,200,0
PSET.US,5,20251103,213000,76.65,76.65,76.65,76.65,3950,0
PSET.US,5,20251103,215000,76.6,76.6301,76.6,76.6301,400,0
PSET.US,5,20251104,153500,75.99,75.9901,75.99,75.9901,600,0
PSET.US,5,20251104,161500,76.43,76.43,76.43,76.43,100,0
PSET.US,5,20251104,174500,76.24,76.24,76.24,76.24,300,0
PSET.US,5,20251104,175000,76.23,76.23,76.23,76.23,116,0
PSET.US,5,20251104,181500,76.14,76.14,76.14,76.14,700,0
PSET.US,5,20251104,182000,76.08,76.08,76.08,76.08,100,0
PSET.US,5,20251104,185500,76.05,76.05,76.05,76.05,300,0
PSET.US,5,20251104,193000,75.9542,75.9542,75.9542,75.9542,555,0
PSET.US,5,20251104,213000,76.11,76.12,76.09,76.09,1600,0
PSET.US,5,20251104,215500,76.01,76.01,76.01,76.01,100,0
PSET.US,5,20251105,153000,75.6,75.6,75.6,75.6,509,0
PSET.US,5,20251105,164000,76.11,76.11,76.11,76.11,100,0
PSET.US,5,20251105,172000,75.99,75.99,75.99,75.99,100,0
PSET.US,5,20251105,193500,76.36,76.36,76.36,76.36,100,0
PSET.US,5,20251105,200000,76.24,76.24,76.235,76.235,200,0
PSET.US,5,20251105,200500,76.22,76.22,76.22,76.22,100,0
PSET.US,5,20251105,203000,76.31,76.31,76.31,76.31,100,0
PSET.US,5,20251105,215500,76.08,76.08,76.08,76.08,139,0
PSET.US,5,20251106,200000,75.5,75.5,75.5,75.5,100,0
PSET.US,5,20251106,211000,75.645,75.645,75.645,75.645,111,0
PSET.US,5,20251106,213500,75.63,75.64,75.63,75.64,898,0
PSET.US,5,20251106,215500,75.3,75.3,75.3,75.3,400,0
PSET.US,5,20251107,153000,74.85,74.85,74.85,74.85,521,0
PSET.US,5,20251107,153500,74.9,74.9,74.9,74.9,130,0
PSET.US,5,20251107,160000,74.87,74.87,74.87,74.87,700,0
PSET.US,5,20251107,171000,74.7607,74.7607,74.7607,74.7607,781,0
PSET.US,5,20251107,185000,74.67,74.67,74.67,74.67,700,0
PSET.US,5,20251107,193500,74.93,74.93,74.9,74.9002,1500,0
PSET.US,5,20251110,164500,75.875,75.875,75.875,75.875,278,0
PSET.US,5,20251110,192500,76.2,76.21,76.2,76.2,1572,0
PSET.US,5,20251110,194500,76.22,76.22,76.22,76.22,115,0
PSET.US,5,20251110,205000,76.36,76.36,76.36,76.36,300,0
PSET.US,5,20251110,211500,76.4485,76.4485,76.4485,76.4485,192,0
PSET.US,5,20251111,174000,76.282,76.3194,76.282,76.3194,283,0
PSET.US,5,20251111,193500,76.5915,76.5915,76.5915,76.5915,529,0
PSET.US,5,20251111,195500,76.6497,76.6497,76.6497,76.6497,248,0
PSET.US,5,20251112,170500,76.7,76.7,76.7,76.7,100,0
PSET.US,5,20251112,195500,76.7401,76.7401,76.74,76.74,746,0
PSET.US,5,20251112,210000,76.6195,76.6195,76.6195,76.6195,616,0
PSET.US,5,20251113,215500,75.59,75.59,75.59,75.59,100,0
PSET.US,5,20251114,163500,75.328,75.328,75.328,75.328,703,0
PSET.US,5,20251114,170000,75.46,75.46,75.46,75.46,100,0
PSET.US,5,20251114,195000,75.55,75.55,75.55,75.55,100,0
PSET.US,5,20251114,211500,75.5703,75.5703,75.5703,75.5703,125,0
PSET.US,5,20251117,160000,75.34,75.34,75.34,75.34,200,0
PSET.US,5,20251117,173500,75.15,75.15,75.15,75.15,100,0
PSET.US,5,20251117,190500,74.908,74.908,74.908,74.908,322,0
PSET.US,5,20251117,215500,74.47,74.47,74.47,74.47,200,0
PSET.US,5,20251118,153500,74.3,74.3,74.3,74.3,100,0
PSET.US,5,20251118,183500,73.8,73.8,73.8,73.8,447,0
PSET.US,5,20251118,214000,74.27,74.27,74.27,74.27,100,0
PSET.US,5,20251119,164500,74.3432,74.3432,74.3432,74.3432,201,0
PSET.US,5,20251119,173000,74.08,74.08,74.0799,74.0799,600,0
PSET.US,5,20251120,173000,74.6895,74.6895,74.6895,74.6895,136,0
PSET.US,5,20251120,175500,74.094,74.094,74.094,74.094,100,0
PSET.US,5,20251120,214500,73.3894,73.3894,73.3894,73.3894,192,0
PSET.US,5,20251121,163500,73.81,73.81,73.81,73.81,263,0
PSET.US,5,20251121,180000,74.67,74.67,74.63,74.63,5581,0
PSET.US,5,20251121,182000,74.64,74.64,74.64,74.64,3065,0
PSET.US,5,20251121,183500,74.72,74.7201,74.72,74.7201,998,0
PSET.US,5,20251124,160500,74.87,74.87,74.87,74.87,100,0
PSET.US,5,20251124,161000,74.79,74.79,74.79,74.79,700,0
PSET.US,5,20251124,162500,74.89,74.89,74.89,74.89,638,0
PSET.US,5,20251124,191500,75.3261,75.3261,75.3261,75.3261,147,0
PSET.US,5,20251124,193500,75.35,75.35,75.35,75.35,100,0
PSET.US,5,20251124,211000,75.3065,75.3065,75.3065,75.3065,100,0
PSET.US,5,20251125,163000,75.5801,75.5801,75.5801,75.5801,190,0
PSET.US,5,20251125,205500,76.15,76.15,76.15,76.15,700,0
PSET.US,5,20251126,161000,76.4,76.4,76.4,76.4,700,0
PSET.US,5,20251126,163500,76.4485,76.4485,76.4485,76.4485,214,0
PSET.US,5,20251126,173000,76.58,76.58,76.58,76.58,700,0
PSET.US,5,20251126,190500,76.62,76.62,76.6,76.6,257,0
PSET.US,5,20251126,191500,76.6499,76.6499,76.6499,76.6499,196,0
PSET.US,5,20251128,173500,76.76,76.76,76.76,76.76,255,0
PSET.US,5,20251201,153000,77.03,77.03,77.03,77.03,650,0
PSET.US,5,20251201,165000,76.658,76.658,76.658,76.658,268,0
PSET.US,5,20251201,170500,76.62,76.62,76.62,76.62,800,0
PSET.US,5,20251201,191000,76.75,76.75,76.75,76.75,100,0
PSET.US,5,20251201,212000,76.5,76.5,76.5,76.5,119,0
PSET.US,5,20251201,215000,76.3281,76.3281,76.3281,76.3281,504,0
PSET.US,5,20251202,163000,76.29,76.29,76.29,76.29,117,0
PSET.US,5,20251202,191000,76.3815,76.3815,76.3815,76.3815,263,0
PSET.US,5,20251203,192000,76.59,76.59,76.59,76.59,166,0
PSET.US,5,20251203,205000,76.6002,76.6002,76.6002,76.6002,100,0
PSET.US,5,20251204,163500,76.5795,76.5795,76.5795,76.5795,179,0
PSET.US,5,20251204,180500,76.59,76.59,76.59,76.59,1191,0
PSET.US,5,20251204,192500,76.7629,76.7629,76.7629,76.7629,991,0
PSET.US,5,20251204,201500,76.55,76.55,76.55,76.55,700,0
PSET.US,5,20251205,173000,76.78,76.78,76.78,76.78,481,0
PSET.US,5,20251205,204500,76.74,76.7401,76.74,76.7401,400,0
PSET.US,5,20251205,212000,76.8285,76.8285,76.8285,76.8285,221,0
PSET.US,5,20251205,212500,76.81,76.81,76.81,76.81,213,0
PSET.US,5,20251208,164000,76.6299,76.6299,76.6299,76.6299,140,0
PSET.US,5,20251208,165500,76.55,76.55,76.55,76.55,121,0
PSET.US,5,20251208,183000,76.41,76.41,76.41,76.41,1300,0
PSET.US,5,20251209,175500,76.55,76.55,76.55,76.55,324,0
PSET.US,5,20251210,203000,76.49,76.49,76.49,76.49,100,0
PSET.US,5,20251211,165000,76.89,76.89,76.89,76.89,100,0
PSET.US,5,20251211,174000,76.99,76.99,76.99,76.99,100,0
PSET.US,5,20251211,180000,76.9,76.9,76.9,76.9,100,0
PSET.US,5,20251211,190000,77.13,77.13,77.13,77.13,700,0
PSET.US,5,20251211,190500,77.18,77.18,77.18,77.18,700,0
PSET.US,5,20251212,165500,76.71,76.71,76.71,76.71,295,0
PSET.US,5,20251212,170500,76.47,76.47,76.47,76.47,100,0
PSET.US,5,20251212,171500,76.5,76.5,76.5,76.5,100,0
PSET.US,5,20251212,172500,76.43,76.43,76.43,76.43,100,0
PSET.US,5,20251212,174000,76.38,76.38,76.38,76.38,100,0
PSET.US,5,20251212,190000,76.545,76.545,76.545,76.545,151,0
PSET.US,5,20251212,202500,76.41,76.41,76.41,76.41,100,0
PSET.US,5,20251212,205000,76.43,76.43,76.43,76.43,100,0
PSET.US,5,20251212,213000,76.3,76.3,76.3,76.3,100,0
PSET.US,5,20251212,214500,76.36,76.36,76.36,76.36,100,0
PSET.US,5,20251212,215000,76.33,76.33,76.32,76.32,900,0
PSET.US,5,20251215,173500,76.14,76.14,76.14,76.14,700,0
PSET.US,5,20251215,211000,76.19,76.19,76.19,76.19,554,0
PSET.US,5,20251215,215000,76.15,76.15,76.15,76.15,400,0
PSET.US,5,20251216,165500,75.86,75.86,75.86,75.86,700,0
PSET.US,5,20251216,172500,75.6801,75.6801,75.68,75.68,582,0
PSET.US,5,20251216,194000,75.72,75.72,75.72,75.72,357,0
PSET.US,5,20251217,184000,75.54,75.5401,75.54,75.5401,998,0
PSET.US,5,20251217,212500,75.331,75.331,75.331,75.331,219,0
PSET.US,5,20251218,163500,75.9901,76.0349,75.99,76.0349,630,0
PSET.US,5,20251218,170000,75.97,75.97,75.97,75.97,700,0
PSET.US,5,20251218,174500,76.04,76.04,76.04,76.04,219,0
PSET.US,5,20251218,203500,75.6,75.6,75.6,75.6,700,0
PSET.US,5,20251218,204000,75.62,75.6649,75.62,75.6649,1200,0
PSET.US,5,20251218,211000,75.685,75.685,75.685,75.685,183,0
PSET.US,5,20251218,211500,75.7213,75.7213,75.7213,75.7213,102,0
PSET.US,5,20251219,173000,76.18,76.18,76.18,76.18,279,0
PSET.US,5,20251219,201500,76.3,76.3,76.3,76.3,107,0
PSET.US,5,20251219,205500,76.325,76.325,76.325,76.325,322,0
PSET.US,5,20251222,164000,76.843,76.843,76.843,76.843,195,0
PSET.US,5,20251222,171500,76.9216,76.9216,76.9216,76.9216,140,0
PSET.US,5,20251222,191500,77.01,77.01,77.01,77.01,100,0
PSET.US,5,20251222,200500,76.83,76.83,76.83,76.83,139,0
PSET.US,5,20251222,205500,76.87,76.87,76.87,76.87,694,0
PSET.US,5,20251222,210500,76.89,76.89,76.89,76.89,694,0
PSET.US,5,20251222,215500,76.89,76.89,76.89,76.89,315,0
PSET.US,5,20251223,154500,76.89,76.89,76.89,76.89,136,0
PSET.US,5,20251223,162500,76.8787,76.8787,76.8787,76.8787,109,0
PSET.US,5,20251223,171500,76.9912,76.9912,76.9912,76.9912,220,0
PSET.US,5,20251223,173000,77.01,77.01,76.96,76.96,533,0
PSET.US,5,20251223,193000,77.15,77.15,77.15,77.15,112,0
PSET.US,5,20251223,202500,77.21,77.21,77.21,77.21,411,0
PSET.US,5,20251224,162000,77.32,77.32,77.285,77.285,389,0
PSET.US,5,20251224,171000,77.35,77.35,77.35,77.35,200,0
PSET.US,5,20251230,214000,77.0201,77.038,77.02,77.038,300,0
PSET.US,5,20251231,174000,76.65,76.65,76.65,76.65,100,0
PSET.US,5,20251231,174500,76.69,76.69,76.69,76.69,399,0
PSET.US,5,20260102,161000,76.41,76.41,76.41,76.41,108,0
PSET.US,5,20260102,190000,75.925,75.925,75.925,75.925,249,0
PSET.US,5,20260105,211000,77.13,77.13,77.13,77.13,100,0
PSET.US,5,20260106,210500,77.78,77.7822,77.78,77.7822,226,0
PSET.US,5,20260107,163500,77.62,77.62,77.62,77.62,125,0
PSET.US,5,20260107,174000,77.7117,77.7117,77.7117,77.7117,100,0
PSET.US,5,20260107,200500,77.75,77.75,77.75,77.75,100,0
PSET.US,5,20260107,202000,77.64,77.6401,77.64,77.6401,306,0
PSET.US,5,20260108,182000,77.45,77.45,77.45,77.45,185,0
PSET.US,5,20260109,211000,77.91,77.91,77.91,77.91,500,0
PSET.US,5,20260109,213000,77.975,77.975,77.975,77.975,174,0
PSET.US,5,20260112,154500,77.76,77.76,77.76,77.76,250,0
PSET.US,5,20260112,161000,77.68,77.68,77.68,77.68,100,0
PSET.US,5,20260113,163500,77.3556,77.3556,77.3556,77.3556,295,0
PSET.US,5,20260114,161000,76.74,76.74,76.74,76.74,163,0
PSET.US,5,20260114,163000,76.65,76.65,76.65,76.65,100,0
PSET.US,5,20260114,191500,76.3701,76.3701,76.37,76.37,200,0
PSET.US,5,20260114,192000,76.41,76.41,76.41,76.41,100,0
PSET.US,5,20260116,182000,76.9,76.91,76.9,76.91,228,0
PSET.US,5,20260116,195000,76.83,76.83,76.83,76.83,186,0
PSET.US,5,20260116,202500,76.7801,76.7801,76.78,76.78,590,0
PSET.US,5,20260120,153000,75,75,75,75,650,0
PSET.US,5,20260120,193500,75.25,75.25,75.25,75.25,462,0
PSET.US,5,20260120,205500,75.05,75.05,75.05,75.05,427,0
PSET.US,5,20260120,214500,74.87,74.87,74.86,74.86,1764,0
PSET.US,5,20260121,153000,75.03,75.03,75.03,75.03,513,0
PSET.US,5,20260121,182500,75.13,75.13,75.13,75.13,700,0
PSET.US,5,20260121,183000,75.2,75.2,75.14,75.14,548,0
PSET.US,5,20260121,190500,75.11,75.11,75.11,75.11,116,0
PSET.US,5,20260121,202000,75.3201,75.3201,75.3201,75.3201,248,0
PSET.US,5,20260121,211000,76.01,76.01,76.01,76.01,700,0
PSET.US,5,20260122,161500,76.05,76.05,76.05,76.05,630,0
PSET.US,5,20260122,162500,76.15,76.15,76.15,76.15,700,0
PSET.US,5,20260122,164500,76.2622,76.2622,76.2622,76.2622,280,0
PSET.US,5,20260122,175500,76.35,76.35,76.35,76.35,208,0
PSET.US,5,20260122,183500,76.45,76.45,76.45,76.45,419,0
PSET.US,5,20260122,195500,76.27,76.27,76.27,76.27,700,0
PSET.US,5,20260123,163500,76.156,76.156,76.156,76.156,135,0
