<TICKER>,<PER>,<DATE>,<TIME>,<OPEN>,<HIGH>,<LOW>,<CLOSE>,<VOL>,<OPENINT>
SDG.US,5,20250829,153000,81.25,81.25,81.25,81.25,113,0
SDG.US,5,20250829,155000,81.04,81.04,80.99,80.99,400,0
SDG.US,5,20250829,155500,81.03,81.03,80.98,80.98,397,0
SDG.US,5,20250829,160500,80.98,80.98,80.98,80.98,527,0
SDG.US,5,20250829,163000,81.02,81.02,81.02,81.02,100,0
SDG.US,5,20250829,190500,80.98,80.98,80.98,80.98,149,0
SDG.US,5,20250829,195000,80.98,80.98,80.98,80.98,100,0
SDG.US,5,20250829,201000,80.95,80.95,80.95,80.95,300,0
SDG.US,5,20250829,202000,80.995,80.995,80.995,80.995,250,0
SDG.US,5,20250829,215000,80.98,80.98,80.98,80.98,600,0
SDG.US,5,20250829,215500,81.06,81.06,81.06,81.06,300,0
SDG.US,5,20250902,153000,79.97,79.97,79.97,79.97,140,0
SDG.US,5,20250902,162500,80.46,80.46,80.46,80.46,305,0
SDG.US,5,20250902,165000,80.43,80.43,80.43,80.43,171,0
SDG.US,5,20250902,201500,80.375,80.375,80.375,80.375,500,0
SDG.US,5,20250902,205000,80.3724,80.3724,80.3724,80.3724,315,0
SDG.US,5,20250902,210000,80.345,80.345,80.345,80.345,100,0
SDG.US,5,20250902,215000,80.595,80.595,80.595,80.595,600,0
SDG.US,5,20250902,215500,80.605,80.605,80.52,80.555,1667,0
SDG.US,5,20250903,172500,80.72,80.758,80.6901,80.758,407,0
SDG.US,5,20250903,183000,80.7932,80.7932,80.7932,80.7932,433,0
SDG.US,5,20250903,183500,80.798,80.798,80.798,80.798,100,0
SDG.US,5,20250903,185000,80.788,80.788,80.788,80.788,123,0
SDG.US,5,20250903,190000,80.791,80.825,80.791,80.825,1052,0
SDG.US,5,20250903,212500,80.66,80.66,80.66,80.66,488,0
SDG.US,5,20250903,213500,80.64,80.64,80.64,80.64,100,0
SDG.US,5,20250904,155000,80.9223,80.9223,80.9223,80.9223,520,0
SDG.US,5,20250904,160500,80.79,80.79,80.79,80.79,100,0
SDG.US,5,20250904,162000,80.86,80.86,80.86,80.86,133,0
SDG.US,5,20250904,182500,80.8506,80.8506,80.8506,80.8506,124,0
SDG.US,5,20250904,184500,80.845,80.845,80.82,80.82,6211,0
SDG.US,5,20250904,185500,80.8501,80.8501,80.8501,80.8501,140,0
SDG.US,5,20250904,190500,80.77,80.77,80.77,80.77,100,0
SDG.US,5,20250904,212000,80.97,80.97,80.97,80.97,100,0
SDG.US,5,20250905,153500,82.43,82.43,82.43,82.43,100,0
SDG.US,5,20250905,161500,82.2,82.2,82.2,82.2,300,0
SDG.US,5,20250905,170500,81.9445,81.9445,81.9445,81.9445,314,0
SDG.US,5,20250905,171500,81.99,81.99,81.99,81.99,497,0
SDG.US,5,20250905,190000,82.15,82.15,82.15,82.15,400,0
SDG.US,5,20250905,205500,82.14915,82.14915,82.14915,82.14915,120,0
SDG.US,5,20250908,153000,82.19,82.19,82.19,82.19,160,0
SDG.US,5,20250908,191500,82.33,82.33,82.33,82.33,145,0
SDG.US,5,20250908,200000,82.28,82.2801,82.28,82.2801,600,0
SDG.US,5,20250908,204000,82.42,82.42,82.36,82.36,448,0
SDG.US,5,20250908,215500,82.58,82.58,82.58,82.58,400,0
SDG.US,5,20250909,161000,82.34,82.34,82.34,82.34,358,0
SDG.US,5,20250909,172000,82.28,82.28,82.28,82.28,100,0
SDG.US,5,20250909,182500,82.225,82.225,82.225,82.225,107,0
SDG.US,5,20250910,154000,82.79,82.79,82.79,82.79,300,0
SDG.US,5,20250910,173500,82.71,82.71,82.71,82.71,298,0
SDG.US,5,20250910,211500,82.455,82.455,82.455,82.455,500,0
SDG.US,5,20250910,214500,82.45,82.45,82.45,82.45,300,0
SDG.US,5,20250911,164500,83.05,83.05,83.05,83.05,230,0
SDG.US,5,20250911,170000,83.01,83.01,83.01,83.01,300,0
SDG.US,5,20250911,171500,83.12,83.12,83.12,83.12,300,0
SDG.US,5,20250911,181000,83.15,83.21,83.15,83.21,744,0
SDG.US,5,20250911,213500,83.28,83.28,83.28,83.28,249,0
SDG.US,5,20250911,214000,83.245,83.245,83.245,83.245,173,0
SDG.US,5,20250912,164000,82.56,82.56,82.56,82.56,200,0
SDG.US,5,20250912,194000,82.66,82.67,82.66,82.67,4800,0
SDG.US,5,20250912,200500,82.66,82.66,82.66,82.66,112,0
SDG.US,5,20250912,202000,82.66,82.68,82.66,82.68,788,0
SDG.US,5,20250912,212500,82.57,82.57,82.57,82.57,100,0
SDG.US,5,20250912,215500,82.61,82.61,82.61,82.61,200,0
SDG.US,5,20250915,153000,82.34,82.34,82.34,82.34,1676,0
SDG.US,5,20250915,155000,82.72,82.772,82.72,82.772,226,0
SDG.US,5,20250915,165000,82.78,82.78,82.78,82.78,100,0
SDG.US,5,20250915,181000,82.9,82.9,82.9,82.9,100,0
SDG.US,5,20250915,183500,82.875,82.875,82.875,82.875,149,0
SDG.US,5,20250915,193500,82.93,82.93,82.93,82.93,470,0
SDG.US,5,20250915,194500,82.91,82.9101,82.91,82.9101,200,0
SDG.US,5,20250915,212500,82.93,82.93,82.93,82.93,300,0
SDG.US,5,20250915,215000,82.94,82.94,82.94,82.94,100,0
SDG.US,5,20250915,215500,82.94,82.94,82.94,82.94,100,0
SDG.US,5,20250916,153000,82.74,82.74,82.74,82.74,906,0
SDG.US,5,20250916,163000,82.7,82.7,82.7,82.7,682,0
SDG.US,5,20250916,170000,82.7,82.7,82.7,82.7,274,0
SDG.US,5,20250916,175000,82.83,82.83,82.74,82.74,596,0
SDG.US,5,20250916,181500,82.735,82.735,82.735,82.735,100,0
SDG.US,5,20250916,182500,82.74,82.74,82.74,82.74,1362,0
SDG.US,5,20250916,184500,82.74,82.74,82.74,82.74,928,0
SDG.US,5,20250917,153000,84.02,84.02,84.02,84.02,189,0
SDG.US,5,20250917,154500,83.4126,83.4126,83.4126,83.4126,299,0
SDG.US,5,20250917,162500,83.31,83.31,83.31,83.31,100,0
SDG.US,5,20250917,181500,83.15,83.15,83.15,83.15,2379,0
SDG.US,5,20250917,215500,82.95,82.95,82.95,82.95,100,0
SDG.US,5,20250918,153000,81.94,81.94,81.94,81.94,270,0
SDG.US,5,20250918,163000,82.62,82.62,82.62,82.62,259,0
SDG.US,5,20250918,171500,82.42,82.42,82.42,82.42,200,0
SDG.US,5,20250918,173000,82.4945,82.4945,82.4945,82.4945,178,0
SDG.US,5,20250918,182500,82.48,82.48,82.48,82.48,100,0
SDG.US,5,20250918,203000,82.635,82.635,82.635,82.635,636,0
SDG.US,5,20250918,210000,82.635,82.635,82.635,82.635,110,0
SDG.US,5,20250919,153000,81.58,81.58,81.58,81.58,886,0
SDG.US,5,20250919,215000,82.17,82.17,82.17,82.17,100,0
SDG.US,5,20250922,153000,81.99,81.99,81.9501,81.9501,280,0
SDG.US,5,20250922,155500,82.03,82.03,82.03,82.03,100,0
SDG.US,5,20250922,165500,81.99,81.9901,81.99,81.9901,200,0
SDG.US,5,20250922,170000,82.07,82.07,82.07,82.07,285,0
SDG.US,5,20250922,181500,82.155,82.22,82.155,82.22,2999,0
SDG.US,5,20250922,185500,82.26,82.26,82.26,82.26,100,0
SDG.US,5,20250922,194500,82.3701,82.385,82.3701,82.385,646,0
SDG.US,5,20250922,210500,82.45,82.45,82.45,82.45,100,0
SDG.US,5,20250922,215500,82.49,82.49,82.49,82.49,200,0
SDG.US,5,20250923,153500,82.25,82.25,82.25,82.25,365,0
SDG.US,5,20250923,164500,82.22,82.22,82.22,82.22,658,0
SDG.US,5,20250923,165000,82.241,82.241,82.1501,82.1501,610,0
SDG.US,5,20250923,192000,82.0511,82.0511,82.0511,82.0511,102,0
SDG.US,5,20250923,194500,81.845,81.845,81.845,81.845,100,0
SDG.US,5,20250923,195000,81.8,81.8,81.8,81.8,100,0
SDG.US,5,20250923,201000,81.79,81.79,81.79,81.79,119,0
SDG.US,5,20250923,203000,81.801,81.801,81.8,81.8001,1100,0
SDG.US,5,20250923,203500,81.745,81.83,81.745,81.83,815,0
SDG.US,5,20250924,153000,81.58,81.58,81.58,81.58,112,0
SDG.US,5,20250924,154000,82.205,82.235,82.205,82.235,300,0
SDG.US,5,20250924,154500,82.155,82.155,82.155,82.155,100,0
SDG.US,5,20250924,155000,82.17,82.17,82.17,82.17,200,0
SDG.US,5,20250924,160500,82.295,82.295,82.295,82.295,164,0
SDG.US,5,20250924,161000,82.22,82.22,82.22,82.22,300,0
SDG.US,5,20250924,161500,82.25,82.25,82.25,82.25,300,0
SDG.US,5,20250924,163000,82.34,82.365,82.34,82.365,400,0
SDG.US,5,20250924,164500,82.35,82.375,82.35,82.375,400,0
SDG.US,5,20250924,170500,82.42,82.42,82.42,82.42,300,0
SDG.US,5,20250924,171000,82.39,82.39,82.29,82.29,300,0
SDG.US,5,20250924,171500,82.41,82.41,82.41,82.41,100,0
SDG.US,5,20250924,172000,82.43,82.43,82.43,82.43,302,0
SDG.US,5,20250924,172500,82.445,82.445,82.445,82.445,100,0
SDG.US,5,20250924,175000,82.2,82.2,82.2,82.2,200,0
SDG.US,5,20250924,180000,82.14,82.14,82.14,82.14,300,0
SDG.US,5,20250924,181500,82.11,82.11,82.11,82.11,300,0
SDG.US,5,20250924,182000,82.195,82.195,82.195,82.195,100,0
SDG.US,5,20250924,183500,82.14,82.14,82.14,82.14,300,0
SDG.US,5,20250924,185500,82.14,82.14,82.14,82.14,300,0
SDG.US,5,20250924,190500,82.22,82.22,82.115,82.115,400,0
SDG.US,5,20250924,191000,82.25,82.25,82.25,82.25,100,0
SDG.US,5,20250924,195000,82.1,82.1,82.1,82.1,300,0
SDG.US,5,20250924,200500,82.09,82.09,82.09,82.09,300,0
SDG.US,5,20250924,201500,82.08,82.08,82.08,82.08,300,0
SDG.US,5,20250924,203000,82.04,82.04,82.04,82.04,300,0
SDG.US,5,20250924,205000,82,82,82,82,300,0
SDG.US,5,20250924,210500,82,82,82,82,300,0
SDG.US,5,20250924,211000,81.991,81.991,81.99,81.99,800,0
SDG.US,5,20250924,212000,81.96,81.96,81.96,81.96,300,0
SDG.US,5,20250924,212500,81.971,82,81.93,81.965,1674,0
SDG.US,5,20250924,213000,81.975,81.975,81.97,81.97,200,0
SDG.US,5,20250924,214000,81.97,82,81.97,82,400,0
SDG.US,5,20250924,215500,81.94,81.94,81.92,81.92,1821,0
SDG.US,5,20250925,153000,81.72,81.72,81.72,81.72,382,0
SDG.US,5,20250925,161000,81.951,81.951,81.951,81.951,100,0
SDG.US,5,20250925,174500,82.015,82.015,82.015,82.015,100,0
SDG.US,5,20250925,203500,81.9288,81.9288,81.9288,81.9288,332,0
SDG.US,5,20250926,183500,81.9294,81.9294,81.9294,81.9294,389,0
SDG.US,5,20250926,201500,81.91,81.91,81.91,81.91,272,0
SDG.US,5,20250926,213500,81.8861,81.8861,81.8861,81.8861,300,0
SDG.US,5,20250929,153000,82.23,82.23,82.23,82.23,525,0
SDG.US,5,20250929,154000,82.67,82.67,82.66,82.66,700,0
SDG.US,5,20250929,160000,82.5435,82.5435,82.5435,82.5435,122,0
SDG.US,5,20250929,170000,82.525,82.525,82.525,82.525,267,0
SDG.US,5,20250929,175000,82.48,82.48,82.48,82.48,156,0
SDG.US,5,20250929,182000,82.5,82.5,82.5,82.5,155,0
SDG.US,5,20250929,192000,82.38,82.38,82.38,82.38,100,0
SDG.US,5,20250929,203500,82.51,82.51,82.51,82.51,1836,0
SDG.US,5,20250929,204500,82.59,82.59,82.59,82.59,100,0
SDG.US,5,20250929,213000,82.4452,82.4452,82.4452,82.4452,100,0
SDG.US,5,20250929,213500,82.42,82.42,82.42,82.42,104,0
SDG.US,5,20250930,153000,82.65,82.65,82.65,82.65,255,0
SDG.US,5,20250930,154500,83.1195,83.1195,83.1195,83.1195,105,0
SDG.US,5,20250930,163500,83.02,83.02,83.02,83.02,100,0
SDG.US,5,20250930,164000,82.91,82.91,82.89,82.89,700,0
SDG.US,5,20250930,172000,82.93,82.93,82.86,82.86,447,0
SDG.US,5,20250930,172500,82.86,82.86,82.86,82.86,200,0
SDG.US,5,20250930,175500,82.81,82.81,82.81,82.81,100,0
SDG.US,5,20250930,182000,82.93,82.93,82.93,82.93,100,0
SDG.US,5,20250930,183000,82.94,82.94,82.94,82.94,200,0
SDG.US,5,20250930,185500,82.975,82.975,82.975,82.975,100,0
SDG.US,5,20250930,190500,82.975,82.975,82.975,82.975,198,0
SDG.US,5,20250930,191000,82.97,82.97,82.97,82.97,400,0
SDG.US,5,20250930,192000,83,83.01,83,83.01,400,0
SDG.US,5,20250930,203000,83.115,83.1151,83.115,83.1151,400,0
SDG.US,5,20250930,205500,83.15,83.15,83.15,83.15,300,0
SDG.US,5,20250930,210000,83.11,83.11,83.11,83.11,113,0
SDG.US,5,20250930,210500,83.11,83.11,83.11,83.11,500,0
SDG.US,5,20251001,153000,83.51,83.51,83.51,83.51,1000,0
SDG.US,5,20251001,160500,83.77,83.77,83.77,83.77,300,0
SDG.US,5,20251001,165000,83.8001,83.8001,83.8001,83.8001,141,0
SDG.US,5,20251001,171000,83.85,83.85,83.85,83.85,200,0
SDG.US,5,20251001,183500,83.86,83.87,83.86,83.861,571,0
SDG.US,5,20251001,194500,83.95,83.95,83.95,83.95,736,0
SDG.US,5,20251001,201000,83.95,84.12,83.95,84.12,1488,0
SDG.US,5,20251001,203000,83.97,83.97,83.97,83.97,3430,0
SDG.US,5,20251001,215000,84.09,84.09,84.09,84.09,100,0
SDG.US,5,20251001,215500,84.06,84.06,83.96,83.98,1100,0
SDG.US,5,20251002,153000,84.2,84.2,84.2,84.2,371,0
SDG.US,5,20251002,165000,84.2,84.2,84.2,84.2,1203,0
SDG.US,5,20251002,171000,84.445,84.445,84.445,84.445,100,0
SDG.US,5,20251002,181000,84.329,84.329,84.329,84.329,128,0
SDG.US,5,20251003,153000,84.6,84.6,84.6,84.6,128,0
SDG.US,5,20251003,163500,84.78,84.78,84.78,84.78,300,0
SDG.US,5,20251003,164000,84.81,84.81,84.81,84.81,768,0
SDG.US,5,20251003,210000,84.47,84.47,84.47,84.47,100,0
SDG.US,5,20251003,212000,84.64,84.64,84.64,84.64,387,0
SDG.US,5,20251003,214000,84.61,84.61,84.61,84.61,300,0
SDG.US,5,20251003,214500,84.58,84.61,84.58,84.61,800,0
SDG.US,5,20251006,153000,84.37,84.37,84.37,84.37,117,0
SDG.US,5,20251006,162000,84.3912,84.3912,84.3912,84.3912,100,0
SDG.US,5,20251006,163000,84.475,84.475,84.475,84.475,236,0
SDG.US,5,20251006,165000,84.5,84.615,84.5,84.615,800,0
SDG.US,5,20251006,171500,84.57,84.57,84.57,84.57,200,0
SDG.US,5,20251006,175000,84.491,84.62,84.491,84.62,200,0
SDG.US,5,20251006,202500,84.59,84.59,84.59,84.59,432,0
SDG.US,5,20251006,203000,84.59,84.59,84.59,84.59,300,0
SDG.US,5,20251007,153000,84.26,84.26,84.26,84.26,1263,0
SDG.US,5,20251007,160000,84.23,84.23,84.23,84.23,164,0
SDG.US,5,20251007,170000,84.145,84.145,84.145,84.145,100,0
SDG.US,5,20251007,172000,84.05,84.05,84.05,84.05,200,0
SDG.US,5,20251007,182000,83.81,83.81,83.81,83.81,307,0
SDG.US,5,20251007,182500,83.915,83.915,83.915,83.915,100,0
SDG.US,5,20251007,183000,83.935,83.94,83.935,83.94,456,0
SDG.US,5,20251007,183500,83.94,83.94,83.94,83.94,300,0
SDG.US,5,20251007,192000,83.9596,83.9596,83.9596,83.9596,607,0
SDG.US,5,20251007,192500,83.97,83.97,83.97,83.97,100,0
SDG.US,5,20251007,193500,83.921,83.921,83.921,83.921,400,0
SDG.US,5,20251007,194500,83.925,83.925,83.925,83.925,200,0
SDG.US,5,20251008,153000,83.7,83.7,83.7,83.7,390,0
SDG.US,5,20251008,160000,83.95,83.95,83.95,83.95,100,0
SDG.US,5,20251008,163000,83.98,84.005,83.98,84.005,254,0
SDG.US,5,20251008,170500,83.995,83.995,83.995,83.995,100,0
SDG.US,5,20251008,172000,84.005,84.005,84.005,84.005,100,0
SDG.US,5,20251008,172500,84.005,84.005,84.005,84.005,300,0
SDG.US,5,20251008,174000,83.965,83.965,83.965,83.965,100,0
SDG.US,5,20251008,180000,83.95,83.955,83.95,83.955,2047,0
SDG.US,5,20251008,180500,83.9,83.9,83.9,83.9,508,0
SDG.US,5,20251008,182500,83.98,83.98,83.97,83.97,447,0
SDG.US,5,20251008,190000,84.115,84.115,84.115,84.115,962,0
SDG.US,5,20251008,191500,84.12,84.12,84.12,84.12,100,0
SDG.US,5,20251008,192000,84.2,84.2,84.2,84.2,217,0
SDG.US,5,20251008,195500,84.075,84.075,84.075,84.075,1469,0
SDG.US,5,20251008,201500,84.06,84.06,84.06,84.06,100,0
SDG.US,5,20251008,204000,84.06,84.06,84.06,84.06,100,0
SDG.US,5,20251008,210000,83.935,83.935,83.935,83.935,100,0
SDG.US,5,20251008,210500,84.02,84.02,84.02,84.02,500,0
SDG.US,5,20251008,212000,84.01,84.01,84.01,84.01,100,0
SDG.US,5,20251008,214500,84.045,84.045,84.045,84.045,105,0
SDG.US,5,20251008,215500,84.22,84.22,84.22,84.22,200,0
SDG.US,5,20251009,170000,83.8,83.8,83.8,83.8,100,0
SDG.US,5,20251009,182500,83.82,83.82,83.82,83.82,127,0
SDG.US,5,20251009,190000,83.42,83.42,79.77,83.28,1113,0
SDG.US,5,20251010,153000,83.29,83.29,83.18,83.18,1261,0
SDG.US,5,20251010,154000,83.24,83.24,83.24,83.24,1908,0
SDG.US,5,20251010,171000,82.37,82.37,82.37,82.37,100,0
SDG.US,5,20251010,174000,81.895,81.92,81.895,81.92,961,0
SDG.US,5,20251010,182500,81.71,81.71,81.71,81.71,100,0
SDG.US,5,20251010,200000,81.3785,81.3785,81.3785,81.3785,165,0
SDG.US,5,20251010,201500,81.35,81.35,81.35,81.35,125,0
SDG.US,5,20251013,154500,82.08,82.08,82.07,82.07,300,0
SDG.US,5,20251013,155000,82.05,82.15,82.05,82.15,2549,0
SDG.US,5,20251013,162000,82.38,82.38,82.38,82.38,215,0
SDG.US,5,20251013,171000,82.31,82.31,82.31,82.31,1433,0
SDG.US,5,20251013,171500,82.4,82.4,82.4,82.4,620,0
SDG.US,5,20251013,172500,82.445,82.445,82.445,82.445,500,0
SDG.US,5,20251013,175000,82.41,82.41,82.41,82.41,100,0
SDG.US,5,20251013,182000,82.42,82.42,82.42,82.42,181,0
SDG.US,5,20251013,185000,82.41,82.41,82.38,82.3801,1000,0
SDG.US,5,20251013,190000,82.44,82.44,82.44,82.44,500,0
SDG.US,5,20251013,191000,82.3401,82.3401,82.3401,82.3401,181,0
SDG.US,5,20251013,193500,82.43,82.43,82.375,82.375,900,0
SDG.US,5,20251013,194000,82.43,82.43,82.43,82.43,600,0
SDG.US,5,20251013,204000,82.3456,82.3456,82.3456,82.3456,100,0
SDG.US,5,20251013,205000,82.4099,82.4099,82.4099,82.4099,105,0
SDG.US,5,20251013,214500,82.41,82.43,82.4,82.42,2400,0
SDG.US,5,20251014,154500,81.65,81.65,81.65,81.65,600,0
SDG.US,5,20251014,161000,81.88,81.88,81.81,81.88,2139,0
SDG.US,5,20251014,170000,82.13,82.14,82.13,82.13,1300,0
SDG.US,5,20251015,160500,83.54,83.54,83.54,83.54,100,0
SDG.US,5,20251015,165500,83.63,83.63,83.63,83.63,500,0
SDG.US,5,20251015,172000,83.68,83.69,83.68,83.69,440,0
SDG.US,5,20251015,175000,83.38,83.38,83.38,83.38,500,0
SDG.US,5,20251015,183000,83.61,83.61,83.61,83.61,1000,0
SDG.US,5,20251015,190500,83.32,83.32,83.32,83.32,3500,0
SDG.US,5,20251015,193000,83.1501,83.1501,83.1501,83.1501,230,0
SDG.US,5,20251015,195000,83.48,83.48,83.48,83.48,100,0
SDG.US,5,20251015,195500,83.56,83.56,83.55,83.55,600,0
SDG.US,5,20251015,202500,83.67,83.67,83.67,83.67,500,0
SDG.US,5,20251015,204500,83.6318,83.65,83.6318,83.65,941,0
SDG.US,5,20251015,205500,83.82,83.8347,83.76,83.8347,3757,0
SDG.US,5,20251015,214000,83.745,83.745,83.745,83.745,650,0
SDG.US,5,20251015,215500,83.69,83.69,83.685,83.685,200,0
SDG.US,5,20251016,153000,84.8,84.8,84.8,84.8,143,0
SDG.US,5,20251016,162000,84.24,84.24,84.24,84.24,200,0
SDG.US,5,20251016,170500,84.4599,84.4599,84.4599,84.4599,185,0
SDG.US,5,20251016,171000,84.45,84.45,84.45,84.45,308,0
SDG.US,5,20251016,175000,84.23,84.23,84.23,84.23,200,0
SDG.US,5,20251016,180000,84.09,84.16,84.09,84.09,400,0
SDG.US,5,20251016,180500,84.17,84.17,84.17,84.17,400,0
SDG.US,5,20251016,184000,83.82,83.82,83.82,83.82,100,0
SDG.US,5,20251016,184500,83.86,83.86,83.86,83.86,200,0
SDG.US,5,20251016,185500,84.01,84.015,84.01,84.015,400,0
SDG.US,5,20251016,191000,84.12,84.12,84.08,84.1,600,0
SDG.US,5,20251016,192000,84.0733,84.0733,84.0733,84.0733,100,0
SDG.US,5,20251016,203500,83.71,83.71,83.66,83.685,600,0
SDG.US,5,20251016,204500,83.71,83.71,83.71,83.71,100,0
SDG.US,5,20251016,212500,83.8,83.8,83.66,83.67,2570,0
SDG.US,5,20251016,214500,83.685,83.685,83.685,83.685,100,0
SDG.US,5,20251017,161500,83.552,83.552,83.51,83.51,388,0
SDG.US,5,20251017,173500,83.26,83.26,83.26,83.26,100,0
SDG.US,5,20251017,174000,83.32,83.32,83.32,83.32,100,0
SDG.US,5,20251017,181500,83.57,83.57,83.57,83.57,100,0
SDG.US,5,20251020,153000,83.3,83.3,83.3,83.3,2119,0
SDG.US,5,20251020,174500,83.8,83.8,83.8,83.8,134,0
SDG.US,5,20251020,191000,83.72,83.72,83.72,83.72,100,0
SDG.US,5,20251021,153000,83.62,83.62,83.62,83.62,107,0
SDG.US,5,20251021,161000,83.3977,83.3977,83.3977,83.3977,597,0
SDG.US,5,20251021,163500,83.44,83.44,83.44,83.44,100,0
SDG.US,5,20251021,173000,83.6,83.6001,83.6,83.6001,472,0
SDG.US,5,20251021,174500,83.68,83.68,83.68,83.68,380,0
SDG.US,5,20251021,181000,83.62,83.62,83.62,83.62,100,0
SDG.US,5,20251021,195000,83.4566,83.4566,83.4566,83.4566,764,0
SDG.US,5,20251021,212500,83.4272,83.4272,83.4272,83.4272,119,0
SDG.US,5,20251022,155500,83.6184,83.6184,83.6184,83.6184,168,0
SDG.US,5,20251022,164500,83.39,83.39,83.39,83.39,100,0
SDG.US,5,20251022,174000,83.39,83.39,83.39,83.39,100,0
SDG.US,5,20251022,175500,83.405,83.405,83.405,83.405,300,0
SDG.US,5,20251022,183000,83.34,83.34,83.135,83.135,200,0
SDG.US,5,20251022,183500,83.2,83.205,83.18,83.18,900,0
SDG.US,5,20251022,184000,83.195,83.195,83.18,83.195,1200,0
SDG.US,5,20251022,195500,82.85,82.85,82.85,82.85,254,0
SDG.US,5,20251022,200000,82.92,82.92,82.92,82.92,100,0
SDG.US,5,20251022,211000,83.135,83.135,83.135,83.135,200,0
SDG.US,5,20251022,212500,83.14,83.14,83.135,83.14,525,0
SDG.US,5,20251022,213000,83.135,83.135,83.135,83.135,100,0
SDG.US,5,20251022,215500,83.135,83.135,83.135,83.135,188,0
SDG.US,5,20251023,172000,83.57,83.58,83.57,83.58,411,0
SDG.US,5,20251023,173000,83.5562,83.5562,83.5562,83.5562,150,0
SDG.US,5,20251023,185000,83.5007,83.5007,83.5007,83.5007,301,0
SDG.US,5,20251023,185500,83.52,83.535,83.52,83.535,200,0
SDG.US,5,20251023,190000,83.55,83.55,83.55,83.55,100,0
SDG.US,5,20251023,193500,83.6303,83.6303,83.6303,83.6303,591,0
SDG.US,5,20251023,201000,83.65,83.65,83.645,83.645,401,0
SDG.US,5,20251023,203500,83.65,83.92,83.6499,83.92,400,0
SDG.US,5,20251023,214500,83.84,83.84,83.84,83.84,100,0
SDG.US,5,20251024,153000,84.89,84.89,84.89,84.89,698,0
SDG.US,5,20251024,153500,84.24,84.24,84.24,84.24,366,0
SDG.US,5,20251024,155000,84.2966,84.2966,84.2966,84.2966,100,0
SDG.US,5,20251024,192000,84.41,84.41,84.41,84.41,195,0
SDG.US,5,20251027,143000,84.29,84.29,84.29,84.29,335,0
SDG.US,5,20251027,145500,84.3,84.3,84.3,84.3,300,0
SDG.US,5,20251027,171500,84.55,84.55,84.55,84.55,100,0
SDG.US,5,20251027,184500,84.4607,84.4607,84.4607,84.4607,428,0
SDG.US,5,20251027,190000,84.4,84.46,84.4,84.46,500,0
SDG.US,5,20251027,204500,84.515,84.515,84.515,84.515,400,0
SDG.US,5,20251028,143500,84.46,84.46,84.46,84.46,100,0
SDG.US,5,20251028,162500,84.6295,84.6295,84.6295,84.6295,121,0
SDG.US,5,20251028,163000,84.61,84.61,84.61,84.61,100,0
SDG.US,5,20251028,184000,84.66,84.67,84.66,84.66,977,0
SDG.US,5,20251028,192000,84.705,84.705,84.705,84.705,100,0
SDG.US,5,20251028,192500,84.755,84.755,84.755,84.755,100,0
SDG.US,5,20251028,193000,84.72,84.7396,84.72,84.7396,1702,0
SDG.US,5,20251028,194000,84.69,84.737,84.69,84.737,500,0
SDG.US,5,20251028,200500,84.87,84.92,84.87,84.92,1068,0
SDG.US,5,20251028,202000,84.74,84.74,84.74,84.74,100,0
SDG.US,5,20251028,204000,84.71,84.71,84.71,84.71,100,0
SDG.US,5,20251029,143000,84.82,84.91,84.82,84.91,377,0
SDG.US,5,20251029,151000,84.96,84.96,84.96,84.96,100,0
SDG.US,5,20251029,151500,85,85,85,85,371,0
SDG.US,5,20251029,152500,84.99,84.99,84.99,84.99,200,0
SDG.US,5,20251029,154500,84.91,84.91,84.91,84.91,395,0
SDG.US,5,20251029,160500,84.95,84.95,84.95,84.95,100,0
SDG.US,5,20251029,194000,84.0401,84.0401,84.0401,84.0401,220,0
SDG.US,5,20251029,195000,84.36,84.36,84.36,84.36,300,0
SDG.US,5,20251030,143000,83.91,83.91,83.91,83.91,176,0
SDG.US,5,20251030,144000,84.02,84.02,84.02,84.02,100,0
SDG.US,5,20251030,190000,84.466,84.466,84.466,84.466,267,0
SDG.US,5,20251031,143000,83.83,83.83,83.83,83.83,301,0
SDG.US,5,20251031,204000,84.5506,84.5506,84.5506,84.5506,353,0
SDG.US,5,20251103,153000,84.6,84.6,84.6,84.6,545,0
SDG.US,5,20251103,181000,84.3,84.3,84.3,84.3,100,0
SDG.US,5,20251103,192500,84.371,84.371,84.32,84.32,257,0
SDG.US,5,20251104,164000,83.71,83.71,83.71,83.71,100,0
SDG.US,5,20251104,173000,83.69,83.69,83.69,83.69,100,0
SDG.US,5,20251104,173500,83.72,83.72,83.72,83.72,100,0
SDG.US,5,20251104,182500,83.5704,83.5704,83.5704,83.5704,151,0
SDG.US,5,20251104,211000,83.1701,83.1701,83.1701,83.1701,161,0
SDG.US,5,20251104,211500,83.27,83.27,83.27,83.27,100,0
SDG.US,5,20251104,212500,83.15,83.15,83.13,83.1301,1056,0
SDG.US,5,20251105,164000,84.6365,84.6365,84.6365,84.6365,918,0
SDG.US,5,20251105,170000,84.7,84.7,84.7,84.7,195,0
SDG.US,5,20251105,185000,84.81,84.81,84.81,84.81,100,0
SDG.US,5,20251105,192500,84.9585,84.9585,84.9585,84.9585,134,0
SDG.US,5,20251106,180500,84.665,84.665,84.665,84.665,500,0
SDG.US,5,20251106,182000,84.65,84.65,84.65,84.65,500,0
SDG.US,5,20251106,184500,84.81,84.81,84.81,84.81,500,0
SDG.US,5,20251106,185000,84.82,84.82,84.82,84.82,300,0
SDG.US,5,20251106,212000,85.11,85.11,85.11,85.11,100,0
SDG.US,5,20251106,214000,84.98,84.9801,84.871,84.8711,732,0
SDG.US,5,20251107,161500,84.6,84.6,84.6,84.6,1297,0
SDG.US,5,20251107,174000,84.28,84.28,84.25,84.25,534,0
SDG.US,5,20251107,194500,84.5688,84.5688,84.5688,84.5688,156,0
SDG.US,5,20251107,202000,84.6645,84.6645,84.6645,84.6645,118,0
SDG.US,5,20251107,205000,84.91,84.91,84.91,84.91,100,0
SDG.US,5,20251107,214500,85.0326,85.0326,85.0326,85.0326,132,0
SDG.US,5,20251107,215500,85.0455,85.0455,85.0455,85.0455,118,0
SDG.US,5,20251110,153000,85.74,85.74,85.74,85.74,1382,0
SDG.US,5,20251110,163500,86.05,86.17,86.05,86.17,17500,0
SDG.US,5,20251110,201500,86.39,86.39,86.39,86.39,405,0
SDG.US,5,20251110,202000,86.39,86.39,86.39,86.39,500,0
SDG.US,5,20251110,211000,86.52,86.52,86.51,86.51,800,0
SDG.US,5,20251111,161000,86.9086,86.9086,86.9086,86.9086,120,0
SDG.US,5,20251111,171500,86.915,86.915,86.915,86.915,223,0
SDG.US,5,20251111,172000,87,87,87,87,188,0
SDG.US,5,20251111,195000,86.995,86.995,86.995,86.995,100,0
SDG.US,5,20251111,213500,87.1,87.1,87.1,87.1,130,0
SDG.US,5,20251112,160000,86.6849,86.6849,86.65,86.666,2216,0
SDG.US,5,20251112,161000,86.66,86.66,86.66,86.66,100,0
SDG.US,5,20251112,164500,86.64,86.64,86.64,86.64,118,0
SDG.US,5,20251112,165000,86.62,86.62,86.62,86.62,100,0
SDG.US,5,20251112,172500,86.68,86.68,86.68,86.68,100,0
SDG.US,5,20251112,184000,86.76,86.76,86.76,86.76,100,0
SDG.US,5,20251112,194000,86.865,86.865,86.86,86.86,200,0
SDG.US,5,20251112,212500,86.7968,86.7968,86.7968,86.7968,193,0
SDG.US,5,20251113,153500,86.32,86.32,86.32,86.32,100,0
SDG.US,5,20251113,175000,86.075,86.075,86.075,86.075,208,0
SDG.US,5,20251113,181500,86.06,86.06,86.06,86.06,100,0
SDG.US,5,20251113,183000,86.1875,86.1875,86.1875,86.1875,205,0
SDG.US,5,20251113,190000,86.0699,86.0699,86.0699,86.0699,100,0
SDG.US,5,20251113,191500,85.89,85.89,85.89,85.89,100,0
SDG.US,5,20251113,194500,85.66,85.66,85.66,85.66,100,0
SDG.US,5,20251113,195000,85.64,85.64,85.64,85.64,100,0
SDG.US,5,20251113,202000,85.63,85.63,85.63,85.63,100,0
SDG.US,5,20251113,202500,85.66,85.66,85.65,85.65,1100,0
SDG.US,5,20251113,210500,85.61,85.61,85.61,85.61,300,0
SDG.US,5,20251113,211000,85.63,85.63,85.63,85.63,500,0
SDG.US,5,20251113,211500,85.6,85.6,85.6,85.6,100,0
SDG.US,5,20251113,213000,85.61,85.61,85.61,85.61,1143,0
SDG.US,5,20251113,215500,85.575,85.575,85.575,85.575,110,0
SDG.US,5,20251114,154500,85.45,85.45,85.45,85.45,100,0
SDG.US,5,20251114,161500,85.4403,85.4403,85.4403,85.4403,1462,0
SDG.US,5,20251114,163500,85.43,85.43,85.43,85.43,100,0
SDG.US,5,20251114,164000,85.59,85.59,85.5219,85.5219,331,0
SDG.US,5,20251114,164500,85.7105,85.7105,85.7105,85.7105,743,0
SDG.US,5,20251114,165500,85.62,85.62,85.62,85.62,100,0
SDG.US,5,20251114,203500,85.63,85.63,85.63,85.63,100,0
SDG.US,5,20251114,212500,85.551,85.551,85.551,85.551,500,0
SDG.US,5,20251117,160500,85.12,85.12,85.12,85.12,100,0
SDG.US,5,20251117,165000,85.11,85.11,85.11,85.11,100,0
SDG.US,5,20251117,172000,84.91,84.91,84.91,84.91,100,0
SDG.US,5,20251117,172500,84.94,84.985,84.815,84.98,1400,0
SDG.US,5,20251117,175500,85.24,85.24,85.24,85.24,100,0
SDG.US,5,20251117,183000,85.2401,85.2401,85.24,85.24,200,0
SDG.US,5,20251117,184000,85.2,85.2,85.15,85.15,585,0
SDG.US,5,20251117,192000,85,85,85,85,100,0
SDG.US,5,20251117,211000,84.3915,84.3915,84.27,84.27,241,0
SDG.US,5,20251117,212500,84.35,84.35,84.35,84.35,100,0
SDG.US,5,20251118,153000,83.34,83.34,83.34,83.34,819,0
SDG.US,5,20251118,163000,83.74,83.74,83.74,83.74,100,0
SDG.US,5,20251118,174000,83.8357,83.8357,83.8357,83.8357,120,0
SDG.US,5,20251118,193500,84.151,84.151,84.151,84.151,363,0
SDG.US,5,20251118,195000,84.26,84.26,84.26,84.26,1372,0
SDG.US,5,20251118,202500,84.13,84.13,84.13,84.13,300,0
SDG.US,5,20251118,204500,84.17,84.24,84.17,84.22,11661,0
SDG.US,5,20251118,205000,84.11,84.11,84.11,84.11,100,0
SDG.US,5,20251119,162500,83.775,83.775,83.695,83.695,645,0
SDG.US,5,20251119,164000,83.65,83.675,83.65,83.675,1000,0
SDG.US,5,20251119,172000,83.51,83.51,83.51,83.51,386,0
SDG.US,5,20251119,173500,83.2891,83.2891,83.2891,83.2891,213,0
SDG.US,5,20251119,175000,83.43,83.43,83.43,83.43,1053,0
SDG.US,5,20251119,175500,83.445,83.4451,83.445,83.4451,334,0
SDG.US,5,20251119,181000,83.3973,83.3973,83.3973,83.3973,420,0
SDG.US,5,20251119,192500,83.5,83.5,83.5,83.5,3500,0
SDG.US,5,20251119,200000,83.525,83.525,83.525,83.525,100,0
SDG.US,5,20251119,205500,83.52,83.55,83.52,83.55,1100,0
SDG.US,5,20251119,211000,83.57,83.57,83.57,83.57,300,0
SDG.US,5,20251119,211500,83.66,83.72,83.66,83.72,600,0
SDG.US,5,20251119,213000,83.6528,83.6528,83.6528,83.6528,119,0
SDG.US,5,20251119,213500,83.7,83.71,83.7,83.7,4627,0
SDG.US,5,20251120,153500,84.22,84.22,84.22,84.22,728,0
SDG.US,5,20251120,162500,84.14,84.14,84.14,84.14,100,0
SDG.US,5,20251120,165000,84.01,84.01,83.98,83.98,350,0
SDG.US,5,20251120,171000,83.745,83.778,83.745,83.778,400,0
SDG.US,5,20251120,172500,83.57,83.57,83.57,83.57,100,0
SDG.US,5,20251120,173500,83.34,83.34,83.334,83.3386,863,0
SDG.US,5,20251120,174000,83.27,83.27,83.25,83.25,1600,0
SDG.US,5,20251120,174500,83.23,83.23,83.23,83.23,100,0
SDG.US,5,20251120,180000,83,83,83,83,101,0
SDG.US,5,20251120,191000,82.9,83.08,82.9,83.065,1125,0
SDG.US,5,20251120,192000,82.9998,82.9998,82.9998,82.9998,173,0
SDG.US,5,20251120,202500,82.71,82.71,82.71,82.71,100,0
SDG.US,5,20251120,203000,82.62,82.62,82.62,82.62,387,0
SDG.US,5,20251120,204500,82.52,82.52,82.52,82.52,100,0
SDG.US,5,20251120,212000,82.62,82.62,82.62,82.62,100,0
SDG.US,5,20251120,212500,82.58,82.59,82.52,82.59,1344,0
SDG.US,5,20251120,215500,82.3,82.3,82.3,82.3,1500,0
SDG.US,5,20251121,153000,82.3,82.3,82.3,82.3,422,0
SDG.US,5,20251121,160500,82.53,82.53,82.53,82.53,100,0
SDG.US,5,20251121,180000,83.1,83.1,83.1,83.1,100,0
SDG.US,5,20251121,180500,83.0626,83.0626,83.0626,83.0626,252,0
SDG.US,5,20251121,183500,83.17,83.17,83.17,83.17,2675,0
SDG.US,5,20251121,200500,83.485,83.485,83.485,83.485,197,0
SDG.US,5,20251121,203500,83.4203,83.4203,83.4203,83.4203,151,0
SDG.US,5,20251124,153000,83.08,83.08,83.08,83.08,281,0
SDG.US,5,20251124,163000,83.135,83.135,83.135,83.135,1835,0
SDG.US,5,20251124,184000,83.21,83.21,83.21,83.21,110,0
SDG.US,5,20251124,191500,83.37,83.37,83.37,83.37,268,0
SDG.US,5,20251124,193000,83.2628,83.2628,83.2628,83.2628,237,0
SDG.US,5,20251124,204500,83.17,83.17,83.16,83.17,300,0
SDG.US,5,20251124,211500,83.27,83.283,83.27,83.283,559,0
SDG.US,5,20251124,214500,83.32,83.32,83.32,83.32,200,0
SDG.US,5,20251125,153500,83.66,83.67,83.66,83.67,700,0
SDG.US,5,20251125,161000,83.6,83.6,83.6,83.6,400,0
SDG.US,5,20251125,164000,83.77,83.77,83.77,83.77,500,0
SDG.US,5,20251125,165500,83.6606,83.69,83.6606,83.69,350,0
SDG.US,5,20251125,170000,83.63,83.63,83.63,83.63,100,0
SDG.US,5,20251125,171000,83.72,83.74,83.68,83.74,1200,0
SDG.US,5,20251125,173500,83.82,83.82,83.82,83.82,200,0
SDG.US,5,20251125,174000,83.87,83.87,83.87,83.87,500,0
SDG.US,5,20251125,174500,83.8,83.8,83.8,83.8,200,0
SDG.US,5,20251125,180000,83.95,83.95,83.855,83.855,673,0
SDG.US,5,20251125,182000,84.1,84.1,84.05,84.05,1900,0
SDG.US,5,20251125,183000,84.01,84.01,84.01,84.01,101,0
SDG.US,5,20251125,190500,84.04,84.1,84.02,84.1,3744,0
SDG.US,5,20251125,191000,84.11,84.11,84.11,84.11,400,0
SDG.US,5,20251125,194000,84.025,84.025,84.025,84.025,149,0
SDG.US,5,20251125,194500,84.07,84.07,84.07,84.07,200,0
SDG.US,5,20251125,201500,83.95,83.95,83.91,83.91,1000,0
SDG.US,5,20251125,205500,84.1,84.1,84.1,84.1,325,0
SDG.US,5,20251125,211000,84.05,84.05,84.05,84.05,100,0
SDG.US,5,20251125,212000,84.12,84.12,84.12,84.12,400,0
SDG.US,5,20251125,215500,84.18,84.18,84.16,84.16,379,0
SDG.US,5,20251126,153000,84.48,84.48,84.48,84.48,1017,0
SDG.US,5,20251126,154500,84.72,84.72,84.72,84.72,499,0
SDG.US,5,20251126,172000,85.22,85.22,85.22,85.22,283,0
SDG.US,5,20251126,201000,85.19,85.19,85.19,85.19,146,0
SDG.US,5,20251128,153000,85.2,85.2,85.2,85.2,145,0
SDG.US,5,20251128,163500,85.3,85.3,85.3,85.3,774,0
SDG.US,5,20251128,164000,85.34,85.34,85.34,85.34,2982,0
SDG.US,5,20251128,172000,85.4,85.4,85.4,85.4,100,0
SDG.US,5,20251128,173500,85.43,85.43,85.42,85.42,332,0
SDG.US,5,20251128,180000,85.4201,85.4201,85.4201,85.4201,138,0
SDG.US,5,20251128,180500,85.4418,85.4418,85.4418,85.4418,186,0
SDG.US,5,20251128,182500,85.53,85.53,85.53,85.53,128,0
SDG.US,5,20251128,183500,85.465,85.465,85.465,85.465,300,0
SDG.US,5,20251201,153000,85.03,85.03,85.03,85.03,179,0
SDG.US,5,20251201,154500,85.09,85.09,85.09,85.09,100,0
SDG.US,5,20251201,160500,85.13,85.13,85.13,85.13,100,0
SDG.US,5,20251201,163000,85.005,85.005,85.005,85.005,800,0
SDG.US,5,20251201,191000,85.08,85.08,85.08,85.08,276,0
SDG.US,5,20251201,202000,85.06,85.085,85.06,85.065,912,0
SDG.US,5,20251201,202500,85,85,85,85,100,0
SDG.US,5,20251201,212000,84.93,84.93,84.93,84.93,100,0
SDG.US,5,20251201,213000,84.99,84.99,84.99,84.99,2781,0
SDG.US,5,20251202,165500,85.135,85.135,85.135,85.135,119,0
SDG.US,5,20251202,172000,84.9074,84.9074,84.9074,84.9074,118,0
SDG.US,5,20251202,190500,85.0114,85.0114,85.0114,85.0114,237,0
SDG.US,5,20251202,193000,84.9549,84.9549,84.9549,84.9549,165,0
SDG.US,5,20251202,194500,84.9,84.9001,84.9,84.9001,200,0
SDG.US,5,20251203,153000,85.11,85.11,85.11,85.11,103,0
SDG.US,5,20251203,161500,85.0618,85.0618,85.0618,85.0618,237,0
SDG.US,5,20251203,163000,85.0985,85.0985,85.0985,85.0985,102,0
SDG.US,5,20251203,175000,85.04,85.04,85.04,85.04,100,0
SDG.US,5,20251203,181000,84.95,84.95,84.95,84.95,100,0
SDG.US,5,20251203,192500,85.041,85.0411,85.041,85.0411,800,0
SDG.US,5,20251203,213500,85.2,85.2,85.2,85.2,500,0
SDG.US,5,20251204,153500,85.4,85.4,85.4,85.4,106,0
SDG.US,5,20251204,154500,85.39,85.39,85.39,85.39,111,0
SDG.US,5,20251204,165500,85.3,85.3,85.3,85.3,102,0
SDG.US,5,20251204,172000,85.26,85.26,85.26,85.26,137,0
SDG.US,5,20251204,180000,85.343,85.343,85.343,85.343,391,0
SDG.US,5,20251204,212500,85.11,85.11,85.11,85.11,220,0
SDG.US,5,20251204,215500,85.07,85.09,85.07,85.08,880,0
SDG.US,5,20251205,153000,85.32,85.49,85.16,85.49,4263,0
SDG.US,5,20251205,153500,85.54,85.54,85.54,85.54,200,0
SDG.US,5,20251205,154000,85.55,85.55,85.55,85.55,160,0
SDG.US,5,20251205,155000,85.66,85.68,85.66,85.68,316,0
SDG.US,5,20251205,160500,85.66,85.66,85.66,85.66,100,0
SDG.US,5,20251205,161000,85.7,85.7,85.7,85.7,100,0
SDG.US,5,20251205,162000,85.7,85.7,85.7,85.7,164,0
SDG.US,5,20251205,162500,85.71,85.71,85.71,85.71,154,0
SDG.US,5,20251205,163000,85.69,85.69,85.69,85.69,100,0
SDG.US,5,20251205,163500,85.74,85.74,85.74,85.74,200,0
SDG.US,5,20251205,164000,85.64,85.68,85.64,85.68,200,0
SDG.US,5,20251205,164500,85.69,85.69,85.69,85.69,142,0
SDG.US,5,20251205,165500,85.61,85.61,85.61,85.61,199,0
SDG.US,5,20251205,170000,85.6,85.6,85.6,85.6,139,0
SDG.US,5,20251205,170500,85.53,85.53,85.5,85.5,200,0
SDG.US,5,20251205,171500,85.41,85.41,85.41,85.41,200,0
SDG.US,5,20251205,172000,85.44,85.44,85.44,85.44,120,0
SDG.US,5,20251205,175000,85.51,85.54,85.51,85.54,900,0
SDG.US,5,20251205,175500,85.58583,85.58583,85.58583,85.58583,500,0
SDG.US,5,20251205,184000,85.46,85.46,85.46,85.46,500,0
SDG.US,5,20251205,185000,85.49,85.49,85.49,85.49,200,0
SDG.US,5,20251205,211000,85.52,85.52,85.52,85.52,100,0
SDG.US,5,20251205,211500,85.52,85.52,85.52,85.52,497,0
SDG.US,5,20251205,214500,85.43,85.43,85.43,85.43,400,0
SDG.US,5,20251208,153000,85.11,85.11,85.11,85.11,105,0
SDG.US,5,20251208,161500,84.71,84.7101,84.71,84.7101,400,0
SDG.US,5,20251208,170500,84.7021,84.7021,84.7021,84.7021,108,0
SDG.US,5,20251208,195500,84.69,84.69,84.69,84.69,200,0
SDG.US,5,20251208,202500,84.8628,84.8628,84.8628,84.8628,128,0
SDG.US,5,20251208,203000,84.7701,84.8499,84.71,84.8499,754,0
SDG.US,5,20251208,204000,84.83,84.83,84.83,84.83,200,0
SDG.US,5,20251209,171500,84.49,84.49,84.49,84.49,378,0
SDG.US,5,20251209,172000,84.55,84.55,84.53,84.53,567,0
SDG.US,5,20251209,174000,84.34,84.3885,84.34,84.3885,350,0
SDG.US,5,20251209,175500,84.3749,84.3749,84.32,84.32,300,0
SDG.US,5,20251209,212500,84.1888,84.1888,84.1888,84.1888,306,0
SDG.US,5,20251209,213000,84.13,84.13,84.12,84.12,254,0
SDG.US,5,20251210,161500,84.541,84.7,84.53,84.5301,550,0
SDG.US,5,20251210,170000,84.5675,84.5675,84.5675,84.5675,111,0
SDG.US,5,20251210,190500,84.785,84.785,84.785,84.785,129,0
SDG.US,5,20251210,191500,84.79,84.79,84.79,84.79,100,0
SDG.US,5,20251210,192500,84.7,84.7,84.7,84.7,118,0
SDG.US,5,20251210,203000,84.84,84.84,84.84,84.84,100,0
SDG.US,5,20251211,154500,84.91,84.91,84.91,84.91,100,0
SDG.US,5,20251211,174000,85.19,85.19,85.19,85.19,100,0
SDG.US,5,20251211,183500,85.3475,85.3475,85.3475,85.3475,266,0
SDG.US,5,20251211,184500,85.365,85.365,85.365,85.365,107,0
SDG.US,5,20251211,211000,85.4623,85.4623,85.4623,85.4623,274,0
SDG.US,5,20251211,213500,85.38,85.38,85.38,85.38,100,0
SDG.US,5,20251212,153000,85.02,85.02,85.02,85.02,954,0
SDG.US,5,20251212,155000,85.42,85.44,85.3753,85.3753,1819,0
SDG.US,5,20251212,155500,85.42,85.42,85.42,85.42,534,0
SDG.US,5,20251212,160000,85.4014,85.4014,85.4014,85.4014,125,0
SDG.US,5,20251212,170000,84.73,84.73,84.72,84.72,600,0
SDG.US,5,20251212,201000,84.68,84.68,84.68,84.68,140,0
SDG.US,5,20251215,153000,85.2,85.2,85.2,85.2,261,0
SDG.US,5,20251215,153500,85.21,85.22,85.125,85.125,3214,0
SDG.US,5,20251215,171500,85.1,85.1,85.1,85.1,337,0
SDG.US,5,20251215,172000,85.22,85.22,85.22,85.22,462,0
SDG.US,5,20251215,174500,84.99,84.99,84.99,84.99,1500,0
SDG.US,5,20251215,184500,84.87,84.87,84.87,84.87,100,0
SDG.US,5,20251216,172000,83.62,83.62,83.62,83.62,647,0
SDG.US,5,20251216,173500,83.58,83.58,83.58,83.58,100,0
SDG.US,5,20251216,174500,83.54,83.54,83.54,83.54,100,0
SDG.US,5,20251216,175000,83.56,83.56,83.54,83.54,300,0
SDG.US,5,20251216,175500,83.54,83.58,83.54,83.58,500,0
SDG.US,5,20251216,193500,83.43,83.44,83.43,83.44,640,0
SDG.US,5,20251216,194500,83.57,83.57,83.57,83.57,100,0
SDG.US,5,20251216,195000,83.59,83.6,83.59,83.6,300,0
SDG.US,5,20251216,201500,83.44,83.44,83.44,83.44,1537,0
SDG.US,5,20251216,203000,83.46,83.46,83.46,83.46,100,0
SDG.US,5,20251216,205500,83.5701,83.5701,83.57,83.5701,800,0
SDG.US,5,20251216,213500,83.8087,83.8087,83.8087,83.8087,610,0
SDG.US,5,20251217,160000,83.9,84.045,83.9,84.045,214,0
SDG.US,5,20251217,160500,83.86,83.86,83.86,83.86,100,0
SDG.US,5,20251217,165000,83.655,83.655,83.655,83.655,115,0
SDG.US,5,20251217,170500,83.575,83.575,83.575,83.575,100,0
SDG.US,5,20251217,172000,83.4835,83.51,83.4835,83.51,610,0
SDG.US,5,20251217,173500,83.385,83.385,83.385,83.385,100,0
SDG.US,5,20251217,175000,83.33,83.33,83.33,83.33,100,0
SDG.US,5,20251217,180000,83.39,83.39,83.39,83.39,100,0
SDG.US,5,20251217,181500,83.34,83.36,83.34,83.36,200,0
SDG.US,5,20251217,182000,83.24,83.24,83.24,83.24,100,0
SDG.US,5,20251217,184500,83.08,83.08,83.08,83.08,150,0
SDG.US,5,20251217,185500,83.13,83.13,83.13,83.13,100,0
SDG.US,5,20251217,200000,83.1199,83.1199,83.1199,83.1199,505,0
SDG.US,5,20251217,201000,83.06,83.06,83.06,83.06,184,0
SDG.US,5,20251217,201500,83.1,83.1,83.1,83.1,5080,0
SDG.US,5,20251217,203500,82.9501,82.953,82.9501,82.953,224,0
SDG.US,5,20251217,204500,83.0174,83.0174,83.0174,83.0174,212,0
SDG.US,5,20251217,205000,83.03,83.03,83.03,83.03,2182,0
SDG.US,5,20251217,213000,82.96,82.96,82.96,82.96,100,0
SDG.US,5,20251217,214000,82.99,83.015,82.99,83.015,200,0
SDG.US,5,20251217,214500,83.02,83.02,83.02,83.02,100,0
SDG.US,5,20251217,215000,83.0104,83.0104,83.0104,83.0104,992,0
SDG.US,5,20251218,155000,83.56,83.59,83.56,83.59,200,0
SDG.US,5,20251218,162000,83.68,83.68,83.68,83.68,200,0
SDG.US,5,20251218,162500,83.89,83.89,83.89,83.89,141,0
SDG.US,5,20251218,164500,84.02,84.02,84.02,84.02,100,0
SDG.US,5,20251218,172000,84.02,84.02,84.02,84.02,255,0
SDG.US,5,20251219,153000,84.12,84.19,84.12,84.19,358,0
SDG.US,5,20251219,160000,84.4,84.4,84.4,84.4,300,0
SDG.US,5,20251219,162000,84.35,84.35,84.35,84.35,105,0
SDG.US,5,20251219,162500,84.38,84.38,84.38,84.38,374,0
SDG.US,5,20251219,163000,84.38,84.38,84.38,84.38,120,0
SDG.US,5,20251219,164500,84.34,84.525,84.34,84.525,240,0
SDG.US,5,20251219,171500,84.52,84.52,84.52,84.52,100,0
SDG.US,5,20251219,172500,84.51,84.51,84.51,84.51,105,0
SDG.US,5,20251219,174500,84.445,84.5,84.4,84.5,1800,0
SDG.US,5,20251219,185500,84.525,84.525,84.525,84.525,274,0
SDG.US,5,20251219,191500,84.59,84.59,84.54,84.58,800,0
SDG.US,5,20251219,201000,84.4701,84.4701,84.4701,84.4701,125,0
SDG.US,5,20251219,204000,84.54,84.54,84.54,84.54,207,0
SDG.US,5,20251219,213500,84.47,84.55,84.3901,84.3901,2212,0
SDG.US,5,20251222,153000,83.8,83.8,83.8,83.8,238,0
SDG.US,5,20251222,161500,83.8801,83.8801,83.88,83.88,200,0
SDG.US,5,20251222,170000,84.04,84.04,84.04,84.04,148,0
SDG.US,5,20251222,172000,84.43,84.46,84.43,84.46,693,0
SDG.US,5,20251222,181000,84.3174,84.3174,84.3174,84.3174,229,0
SDG.US,5,20251222,193000,84.28,84.28,84.28,84.28,106,0
SDG.US,5,20251222,212000,84.37,84.37,84.37,84.37,424,0
SDG.US,5,20251222,214000,84.365,84.365,84.365,84.365,250,0
SDG.US,5,20251223,154500,84.5,84.5,84.5,84.5,129,0
SDG.US,5,20251223,185500,84.45,84.45,84.4494,84.4494,997,0
SDG.US,5,20251223,214500,84.65,84.65,84.65,84.65,118,0
SDG.US,5,20251224,171500,84.91,84.91,84.9,84.9,200,0
SDG.US,5,20251224,173500,84.86,84.86,84.86,84.86,257,0
SDG.US,5,20251226,153000,85.31,85.31,85.31,85.31,454,0
SDG.US,5,20251226,155000,85.04,85.0401,85.0357,85.0401,300,0
SDG.US,5,20251226,182000,85.14,85.14,85.14,85.14,500,0
SDG.US,5,20251226,184500,85.089,85.089,85.089,85.089,100,0
SDG.US,5,20251229,153000,84.66,84.66,84.66,84.66,205,0
SDG.US,5,20251229,170000,84.815,84.815,84.815,84.815,127,0
SDG.US,5,20251229,175000,84.71,84.7101,84.701,84.701,500,0
SDG.US,5,20251229,183500,84.7331,84.7331,84.7331,84.7331,100,0
SDG.US,5,20251229,184500,84.76,84.76,84.76,84.76,200,0
SDG.US,5,20251229,185500,84.71,84.71,84.71,84.71,112,0
SDG.US,5,20251229,193000,84.743,84.743,84.743,84.743,108,0
SDG.US,5,20251229,194000,84.7001,84.7001,84.7001,84.7001,105,0
SDG.US,5,20251229,214500,84.7971,84.7971,84.7971,84.7971,100,0
SDG.US,5,20251229,215500,84.91,84.91,84.91,84.91,452,0
SDG.US,5,20251230,153000,85.24,85.24,85.24,85.24,226,0
SDG.US,5,20251230,160500,84.761,84.761,84.761,84.761,100,0
SDG.US,5,20251230,171000,84.89,84.89,84.89,84.89,1000,0
SDG.US,5,20251230,172000,84.86,84.86,84.84,84.84,440,0
SDG.US,5,20251230,211500,84.83,84.83,84.8299,84.8299,1000,0
SDG.US,5,20251230,212000,84.76,84.76,84.76,84.76,339,0
SDG.US,5,20251230,215500,84.75,84.75,84.75,84.75,100,0
SDG.US,5,20251231,153000,84.47,84.47,84.47,84.47,442,0
SDG.US,5,20251231,170000,84.14,84.14,84.14,84.14,153,0
SDG.US,5,20251231,174000,84.16,84.16,84.16,84.16,300,0
SDG.US,5,20251231,182000,84.23,84.23,84.23,84.23,100,0
SDG.US,5,20251231,183000,84.3899,84.3899,84.3899,84.3899,103,0
SDG.US,5,20251231,191500,84.36,84.36,84.36,84.36,106,0
SDG.US,5,20251231,194000,84.365,84.365,84.365,84.365,350,0
SDG.US,5,20251231,200500,84.4599,84.4599,84.4599,84.4599,168,0
SDG.US,5,20251231,205000,84.29,84.29,84.29,84.29,100,0
SDG.US,5,20260102,153000,85.05,85.05,85.05,85.05,158,0
SDG.US,5,20260102,155000,85.2,85.35,85.2,85.35,2456,0
SDG.US,5,20260102,161000,85.28,85.28,85.28,85.28,105,0
SDG.US,5,20260102,163500,85.3,85.3,85.3,85.3,4258,0
SDG.US,5,20260102,173500,85.265,85.265,85.265,85.265,100,0
SDG.US,5,20260102,181000,85.3,85.3,85.25,85.25,3066,0
SDG.US,5,20260102,182000,85.24,85.2401,85.24,85.2401,1400,0
SDG.US,5,20260102,201500,85.16,85.16,85.16,85.16,100,0
SDG.US,5,20260102,203000,85.25,85.25,85.25,85.25,330,0
SDG.US,5,20260105,153000,85.43,85.43,85.43,85.43,267,0
SDG.US,5,20260105,164000,85,85,85,85,612,0
SDG.US,5,20260105,174000,85.286,85.286,85.286,85.286,250,0
SDG.US,5,20260105,175500,85.29,85.29,85.29,85.29,209,0
SDG.US,5,20260105,184500,85.3075,85.33,85.3075,85.33,275,0
SDG.US,5,20260105,213000,85.505,85.505,85.505,85.505,300,0
SDG.US,5,20260105,213500,85.4219,85.4219,85.4219,85.4219,700,0
SDG.US,5,20260105,215500,85.48,85.48,85.48,85.48,100,0
SDG.US,5,20260106,153000,85.64,85.64,85.64,85.64,116,0
SDG.US,5,20260106,162000,85.97,85.97,85.97,85.97,639,0
SDG.US,5,20260106,203000,85.55,85.55,85.55,85.55,100,0
SDG.US,5,20260106,205500,85.6255,85.6255,85.6255,85.6255,183,0
SDG.US,5,20260106,214500,85.64,85.64,85.64,85.64,106,0
SDG.US,5,20260107,153000,85.41,85.41,85.41,85.41,217,0
SDG.US,5,20260107,172000,85.33,85.35,85.33,85.35,578,0
SDG.US,5,20260107,181000,85.4899,85.4899,85.45,85.45,1497,0
SDG.US,5,20260107,184500,85.368,85.368,85.368,85.368,100,0
SDG.US,5,20260107,211000,85.28,85.28,85.28,85.28,141,0
SDG.US,5,20260107,212500,85.231,85.231,85.231,85.231,213,0
SDG.US,5,20260108,213500,85.28,85.28,85.28,85.28,100,0
SDG.US,5,20260109,170000,84.7604,84.7604,84.7604,84.7604,300,0
SDG.US,5,20260109,172000,84.88,84.88,84.83,84.83,400,0
SDG.US,5,20260109,173000,84.9,84.9,84.8999,84.8999,903,0
SDG.US,5,20260109,174500,84.99,84.99,84.99,84.99,2000,0
SDG.US,5,20260109,202000,84.9101,84.9101,84.9101,84.9101,163,0
SDG.US,5,20260109,204000,84.945,84.945,84.945,84.945,821,0
SDG.US,5,20260109,204500,84.975,84.975,84.975,84.975,100,0
SDG.US,5,20260109,210500,84.975,84.975,84.975,84.975,446,0
SDG.US,5,20260109,212500,84.9609,84.9609,84.9609,84.9609,400,0
SDG.US,5,20260109,213500,85.01,85.01,85.01,85.01,100,0
SDG.US,5,20260112,153000,84.77,85.01,84.77,85.01,213,0
SDG.US,5,20260112,172000,85.33,85.33,85.275,85.275,884,0
SDG.US,5,20260112,172500,85.2899,85.2899,85.2899,85.2899,138,0
SDG.US,5,20260112,174000,85.245,85.245,85.245,85.245,124,0
SDG.US,5,20260112,174500,85.285,85.285,85.285,85.285,100,0
SDG.US,5,20260112,180000,85.232,85.232,85.232,85.232,190,0
SDG.US,5,20260112,190500,85.235,85.235,85.235,85.235,114,0
SDG.US,5,20260112,191000,85.24,85.2401,85.24,85.2401,200,0
SDG.US,5,20260112,194500,85.3,85.3,85.3,85.3,100,0
SDG.US,5,20260112,195000,85.3,85.3,85.3,85.3,100,0
SDG.US,5,20260112,200000,85.2352,85.3,85.2352,85.3,651,0
SDG.US,5,20260112,200500,85.3,85.33,85.3,85.33,3600,0
SDG.US,5,20260112,210000,85.44,85.44,85.44,85.44,100,0
SDG.US,5,20260112,210500,85.41,85.41,85.41,85.41,1500,0
SDG.US,5,20260113,153000,85.01,85.01,84.9,84.9,2100,0
SDG.US,5,20260113,163000,84.68,84.68,84.68,84.68,100,0
SDG.US,5,20260113,170500,84.85,84.85,84.85,84.85,200,0
SDG.US,5,20260113,173000,84.85,84.85,84.85,84.85,100,0
SDG.US,5,20260113,180000,84.935,84.935,84.935,84.935,107,0
SDG.US,5,20260113,201000,84.7001,84.7001,84.7001,84.7001,341,0
SDG.US,5,20260113,214000,84.79,84.82,84.72,84.82,1300,0
SDG.US,5,20260113,215500,84.865,84.94,84.865,84.94,300,0
SDG.US,5,20260114,153000,84.44,84.44,84.44,84.44,561,0
SDG.US,5,20260114,161500,84.68,84.68,84.68,84.68,100,0
SDG.US,5,20260114,165500,84.565,84.565,84.565,84.565,200,0
SDG.US,5,20260114,182000,84.535,84.535,84.535,84.535,300,0
SDG.US,5,20260114,193500,84.49,84.49,84.49,84.49,100,0
SDG.US,5,20260114,194500,84.42,84.42,84.42,84.42,267,0
SDG.US,5,20260114,195500,84.54,84.54,84.54,84.54,100,0
SDG.US,5,20260114,201000,84.5,84.5082,84.5,84.5,400,0
SDG.US,5,20260114,211500,84.62,84.62,84.62,84.62,100,0
SDG.US,5,20260114,214500,84.5801,84.5801,84.5801,84.5801,284,0
SDG.US,5,20260115,163500,84.91,84.91,84.91,84.91,100,0
SDG.US,5,20260115,183000,84.9752,84.9752,84.9752,84.9752,252,0
SDG.US,5,20260115,191000,84.9513,84.9513,84.9513,84.9513,240,0
SDG.US,5,20260115,191500,85.03,85.03,85.03,85.03,208,0
SDG.US,5,20260115,192500,85.06,85.06,85.06,85.06,100,0
SDG.US,5,20260115,203500,84.92,84.9601,84.92,84.96,900,0
SDG.US,5,20260115,212500,84.8,84.8105,84.8,84.8105,228,0
SDG.US,5,20260115,213500,84.76,84.76,84.76,84.76,100,0
SDG.US,5,20260115,215000,84.69,84.72,84.655,84.655,300,0
SDG.US,5,20260116,153000,84.18,84.18,84.18,84.18,514,0
SDG.US,5,20260116,153500,84.3,84.3,84.28,84.29,1300,0
SDG.US,5,20260116,161500,84.42,84.42,84.42,84.42,400,0
SDG.US,5,20260116,163000,84.24,84.24,84.24,84.24,500,0
SDG.US,5,20260116,173000,84.25,84.25,84.25,84.25,503,0
SDG.US,5,20260116,174500,84.34,84.34,84.34,84.34,100,0
SDG.US,5,20260116,175500,84.21,84.21,84.21,84.21,129,0
SDG.US,5,20260116,183000,84.23,84.23,84.23,84.23,167,0
SDG.US,5,20260116,210500,84.26,84.26,84.26,84.26,121,0
SDG.US,5,20260120,153000,83.25,83.25,83.25,83.25,3500,0
SDG.US,5,20260120,162500,83.3,83.3,83.3,83.3,105,0
SDG.US,5,20260120,172000,83.59,83.6,83.59,83.6,700,0
SDG.US,5,20260120,172500,83.58,83.66,83.53,83.62,900,0
SDG.US,5,20260120,184500,83.3573,83.3573,83.3573,83.3573,534,0
SDG.US,5,20260120,190000,83.36,83.36,83.36,83.36,100,0
SDG.US,5,20260120,200000,83.3,83.3,83.3,83.3,112,0
SDG.US,5,20260120,201000,83.16,83.16,83.16,83.16,215,0
SDG.US,5,20260120,202500,83.11,83.11,83.11,83.11,6617,0
SDG.US,5,20260120,204000,83.0973,83.0973,83.0973,83.0973,100,0
SDG.US,5,20260121,173000,83.99,83.99,83.99,83.99,437,0
SDG.US,5,20260121,211500,84.135,84.21,84.0501,84.21,3664,0
SDG.US,5,20260121,213000,83.98,83.98,83.98,83.98,100,0
SDG.US,5,20260121,215000,84.115,84.115,84.115,84.115,100,0
SDG.US,5,20260122,153000,84.69,84.69,84.69,84.69,100,0
SDG.US,5,20260122,154500,84.63,84.63,84.63,84.63,414,0
SDG.US,5,20260122,164000,84.83,84.83,84.83,84.83,2118,0
SDG.US,5,20260122,172000,85.09,85.09,85.09,85.09,573,0
SDG.US,5,20260122,173500,84.88,84.9745,84.88,84.9745,222,0
SDG.US,5,20260122,175000,84.9601,84.9601,84.9601,84.9601,277,0
SDG.US,5,20260122,190000,84.85,84.8501,84.85,84.8501,700,0
SDG.US,5,20260122,210500,84.68,84.68,84.68,84.68,565,0
SDG.US,5,20260122,212500,84.61,84.691,84.61,84.691,258,0
SDG.US,5,20260123,154000,84.53,84.53,84.53,84.53,310,0
SDG.US,5,20260123,161500,84.57,84.57,84.57,84.57,112,0
SDG.US,5,20260123,183000,84.81,84.81,84.81,84.81,130,0
SDG.US,5,20260123,203500,84.8601,84.8601,84.86,84.86,400,0
SDG.US,5,20260123,204500,84.85,84.85,84.85,84.85,100,0
SDG.US,5,20260123,205000,84.85,84.85,84.85,84.85,175,0
