<TICKER>,<PER>,<DATE>,<TIME>,<OPEN>,<HIGH>,<LOW>,<CLOSE>,<VOL>,<OPENINT>
WTFCN.US,D,20250523,000000,25.5,25.5,25.35,25.4,617579,0
WTFCN.US,D,20250527,000000,25.55,25.55,25.45,25.47,352378,0
WTFCN.US,D,20250528,000000,25.48,25.525,25.41,25.47,316694,0
WTFCN.US,D,20250529,000000,25.54,25.6192,25.48,25.49,194754,0
WTFCN.US,D,20250530,000000,25.5,25.62,25.46,25.55,2814075,0
WTFCN.US,D,20250602,000000,25.45,25.541,25.37,25.45,108422,0
WTFCN.US,D,20250603,000000,25.45,25.54,25.45,25.52,129449,0
WTFCN.US,D,20250604,000000,25.5572,25.625,25.51,25.6,207897,0
WTFCN.US,D,20250605,000000,25.65,25.65,25.59,25.61,47812,0
WTFCN.US,D,20250606,000000,25.6411,25.69,25.53,25.58,72571,0
WTFCN.US,D,20250609,000000,25.58,25.58,25.5,25.55,160311,0
WTFCN.US,D,20250610,000000,25.575,25.69,25.5675,25.605,104733,0
WTFCN.US,D,20250611,000000,25.6,25.68,25.52,25.53,70758,0
WTFCN.US,D,20250612,000000,25.54,25.59,25.35,25.41,138911,0
WTFCN.US,D,20250613,000000,25.4,25.4799,25.35,25.42,55207,0
WTFCN.US,D,20250616,000000,25.52,25.58,25.35,25.55,86853,0
WTFCN.US,D,20250617,000000,25.59,25.61,25.53,25.5499,83954,0
WTFCN.US,D,20250618,000000,25.66,25.69,25.56,25.6,89295,0
WTFCN.US,D,20250620,000000,25.69,25.79,25.66,25.78,33017,0
WTFCN.US,D,20250623,000000,25.74,25.98,25.705,25.87,73814,0
WTFCN.US,D,20250624,000000,25.8841,26.09,25.83,25.87,58708,0
WTFCN.US,D,20250625,000000,25.95,26.03,25.86,25.86,65283,0
WTFCN.US,D,20250626,000000,25.83,26.0081,25.83,25.935,22471,0
WTFCN.US,D,20250627,000000,25.96,26.03,25.85,25.85,55770,0
WTFCN.US,D,20250630,000000,25.87,25.98,25.55,25.6,246829,0
WTFCN.US,D,20250701,000000,25.67,25.82,25.65,25.76,39972,0
WTFCN.US,D,20250702,000000,25.88,25.98,25.78,25.84,45824,0
WTFCN.US,D,20250703,000000,25.9796,25.99,25.85,25.85,27338,0
WTFCN.US,D,20250707,000000,25.98,25.99,25.78,25.83,30314,0
WTFCN.US,D,20250708,000000,25.88,25.91,25.81,25.87,54977,0
WTFCN.US,D,20250709,000000,25.81,25.96,25.81,25.89,53654,0
WTFCN.US,D,20250710,000000,25.928,25.99,25.88,25.93,68752,0
WTFCN.US,D,20250711,000000,25.95,26.06,25.9,26.01,51373,0
WTFCN.US,D,20250714,000000,26.03,26.17,26.01,26.12,95989,0
WTFCN.US,D,20250715,000000,26.1899,26.25,26.1,26.17,131242,0
WTFCN.US,D,20250716,000000,26.19,26.46,26.19,26.32,459392,0
WTFCN.US,D,20250717,000000,26.396,26.52,26.3885,26.49,67792,0
WTFCN.US,D,20250718,000000,26.49,26.5,26.07,26.1,96035,0
WTFCN.US,D,20250721,000000,26.11,26.375,26.1,26.21,64935,0
WTFCN.US,D,20250722,000000,26.2,26.37,26.05,26.26,48881,0
WTFCN.US,D,20250723,000000,26.26,26.37,26.26,26.26,43776,0
WTFCN.US,D,20250724,000000,26.2751,26.2751,26.12,26.165,41782,0
WTFCN.US,D,20250725,000000,26.15,26.4,26.15,26.34,29340,0
WTFCN.US,D,20250728,000000,26.365,26.4,26.26,26.305,29670,0
WTFCN.US,D,20250729,000000,26.308,26.36,26.29,26.32,17754,0
WTFCN.US,D,20250730,000000,26.325,26.39,26.27,26.31,30571,0
WTFCN.US,D,20250731,000000,26.33,26.36,26.14,26.2,110632,0
WTFCN.US,D,20250801,000000,26.22,26.2699,26.17,26.22,25665,0
WTFCN.US,D,20250804,000000,26.31,26.31,26.21,26.24,30170,0
WTFCN.US,D,20250805,000000,26.27,26.3399,26.13,26.14,48074,0
WTFCN.US,D,20250806,000000,26.17,26.2199,26.12,26.13,19722,0
WTFCN.US,D,20250807,000000,26.2,26.3,26.14,26.17,35338,0
WTFCN.US,D,20250808,000000,26.2,26.28,26.1835,26.27,17680,0
WTFCN.US,D,20250811,000000,26.26,26.39,26.24,26.25,45841,0
WTFCN.US,D,20250812,000000,26.295,26.42,26.295,26.37,15066,0
WTFCN.US,D,20250813,000000,26.36,26.48,26.36,26.45,20522,0
WTFCN.US,D,20250814,000000,26.49,26.49,26.43,26.48,18449,0
WTFCN.US,D,20250815,000000,26.4801,26.57,26.4801,26.56,21057,0
WTFCN.US,D,20250818,000000,26.48,26.6,26.48,26.59,18882,0
WTFCN.US,D,20250819,000000,26.59,26.67,26.555,26.59,19748,0
WTFCN.US,D,20250820,000000,26.63,26.68,26.49,26.61,19098,0
WTFCN.US,D,20250821,000000,26.46,26.6799,26.45,26.45,38417,0
WTFCN.US,D,20250822,000000,26.62,26.69,26.5,26.59,19475,0
WTFCN.US,D,20250825,000000,26.5796,26.64,26.4801,26.61,24072,0
WTFCN.US,D,20250826,000000,26.59,26.63,26.55,26.6,16577,0
WTFCN.US,D,20250827,000000,26.56,26.6299,26.4,26.6,30606,0
WTFCN.US,D,20250828,000000,26.61,26.65,26.5,26.5,14889,0
WTFCN.US,D,20250829,000000,26.55,26.64,26.38,26.41,80898,0
WTFCN.US,D,20250902,000000,26.34,26.64,26.34,26.57,51186,0
WTFCN.US,D,20250903,000000,26.5599,26.68,26.5599,26.63,19582,0
WTFCN.US,D,20250904,000000,26.63,26.75,26.63,26.72,30450,0
WTFCN.US,D,20250905,000000,26.74,26.7525,26.54,26.74,36215,0
WTFCN.US,D,20250908,000000,26.75,27.05,26.75,27.04,19702,0
WTFCN.US,D,20250909,000000,27.025,27.13,26.9544,27.05,40580,0
WTFCN.US,D,20250910,000000,27,27.115,26.925,27.05,24172,0
WTFCN.US,D,20250911,000000,27.135,27.135,26.9212,27.01,35137,0
WTFCN.US,D,20250912,000000,27.13,27.14,27.01,27.04,18342,0
WTFCN.US,D,20250915,000000,27.03,27.05,26.9172,27.03,17774,0
WTFCN.US,D,20250916,000000,27.06,27.195,27,27.07,68827,0
WTFCN.US,D,20250917,000000,27.1,27.1,26.9405,27.03,32934,0
WTFCN.US,D,20250918,000000,27.08,27.08,26.93,27,19017,0
WTFCN.US,D,20250919,000000,27.089,27.135,27.01,27.03,25876,0
WTFCN.US,D,20250922,000000,27.04,27.14,27.04,27.12,45713,0
WTFCN.US,D,20250923,000000,27.21,27.27,27.12,27.24,42958,0
WTFCN.US,D,20250924,000000,27.115,27.2,27.1132,27.12,29552,0
WTFCN.US,D,20250925,000000,27.15,27.1999,27,27.03,37890,0
WTFCN.US,D,20250926,000000,27.03,27.1,27.02,27.04,40689,0
WTFCN.US,D,20250929,000000,27.03,27.31,27.03,27.23,68362,0
WTFCN.US,D,20250930,000000,27.18,27.3,27.09,27.16,928110,0
WTFCN.US,D,20251001,000000,26.43,26.47,26.21,26.43,64179,0
WTFCN.US,D,20251002,000000,26.38,26.48,26.38,26.405,30368,0
WTFCN.US,D,20251003,000000,26.47,26.48,26.4,26.43,27633,0
WTFCN.US,D,20251006,000000,26.43,26.45,26.4045,26.415,36770,0
WTFCN.US,D,20251007,000000,26.405,26.48,26.3201,26.43,44884,0
WTFCN.US,D,20251008,000000,26.5499,26.55,26.394,26.46,25097,0
WTFCN.US,D,20251009,000000,26.55,26.55,26.43,26.44,39970,0
WTFCN.US,D,20251010,000000,26.55,26.55,26.32,26.38,12666,0
WTFCN.US,D,20251013,000000,26.43,26.4799,26.33,26.33,10276,0
WTFCN.US,D,20251014,000000,26.38,26.4381,26.26,26.3716,53499,0
WTFCN.US,D,20251015,000000,26.44,26.45,26.375,26.43,47444,0
WTFCN.US,D,20251016,000000,26.4,26.5,26.25,26.3103,27255,0
WTFCN.US,D,20251017,000000,26.32,26.39,26.25,26.25,22870,0
WTFCN.US,D,20251020,000000,26.34,26.35,26.25,26.26,91518,0
WTFCN.US,D,20251021,000000,26.28,26.3165,26.21,26.2525,39057,0
WTFCN.US,D,20251022,000000,26.3,26.3,26.16,26.2244,24995,0
WTFCN.US,D,20251023,000000,26.26,26.3,26.1901,26.2316,23135,0
WTFCN.US,D,20251024,000000,26.3,26.35,26.17,26.21,41748,0
WTFCN.US,D,20251027,000000,26.29,26.29,26.2,26.24,38060,0
WTFCN.US,D,20251028,000000,26.25,26.3,26.21,26.25,13344,0
WTFCN.US,D,20251029,000000,26.31,26.31,26.23,26.275,18987,0
WTFCN.US,D,20251030,000000,26.33,26.33,26.22,26.25,33299,0
WTFCN.US,D,20251031,000000,26.33,26.36,26.23,26.25,82694,0
WTFCN.US,D,20251103,000000,26.32,26.32,26.22,26.23,11317,0
WTFCN.US,D,20251104,000000,26.29,26.29,26.161,26.23,14891,0
WTFCN.US,D,20251105,000000,26.25,26.35,26.25,26.27,8118,0
WTFCN.US,D,20251106,000000,26.27,26.3485,26.25,26.29,11762,0
WTFCN.US,D,20251107,000000,26.26,26.35,26.25,26.25,8115,0
WTFCN.US,D,20251110,000000,26.29,26.3,26.22,26.26,20234,0
WTFCN.US,D,20251111,000000,26.18,26.3,26.16,26.23,22291,0
WTFCN.US,D,20251112,000000,26.28,26.325,26.23,26.31,27187,0
WTFCN.US,D,20251113,000000,26.36,26.36,26.21,26.21,10586,0
WTFCN.US,D,20251114,000000,26.28,26.3,26.2,26.21,10921,0
WTFCN.US,D,20251117,000000,26.295,26.336,26.21,26.21,15329,0
WTFCN.US,D,20251118,000000,26.23,26.27,26.2001,26.26,38796,0
WTFCN.US,D,20251119,000000,26.26,26.27,26.23,26.25,24797,0
WTFCN.US,D,20251120,000000,26.22,26.3,26.21,26.21,14736,0
WTFCN.US,D,20251121,000000,26.16,26.354,26.16,26.26,15579,0
WTFCN.US,D,20251124,000000,26.28,26.345,26.26,26.305,10573,0
WTFCN.US,D,20251125,000000,26.34,26.34,26.2,26.22,22616,0
WTFCN.US,D,20251126,000000,26.35,26.38,26.25,26.29,17309,0
WTFCN.US,D,20251128,000000,26.2757,26.33,26.26,26.26,12652,0
WTFCN.US,D,20251201,000000,26.3799,26.38,26.3522,26.37,16446,0
WTFCN.US,D,20251202,000000,26.35,26.355,26.3001,26.34,19328,0
WTFCN.US,D,20251203,000000,26.35,26.37,26.26,26.27,18623,0
WTFCN.US,D,20251204,000000,26.35,26.35,26.29,26.3,12501,0
WTFCN.US,D,20251205,000000,26.35,26.37,26.29,26.37,15262,0
WTFCN.US,D,20251208,000000,26.335,26.38,26.3,26.3,6510,0
WTFCN.US,D,20251209,000000,26.38,26.38,26.3001,26.35,18914,0
WTFCN.US,D,20251210,000000,26.3692,26.45,26.31,26.42,13373,0
WTFCN.US,D,20251211,000000,26.48,26.49,26.36,26.48,9132,0
WTFCN.US,D,20251212,000000,26.3,26.4614,26.3,26.4614,6554,0
WTFCN.US,D,20251215,000000,26.53,26.58,26.47,26.53,18998,0
WTFCN.US,D,20251216,000000,26.57,26.5799,26.48,26.52,9871,0
WTFCN.US,D,20251217,000000,26.52,26.56,26.46,26.5,419035,0
WTFCN.US,D,20251218,000000,26.46,26.52,26.4,26.52,39993,0
WTFCN.US,D,20251219,000000,26.58,26.58,26.4771,26.5,11012,0
WTFCN.US,D,20251222,000000,26.4828,26.58,26.47,26.519,31203,0
WTFCN.US,D,20251223,000000,26.51,26.55,26.47,26.48,9601,0
WTFCN.US,D,20251224,000000,26.485,26.52,26.43,26.5,9898,0
WTFCN.US,D,20251226,000000,26.485,26.5499,26.42,26.44,5666,0
WTFCN.US,D,20251229,000000,26.5,26.5,26.34,26.45,6748,0
WTFCN.US,D,20251230,000000,26.45,26.53,26.44,26.45,23731,0
WTFCN.US,D,20251231,000000,26.05,26.1768,25.89,25.89,110772,0
WTFCN.US,D,20260102,000000,26.04,26.155,25.9,26.14,24663,0
WTFCN.US,D,20260105,000000,26.15,26.3663,26.15,26.34,24946,0
WTFCN.US,D,20260106,000000,26.325,26.44,26.31,26.43,22047,0
WTFCN.US,D,20260107,000000,26.46,26.46,26.353,26.45,10866,0
WTFCN.US,D,20260108,000000,26.3512,26.45,26.35,26.35,7496,0
WTFCN.US,D,20260109,000000,26.4199,26.42,26.31,26.34,16234,0
WTFCN.US,D,20260112,000000,26.31,26.375,26.31,26.35,9211,0
WTFCN.US,D,20260113,000000,26.32,26.4299,26.24,26.26,32305,0
WTFCN.US,D,20260114,000000,26.4,26.4099,26.26,26.26,26297,0
WTFCN.US,D,20260115,000000,26.34,26.385,26.29,26.3,33949,0
WTFCN.US,D,20260116,000000,26.296,26.3499,26.26,26.26,16512,0
WTFCN.US,D,20260120,000000,26.25,26.285,26.2,26.24,21172,0
WTFCN.US,D,20260121,000000,26.3,26.56,26.3,26.53,13940,0
WTFCN.US,D,20260122,000000,26.53,26.59,26.435,26.565,17194,0
WTFCN.US,D,20260123,000000,26.47,26.58,26.31,26.37,29653,0
