<TICKER>,<PER>,<DATE>,<TIME>,<OPEN>,<HIGH>,<LOW>,<CLOSE>,<VOL>,<OPENINT>
ZGM.US,D,20250909,000000,4.35,4.51,3.05,3.69,2560522,0
ZGM.US,D,20250910,000000,3.94,4.15,3.7,3.8,533744,0
ZGM.US,D,20250911,000000,3.8,4.37,2,2.77,1601113,0
ZGM.US,D,20250912,000000,3.02,4.28,2.6,4.09,1485549,0
ZGM.US,D,20250915,000000,3.82,4.1,3.5301,3.76,479140,0
ZGM.US,D,20250916,000000,3.25,3.7,3.25,3.6,127501,0
ZGM.US,D,20250917,000000,3.6037,3.6037,3.3807,3.52,50099,0
ZGM.US,D,20250918,000000,3.57,3.74,3.52,3.58,23572,0
ZGM.US,D,20250919,000000,3.59,3.6201,3.22,3.3,37694,0
ZGM.US,D,20250922,000000,3.3575,3.99,3.3575,3.95,179994,0
ZGM.US,D,20250923,000000,3.98,4.09,3.81,3.81,104028,0
ZGM.US,D,20250924,000000,3.81,3.81,3.55,3.7275,2921,0
ZGM.US,D,20250925,000000,3.7998,3.9,3.7,3.8114,8153,0
ZGM.US,D,20250926,000000,3.7736,3.9,3.66,3.76,30993,0
ZGM.US,D,20250929,000000,3.73,3.73,3.35,3.35,31519,0
ZGM.US,D,20250930,000000,3.3727,3.49,3.3624,3.4,23147,0
ZGM.US,D,20251001,000000,3.4519,3.77,3.075,3.64,155176,0
ZGM.US,D,20251002,000000,3.6,4.44,3.53,4.17,602535,0
ZGM.US,D,20251003,000000,4.14,4.25,3.82,4.14,36827,0
ZGM.US,D,20251006,000000,3.8,4.19,3.8,4.05,14812,0
ZGM.US,D,20251007,000000,3.85,4.1273,3.8,4,46637,0
ZGM.US,D,20251008,000000,4.005,4.1,3.94,3.9476,64952,0
ZGM.US,D,20251009,000000,4.05,4.05,3.7133,3.72,12890,0
ZGM.US,D,20251010,000000,3.5,3.5,3.05,3.2,44605,0
ZGM.US,D,20251013,000000,3.2484,3.43,2.82,3.24,112068,0
ZGM.US,D,20251014,000000,3,3.15,3,3,267560,0
ZGM.US,D,20251015,000000,3.76,3.8,3.37,3.47,1599741,0
ZGM.US,D,20251016,000000,3.4,3.51,3.2223,3.5,143339,0
ZGM.US,D,20251017,000000,3.06,3.26,3.0521,3.07,42860,0
ZGM.US,D,20251020,000000,2.95,3.0473,2.81,2.8996,21948,0
ZGM.US,D,20251021,000000,2.9,3.02,2.752,2.98,203967,0
ZGM.US,D,20251022,000000,2.86,3,2.85,2.9005,76590,0
ZGM.US,D,20251023,000000,2.86,2.99,2.85,2.85,14585,0
ZGM.US,D,20251024,000000,2.93,3.0207,2.8001,2.92,94748,0
ZGM.US,D,20251027,000000,2.96,3.2613,2.95,3.23,226067,0
ZGM.US,D,20251028,000000,3.1512,3.27,2.95,3.27,20535,0
ZGM.US,D,20251029,000000,3.12,3.12,2.92,2.92,113917,0
ZGM.US,D,20251030,000000,3.12,3.12,2.912,3,83311,0
ZGM.US,D,20251031,000000,3,3,2.8501,2.93,18076,0
ZGM.US,D,20251103,000000,2.81,2.9,2.79,2.825,4899,0
ZGM.US,D,20251104,000000,2.96,3.08,2.68,2.82,171444,0
ZGM.US,D,20251105,000000,2.66,2.815,2.33,2.49,92732,0
ZGM.US,D,20251106,000000,2.51,2.61,1.9002,2.48,20767,0
ZGM.US,D,20251107,000000,2.36,2.47,2.36,2.47,11180,0
ZGM.US,D,20251110,000000,2.42,2.5,2.2801,2.35,10561,0
ZGM.US,D,20251111,000000,2.3,2.31,2.071,2.19,13256,0
ZGM.US,D,20251112,000000,2.34,2.6,2.2835,2.54,31731,0
ZGM.US,D,20251113,000000,2.53,2.81,2.29,2.76,24856,0
ZGM.US,D,20251114,000000,2.7,2.75,2.375,2.5501,286356,0
ZGM.US,D,20251117,000000,2.43,2.47,2.03,2.03,31354,0
ZGM.US,D,20251118,000000,2.03,2.2829,2.03,2.1401,8805,0
ZGM.US,D,20251119,000000,2.09,2.33,2,2.16,14717,0
ZGM.US,D,20251120,000000,2.2,2.24,2.04,2.04,10233,0
ZGM.US,D,20251121,000000,2.16,2.27,2.075,2.13,32880,0
ZGM.US,D,20251124,000000,2.07,2.69,2.01,2.54,84481,0
ZGM.US,D,20251125,000000,2.6,2.6,2.41,2.41,21772,0
ZGM.US,D,20251126,000000,2.55,2.71,2.02,2.29,16923,0
ZGM.US,D,20251128,000000,2.64,2.85,2.49,2.5,27610,0
ZGM.US,D,20251201,000000,2.55,2.86,2.46,2.85,31354,0
ZGM.US,D,20251202,000000,2.675,2.85,2.5,2.83,10420,0
ZGM.US,D,20251203,000000,2.9,3.35,2.83,3.15,36198,0
ZGM.US,D,20251204,000000,3.1236,3.1236,2.93,2.9706,9413,0
ZGM.US,D,20251205,000000,3.01,3.0245,2.75,2.801,106087,0
ZGM.US,D,20251208,000000,2.6101,2.98,2.6101,2.855,9294,0
ZGM.US,D,20251209,000000,2.5,2.88,2.5,2.7001,8332,0
ZGM.US,D,20251210,000000,2.73,2.8238,2.63,2.72,7297,0
ZGM.US,D,20251211,000000,2.6325,2.91,2.6325,2.74,5311,0
ZGM.US,D,20251212,000000,2.69,2.84,2.48,2.53,5625,0
ZGM.US,D,20251215,000000,2.98,3,2.2,2.49,209037,0
ZGM.US,D,20251216,000000,2.21,2.55,2.21,2.39,14184,0
ZGM.US,D,20251217,000000,2.4001,2.685,2.34,2.35,5621,0
ZGM.US,D,20251218,000000,2.31,2.7,2,2.46,16564,0
ZGM.US,D,20251219,000000,2.49,2.49,2.49,2.49,6106,0
ZGM.US,D,20251222,000000,2.45,2.58,2.35,2.4,5281,0
ZGM.US,D,20251223,000000,2.3,2.45,2.17,2.439,6276,0
ZGM.US,D,20251224,000000,2.39,2.39,2.22,2.22,7146,0
ZGM.US,D,20251226,000000,2.32,2.55,2.13,2.315,9861,0
ZGM.US,D,20251229,000000,2.19,2.311,2.12,2.15,13587,0
ZGM.US,D,20251230,000000,2.06,2.14,2.06,2.08,7945,0
ZGM.US,D,20251231,000000,2.06,2.27,2.06,2.17,19093,0
ZGM.US,D,20260102,000000,2.03,2.28,2.02,2.03,7316,0
ZGM.US,D,20260105,000000,2.21,2.3,2.06,2.06,6678,0
ZGM.US,D,20260106,000000,2.02,2.2,1.98,2.06,27418,0
ZGM.US,D,20260107,000000,2.15,2.35,2.09,2.35,26147,0
ZGM.US,D,20260108,000000,2.35,2.35,2.1205,2.1205,2564,0
ZGM.US,D,20260109,000000,2.09,2.75,2.09,2.54,14849,0
ZGM.US,D,20260112,000000,2.59,2.59,2.36,2.45,13110,0
ZGM.US,D,20260113,000000,2.62,2.7,2.45,2.6,35352,0
ZGM.US,D,20260114,000000,2.6,2.6,2.5,2.59,4379,0
ZGM.US,D,20260115,000000,2.61,2.9,2.61,2.78,69844,0
ZGM.US,D,20260116,000000,2.81,2.81,2.6301,2.66,3711,0
ZGM.US,D,20260120,000000,3,3,2.66,2.71,5505,0
ZGM.US,D,20260121,000000,2.43,2.45,2.43,2.45,2446,0
ZGM.US,D,20260122,000000,2.76,2.76,2.48,2.64,41590,0
ZGM.US,D,20260123,000000,2.6401,2.725,2.52,2.725,3716,0
