<TICKER>,<PER>,<DATE>,<TIME>,<OPEN>,<HIGH>,<LOW>,<CLOSE>,<VOL>,<OPENINT>
AUGU.US,D,20240802,000000,24.3732,24.53,24.3732,24.53,4215,0
AUGU.US,D,20240805,000000,24.05,24.13,23.99,23.99,16437,0
AUGU.US,D,20240806,000000,24.2999,24.35,24.1667,24.1667,11605,0
AUGU.US,D,20240807,000000,24.41,24.43,24.04,24.04,8557,0
AUGU.US,D,20240808,000000,24.35,24.39,24.35,24.3662,2410,0
AUGU.US,D,20240809,000000,24.41,24.4524,24.38,24.4477,93711,0
AUGU.US,D,20240812,000000,24.46,24.48,24.4186,24.4388,2377,0
AUGU.US,D,20240813,000000,24.66,24.75,24.66,24.75,833,0
AUGU.US,D,20240814,000000,24.7461,24.89,24.744,24.7961,18053,0
AUGU.US,D,20240815,000000,24.92,25.08,24.92,25.0333,12549,0
AUGU.US,D,20240816,000000,25.04,25.12,25.04,25.0855,26767,0
AUGU.US,D,20240819,000000,25.15,25.3299,25.15,25.2477,24611,0
AUGU.US,D,20240820,000000,25.28,25.32,25.205,25.2352,75938,0
AUGU.US,D,20240821,000000,25.3,25.4,25.26,25.3157,9713,0
AUGU.US,D,20240822,000000,25.41,25.41,25.128,25.128,24011,0
AUGU.US,D,20240823,000000,25.33,25.3531,25.25,25.3531,10065,0
AUGU.US,D,20240826,000000,25.31,25.32,25.2823,25.32,5621,0
AUGU.US,D,20240827,000000,25.3293,25.35,25.3189,25.3189,66070,0
AUGU.US,D,20240828,000000,25.31,25.3294,25.15,25.27,39076,0
AUGU.US,D,20240829,000000,25.38,25.38,25.21,25.24,2367,0
AUGU.US,D,20240830,000000,25.35,25.4076,25.3,25.4076,7206,0
AUGU.US,D,20240903,000000,25.34,25.34,25.013,25.013,4037,0
AUGU.US,D,20240904,000000,25.05,25.0799,24.98,25.0294,6220,0
AUGU.US,D,20240905,000000,24.94,24.98,24.94,24.9565,3844,0
AUGU.US,D,20240906,000000,24.9799,24.9799,24.696,24.696,1198,0
AUGU.US,D,20240909,000000,24.8,24.91,24.8,24.91,11933,0
AUGU.US,D,20240910,000000,24.94,24.98,24.8199,24.9558,2238,0
AUGU.US,D,20240911,000000,24.85,25.1297,24.66,25.1297,6561,0
AUGU.US,D,20240912,000000,25.2566,25.2566,25.2566,25.2566,90,0
AUGU.US,D,20240913,000000,25.4199,25.4199,25.3849,25.3849,2034,0
AUGU.US,D,20240916,000000,25.44,25.44,25.44,25.44,1011,0
AUGU.US,D,20240917,000000,25.3988,25.4002,25.3983,25.4002,473,0
AUGU.US,D,20240918,000000,25.4287,25.4287,25.3572,25.3572,785,0
AUGU.US,D,20240919,000000,25.67,25.78,25.67,25.69,6509,0
AUGU.US,D,20240920,000000,25.6096,25.6611,25.6096,25.6256,1716,0
AUGU.US,D,20240923,000000,25.71,25.79,25.7,25.79,1443,0
AUGU.US,D,20240924,000000,25.71,25.79,25.6944,25.713,3156,0
AUGU.US,D,20240925,000000,25.84,25.84,25.6953,25.6953,2894,0
AUGU.US,D,20240926,000000,25.735,25.81,25.735,25.7795,1733,0
AUGU.US,D,20240927,000000,25.87,25.8893,25.7501,25.7989,26028,0
AUGU.US,D,20240930,000000,25.72,25.8473,25.72,25.8473,101,0
AUGU.US,D,20241001,000000,25.6695,25.75,25.6695,25.7,5684,0
AUGU.US,D,20241002,000000,25.71,25.71,25.66,25.6922,2197,0
AUGU.US,D,20241003,000000,25.6,25.6431,25.58,25.6431,14612,0
AUGU.US,D,20241004,000000,25.72,25.817,25.71,25.817,6243,0
AUGU.US,D,20241007,000000,25.7765,25.7765,25.6218,25.6257,1008,0
AUGU.US,D,20241008,000000,25.8283,25.8283,25.8283,25.8283,2,0
AUGU.US,D,20241009,000000,25.83,25.9694,25.83,25.9694,616,0
AUGU.US,D,20241010,000000,25.88,25.94,25.86,25.9198,10100,0
AUGU.US,D,20241011,000000,26.0544,26.0544,26.0544,26.0544,27,0
AUGU.US,D,20241014,000000,26.17,26.2203,26.17,26.2203,1066,0
AUGU.US,D,20241015,000000,26.0538,26.0538,26.0538,26.0538,123,0
AUGU.US,D,20241016,000000,26.14,26.1549,26.14,26.1549,100,0
AUGU.US,D,20241017,000000,26.155,26.155,26.1451,26.1451,100,0
AUGU.US,D,20241018,000000,26.23,26.2599,26.2149,26.2149,1007,0
AUGU.US,D,20241021,000000,26.1571,26.1571,26.1571,26.1571,2,0
AUGU.US,D,20241022,000000,26.1409,26.1848,26.1409,26.1848,192,0
AUGU.US,D,20241023,000000,25.89,25.9648,25.89,25.9648,3229,0
AUGU.US,D,20241024,000000,26.0227,26.0227,26.0227,26.0227,2,0
AUGU.US,D,20241025,000000,26.0101,26.0101,26.0101,26.0101,28,0
AUGU.US,D,20241028,000000,26.0841,26.0841,26.0808,26.0808,463,0
AUGU.US,D,20241029,000000,26.3,26.3,26.12,26.12,536,0
AUGU.US,D,20241030,000000,26.0389,26.0389,26.0389,26.0389,60,0
AUGU.US,D,20241031,000000,25.6908,25.6908,25.6908,25.6908,2,0
AUGU.US,D,20241101,000000,25.79,25.79,25.79,25.79,2011,0
AUGU.US,D,20241104,000000,25.6699,25.6699,25.6699,25.6699,2,0
AUGU.US,D,20241105,000000,25.8151,25.91,25.8151,25.8889,4193,0
AUGU.US,D,20241106,000000,26.3,26.4279,26.3,26.4279,2383,0
AUGU.US,D,20241107,000000,26.575,26.64,26.5,26.586,20773,0
AUGU.US,D,20241108,000000,26.6845,26.6845,26.6845,26.6845,3,0
AUGU.US,D,20241111,000000,26.67,26.6911,26.67,26.6911,154,0
AUGU.US,D,20241113,000000,26.67,26.6856,26.6482,26.6482,3378,0
AUGU.US,D,20241115,000000,26.26,26.26,26.2493,26.2493,2334,0
AUGU.US,D,20241119,000000,26.38,26.38,26.3731,26.3731,455,0
AUGU.US,D,20241122,000000,26.5259,26.5765,26.5259,26.5765,219,0
AUGU.US,D,20241125,000000,26.62,26.6395,26.609,26.6395,784,0
AUGU.US,D,20241126,000000,26.76,26.765,26.738,26.765,960,0
AUGU.US,D,20241203,000000,26.8369,26.8715,26.8369,26.8715,232,0
AUGU.US,D,20241204,000000,26.96,27.03,26.96,27.0151,900,0
AUGU.US,D,20241205,000000,26.97,26.9709,26.9658,26.9709,804,0
AUGU.US,D,20241206,000000,27,27.0274,26.96,27.0274,603,0
AUGU.US,D,20241210,000000,26.96,26.96,26.8056,26.8056,1859,0
AUGU.US,D,20241216,000000,26.99,27.04,26.98,26.9944,537,0
AUGU.US,D,20241217,000000,26.89,26.9241,26.89,26.9241,800,0
AUGU.US,D,20241230,000000,26.36,26.36,26.325,26.325,250,0
AUGU.US,D,20250102,000000,26.18,26.18,26.09,26.1525,8542,0
AUGU.US,D,20250103,000000,26.45,26.46,26.4035,26.4035,1047,0
AUGU.US,D,20250106,000000,26.66,26.6698,26.49,26.518,2145,0
AUGU.US,D,20250107,000000,26.5718,26.5718,26.2948,26.2948,5761,0
AUGU.US,D,20250108,000000,26.32,26.32,26.3127,26.3127,5000,0
AUGU.US,D,20250115,000000,26.39,26.4414,26.39,26.4414,461,0
AUGU.US,D,20250116,000000,26.43,26.43,26.3971,26.3971,200,0
AUGU.US,D,20250117,000000,26.6629,26.6629,26.6178,26.6178,1210,0
AUGU.US,D,20250121,000000,26.65,26.7926,26.65,26.7926,146,0
AUGU.US,D,20250122,000000,26.92,26.9437,26.92,26.9437,2094,0
AUGU.US,D,20250123,000000,26.881,27.0357,26.881,27.0357,235,0
AUGU.US,D,20250124,000000,26.98,27.026,26.9401,26.9872,2729,0
AUGU.US,D,20250127,000000,26.5976,26.6475,26.59,26.6475,4018,0
AUGU.US,D,20250129,000000,26.8,26.805,26.6801,26.7611,641,0
AUGU.US,D,20250130,000000,26.79,26.8737,26.79,26.8737,148,0
AUGU.US,D,20250131,000000,27.011,27.02,26.7666,26.7666,403,0
AUGU.US,D,20250203,000000,26.35,26.6189,26.35,26.6189,100,0
AUGU.US,D,20250204,000000,26.69,26.7543,26.67,26.7543,270,0
AUGU.US,D,20250205,000000,26.71,26.826,26.68,26.826,980,0
AUGU.US,D,20250206,000000,26.85,26.8982,26.85,26.8982,156,0
AUGU.US,D,20250207,000000,26.83,26.83,26.67,26.6902,9951,0
AUGU.US,D,20250210,000000,26.81,26.845,26.81,26.8343,3655,0
AUGU.US,D,20250211,000000,26.78,26.841,26.78,26.841,497,0
AUGU.US,D,20250213,000000,26.825,27.0123,26.825,27.0123,374,0
AUGU.US,D,20250214,000000,27.03,27.0327,26.9801,27.024,17762,0
AUGU.US,D,20250218,000000,27,27.0412,27,27.0412,2415,0
AUGU.US,D,20250219,000000,27.11,27.12,27.11,27.114,5596,0
AUGU.US,D,20250221,000000,26.686,26.686,26.6489,26.6489,175,0
AUGU.US,D,20250227,000000,26.4,26.4,26.1294,26.1294,227941,0
AUGU.US,D,20250303,000000,26.27,26.27,26.077,26.077,621,0
AUGU.US,D,20250310,000000,25.41,25.42,25.3745,25.3745,700,0
AUGU.US,D,20250311,000000,25.341,25.35,25.2667,25.2667,570,0
AUGU.US,D,20250312,000000,25.27,25.3143,25.27,25.3143,490,0
AUGU.US,D,20250313,000000,25.15,25.1647,25.0944,25.0944,1720,0
AUGU.US,D,20250314,000000,25.369,25.4098,25.369,25.4098,112,0
AUGU.US,D,20250317,000000,25.45,25.5028,25.45,25.5028,2003,0
AUGU.US,D,20250320,000000,25.5311,25.5311,25.4419,25.4419,444,0
AUGU.US,D,20250324,000000,25.685,25.7385,25.685,25.7385,2354,0
AUGU.US,D,20250325,000000,25.78,25.78,25.69,25.7445,7366,0
AUGU.US,D,20250327,000000,25.55,25.55,25.5201,25.5201,268,0
AUGU.US,D,20250331,000000,25.16,25.2914,25.16,25.2914,2066,0
AUGU.US,D,20250401,000000,25.25,25.3372,25.2,25.3372,9843,0
AUGU.US,D,20250403,000000,24.9,24.9199,24.8061,24.8061,1360,0
AUGU.US,D,20250404,000000,24.4078,24.4078,24.0898,24.0898,1114,0
AUGU.US,D,20250407,000000,26.46,26.46,24.0512,24.0512,1322,0
AUGU.US,D,20250408,000000,24.13,24.13,23.8134,23.8134,995,0
AUGU.US,D,20250409,000000,24.48,24.9479,24.47,24.9479,881,0
AUGU.US,D,20250410,000000,24.36,24.4692,24.312,24.4692,956,0
AUGU.US,D,20250415,000000,24.8246,24.8246,24.8007,24.8007,650,0
AUGU.US,D,20250416,000000,24.67,24.68,24.5252,24.5252,237994,0
AUGU.US,D,20250417,000000,24.59,24.67,24.5592,24.5592,10101,0
AUGU.US,D,20250421,000000,24.28,24.3452,24.28,24.3452,332,0
AUGU.US,D,20250423,000000,24.8678,24.8678,24.8043,24.8252,6845,0
AUGU.US,D,20250424,000000,25.06,25.06,25.02,25.0381,495,0
AUGU.US,D,20250428,000000,25.05,25.133,25.05,25.133,142,0
AUGU.US,D,20250429,000000,25.23,25.24,25.1995,25.1995,21821,0
AUGU.US,D,20250430,000000,24.93,25.2525,24.93,25.2525,8764,0
AUGU.US,D,20250502,000000,25.51,25.6,25.5,25.5352,18573,0
AUGU.US,D,20250505,000000,25.5051,25.55,25.4302,25.4302,31281,0
AUGU.US,D,20250506,000000,25.39,25.39,25.3357,25.3357,191,0
AUGU.US,D,20250507,000000,25.35,25.3674,25.32,25.3674,4456,0
AUGU.US,D,20250508,000000,25.54,25.54,25.4677,25.4677,106,0
AUGU.US,D,20250509,000000,25.46,25.46,25.44,25.44,467,0
AUGU.US,D,20250515,000000,26.15,26.15,26.1419,26.1419,153,0
AUGU.US,D,20250516,000000,26.23,26.3015,26.23,26.3015,3606,0
AUGU.US,D,20250520,000000,26.17,26.2359,26.17,26.2359,100,0
AUGU.US,D,20250521,000000,26.23,26.25,25.9509,25.9509,1998,0
AUGU.US,D,20250522,000000,25.9,25.9298,25.9,25.9298,100,0
AUGU.US,D,20250529,000000,26.0601,26.11,26.0601,26.11,157,0
AUGU.US,D,20250603,000000,26.2886,26.3201,26.28,26.3201,2887,0
AUGU.US,D,20250604,000000,26.37,26.37,26.3123,26.3123,569,0
AUGU.US,D,20250624,000000,26.65,26.7156,26.65,26.7156,185,0
AUGU.US,D,20250626,000000,26.78,26.9139,26.78,26.9139,4876,0
AUGU.US,D,20250627,000000,27.03,27.0305,27.03,27.0305,5002,0
AUGU.US,D,20250708,000000,27.1976,27.26,27.1976,27.2346,4132,0
AUGU.US,D,20250709,000000,27.305,27.3905,27.28,27.3905,2701,0
AUGU.US,D,20250710,000000,27.52,27.53,27.4665,27.4665,3990,0
AUGU.US,D,20250715,000000,27.4199,27.4199,27.3226,27.3226,3888,0
AUGU.US,D,20250716,000000,27.2979,27.39,27.28,27.3899,9128,0
AUGU.US,D,20250717,000000,27.39,27.5516,27.39,27.5516,6242,0
AUGU.US,D,20250718,000000,27.52,27.5354,27.51,27.5354,697,0
AUGU.US,D,20250721,000000,27.689,27.689,27.5722,27.5722,1008,0
AUGU.US,D,20250723,000000,27.68,27.7948,27.68,27.7948,235,0
AUGU.US,D,20250728,000000,27.96,27.96,27.8967,27.9247,370,0
AUGU.US,D,20250730,000000,27.9,27.9,27.7949,27.7949,100,0
AUGU.US,D,20250731,000000,27.93,27.9699,27.6937,27.6937,22430,0
AUGU.US,D,20250801,000000,27.54,27.61,27.405,27.4619,40181,0
AUGU.US,D,20250804,000000,27.57,27.7109,27.57,27.7109,19704,0
AUGU.US,D,20250805,000000,27.7158,27.7158,27.62,27.626,9744,0
AUGU.US,D,20250806,000000,27.67,27.89,27.67,27.78,13870,0
AUGU.US,D,20250807,000000,27.81,27.82,27.65,27.7225,21797,0
AUGU.US,D,20250808,000000,27.89,27.95,27.87,27.9078,18367,0
AUGU.US,D,20250811,000000,27.93,28,27.8397,27.8397,33624,0
AUGU.US,D,20250812,000000,28,28.1,27.95,28.1,4018,0
AUGU.US,D,20250813,000000,28.15,28.1799,28.13,28.1574,5764,0
AUGU.US,D,20250814,000000,28.14,28.2,28.1,28.2,11521,0
AUGU.US,D,20250815,000000,28.12,28.25,28.111,28.111,13543,0
AUGU.US,D,20250818,000000,28.11,28.13,28.07,28.1189,1065,0
AUGU.US,D,20250819,000000,28.08,28.11,27.98,27.98,2523,0
AUGU.US,D,20250820,000000,27.8861,27.969,27.79,27.9295,208440,0
AUGU.US,D,20250821,000000,27.97,27.97,27.845,27.8509,10967,0
AUGU.US,D,20250822,000000,28.121,28.185,28.085,28.1567,2960,0
AUGU.US,D,20250825,000000,28.14,28.15,28.0889,28.0889,3743,0
AUGU.US,D,20250826,000000,28.05,28.162,28.05,28.1608,4459,0
AUGU.US,D,20250827,000000,28.22,28.2399,28.17,28.2232,10645,0
AUGU.US,D,20250828,000000,28.21,28.319,28.2,28.296,44661,0
AUGU.US,D,20250902,000000,28.03,28.04,27.89,28.04,15334,0
AUGU.US,D,20250903,000000,28.095,28.22,27.99,28.1002,19451,0
AUGU.US,D,20250904,000000,28.1855,28.2833,28.1855,28.2833,1204,0
AUGU.US,D,20250905,000000,28.161,28.2216,28.161,28.2216,320,0
AUGU.US,D,20250908,000000,28.17,28.2793,28.17,28.2793,1374,0
AUGU.US,D,20250910,000000,28.41,28.4799,28.34,28.38,2964,0
AUGU.US,D,20250911,000000,28.56,28.6293,28.56,28.6096,1391,0
AUGU.US,D,20250912,000000,28.35,28.64,28.35,28.6195,2685,0
AUGU.US,D,20250915,000000,28.681,28.73,28.681,28.7102,529,0
AUGU.US,D,20250916,000000,28.7399,28.75,28.7052,28.7052,1145,0
AUGU.US,D,20250917,000000,28.69,28.83,28.57,28.6562,7443,0
AUGU.US,D,20250918,000000,28.8,28.85,28.785,28.84,1528,0
AUGU.US,D,20250919,000000,28.86,28.9,28.86,28.9,756,0
AUGU.US,D,20250922,000000,28.94,29.02,28.94,29.02,1035,0
AUGU.US,D,20250923,000000,28.98,28.99,28.8897,28.8897,1851,0
AUGU.US,D,20250924,000000,28.9199,28.9199,28.8197,28.8197,920,0
AUGU.US,D,20250925,000000,28.63,28.6971,28.63,28.6971,2142,0
AUGU.US,D,20250929,000000,28.8729,28.92,28.83,28.8845,1974,0
AUGU.US,D,20250930,000000,28.8899,28.9894,28.85,28.9894,3740,0
AUGU.US,D,20251001,000000,28.99,29.0805,28.99,29.0805,1006,0
AUGU.US,D,20251002,000000,29.129,29.1399,29.07,29.0951,241267,0
AUGU.US,D,20251003,000000,29.19,29.24,29.12,29.14,5318,0
AUGU.US,D,20251007,000000,29.1,29.1,29.0943,29.0943,11897,0
AUGU.US,D,20251008,000000,29.16,29.2599,29.13,29.2311,189360,0
AUGU.US,D,20251009,000000,29.1015,29.1731,29.1015,29.1731,480,0
AUGU.US,D,20251014,000000,28.955,28.97,28.8502,28.8502,409,0
AUGU.US,D,20251015,000000,29.05,29.05,28.931,28.94,3523,0
AUGU.US,D,20251016,000000,28.9501,28.9501,28.8213,28.8213,1756,0
AUGU.US,D,20251021,000000,29.2027,29.2027,29.1782,29.1782,337,0
AUGU.US,D,20251024,000000,29.385,29.385,29.35,29.35,146,0
AUGU.US,D,20251027,000000,29.61,29.79,29.6,29.79,12146,0
AUGU.US,D,20251029,000000,29.76,29.8,29.69,29.69,2287,0
AUGU.US,D,20251031,000000,29.67,29.67,29.5826,29.5826,800,0
AUGU.US,D,20251103,000000,29.62,29.62,29.5921,29.5921,2108,0
AUGU.US,D,20251104,000000,29.43,29.43,29.3003,29.3003,244,0
AUGU.US,D,20251105,000000,29.51,29.51,29.3821,29.3821,337,0
AUGU.US,D,20251106,000000,29.23,29.23,29.111,29.111,269,0
AUGU.US,D,20251110,000000,29.3916,29.5048,29.3916,29.5048,321,0
AUGU.US,D,20251111,000000,29.49,29.555,29.49,29.5544,13640,0
AUGU.US,D,20251112,000000,29.56,29.5903,29.56,29.5903,139,0
AUGU.US,D,20251113,000000,29.44,29.44,29.1807,29.1807,410,0
AUGU.US,D,20251117,000000,28.92,28.9449,28.92,28.9449,1234,0
AUGU.US,D,20251118,000000,28.8485,28.9,28.799,28.799,2245,0
AUGU.US,D,20251119,000000,28.9,28.98,28.82,28.8572,5128,0
AUGU.US,D,20251120,000000,28.78,28.78,28.5268,28.5268,3070,0
AUGU.US,D,20251124,000000,28.95,29.0541,28.95,29.0541,299,0
AUGU.US,D,20251125,000000,29.06,29.2635,29.01,29.2635,4441,0
AUGU.US,D,20251126,000000,29.3,29.4225,29.3,29.4225,4967,0
AUGU.US,D,20251201,000000,29.369,29.47,29.369,29.3811,4440,0
AUGU.US,D,20251203,000000,29.53,29.55,29.53,29.55,2120,0
AUGU.US,D,20251204,000000,29.54,29.55,29.521,29.521,3891,0
AUGU.US,D,20251205,000000,29.57,29.64,29.57,29.583,4655,0
AUGU.US,D,20251208,000000,29.54,29.54,29.482,29.482,293,0
AUGU.US,D,20251210,000000,29.59,29.6569,29.59,29.6569,156,0
AUGU.US,D,20251212,000000,29.44,29.46,29.4121,29.4121,802,0
AUGU.US,D,20251215,000000,29.4,29.44,29.3802,29.3802,4477,0
AUGU.US,D,20251216,000000,29.29,29.3293,29.22,29.3293,626,0
AUGU.US,D,20251217,000000,29.25,29.25,29.051,29.051,200,0
AUGU.US,D,20251218,000000,29.26,29.26,29.18,29.2052,1266,0
AUGU.US,D,20251219,000000,29.4,29.4,29.3925,29.3925,185,0
AUGU.US,D,20251222,000000,29.54,29.56,29.51,29.5418,4600,0
AUGU.US,D,20251223,000000,29.51,29.6425,29.51,29.6425,600,0
AUGU.US,D,20251224,000000,29.71,29.7301,29.7,29.7301,1245,0
AUGU.US,D,20251226,000000,29.7,29.7225,29.69,29.7225,1018,0
AUGU.US,D,20251229,000000,29.62,29.657,29.62,29.657,819,0
AUGU.US,D,20251231,000000,29.59,29.59,29.47,29.47,588,0
AUGU.US,D,20260102,000000,29.5,29.52,29.4,29.4489,4261,0
AUGU.US,D,20260105,000000,29.66,29.66,29.6,29.638,1801,0
AUGU.US,D,20260106,000000,29.7,29.81,29.6,29.7972,5897,0
AUGU.US,D,20260107,000000,29.84,29.86,29.7267,29.7267,10407,0
AUGU.US,D,20260108,000000,29.7,29.75,29.7,29.7044,6639,0
AUGU.US,D,20260109,000000,29.79,29.92,29.79,29.8872,900,0
AUGU.US,D,20260112,000000,29.87,29.93,29.86,29.9159,693,0
AUGU.US,D,20260113,000000,29.88,29.88,29.78,29.8412,5763,0
AUGU.US,D,20260114,000000,29.7,29.7188,29.58,29.7188,2665,0
AUGU.US,D,20260115,000000,29.84,29.909,29.792,29.792,5229,0
AUGU.US,D,20260116,000000,29.83,29.83,29.78,29.7942,112934,0
AUGU.US,D,20260120,000000,29.3912,29.47,29.27,29.2711,1280,0
AUGU.US,D,20260121,000000,29.35,29.6,29.35,29.5366,3582,0
AUGU.US,D,20260122,000000,29.72,29.7424,29.5801,29.6563,2741,0
AUGU.US,D,20260123,000000,29.62,29.662,29.62,29.662,3170,0
