<TICKER>,<PER>,<DATE>,<TIME>,<OPEN>,<HIGH>,<LOW>,<CLOSE>,<VOL>,<OPENINT>
VHC.US,5,20250829,153000,13.69,13.69,13.69,13.69,111,0
VHC.US,5,20250902,160500,14.319,14.319,14.319,14.319,250,0
VHC.US,5,20250902,171000,14.5,14.5,14.5,14.5,200,0
VHC.US,5,20250902,180000,14.04,14.04,14.04,14.04,100,0
VHC.US,5,20250902,194500,14.0001,14.0001,14.0001,14.0001,250,0
VHC.US,5,20250902,215500,14.4,14.4,14,14,1925,0
VHC.US,5,20250903,163000,14.99,14.99,14.99,14.99,100,0
VHC.US,5,20250903,165000,14.55,14.55,14.55,14.55,100,0
VHC.US,5,20250903,171000,15.9096,15.9096,15.9096,15.9096,1878,0
VHC.US,5,20250903,205000,15.8,15.8,15.8,15.8,250,0
VHC.US,5,20250903,205500,15.025,15.025,15.025,15.025,100,0
VHC.US,5,20250903,214000,14.795,14.795,14.795,14.795,300,0
VHC.US,5,20250903,214500,14.96,14.98,14.96,14.98,200,0
VHC.US,5,20250903,215500,15.75,15.79,14.93,14.93,583,0
VHC.US,5,20250904,155000,14.3001,14.3001,14.3001,14.3001,100,0
VHC.US,5,20250904,161500,14.681,14.93,14.681,14.93,734,0
VHC.US,5,20250904,162000,14.4818,14.4818,14.4818,14.4818,100,0
VHC.US,5,20250904,164500,14.9299,14.93,14.9299,14.93,700,0
VHC.US,5,20250904,170000,15.19,15.25,15.19,15.25,735,0
VHC.US,5,20250904,172500,15.8,16,15.79,16,1202,0
VHC.US,5,20250904,174000,15.9,15.9,15.9,15.9,100,0
VHC.US,5,20250904,175000,16,16,16,16,242,0
VHC.US,5,20250904,175500,16.13,17,16.13,17,3094,0
VHC.US,5,20250904,181000,16.98,17,16.944945,16.944945,450,0
VHC.US,5,20250904,181500,16.695,16.695,16.695,16.695,250,0
VHC.US,5,20250904,182500,17.15,17.41,17.085,17.085,898,0
VHC.US,5,20250904,184500,17.13,17.13,17.13,17.13,100,0
VHC.US,5,20250904,185000,17,17,17,17,269,0
VHC.US,5,20250904,185500,17.1402,17.1402,17.1402,17.1402,555,0
VHC.US,5,20250904,190000,17.999,18,17.999,18,343,0
VHC.US,5,20250904,190500,18.24,18.24,18.24,18.24,100,0
VHC.US,5,20250904,191500,18.29,18.29,17.645,17.645,200,0
VHC.US,5,20250904,192500,17.9434,17.9434,17.9434,17.9434,275,0
VHC.US,5,20250904,193000,17.475,17.65,17.3,17.3,1700,0
VHC.US,5,20250904,193500,18,18,17.409,17.409,700,0
VHC.US,5,20250904,194000,17.685,18,17.685,18,324,0
VHC.US,5,20250904,194500,18,18.29,18,18.2055,2570,0
VHC.US,5,20250904,202000,18.77,18.77,18.77,18.77,200,0
VHC.US,5,20250904,202500,18.92,20,18.5474,20,1028,0
VHC.US,5,20250904,203000,20,20,19.5884,19.5884,689,0
VHC.US,5,20250904,203500,19.9999,20,19.9999,20,862,0
VHC.US,5,20250904,204000,19.485,19.49,19.485,19.49,200,0
VHC.US,5,20250904,204500,19.6138,19.6138,19.6138,19.6138,154,0
VHC.US,5,20250904,205000,19.51,19.51,19.51,19.51,1000,0
VHC.US,5,20250904,205500,19.5,19.5,19.5,19.5,277,0
VHC.US,5,20250904,210000,19.542,19.75,19.542,19.75,200,0
VHC.US,5,20250904,210500,19.75,19.75,19.75,19.75,100,0
VHC.US,5,20250904,211500,19.5305,19.9,19.5305,19.9,266,0
VHC.US,5,20250904,212500,20,20,20,20,100,0
VHC.US,5,20250904,213000,19.5593,20,19.5593,19.9999,2300,0
VHC.US,5,20250904,213500,20,20,19.5101,19.5101,2130,0
VHC.US,5,20250904,214000,19.55,19.76,19.55,19.76,300,0
VHC.US,5,20250904,214500,19.9531,19.9531,19.9531,19.9531,1000,0
VHC.US,5,20250904,215000,19.52,19.52,19.501,19.501,382,0
VHC.US,5,20250904,215500,19.5,19.5,19.5,19.5,300,0
VHC.US,5,20250905,153000,19.42,19.42,19.42,19.42,500,0
VHC.US,5,20250905,153500,19.5,19.7,19.5,19.7,369,0
VHC.US,5,20250905,154000,19.41,19.41,19.41,19.41,1015,0
VHC.US,5,20250905,155000,19.276,19.276,19.276,19.276,150,0
VHC.US,5,20250905,155500,19.65,19.65,19.65,19.65,240,0
VHC.US,5,20250905,160500,20,20.105,20,20.105,657,0
VHC.US,5,20250905,162000,19.191,19.191,19.191,19.191,250,0
VHC.US,5,20250905,162500,19.475,19.475,18.51,18.51,600,0
VHC.US,5,20250905,163000,18.1057,18.1057,18.1057,18.1057,100,0
VHC.US,5,20250905,164000,18.1142,18.1142,18.1142,18.1142,275,0
VHC.US,5,20250905,164500,18.2,18.2,18.2,18.2,100,0
VHC.US,5,20250905,165000,18.09,18.09,18.09,18.09,100,0
VHC.US,5,20250905,165500,18.94,18.94,18.94,18.94,100,0
VHC.US,5,20250905,185000,17.6308,17.6308,17.6308,17.6308,300,0
VHC.US,5,20250905,190500,18.255,18.255,18.255,18.255,1000,0
VHC.US,5,20250905,193500,18.5,18.5,18.5,18.5,500,0
VHC.US,5,20250905,194000,18.26,18.3211,18.26,18.26,3259,0
VHC.US,5,20250905,194500,18.2993,18.2993,18.2993,18.2993,2300,0
VHC.US,5,20250905,195000,18.26,18.26,18.26,18.26,2455,0
VHC.US,5,20250905,195500,18.3122,18.38,18.28,18.38,2700,0
VHC.US,5,20250905,200000,18.27,18.2844,18.05,18.05,5306,0
VHC.US,5,20250905,200500,18.26,18.5,18.26,18.2601,1840,0
VHC.US,5,20250905,201500,18.5,18.5,18.5,18.5,1890,0
VHC.US,5,20250905,202000,18.4083,18.4083,18.4083,18.4083,100,0
VHC.US,5,20250905,205500,18.3,18.49,18.3,18.49,200,0
VHC.US,5,20250905,212500,18.4,18.4,18.4,18.4,110,0
VHC.US,5,20250905,213000,18.39,18.4,18.39,18.4,597,0
VHC.US,5,20250905,213500,18.5,18.5,18.5,18.5,3605,0
VHC.US,5,20250905,214500,18.5,18.5,18.5,18.5,3655,0
VHC.US,5,20250905,215500,18.39,18.39,18.39,18.39,221,0
VHC.US,5,20250908,155000,19.5,19.9,19.5,19.9,202,0
VHC.US,5,20250908,155500,19.96,19.96,19.96,19.96,100,0
VHC.US,5,20250908,163500,19.3723,19.3723,19.3723,19.3723,250,0
VHC.US,5,20250908,164500,20,20,20,20,261,0
VHC.US,5,20250908,165500,19.35,19.35,19.35,19.35,102,0
VHC.US,5,20250908,170500,19.75,19.75,19.75,19.75,200,0
VHC.US,5,20250908,171000,19.7,19.7,19.132,19.132,390,0
VHC.US,5,20250908,172000,19.3,19.3,19.3,19.3,500,0
VHC.US,5,20250908,173000,19.3,19.3,19.3,19.3,100,0
VHC.US,5,20250908,181000,19.3,19.3,19.3,19.3,316,0
VHC.US,5,20250908,183000,19.45,19.45,18.9701,18.9701,429,0
VHC.US,5,20250908,190500,19.6644,19.6644,19.6644,19.6644,643,0
VHC.US,5,20250908,195000,19.35,19.35,19.0636,19.0636,500,0
VHC.US,5,20250908,201000,19.252,19.38,19.06,19.06,1030,0
VHC.US,5,20250908,215500,18.88,19.27,18.88,19.27,266,0
VHC.US,5,20250909,160000,18.7541,18.7541,18.7541,18.7541,440,0
VHC.US,5,20250909,163000,18.725,18.725,18.725,18.725,150,0
VHC.US,5,20250909,184000,18.415,18.415,18.415,18.415,100,0
VHC.US,5,20250909,210000,18.1,18.1,18.1,18.1,100,0
VHC.US,5,20250909,212000,17.58,17.5801,17.41,17.41,1000,0
VHC.US,5,20250909,213500,17.9994,17.9999,17.499,17.9999,2090,0
VHC.US,5,20250909,214000,17.7595,17.7595,17.7595,17.7595,385,0
VHC.US,5,20250909,215000,18,18,17.9227,18,2000,0
VHC.US,5,20250909,215500,18,18.48,17.86,17.86,1037,0
VHC.US,5,20250910,160500,18.145,18.145,18.145,18.145,100,0
VHC.US,5,20250910,163000,18.7771,18.7771,18.7771,18.7771,300,0
VHC.US,5,20250910,164000,18,18,18,18,349,0
VHC.US,5,20250910,183000,18,18,18,18,1000,0
VHC.US,5,20250910,194000,18.11,18.11,18.1,18.1,1051,0
VHC.US,5,20250910,194500,18,18,18,18,265,0
VHC.US,5,20250910,204000,18.1,18.1,18.1,18.1,1640,0
VHC.US,5,20250910,211500,18.105,18.16,18.1,18.16,854,0
VHC.US,5,20250910,214000,18.79,18.79,18.15,18.1564,1216,0
VHC.US,5,20250910,215000,17.5,17.5,17.5,17.5,1586,0
VHC.US,5,20250910,215500,17.47,17.47,17.47,17.47,100,0
VHC.US,5,20250911,160500,18.05,18.05,18.05,18.05,100,0
VHC.US,5,20250911,175500,18.1,18.2125,18.1,18.2125,200,0
VHC.US,5,20250911,180000,18.2,18.2,18.2,18.2,100,0
VHC.US,5,20250911,180500,17.56,17.8599,17.4701,17.4701,485,0
VHC.US,5,20250911,190000,17.4778,17.4778,17.4778,17.4778,250,0
VHC.US,5,20250911,213000,18.2399,18.2399,18.2399,18.2399,200,0
VHC.US,5,20250911,215500,17.47,17.47,17.47,17.47,164,0
VHC.US,5,20250912,172000,18.042,18.1993,18.042,18.1993,270,0
VHC.US,5,20250912,194000,17.968,17.968,17.968,17.968,210,0
VHC.US,5,20250912,212500,17.5001,17.5001,17.5001,17.5001,400,0
VHC.US,5,20250912,213500,17.865,17.865,17.865,17.865,100,0
VHC.US,5,20250912,214000,17.725,17.725,17.5,17.5,1111,0
VHC.US,5,20250912,214500,17.747,17.747,17.747,17.747,100,0
VHC.US,5,20250912,215500,17.5,17.5,17.5,17.5,837,0
VHC.US,5,20250915,153000,17.5,17.5,17.5,17.5,276,0
VHC.US,5,20250915,165000,17.75,17.8666,17.75,17.8666,638,0
VHC.US,5,20250915,170000,17.4765,17.603,17.4765,17.56,500,0
VHC.US,5,20250915,170500,17.39,17.39,17.1,17.1,238,0
VHC.US,5,20250915,171000,17.3,17.3,17.3,17.3,100,0
VHC.US,5,20250915,192000,16.6,16.6,16.44,16.44,1096,0
VHC.US,5,20250915,193000,16.44,16.44,16.44,16.44,127,0
VHC.US,5,20250915,193500,16.44,16.44,16.44,16.44,783,0
VHC.US,5,20250915,200500,16.8949,16.8949,16.8949,16.8949,588,0
VHC.US,5,20250915,210500,16.9985,16.9985,16.95,16.95,700,0
VHC.US,5,20250916,154500,15.16,15.16,15.16,15.16,450,0
VHC.US,5,20250916,161500,15.3353,15.3353,15.3353,15.3353,100,0
VHC.US,5,20250916,170500,15.6325,15.6325,15.6325,15.6325,165,0
VHC.US,5,20250916,171500,15.515,15.515,15.515,15.515,100,0
VHC.US,5,20250916,182000,15.625,15.625,15.625,15.625,250,0
VHC.US,5,20250916,201500,16,16.2599,16,16.2599,1998,0
VHC.US,5,20250916,203000,15.7501,15.7501,15.7501,15.7501,250,0
VHC.US,5,20250916,215000,15.75,15.77,15.75,15.77,311,0
VHC.US,5,20250917,155000,14.865,14.865,14.865,14.865,638,0
VHC.US,5,20250917,162000,15.0192,15.0192,15.0192,15.0192,114,0
VHC.US,5,20250917,175000,15.75,15.75,15.75,15.75,137,0
VHC.US,5,20250917,175500,15.8,15.8,15.8,15.8,208,0
VHC.US,5,20250917,193500,15.7603,15.7603,15.7603,15.7603,150,0
VHC.US,5,20250917,200500,15.65,15.6501,15.65,15.65,938,0
VHC.US,5,20250917,215500,16.16,16.16,16.02,16.02,475,0
VHC.US,5,20250918,153500,17.2,17.2,17.2,17.2,282,0
VHC.US,5,20250918,194500,17.5,17.5,17.5,17.5,450,0
VHC.US,5,20250918,195500,16.75,16.75,16.75,16.75,130,0
VHC.US,5,20250918,201500,17.135,17.135,17.135,17.135,600,0
VHC.US,5,20250918,205000,16.8575,16.8575,16.8575,16.8575,500,0
VHC.US,5,20250918,211000,17.0974,17.0974,17.0974,17.0974,320,0
VHC.US,5,20250919,154500,17,17,17,17,100,0
VHC.US,5,20250919,192500,17.8981,17.8981,17.8981,17.8981,300,0
VHC.US,5,20250919,193500,17.5,17.5,17.5,17.5,150,0
VHC.US,5,20250919,215500,17.51,17.51,17.51,17.51,2151,0
VHC.US,5,20250922,210500,17.055,17.055,17.055,17.055,322,0
VHC.US,5,20250922,214500,17.2,17.2,17.2,17.2,150,0
VHC.US,5,20250923,174000,17.497612,17.497612,17.497612,17.497612,150,0
VHC.US,5,20250923,182500,16.0329,16.0329,16.0329,16.0329,200,0
VHC.US,5,20250923,183500,17.64,17.64,17.64,17.64,200,0
VHC.US,5,20250923,191000,17.3,17.3,17.3,17.3,100,0
VHC.US,5,20250925,184000,18.1721,18.1721,18.1721,18.1721,240,0
VHC.US,5,20250925,201000,17.3,17.3,17.3,17.3,116,0
VHC.US,5,20250925,215500,17.45,17.45,17.45,17.45,301,0
VHC.US,5,20250926,153000,18.12,18.12,18.12,18.12,301,0
VHC.US,5,20250926,153500,16.5,16.5,13.3106,13.3106,6104,0
VHC.US,5,20250926,154000,13.23,13.87,13.06,13.87,6009,0
VHC.US,5,20250926,154500,13.675,15,13.675,14.75,2402,0
VHC.US,5,20250926,155000,14.75,14.75,14.75,14.75,100,0
VHC.US,5,20250926,164500,16.23,16.23,16.23,16.23,1000,0
VHC.US,5,20250926,210500,16.48,16.48,16.48,16.48,300,0
VHC.US,5,20250926,213000,16,16,16,16,100,0
VHC.US,5,20250926,214000,16.01,16.01,16.01,16.01,400,0
VHC.US,5,20250926,214500,17,17.83,17,17.5472,433,0
VHC.US,5,20250926,215500,17.14,17.14,17.14,17.14,108,0
VHC.US,5,20250929,161000,17.14,17.14,17.14,17.14,200,0
VHC.US,5,20250929,171000,17.14,17.14,17.14,17.14,370,0
VHC.US,5,20250929,190500,17.14,17.14,17.14,17.14,100,0
VHC.US,5,20250929,200500,17.0836,17.0836,17.0836,17.0836,1000,0
VHC.US,5,20250929,203500,17.13,17.1399,16.815,17.1399,1908,0
VHC.US,5,20250930,153000,16.43,16.43,16.43,16.43,392,0
VHC.US,5,20250930,164500,16.22,17.5,16.22,17.5,1200,0
VHC.US,5,20250930,174000,17.47,17.47,16.75,16.75,283,0
VHC.US,5,20250930,204500,17.95,17.95,17.95,17.95,100,0
VHC.US,5,20250930,211000,17.95,17.95,17.95,17.95,100,0
VHC.US,5,20250930,211500,17.97,17.97,17.97,17.97,100,0
VHC.US,5,20250930,212500,17.9901,17.9901,17.9901,17.9901,125,0
VHC.US,5,20251001,162000,17.8656,17.8656,17.8656,17.8656,100,0
VHC.US,5,20251001,173500,17.495,17.495,17.495,17.495,100,0
VHC.US,5,20251001,191500,17.4999,17.4999,17.165,17.4999,576,0
VHC.US,5,20251001,204500,17.5,17.5,17.5,17.5,196,0
VHC.US,5,20251001,213500,17.5001,17.5001,17.5001,17.5001,100,0
VHC.US,5,20251002,153000,17.27,17.27,17.27,17.27,116,0
VHC.US,5,20251002,154500,17.98,17.98,17.98,17.98,100,0
VHC.US,5,20251002,160000,17.5001,17.98,17.5001,17.5001,689,0
VHC.US,5,20251002,164500,17.5,17.5,17.5,17.5,100,0
VHC.US,5,20251002,170500,17.5595,17.5595,17.5595,17.5595,100,0
VHC.US,5,20251002,175000,17.5595,17.5595,17.5595,17.5595,100,0
VHC.US,5,20251002,181500,17.5,17.5,17.5,17.5,558,0
VHC.US,5,20251002,201500,16.5,16.5,16.5,16.5,170,0
VHC.US,5,20251002,211500,16.9101,16.9101,16.9101,16.9101,215,0
VHC.US,5,20251003,162500,17.297,17.297,17.099,17.099,270,0
VHC.US,5,20251003,174000,17.19,17.19,17.19,17.19,1000,0
VHC.US,5,20251003,174500,17.1241,17.1241,17.1241,17.1241,400,0
VHC.US,5,20251003,175500,17,17,17,17,212,0
VHC.US,5,20251003,195500,17,17,17,17,692,0
VHC.US,5,20251003,200500,17,17,17,17,902,0
VHC.US,5,20251003,202000,16.4,16.5,16.4,16.5,439,0
VHC.US,5,20251003,203500,16.6,16.6,16.55,16.55,300,0
VHC.US,5,20251003,205500,17.181,17.181,17.181,17.181,500,0
VHC.US,5,20251003,210500,16.68,16.95,16.68,16.85,400,0
VHC.US,5,20251003,211000,16.8,16.85,16.8,16.85,200,0
VHC.US,5,20251003,214500,16.9,16.95,16.5,16.5,1800,0
VHC.US,5,20251006,162000,15.9661,15.9661,15.9661,15.9661,100,0
VHC.US,5,20251006,163500,16.6886,16.6886,16.6886,16.6886,100,0
VHC.US,5,20251006,180000,16.75,16.75,16.75,16.75,105,0
VHC.US,5,20251006,185500,17.47,17.49,16.9525,16.9525,1192,0
VHC.US,5,20251006,191500,16.774,16.774,16.774,16.774,300,0
VHC.US,5,20251007,153000,16.24,16.24,16.24,16.24,157,0
VHC.US,5,20251007,163500,16.184,16.184,16.184,16.184,100,0
VHC.US,5,20251007,174000,16.17,16.24,16.17,16.24,679,0
VHC.US,5,20251007,174500,16.6,16.6,16.6,16.6,165,0
VHC.US,5,20251007,185000,16.8,16.85,16.8,16.8,973,0
VHC.US,5,20251007,185500,16.25,16.25,16.25,16.25,100,0
VHC.US,5,20251007,191000,16.46,16.47,16.46,16.47,300,0
VHC.US,5,20251007,202500,16.85,16.85,16.34,16.34,291,0
VHC.US,5,20251007,215000,16.4,16.4,16.4,16.4,100,0
VHC.US,5,20251007,215500,16.56,16.6,16.56,16.56,600,0
VHC.US,5,20251008,153000,16,16,16,16,540,0
VHC.US,5,20251008,164000,17.6,17.6,16.2972,16.2972,200,0
VHC.US,5,20251008,165000,17.05,17.05,17.05,17.05,100,0
VHC.US,5,20251008,165500,17,17,17,17,100,0
VHC.US,5,20251008,190000,16.1948,16.1948,16.1948,16.1948,272,0
VHC.US,5,20251008,191000,17.1832,17.1832,16.5405,16.5405,230,0
VHC.US,5,20251009,165000,16.75,16.75,16.75,16.75,435,0
VHC.US,5,20251009,170000,16.75,16.75,16.75,16.75,200,0
VHC.US,5,20251009,174500,17,17,17,17,244,0
VHC.US,5,20251009,175000,17.3,17.41,17.3,17.41,400,0
VHC.US,5,20251009,175500,17.3,17.45,17.3,17.45,200,0
VHC.US,5,20251009,184500,16.5,16.5,16.5,16.5,858,0
VHC.US,5,20251009,185000,16.465,16.52,16.31,16.31,618,0
VHC.US,5,20251009,193000,15.75,15.75,15.75,15.75,100,0
VHC.US,5,20251009,204000,16.25,16.75,16.25,16.75,1200,0
VHC.US,5,20251009,211000,16.5,16.5,16.5,16.5,100,0
VHC.US,5,20251010,154000,16.5,16.5,16.5,16.5,216,0
VHC.US,5,20251010,182500,15.9884,15.9884,15.9884,15.9884,100,0
VHC.US,5,20251010,193000,15.94,15.94,15.94,15.94,652,0
VHC.US,5,20251013,212500,16.2,16.2,16.2,16.2,111,0
VHC.US,5,20251013,215000,16.98,16.98,16.98,16.98,100,0
VHC.US,5,20251014,153000,16.2,16.95,16.2,16.95,443,0
VHC.US,5,20251014,175000,16.22,16.4,16.2,16.4,1168,0
VHC.US,5,20251014,211500,16.2101,16.2101,16.2101,16.2101,149,0
VHC.US,5,20251014,212500,16.2958,16.2958,16.2958,16.2958,103,0
VHC.US,5,20251014,215000,16.21,16.21,16.2,16.2,228,0
VHC.US,5,20251015,153000,16.52,16.52,16.52,16.52,150,0
VHC.US,5,20251015,155500,16.21,16.21,16.21,16.21,100,0
VHC.US,5,20251015,172500,16.21,16.21,16.21,16.21,100,0
VHC.US,5,20251015,191000,16.3209,16.3209,16.3209,16.3209,100,0
VHC.US,5,20251015,192000,16.553,16.7,16.553,16.7,1000,0
VHC.US,5,20251015,214000,16.7,16.7,16.69,16.69,1100,0
VHC.US,5,20251015,214500,16.9999,17,16.9999,17,300,0
VHC.US,5,20251016,153000,16.44,16.44,16.44,16.44,127,0
VHC.US,5,20251016,162000,16.9013,16.9013,16.9013,16.9013,500,0
VHC.US,5,20251016,180500,16.745,16.745,16.745,16.745,150,0
VHC.US,5,20251016,211000,16.49,16.49,16.49,16.49,173,0
VHC.US,5,20251016,214500,17,17,17,17,100,0
VHC.US,5,20251016,215500,17,17,17,17,100,0
VHC.US,5,20251017,153000,21.76,26.44,21.76,26.44,57490,0
VHC.US,5,20251017,153500,26.5,29,26.46,28.7151,141638,0
VHC.US,5,20251017,154000,28.9,29,25.27,25.27,52966,0
VHC.US,5,20251017,154500,25.8,27.2099,24.12,26.24,56625,0
VHC.US,5,20251017,155000,26.23,28.2299,24.54,25.565,68328,0
VHC.US,5,20251017,155500,25.3,25.85,22.8,23.2592,54015,0
VHC.US,5,20251017,160000,23.085,23.9099,21.6301,22.53,23950,0
VHC.US,5,20251017,160500,22.87,23.76,22.5001,23.2313,11202,0
VHC.US,5,20251017,161000,23.35,25.79,23.0001,24.9,28175,0
VHC.US,5,20251017,161500,24.64,26.2,23.5,24,40177,0
VHC.US,5,20251017,162000,23.86,24.28,23.05,23.34,11330,0
VHC.US,5,20251017,162500,23.71,23.71,22.27,23.3318,20071,0
VHC.US,5,20251017,163000,23.33,24.3755,23.33,24.1,13303,0
VHC.US,5,20251017,163500,24,24.3221,22.5,22.7691,13905,0
VHC.US,5,20251017,164000,22.66,23.6962,22.66,23.285,6480,0
VHC.US,5,20251017,164500,23.36,23.99,23.03,23.99,2599,0
VHC.US,5,20251017,165000,23.99,25.24,23.24,24.49,29451,0
VHC.US,5,20251017,165500,24.2209,25.24,23.34,24.4,9025,0
VHC.US,5,20251017,170000,24.375,24.7799,23.81,24.39,9248,0
VHC.US,5,20251017,170500,24.3721,25.69,24.3721,25,13434,0
VHC.US,5,20251017,171000,24.92,27.5,24.01,26.093,48215,0
VHC.US,5,20251017,171500,26,26.8199,25.18,25.7194,19113,0
VHC.US,5,20251017,172000,25.2901,26.13,25.18,25.3394,13485,0
VHC.US,5,20251017,172500,25.38,26.2099,25.35,26,4386,0
VHC.US,5,20251017,173000,26.0901,27.13,25.95,26.2685,24348,0
VHC.US,5,20251017,173500,25.744,26.2499,24.9001,25.2601,18715,0
VHC.US,5,20251017,174000,26.14,26.15,25.5,25.5,1072,0
VHC.US,5,20251017,174500,25.8,26.7199,25.75,26.05,7224,0
VHC.US,5,20251017,175000,25.75,26.08,25.7,25.75,7727,0
VHC.US,5,20251017,175500,25.9169,25.9169,25,25.49,4802,0
VHC.US,5,20251017,180000,26.05,26.05,25.31,25.36,3586,0
VHC.US,5,20251017,180500,25.8558,26.85,25.5129,26.0088,13112,0
VHC.US,5,20251017,181000,25.5,26.22,25.307,25.7501,11636,0
VHC.US,5,20251017,181500,25.75,25.7539,25.1,25.54,7013,0
VHC.US,5,20251017,182000,25.7199,26.79,25.4775,26.01,16507,0
VHC.US,5,20251017,182500,26.03,26.03,25.4801,25.5534,8250,0
VHC.US,5,20251017,183000,25.79,25.79,24,24,28760,0
VHC.US,5,20251017,183500,24.35,24.35,23,23.5045,12371,0
VHC.US,5,20251017,184000,23.9896,24.1,23.55,24,2507,0
VHC.US,5,20251017,184500,24.2,24.5,23.6301,23.69,5437,0
VHC.US,5,20251017,185000,24,24,24,24,1150,0
VHC.US,5,20251017,185500,23.8043,24,23.5,24,3053,0
VHC.US,5,20251017,190000,24,24,24,24,100,0
VHC.US,5,20251017,190500,24.26,24.71,24.26,24.7,1915,0
VHC.US,5,20251017,191000,24.21,24.345,24.175,24.18,3627,0
VHC.US,5,20251017,191500,24.01,24.01,23,23.02,5617,0
VHC.US,5,20251017,192000,24.07,24.4,23.05,24.1,5084,0
VHC.US,5,20251017,192500,23.84,24.3799,23.84,24.3799,406,0
VHC.US,5,20251017,193000,24.5,24.5,24.4072,24.5,1178,0
VHC.US,5,20251017,193500,24.74,25.37,24.5957,24.5957,2970,0
VHC.US,5,20251017,194000,25,25.1825,24.5,24.6077,2376,0
VHC.US,5,20251017,194500,24.5001,25.3,24.5001,24.97,6220,0
VHC.US,5,20251017,195000,24.8876,24.8876,24.5,24.51,1143,0
VHC.US,5,20251017,195500,25,25,24.35,24.3537,908,0
VHC.US,5,20251017,200000,24.78,24.78,24.78,24.78,100,0
VHC.US,5,20251017,200500,24.16,24.4001,24.1,24.4001,2457,0
VHC.US,5,20251017,201000,24.77,24.78,24.0644,24.49,2120,0
VHC.US,5,20251017,201500,24.74,24.74,24.74,24.74,100,0
VHC.US,5,20251017,202000,24.4999,24.4999,24.4999,24.4999,100,0
VHC.US,5,20251017,202500,24.13,24.45,24.13,24.45,1391,0
VHC.US,5,20251017,203000,24.43,24.43,24.43,24.43,100,0
VHC.US,5,20251017,203500,24.68,24.8,24.67,24.8,1127,0
VHC.US,5,20251017,204000,24.5,24.5,24.0278,24.1193,575,0
VHC.US,5,20251017,204500,24.1827,24.8,24.18,24.8,2730,0
VHC.US,5,20251017,205000,24.151,24.151,24.1501,24.1501,720,0
VHC.US,5,20251017,205500,24.435,24.435,24.21,24.21,309,0
VHC.US,5,20251017,210000,24.45,25.3,24.45,25.3,2439,0
VHC.US,5,20251017,210500,25.3,25.3,24.5063,24.7065,1190,0
VHC.US,5,20251017,211000,24.74,24.97,24.54,24.745,738,0
VHC.US,5,20251017,211500,24.7,25,24.7,25,4733,0
VHC.US,5,20251017,212000,25.085,25.085,24.9201,25.0001,554,0
VHC.US,5,20251017,212500,25.1603,25.1662,25.1,25.1,1265,0
VHC.US,5,20251017,213000,25.1,25.1,24.66,24.95,2962,0
VHC.US,5,20251017,213500,24.9,25,24.8001,24.93,1925,0
VHC.US,5,20251017,214000,25.25,26.64,25.04,26.0301,8984,0
VHC.US,5,20251017,214500,26.2479,26.4571,25.1601,25.5001,2424,0
VHC.US,5,20251017,215000,25.7279,26.15,25.5001,25.68,1930,0
VHC.US,5,20251017,215500,25.74,25.9999,23.59,23.87,10392,0
VHC.US,5,20251020,153000,20.28,20.82,19.01,20.5529,17083,0
VHC.US,5,20251020,153500,20.55,20.55,20.55,20.55,100,0
VHC.US,5,20251020,154000,20.18,20.18,20.1492,20.15,1282,0
VHC.US,5,20251020,154500,20.14,20.14,19.25,19.25,1637,0
VHC.US,5,20251020,155000,19.6254,19.69,19,19.19,6583,0
VHC.US,5,20251020,155500,19.5,19.56,19,19,1147,0
VHC.US,5,20251020,160000,19.42,20,19.42,19.665,1100,0
VHC.US,5,20251020,160500,19.67,19.67,19.67,19.67,100,0
VHC.US,5,20251020,161000,19.3564,19.3564,19.3564,19.3564,500,0
VHC.US,5,20251020,161500,19.4701,19.96,19.47,19.72,1800,0
VHC.US,5,20251020,162500,19.69,19.69,19.69,19.69,600,0
VHC.US,5,20251020,163000,19.79,19.89,19.79,19.89,200,0
VHC.US,5,20251020,163500,19.9,20.3572,19.9,20.3572,2183,0
VHC.US,5,20251020,164000,20.81,21.6844,20.75,21.344,4063,0
VHC.US,5,20251020,164500,21,21.2613,20.8,21.2613,451,0
VHC.US,5,20251020,165000,21.165,21.165,21.165,21.165,100,0
VHC.US,5,20251020,170000,20.876,21.446,20.876,21.446,377,0
VHC.US,5,20251020,170500,21.17,21.17,21.17,21.17,300,0
VHC.US,5,20251020,171000,21.32,21.73,21.32,21.73,1435,0
VHC.US,5,20251020,171500,21.73,21.99,21.73,21.99,600,0
VHC.US,5,20251020,172000,22.38,22.38,22.38,22.38,300,0
VHC.US,5,20251020,172500,22.08,22.08,20.9254,21.3413,1597,0
VHC.US,5,20251020,173000,20.59,20.59,20.59,20.59,982,0
VHC.US,5,20251020,173500,21.7526,21.7526,21.7526,21.7526,100,0
VHC.US,5,20251020,174000,21.74,21.74,21.165,21.165,1218,0
VHC.US,5,20251020,174500,21.75,21.75,21.75,21.75,500,0
VHC.US,5,20251020,180500,20.66,20.66,20.66,20.66,100,0
VHC.US,5,20251020,183000,21.075,21.075,21.075,21.075,200,0
VHC.US,5,20251020,184000,20.47,20.47,20.47,20.47,100,0
VHC.US,5,20251020,184500,20.1,20.1,19.42,19.46,400,0
VHC.US,5,20251020,185000,19.42,20.0591,19.42,20.0591,642,0
VHC.US,5,20251020,190000,20.47,20.571,20.22,20.22,657,0
VHC.US,5,20251020,191000,19.9,20,19.9,20,200,0
VHC.US,5,20251020,191500,20.34,20.34,20.34,20.34,100,0
VHC.US,5,20251020,192500,19.905,19.91,19.905,19.91,379,0
VHC.US,5,20251020,193000,19.9,19.9,19.9,19.9,430,0
VHC.US,5,20251020,194000,20.58,20.58,20.575,20.575,400,0
VHC.US,5,20251020,194500,21.035,21.035,21.035,21.035,100,0
VHC.US,5,20251020,195500,21,21,21,21,452,0
VHC.US,5,20251020,200000,20.56,20.56,20.56,20.56,200,0
VHC.US,5,20251020,204000,20.61,20.61,20.6,20.6,1100,0
VHC.US,5,20251020,204500,20.25,20.25,20.25,20.25,100,0
VHC.US,5,20251020,210000,20.5,20.5,20.5,20.5,2200,0
VHC.US,5,20251020,211000,20.11,20.375,20.11,20.255,435,0
VHC.US,5,20251020,213000,20.339,20.339,20.17,20.17,360,0
VHC.US,5,20251020,215000,19.95,20.0523,19.95,20.0523,600,0
VHC.US,5,20251020,215500,20.49,20.6,19.91,19.91,1166,0
VHC.US,5,20251021,153000,19.45,19.45,19.45,19.45,509,0
VHC.US,5,20251021,153500,19.5,19.5,19.5,19.5,100,0
VHC.US,5,20251021,155500,19.63,19.64,19.6,19.61,943,0
VHC.US,5,20251021,160000,19.9175,19.9175,19.9175,19.9175,100,0
VHC.US,5,20251021,162500,20,20,20,20,200,0
VHC.US,5,20251021,163000,19.62,20.235,19.3304,20.235,2576,0
VHC.US,5,20251021,165000,20.1911,20.1911,20.1911,20.1911,400,0
VHC.US,5,20251021,165500,19.3301,19.3301,19.3301,19.3301,100,0
VHC.US,5,20251021,170500,20.15,20.15,20.15,20.15,100,0
VHC.US,5,20251021,171500,19.73,19.73,19.58,19.58,887,0
VHC.US,5,20251021,172000,19.65,19.69,19.65,19.69,438,0
VHC.US,5,20251021,174000,19.54,19.75,19.54,19.75,2252,0
VHC.US,5,20251021,174500,19.88,20.08,19.84,20.08,957,0
VHC.US,5,20251021,175500,20.1,20.1,20.1,20.1,165,0
VHC.US,5,20251021,180000,19.22,19.22,19.22,19.22,200,0
VHC.US,5,20251021,180500,19.3451,19.3451,19.3451,19.3451,208,0
VHC.US,5,20251021,181000,19.55,19.55,19.55,19.55,367,0
VHC.US,5,20251021,182000,19.73,19.73,19.73,19.73,100,0
VHC.US,5,20251021,184000,19.72,19.72,19.72,19.72,100,0
VHC.US,5,20251021,191000,19.96,19.97,19.96,19.97,200,0
VHC.US,5,20251021,192500,20.1,20.1,20.1,20.1,100,0
VHC.US,5,20251021,193000,20,20.16,20,20.16,1889,0
VHC.US,5,20251021,194000,19.8,19.8,19.8,19.8,100,0
VHC.US,5,20251021,194500,20.18,20.18,20,20,205,0
VHC.US,5,20251021,195000,20.19,20.19,20.185,20.185,300,0
VHC.US,5,20251021,201000,20,20,20,20,303,0
VHC.US,5,20251021,204500,20.0551,20.0551,20.0551,20.0551,100,0
VHC.US,5,20251021,211000,20,20,20,20,100,0
VHC.US,5,20251021,212000,20,20,20,20,100,0
VHC.US,5,20251021,213500,20.19,20.2,20.19,20.2,400,0
VHC.US,5,20251021,214000,20.2,20.2,20.2,20.2,352,0
VHC.US,5,20251021,215000,19.8,20.2,19.8,20.2,309,0
VHC.US,5,20251021,215500,20.22,20.33,20.2001,20.28,1300,0
VHC.US,5,20251022,153000,19,19.01,19,19,1688,0
VHC.US,5,20251022,155000,19.98,20.16,19.97,20.16,891,0
VHC.US,5,20251022,160000,19.3,19.3,19.3,19.3,117,0
VHC.US,5,20251022,161000,19.6261,19.6261,19.6261,19.6261,100,0
VHC.US,5,20251022,161500,20.4,20.4,20.4,20.4,360,0
VHC.US,5,20251022,162000,20.48,20.48,20.1,20.1,1207,0
VHC.US,5,20251022,163000,20.02,20.02,20.02,20.02,100,0
VHC.US,5,20251022,163500,20.02,20.0598,20.02,20.0598,932,0
VHC.US,5,20251022,164000,19.6635,19.6635,19.6635,19.6635,287,0
VHC.US,5,20251022,170500,20.05,20.05,20.05,20.05,223,0
VHC.US,5,20251022,173000,20.45,20.9,20.45,20.9,400,0
VHC.US,5,20251022,173500,20.45,20.95,20.05,20.95,1746,0
VHC.US,5,20251022,174500,21.3,21.35,20.4516,20.4516,1300,0
VHC.US,5,20251022,175500,20.0635,20.0635,20.0635,20.0635,269,0
VHC.US,5,20251022,181000,20.27,20.49,20.27,20.49,1000,0
VHC.US,5,20251022,184000,20.05,20.05,20.05,20.05,100,0
VHC.US,5,20251022,184500,20.425,20.425,20.425,20.425,100,0
VHC.US,5,20251022,192000,20.425,20.425,20.425,20.425,100,0
VHC.US,5,20251022,201000,20.05,20.425,20.05,20.425,200,0
VHC.US,5,20251022,212000,20.4,20.4,20.4,20.4,100,0
VHC.US,5,20251022,215500,20.3941,20.3941,20.3941,20.3941,250,0
VHC.US,5,20251023,153500,20.1499,20.1499,20.1499,20.1499,100,0
VHC.US,5,20251023,155500,20.503,20.503,20.44,20.44,2000,0
VHC.US,5,20251023,160000,20.65,20.65,20.65,20.65,170,0
VHC.US,5,20251023,172500,20.57,20.6,20.57,20.585,400,0
VHC.US,5,20251023,175500,20,20,20,20,200,0
VHC.US,5,20251023,182500,20.2937,20.2937,20.2937,20.2937,100,0
VHC.US,5,20251023,191500,20.3472,20.3472,20.3472,20.3472,100,0
VHC.US,5,20251023,200500,20.0321,20.0321,20.0321,20.0321,348,0
VHC.US,5,20251023,201500,20.61,20.61,20.61,20.61,121,0
VHC.US,5,20251023,202000,20.61,20.61,20.61,20.61,100,0
VHC.US,5,20251023,204000,20.57,20.61,20.57,20.61,400,0
VHC.US,5,20251023,212000,20.595,20.85,20.595,20.85,200,0
VHC.US,5,20251023,212500,20.88,20.88,20.88,20.88,100,0
VHC.US,5,20251023,213000,20.81,20.81,20.81,20.81,100,0
VHC.US,5,20251023,214000,20.5842,20.5842,20.5842,20.5842,1000,0
VHC.US,5,20251023,215000,20.99,21.355,20.95,21.355,4587,0
VHC.US,5,20251023,215500,21.3,21.4,21.26,21.26,445,0
VHC.US,5,20251024,153000,20.31,20.4419,20.31,20.4419,2641,0
VHC.US,5,20251024,153500,20.0669,20.0669,20.0669,20.0669,500,0
VHC.US,5,20251024,155500,20.7,20.7,20.7,20.7,100,0
VHC.US,5,20251024,160500,21.36,21.4,21.36,21.38,1413,0
VHC.US,5,20251024,164500,21.39,21.4,21.39,21.4,1050,0
VHC.US,5,20251024,170500,21.53,21.53,21.53,21.53,100,0
VHC.US,5,20251024,172500,21.5601,21.5601,21.4,21.4,1718,0
VHC.US,5,20251024,181500,21.9999,21.9999,21.9999,21.9999,150,0
VHC.US,5,20251024,182000,21.9553,21.9553,21.9553,21.9553,1000,0
VHC.US,5,20251024,190000,21.7717,21.7717,21.7582,21.7582,840,0
VHC.US,5,20251024,190500,21.8226,21.8226,21.8226,21.8226,100,0
VHC.US,5,20251024,191000,21.91,21.91,21.91,21.91,250,0
VHC.US,5,20251024,201500,21.9,22,21.86,22,2458,0
VHC.US,5,20251024,210000,22.495,22.5,22.495,22.5,272,0
VHC.US,5,20251024,213000,21.81,21.81,21.81,21.81,100,0
VHC.US,5,20251027,143000,23.24,23.24,23.24,23.24,203,0
VHC.US,5,20251027,143500,23.1,23.1,22.985,22.985,500,0
VHC.US,5,20251027,144500,22.0511,22.0511,22.0511,22.0511,1341,0
VHC.US,5,20251027,150000,22.365,22.365,22.365,22.365,245,0
VHC.US,5,20251027,151000,22.36,22.36,22.36,22.36,112,0
VHC.US,5,20251027,152000,21.98,22,21.8,21.9975,800,0
VHC.US,5,20251027,154500,21.58,21.58,21.58,21.58,100,0
VHC.US,5,20251027,162000,21.45539,21.45539,20.95,20.95,501,0
VHC.US,5,20251027,163500,20.95,20.95,20.95,20.95,100,0
VHC.US,5,20251027,164000,22.01,22.01,22.01,22.01,100,0
VHC.US,5,20251027,165000,21.88,22.5,21.88,22.5,498,0
VHC.US,5,20251027,170000,22.45,22.45,22.45,22.45,300,0
VHC.US,5,20251027,170500,21.325,22,21.065,21.065,5167,0
VHC.US,5,20251027,171000,20.86,20.86,20.475,20.75,5152,0
VHC.US,5,20251027,171500,20.5,20.5,20.2,20.3184,1846,0
VHC.US,5,20251027,172000,20.2,20.2,19.55,19.55,4383,0
VHC.US,5,20251027,173000,19.8675,20.38,19.8675,20.38,200,0
VHC.US,5,20251027,173500,20.38,20.38,20.38,20.38,100,0
VHC.US,5,20251027,174500,19.8548,20.4,19.8548,20.4,2900,0
VHC.US,5,20251027,180000,20.4,20.41,20.4,20.41,360,0
VHC.US,5,20251027,182500,20.5,20.79,20.5,20.555,4755,0
VHC.US,5,20251027,192000,21.17606,21.17606,21.17606,21.17606,350,0
VHC.US,5,20251027,202500,19.89,19.89,19.89,19.89,100,0
VHC.US,5,20251027,203000,20.2,20.67,20.17,20.17,943,0
VHC.US,5,20251027,203500,20.15,20.15,20.05,20.05,200,0
VHC.US,5,20251027,204500,20.15,20.15,20.15,20.15,269,0
VHC.US,5,20251027,205500,20.26,20.26,20.26,20.26,197,0
VHC.US,5,20251028,143000,20.25,20.25,20.25,20.25,483,0
VHC.US,5,20251028,145000,20.4701,20.4701,20.4701,20.4701,100,0
VHC.US,5,20251028,145500,20.49,20.49,20.49,20.49,100,0
VHC.US,5,20251028,155000,20.5,20.5,20.3,20.3,203,0
VHC.US,5,20251028,164500,20.26,20.26,20.26,20.26,104,0
VHC.US,5,20251029,151000,20.3438,21.8567,20.3438,21.8567,375,0
VHC.US,5,20251029,152500,20.3834,20.3834,20.3834,20.3834,105,0
VHC.US,5,20251029,154500,20.61,20.61,20.61,20.61,100,0
VHC.US,5,20251029,202000,21.94,21.94,21.94,21.94,100,0
VHC.US,5,20251029,204000,21.25,21.25,21.2275,21.2275,1012,0
VHC.US,5,20251029,204500,21.06,21.06,21.06,21.06,100,0
VHC.US,5,20251029,205500,21.4,21.54,21.4,21.54,200,0
VHC.US,5,20251030,143000,20.74,20.74,20.74,20.74,135,0
VHC.US,5,20251030,182500,21.1097,21.9437,21.1097,21.9437,350,0
VHC.US,5,20251030,193500,21.5,21.5,21.5,21.5,200,0
VHC.US,5,20251030,201000,21.99,21.99,21.99,21.99,900,0
VHC.US,5,20251030,204000,21.5048,21.5048,21.5048,21.5048,300,0
VHC.US,5,20251031,144500,20.9298,20.9298,20.9298,20.9298,525,0
VHC.US,5,20251031,163500,20.6744,20.6744,20.6744,20.6744,200,0
VHC.US,5,20251031,165000,20.6,21,20.6,21,800,0
VHC.US,5,20251031,172000,22.5,22.5,22.5,22.5,100,0
VHC.US,5,20251031,173500,22.8,22.85,22.59,22.59,707,0
VHC.US,5,20251031,174000,22.49,22.5,21.81,21.81,1025,0
VHC.US,5,20251031,174500,22.13,22.2,22.13,22.2,349,0
VHC.US,5,20251031,175000,22.06,22.26,21.91,21.91,1499,0
VHC.US,5,20251031,175500,22.02,22.2,21.96,21.97,977,0
VHC.US,5,20251031,180000,22.09,22.25,22.09,22.25,1707,0
VHC.US,5,20251031,180500,22.52,22.53,21.91,21.91,552,0
VHC.US,5,20251031,182000,22.52,22.52,22.51,22.51,400,0
VHC.US,5,20251031,183500,22.52,22.53,22.51,22.53,600,0
VHC.US,5,20251031,184000,23.34,23.34,23.34,23.34,100,0
VHC.US,5,20251031,184500,22.075,22.075,22.075,22.075,723,0
VHC.US,5,20251031,190500,22.75,22.85,22.75,22.85,300,0
VHC.US,5,20251031,191000,22.99,23,22.85,22.85,600,0
VHC.US,5,20251031,191500,22.85,23.42,22.81,23.25,3186,0
VHC.US,5,20251031,193000,23,23.68,23,23.68,300,0
VHC.US,5,20251031,193500,23.5,23.5,23.5,23.5,964,0
VHC.US,5,20251031,194500,23.23,23.5,23.2,23.2,2828,0
VHC.US,5,20251031,195500,23.26,23.35,23.26,23.35,200,0
VHC.US,5,20251031,200000,23.3,23.5,23.3,23.5,241,0
VHC.US,5,20251031,200500,23.27,23.46,23.2,23.235,7460,0
VHC.US,5,20251031,201000,23.06,23.3,23.06,23.3,800,0
VHC.US,5,20251031,201500,23.2,23.5,23.2,23.49,1000,0
VHC.US,5,20251031,202000,23.4,23.4,23.4,23.4,631,0
VHC.US,5,20251031,202500,22.95,24.8197,22.91,24.8197,3942,0
VHC.US,5,20251031,203000,25.15,25.15,24.9,24.9,1122,0
VHC.US,5,20251031,203500,24.9,24.91,23.52,23.52,5057,0
VHC.US,5,20251031,204500,23.5201,23.5201,23.5201,23.5201,500,0
VHC.US,5,20251031,205500,22.9,22.9,22.9,22.9,160,0
VHC.US,5,20251103,153000,23.5,23.5,23.5,23.5,461,0
VHC.US,5,20251103,154500,24.51,24.51,24.51,24.51,100,0
VHC.US,5,20251103,155500,24.34,24.49,24.25,24.49,300,0
VHC.US,5,20251103,160500,24.0933,24.0933,24.0933,24.0933,1000,0
VHC.US,5,20251103,161500,24.57,24.57,24.57,24.57,100,0
VHC.US,5,20251103,162000,24.51,24.52,24.5006,24.52,550,0
VHC.US,5,20251103,163000,24.8,24.8,24.8,24.8,100,0
VHC.US,5,20251103,164000,24.4,24.4,24.3552,24.3552,1100,0
VHC.US,5,20251103,164500,24.1504,24.1504,24.1504,24.1504,100,0
VHC.US,5,20251103,165000,24.75,24.83,24.75,24.83,200,0
VHC.US,5,20251103,165500,24.1,24.1066,24.1,24.1066,985,0
VHC.US,5,20251103,170000,24.8123,24.8123,24.1001,24.1001,935,0
VHC.US,5,20251103,171000,24.75,24.75,24.75,24.75,100,0
VHC.US,5,20251103,171500,24.465,24.465,24.465,24.465,100,0
VHC.US,5,20251103,174500,24.125,24.125,24.125,24.125,100,0
VHC.US,5,20251103,183000,24.5,24.5,24.5,24.5,500,0
VHC.US,5,20251103,190000,24.6723,24.6723,24.6723,24.6723,123,0
VHC.US,5,20251103,191000,24.465,24.465,24.465,24.465,500,0
VHC.US,5,20251103,192500,24.75,25.325,24.75,25.325,889,0
VHC.US,5,20251103,193500,25.95,25.998,25.95,25.95,575,0
VHC.US,5,20251103,195000,25.5,25.5507,24.865,24.865,1217,0
VHC.US,5,20251103,195500,25.4,25.4,24.917,24.917,289,0
VHC.US,5,20251103,200500,25.415,26,25.415,26,200,0
VHC.US,5,20251103,202000,25.5,25.55,25.5,25.55,2600,0
VHC.US,5,20251103,203500,25.5,25.99,25.5,25.99,2020,0
VHC.US,5,20251103,204000,25.5,25.5,25.5,25.5,500,0
VHC.US,5,20251103,214500,25.25,25.25,25.25,25.25,1100,0
VHC.US,5,20251103,215000,25.02,25.02,25,25,719,0
VHC.US,5,20251103,215500,24.95,24.95,24.9,24.9,200,0
VHC.US,5,20251104,153000,24.63,24.83,23.51,23.51,778,0
VHC.US,5,20251104,153500,24,24,24,24,103,0
VHC.US,5,20251104,174000,23.5,23.5,23.5,23.5,252,0
VHC.US,5,20251104,180500,24.05,24.05,24.05,24.05,100,0
VHC.US,5,20251104,191500,23.6319,23.6319,23.6319,23.6319,102,0
VHC.US,5,20251104,192000,23.7782,23.7782,23.7782,23.7782,152,0
VHC.US,5,20251104,193500,23.8,23.8,23.8,23.8,102,0
VHC.US,5,20251104,210500,23.7,23.7,23.6,23.7,426,0
VHC.US,5,20251104,211000,23.65,23.65,23.5,23.5,1378,0
VHC.US,5,20251104,213500,23.5,23.5,23.5,23.5,163,0
VHC.US,5,20251104,214500,23.1,23.1,23.1,23.1,643,0
VHC.US,5,20251104,215000,23.45,23.45,23.45,23.45,100,0
VHC.US,5,20251105,154000,22.3316,22.3316,22.3316,22.3316,342,0
VHC.US,5,20251105,155500,22.935,22.935,22.935,22.935,120,0
VHC.US,5,20251105,162000,23.7813,23.7813,23.7813,23.7813,204,0
VHC.US,5,20251105,165500,24.46,24.485,24.46,24.485,200,0
VHC.US,5,20251105,180500,24,24,24,24,220,0
VHC.US,5,20251105,183000,25.0199,25.0199,25.0199,25.0199,300,0
VHC.US,5,20251105,184000,24.265,24.265,24.265,24.265,340,0
VHC.US,5,20251105,190500,23.94,23.94,23.94,23.94,1000,0
VHC.US,5,20251105,200000,24.32,24.32,24.32,24.32,200,0
VHC.US,5,20251105,203500,24.8585,24.8585,24.8585,24.8585,494,0
VHC.US,5,20251105,204500,24.81,24.81,24.81,24.81,250,0
VHC.US,5,20251105,211000,24.305,24.305,24.305,24.305,100,0
VHC.US,5,20251105,214500,23.93,23.93,23.93,23.93,100,0
VHC.US,5,20251106,153000,23.5,24.2519,22.56,24.2519,1152,0
VHC.US,5,20251106,160500,23.38,23.38,23.38,23.38,470,0
VHC.US,5,20251106,165500,23.565,23.565,23.565,23.565,100,0
VHC.US,5,20251106,172000,22.93,22.93,22.93,22.93,100,0
VHC.US,5,20251106,195000,23.0001,23.7,23.0001,23.7,1000,0
VHC.US,5,20251106,212500,23.8,23.8,23.8,23.8,100,0
VHC.US,5,20251106,213000,23.47,23.47,23.47,23.47,100,0
VHC.US,5,20251106,215000,23.2,23.62,23.2,23.62,350,0
VHC.US,5,20251107,153000,24.4,24.4,24.4,24.4,1922,0
VHC.US,5,20251107,155000,24.85,24.85,24.85,24.85,173,0
VHC.US,5,20251107,162500,23.99,24.43,23.99,24.43,879,0
VHC.US,5,20251107,171000,23,23,22.49,22.49,660,0
VHC.US,5,20251107,174000,22.46,22.46,22.46,22.46,100,0
VHC.US,5,20251107,174500,22,22.0004,22,22.0004,2100,0
VHC.US,5,20251107,183000,22,22,22,22,300,0
VHC.US,5,20251107,191500,22.0119,22.0119,22.0119,22.0119,400,0
VHC.US,5,20251107,194500,22.3,22.3,22.3,22.3,100,0
VHC.US,5,20251107,195000,22.6044,22.6044,22.6044,22.6044,260,0
VHC.US,5,20251107,205000,22.45,22.45,22.45,22.45,220,0
VHC.US,5,20251107,210000,22.9,22.9,22.9,22.9,100,0
VHC.US,5,20251107,212000,22.48,22.48,22.48,22.48,100,0
VHC.US,5,20251107,215000,22.89,22.965,22.88,22.965,1796,0
VHC.US,5,20251107,215500,22.9479,23.055,22.9479,23.055,300,0
VHC.US,5,20251110,153000,23.02,23.46,23.02,23.46,422,0
VHC.US,5,20251110,160500,23.85,23.85,23.85,23.85,100,0
VHC.US,5,20251110,164000,23.8,23.8,23.8,23.8,100,0
VHC.US,5,20251110,184000,23.455,23.455,23.455,23.455,500,0
VHC.US,5,20251110,193500,23.4115,23.455,23.4115,23.455,370,0
VHC.US,5,20251110,202500,23.21,23.21,23.21,23.21,650,0
VHC.US,5,20251111,154500,23.02,23.02,23.02,23.02,110,0
VHC.US,5,20251111,161000,23.0372,23.0372,23.0372,23.0372,494,0
VHC.US,5,20251111,163000,23,23,22.78,22.78,230,0
VHC.US,5,20251111,165500,22.8,22.8,22.5,22.5,907,0
VHC.US,5,20251111,172500,22.01,22.01,22.01,22.01,179,0
VHC.US,5,20251111,174000,21.1881,21.1881,21.05,21.05,1002,0
VHC.US,5,20251111,181000,22.01,22.01,21.8,21.8,3919,0
VHC.US,5,20251111,202000,23,23,23,23,288,0
VHC.US,5,20251111,204000,22.85,22.85,22.85,22.85,100,0
VHC.US,5,20251111,205000,22.92,22.92,22.9,22.9,218,0
VHC.US,5,20251111,213000,22.965,22.965,22.965,22.965,100,0
VHC.US,5,20251111,214000,22.965,22.965,22.965,22.965,249,0
VHC.US,5,20251111,215500,23.43,23.43,23.34,23.34,338,0
VHC.US,5,20251112,153000,23.9,23.9,23.8,23.8,411,0
VHC.US,5,20251112,154000,23.75,23.75,23.75,23.75,100,0
VHC.US,5,20251112,160500,23.31,23.31,23.31,23.31,900,0
VHC.US,5,20251112,163000,22.4272,22.4272,22.4272,22.4272,120,0
VHC.US,5,20251112,163500,22.31,22.31,22.31,22.31,100,0
VHC.US,5,20251112,171000,21.5001,21.5001,21.5001,21.5001,110,0
VHC.US,5,20251112,173500,21.8334,21.8334,21.8334,21.8334,225,0
VHC.US,5,20251112,180000,21.51,21.51,21.51,21.51,125,0
VHC.US,5,20251112,182000,21.8876,21.8876,21.8876,21.8876,450,0
VHC.US,5,20251112,190500,21.693,21.693,21.693,21.693,100,0
VHC.US,5,20251112,205000,22,22,22,22,225,0
VHC.US,5,20251112,205500,21.7,21.74,21.7,21.74,200,0
VHC.US,5,20251112,214000,21.51,21.51,21.5066,21.51,300,0
VHC.US,5,20251112,214500,21.5001,21.595,21.5,21.595,2082,0
VHC.US,5,20251112,215000,21.675,21.675,21.59,21.59,200,0
VHC.US,5,20251112,215500,21.67,22.31,21.67,22.31,2600,0
VHC.US,5,20251113,153000,22.11,22.11,22.11,22.11,103,0
VHC.US,5,20251113,154000,21.66,21.66,21.66,21.66,100,0
VHC.US,5,20251113,160000,21.8212,21.8212,21.8212,21.8212,100,0
VHC.US,5,20251113,164000,21.5,21.5,21.5,21.5,465,0
VHC.US,5,20251113,170000,22.13,22.13,22.13,22.13,100,0
VHC.US,5,20251114,153000,22.14,22.5,22.14,22.5,517,0
VHC.US,5,20251114,171000,23.51,23.51,23.51,23.51,100,0
VHC.US,5,20251114,171500,22.82,22.82,22.82,22.82,104,0
VHC.US,5,20251114,173500,22.8,22.8,22.8,22.8,600,0
VHC.US,5,20251114,174000,22.3823,22.3823,22.3823,22.3823,249,0
VHC.US,5,20251114,183000,22.86,22.92,22.86,22.92,300,0
VHC.US,5,20251114,185000,22.92,22.92,22.83,22.83,200,0
VHC.US,5,20251114,192000,23.01,23.01,23.01,23.01,200,0
VHC.US,5,20251114,193500,22.9,22.93,22.9,22.93,200,0
VHC.US,5,20251114,215500,23.59,23.59,23.15,23.15,972,0
VHC.US,5,20251117,155000,22.4828,22.4828,22.4828,22.4828,598,0
VHC.US,5,20251117,163500,22.55,22.55,22.55,22.55,160,0
VHC.US,5,20251117,164000,23.53,23.53,23.53,23.53,100,0
VHC.US,5,20251117,164500,23.85,23.85,23.85,23.85,100,0
VHC.US,5,20251117,173500,23.95,23.99,23.76,23.76,400,0
VHC.US,5,20251117,182000,22.6811,22.6811,22.6811,22.6811,225,0
VHC.US,5,20251117,195000,23.1915,23.1915,23.1915,23.1915,500,0
VHC.US,5,20251117,214500,23.21,23.23,23.105,23.105,300,0
VHC.US,5,20251118,153000,23.09,23.09,23.01,23.01,1000,0
VHC.US,5,20251118,153500,24.4264,24.4264,24.4264,24.4264,1940,0
VHC.US,5,20251118,160000,23.1833,23.5,23.1833,23.5,1006,0
VHC.US,5,20251118,160500,23.0001,23.0001,23.0001,23.0001,500,0
VHC.US,5,20251118,184000,24.85,24.85,24.85,24.85,147,0
VHC.US,5,20251118,192500,24.8139,24.8139,24.8139,24.8139,175,0
VHC.US,5,20251118,193000,25.8,25.8,25.8,25.8,100,0
VHC.US,5,20251118,193500,25.83,25.83,25.83,25.83,123,0
VHC.US,5,20251118,195500,24.59,25.185,24.59,25.185,226,0
VHC.US,5,20251118,200000,24.75,24.75,24.75,24.75,150,0
VHC.US,5,20251118,201500,25.12,25.5,25.12,25.5,300,0
VHC.US,5,20251118,202000,25,25,25,25,100,0
VHC.US,5,20251118,202500,25.5,25.5,25.5,25.5,200,0
VHC.US,5,20251118,203000,25.5,25.5,25.27,25.27,2210,0
VHC.US,5,20251118,203500,25.27,25.27,24.7101,24.7101,3013,0
VHC.US,5,20251118,204000,25.1,25.1,24.23,24.7101,3159,0
VHC.US,5,20251118,213500,24.515,24.515,24.515,24.515,1000,0
VHC.US,5,20251119,161500,22.85,22.85,22.85,22.85,100,0
VHC.US,5,20251119,165000,24.83,25,24.83,25,493,0
VHC.US,5,20251119,202000,24.3,24.3,24.3,24.3,100,0
VHC.US,5,20251119,203500,24.2228,24.33,23.66,23.81,800,0
VHC.US,5,20251120,153000,23.75,23.75,23.75,23.75,535,0
VHC.US,5,20251120,155000,23.6755,23.6755,23.6755,23.6755,523,0
VHC.US,5,20251120,181000,24.5,24.5,24.01,24.39,400,0
VHC.US,5,20251120,181500,24.0979,24.0979,23.7756,23.7756,718,0
VHC.US,5,20251120,182000,23.6213,23.6213,23.6213,23.6213,100,0
VHC.US,5,20251120,184000,23.7345,23.7345,23.7345,23.7345,425,0
VHC.US,5,20251120,195500,23.3201,23.3201,23.3201,23.3201,156,0
VHC.US,5,20251120,203000,24.24,24.24,23.46,23.47,1849,0
VHC.US,5,20251120,212000,22.6825,22.6825,22.6825,22.6825,100,0
VHC.US,5,20251121,153000,21.79,21.79,21.79,21.79,113,0
VHC.US,5,20251121,165500,22.6,22.6,22.6,22.6,100,0
VHC.US,5,20251121,170000,22,22,21.84,21.84,200,0
VHC.US,5,20251121,170500,22.4,22.4,22.4,22.4,100,0
VHC.US,5,20251121,172000,21.56,21.56,21.56,21.56,100,0
VHC.US,5,20251121,180500,22.3135,22.3135,21.76,21.76,391,0
VHC.US,5,20251121,185000,22.33,22.33,22.33,22.33,108,0
VHC.US,5,20251121,190000,22.05,22.05,22.05,22.05,919,0
VHC.US,5,20251121,211000,21.76,21.76,21.76,21.76,100,0
VHC.US,5,20251124,153000,21.61,21.61,21.61,21.61,272,0
VHC.US,5,20251124,154000,21.5,21.7,21.5,21.5,2209,0
VHC.US,5,20251124,160500,21.76,21.76,21.76,21.76,100,0
VHC.US,5,20251124,161000,21.75,21.75,21.75,21.75,100,0
VHC.US,5,20251124,162500,21.745,21.745,21.745,21.745,229,0
VHC.US,5,20251124,165000,21.5,21.5,21.5,21.5,2121,0
VHC.US,5,20251124,181500,21.64,21.64,21.64,21.64,100,0
VHC.US,5,20251124,184000,21.245,21.551,21.01,21.01,1623,0
VHC.US,5,20251124,184500,20.72,21.23,20.72,21.22,728,0
VHC.US,5,20251124,185000,20.79,20.79,20.79,20.79,100,0
VHC.US,5,20251124,195500,21.8261,21.8261,21.8261,21.8261,250,0
VHC.US,5,20251124,200000,20.82,20.89,20.82,20.89,200,0
VHC.US,5,20251124,202500,21.23,21.23,20.84,20.84,500,0
VHC.US,5,20251124,210500,20.815,20.815,20.815,20.815,100,0
VHC.US,5,20251124,212500,20.92,20.92,20.92,20.92,100,0
VHC.US,5,20251124,214000,20.86,20.86,20.85,20.85,1607,0
VHC.US,5,20251124,214500,20.85,20.9,20.31,20.5494,2220,0
VHC.US,5,20251124,215000,20.22,20.22,20.22,20.22,100,0
VHC.US,5,20251125,153000,20.02,20.02,20.02,20.02,861,0
VHC.US,5,20251125,155000,21.77,21.77,21.77,21.77,100,0
VHC.US,5,20251125,160500,20.755,21,20.755,21,986,0
VHC.US,5,20251125,163000,21.9151,22.31,21.9151,22.31,2312,0
VHC.US,5,20251125,163500,21.06,21.06,20.79,20.79,273,0
VHC.US,5,20251125,165000,21.495,21.495,21.495,21.495,100,0
VHC.US,5,20251125,165500,21.8,21.8,21.8,21.8,100,0
VHC.US,5,20251125,172000,21.5,21.575,21.5,21.575,957,0
VHC.US,5,20251125,183000,21.55,21.55,21.55,21.55,100,0
VHC.US,5,20251125,201500,21.79,21.79,21.79,21.79,100,0
VHC.US,5,20251125,202000,21.8,21.8,21.8,21.8,100,0
VHC.US,5,20251125,202500,22.21,22.22,22.1829,22.22,830,0
VHC.US,5,20251125,205500,22.8507,22.8507,22.7866,22.7866,1129,0
VHC.US,5,20251125,210000,22.7866,22.7866,22.7866,22.7866,280,0
VHC.US,5,20251125,214000,22.41,22.41,22.41,22.41,100,0
VHC.US,5,20251125,215500,23.23,23.23,23.23,23.23,104,0
VHC.US,5,20251126,160000,22.88,22.88,22.725348,22.75457,2850,0
VHC.US,5,20251126,162500,22.98,22.98,22.3331,22.3331,200,0
VHC.US,5,20251126,164000,22.5966,22.5966,22.5966,22.5966,100,0
VHC.US,5,20251126,185000,22.7302,22.7302,22.7302,22.7302,100,0
VHC.US,5,20251126,192000,22.7,22.7,22.7,22.7,1337,0
VHC.US,5,20251126,211000,23.8151,23.8151,23.8151,23.8151,200,0
VHC.US,5,20251128,153000,21.8,22.8,21.8,22.8,421,0
VHC.US,5,20251128,155000,22.755,22.755,22.755,22.755,161,0
VHC.US,5,20251128,165000,22.5,22.5,22.5,22.5,100,0
VHC.US,5,20251128,185500,21.83,21.83,21.83,21.83,100,0
VHC.US,5,20251128,190000,22.15,22.15,22.15,22.15,104,0
VHC.US,5,20251201,153000,21.26,21.26,21.26,21.26,381,0
VHC.US,5,20251201,162500,22.7442,22.7442,22.7442,22.7442,245,0
VHC.US,5,20251201,164000,23.48,23.7,23.48,23.7,1138,0
VHC.US,5,20251201,170500,22.11,22.33,21.71,21.73,1156,0
VHC.US,5,20251201,174000,22.415,22.415,22.415,22.415,100,0
VHC.US,5,20251201,174500,22.11,22.11,22.11,22.11,100,0
VHC.US,5,20251201,195500,22.58,22.58,22.58,22.58,250,0
VHC.US,5,20251201,213000,22,22,22,22,250,0
VHC.US,5,20251201,215500,21.5,21.5,21.5,21.5,787,0
VHC.US,5,20251202,153000,21.1,21.1,21.1,21.1,710,0
VHC.US,5,20251202,164000,21.11,21.11,21.11,21.11,100,0
VHC.US,5,20251202,165000,21.19,21.19,21.19,21.19,100,0
VHC.US,5,20251202,170500,21.15,21.2,20.79,20.79,2372,0
VHC.US,5,20251202,171000,19.72,19.72,19.72,19.72,155,0
VHC.US,5,20251202,171500,21.3,21.3,21.3,21.3,500,0
VHC.US,5,20251202,183000,20.26,20.45,19.62,19.91,4902,0
VHC.US,5,20251202,184500,19.65,20.36,19.61,20.36,1299,0
VHC.US,5,20251202,193500,20.25,20.26,20.24,20.26,300,0
VHC.US,5,20251202,195000,20,20,20,20,595,0
VHC.US,5,20251202,195500,20.05,20.05,20.05,20.05,100,0
VHC.US,5,20251202,215500,19.2,19.2,19.2,19.2,100,0
VHC.US,5,20251203,164000,20.05,20.05,20.0001,20.0001,927,0
VHC.US,5,20251203,164500,19.6402,20.355,19.33,20.1604,4119,0
VHC.US,5,20251203,165000,19.95,20.78,19.7,20.78,1955,0
VHC.US,5,20251203,173500,19.5013,19.5013,19.5013,19.5013,314,0
VHC.US,5,20251203,174000,20,20,20,20,125,0
VHC.US,5,20251203,193000,20.05,20.05,20.05,20.05,100,0
VHC.US,5,20251203,214000,20.05,20.05,20.05,20.05,192,0
VHC.US,5,20251203,214500,19.6,20.14,19.6,19.9764,1675,0
VHC.US,5,20251203,215000,19.83,19.995,19.82,19.87,1125,0
VHC.US,5,20251203,215500,19.55,19.55,19.55,19.55,100,0
VHC.US,5,20251204,153000,20.2,20.2,20.2,20.2,104,0
VHC.US,5,20251204,154500,19.9919,19.9919,19.9919,19.9919,210,0
VHC.US,5,20251204,162000,20,20,20,20,100,0
VHC.US,5,20251204,175500,19.5,19.5,19.5,19.5,100,0
VHC.US,5,20251204,190000,19.5,19.5,19.5,19.5,171,0
VHC.US,5,20251204,190500,19.5,19.5,19.5,19.5,135,0
VHC.US,5,20251204,195500,19.25,19.25,19.08,19.1629,2227,0
VHC.US,5,20251204,210500,18.5,18.51,18.13,18.15,2135,0
VHC.US,5,20251204,213000,19.1099,19.11,18.81,19.11,3062,0
VHC.US,5,20251205,153000,18.46,18.46,18.46,18.46,100,0
VHC.US,5,20251205,160000,19.04,19.855,18.87,19.85,4373,0
VHC.US,5,20251205,160500,19.21,19.6543,19.0301,19.6543,9646,0
VHC.US,5,20251205,161500,19.32,19.55,19,19.35,3671,0
VHC.US,5,20251205,162000,19.05,19.05,18.878,19.05,351,0
VHC.US,5,20251205,175500,18.81,18.81,18.76,18.76,282,0
VHC.US,5,20251205,180000,18.625,18.65,18.5775,18.6,1430,0
VHC.US,5,20251205,181500,18.66,18.67,18.55,18.67,300,0
VHC.US,5,20251205,182000,18.75,18.75,18.75,18.75,200,0
VHC.US,5,20251205,182500,18.99,19.12,18.99,18.99,401,0
VHC.US,5,20251205,194000,19.15,19.15,19.15,19.15,553,0
VHC.US,5,20251205,195000,19.15,19.15,19.15,19.15,100,0
VHC.US,5,20251205,195500,18.96,18.96,18.96,18.96,100,0
VHC.US,5,20251205,200000,19.05,19.13,19.04,19.13,600,0
VHC.US,5,20251205,203000,19.235,19.235,19.235,19.235,121,0
VHC.US,5,20251205,210500,18.97,18.97,18.97,18.97,100,0
VHC.US,5,20251205,214000,18.52,18.52,18.52,18.52,100,0
VHC.US,5,20251205,215500,18.39,18.555,18.22,18.555,401,0
VHC.US,5,20251208,153000,18.21,18.21,18.21,18.21,467,0
VHC.US,5,20251208,163000,18.4487,18.97,18.4487,18.76,3442,0
VHC.US,5,20251208,165500,19.02,19.02,19.01,19.01,200,0
VHC.US,5,20251208,174500,19.48,19.48,19.48,19.48,500,0
VHC.US,5,20251208,184500,19.01,19.01,19.01,19.01,100,0
VHC.US,5,20251208,185000,19.3,19.3,19.097,19.097,200,0
VHC.US,5,20251208,192500,19.01,19.01,19.01,19.01,100,0
VHC.US,5,20251208,215000,19.25,19.25,19.25,19.25,482,0
VHC.US,5,20251209,153000,18.79,18.79,18.79,18.79,105,0
VHC.US,5,20251209,160000,18.91,19.37,18.91,19.37,1020,0
VHC.US,5,20251209,160500,19.37,19.37,19.37,19.37,500,0
VHC.US,5,20251209,161000,19.6,19.6,19.5,19.6,560,0
VHC.US,5,20251209,161500,19.4,19.4,19.4,19.4,100,0
VHC.US,5,20251209,163000,19.59,19.8,19.59,19.79,400,0
VHC.US,5,20251209,163500,19.65,19.65,19.65,19.65,400,0
VHC.US,5,20251209,164000,20.19,20.2,20.19,20.2,500,0
VHC.US,5,20251209,164500,19.99,19.99,19.99,19.99,100,0
VHC.US,5,20251209,165000,19.9,19.9,19.9,19.9,400,0
VHC.US,5,20251209,165500,20.01,20.01,20.01,20.01,100,0
VHC.US,5,20251209,184000,20.65,20.7,20.65,20.7,200,0
VHC.US,5,20251209,192000,20.455,20.455,20.455,20.455,100,0
VHC.US,5,20251209,212500,20.9,20.9,20.9,20.9,208,0
VHC.US,5,20251209,215000,21.31,21.31,21.31,21.31,100,0
VHC.US,5,20251209,215500,22.13,22.27,22.03,22.03,686,0
VHC.US,5,20251210,153000,21.09,21.4477,21.09,21.4477,380,0
VHC.US,5,20251210,154500,19.448,19.448,19.448,19.448,100,0
VHC.US,5,20251210,162500,21.3,21.3,21.3,21.3,176,0
VHC.US,5,20251210,163500,21,21.74,21,21.2899,5737,0
VHC.US,5,20251210,165500,20.85,20.85,20.85,20.85,100,0
VHC.US,5,20251210,183500,21.345,21.345,21.345,21.345,100,0
VHC.US,5,20251210,185000,21.11,21.17,21.1,21.15,502,0
VHC.US,5,20251210,192500,21.32,21.355,21.32,21.355,200,0
VHC.US,5,20251210,195000,21.29,21.29,21.29,21.29,102,0
VHC.US,5,20251210,200000,21.5,21.5,21.5,21.5,100,0
VHC.US,5,20251210,213000,21.75,21.75,21.75,21.75,100,0
VHC.US,5,20251210,214500,21.675,21.675,21.675,21.675,100,0
VHC.US,5,20251210,215000,21.675,21.675,21.675,21.675,100,0
VHC.US,5,20251210,215500,21.4,21.4,21.24,21.24,230,0
VHC.US,5,20251211,153000,20.59,20.59,19.1323,19.1323,2014,0
VHC.US,5,20251211,154500,20.9,21.17,20.535848,20.6,900,0
VHC.US,5,20251211,204000,20.51,20.51,20.51,20.51,100,0
VHC.US,5,20251211,205500,19.9101,19.9101,19.9101,19.9101,925,0
VHC.US,5,20251211,211500,20.535,20.535,20.535,20.535,100,0
VHC.US,5,20251211,212000,20.535,20.535,20.535,20.535,100,0
VHC.US,5,20251211,215500,20.24,20.24,20.24,20.24,160,0
VHC.US,5,20251212,153000,19.63,19.63,19.63,19.63,100,0
VHC.US,5,20251212,171500,19.2893,19.9756,19.2893,19.7,2600,0
VHC.US,5,20251212,172000,19.8579,19.9108,19.32,19.32,2579,0
VHC.US,5,20251212,172500,19.5,19.5,19.32,19.32,1100,0
VHC.US,5,20251212,173000,19.085,19.085,19,19,1316,0
VHC.US,5,20251212,173500,19,19,19,19,167,0
VHC.US,5,20251212,174000,19.135,19.135,19,19,1021,0
VHC.US,5,20251212,175000,19.1999,19.1999,19.1999,19.1999,1982,0
VHC.US,5,20251212,175500,19.18,19.72,19.12,19.12,4998,0
VHC.US,5,20251212,194500,19.3594,19.36,19.3594,19.36,200,0
VHC.US,5,20251212,200500,19.365,19.365,19.365,19.365,100,0
VHC.US,5,20251212,201000,19.12,19.15,19,19,1506,0
VHC.US,5,20251212,201500,19.073,19.2,19,19,3238,0
VHC.US,5,20251212,202000,19,19.24,19,19.24,1100,0
VHC.US,5,20251212,205000,19,19,19,19,450,0
VHC.US,5,20251212,205500,18.88,18.95,18.83,18.9,500,0
VHC.US,5,20251212,215000,18.68,18.68,18.68,18.68,100,0
VHC.US,5,20251212,215500,18.895,18.895,18.71,18.71,200,0
VHC.US,5,20251215,153000,18.813314,18.813314,18.813314,18.813314,500,0
VHC.US,5,20251215,155500,18.6457,18.74,18.48,18.5579,2955,0
VHC.US,5,20251215,160000,18.645,19.01,18.4,18.5,6659,0
VHC.US,5,20251215,161500,18.21,18.21,18.21,18.21,142,0
VHC.US,5,20251215,162000,18.13,18.13,18.09,18.09,1300,0
VHC.US,5,20251215,163000,18.5,18.5,18.5,18.5,200,0
VHC.US,5,20251215,181500,17.35,17.35,17.35,17.35,990,0
VHC.US,5,20251215,192000,18.75,18.75,18.75,18.75,100,0
VHC.US,5,20251215,194000,18.22,18.22,18.22,18.22,100,0
VHC.US,5,20251215,200000,18.4234,18.4234,18.4234,18.4234,110,0
VHC.US,5,20251215,210500,18.18,18.18,18.18,18.18,100,0
VHC.US,5,20251215,212000,18.1,18.1,18.1,18.1,300,0
VHC.US,5,20251215,215500,18.02,18.185,18.02,18.185,855,0
VHC.US,5,20251216,160000,18.375,18.375,18.375,18.375,100,0
VHC.US,5,20251216,162000,17.9499,18.39,17.66,18.39,2800,0
VHC.US,5,20251216,162500,18.2309,18.2309,18.12,18.143,950,0
VHC.US,5,20251216,181500,17.3101,17.3101,17.3101,17.3101,250,0
VHC.US,5,20251216,183000,18.18,18.18,18.18,18.18,100,0
VHC.US,5,20251216,194500,18.225,18.225,18.225,18.225,175,0
VHC.US,5,20251216,200000,18.06,18.06,18.06,18.06,100,0
VHC.US,5,20251216,204500,18.1234,18.1234,18.1234,18.1234,500,0
VHC.US,5,20251216,210000,18.5,18.55,18.5,18.55,500,0
VHC.US,5,20251216,210500,18.9,19,18.9,19,400,0
VHC.US,5,20251216,211000,18.99,19.17,18.895,19.065,1373,0
VHC.US,5,20251216,215000,19.235,19.235,19.235,19.235,200,0
VHC.US,5,20251216,215500,19.235,19.235,18.61,18.61,378,0
VHC.US,5,20251217,164500,17.56,18.405,17.56,18.1757,7138,0
VHC.US,5,20251217,165000,18.2785,18.57,17.8062,18.19,9756,0
VHC.US,5,20251217,173000,18.01,18.01,18.01,18.01,100,0
VHC.US,5,20251217,180500,18,18.01,18,18,441,0
VHC.US,5,20251217,182500,18.0656,18.0656,18.0656,18.0656,1000,0
VHC.US,5,20251217,184000,17.85,17.9,17.73,17.9,700,0
VHC.US,5,20251217,184500,17.74,18.61,17.72,18,10188,0
VHC.US,5,20251217,185000,18.18,18.61,17.83,18.1499,16760,0
VHC.US,5,20251217,185500,18.0131,18.3421,17.95,18.12,8607,0
VHC.US,5,20251217,192000,18.17,18.17,18.17,18.17,193,0
VHC.US,5,20251217,210000,17.98,18.18,17.7501,17.7501,1761,0
VHC.US,5,20251217,211500,18.1125,18.8155,17.73,18.7951,8251,0
VHC.US,5,20251217,212000,18.59,18.65,18.11,18.65,3492,0
VHC.US,5,20251217,212500,18.68,18.7151,18.4,18.5,3208,0
VHC.US,5,20251217,214500,17.84,18.7799,17.84,18.2471,4707,0
VHC.US,5,20251217,215000,18.2,18.2,17.5994,17.68,6544,0
VHC.US,5,20251217,215500,17.42,18.16,17.42,18.16,403,0
VHC.US,5,20251218,153000,18.12,18.12,18.12,18.12,144,0
VHC.US,5,20251218,160000,18.135,18.135,18.135,18.135,110,0
VHC.US,5,20251218,170000,17.49,17.49,17.49,17.49,100,0
VHC.US,5,20251218,174000,18.1115,18.1115,18.1115,18.1115,250,0
VHC.US,5,20251218,175000,17.595,17.595,17.59,17.59,200,0
VHC.US,5,20251218,183500,17.62,17.62,17.62,17.62,100,0
VHC.US,5,20251218,184000,17.6189,17.6189,17.6189,17.6189,500,0
VHC.US,5,20251218,190000,17.6,17.6,17.6,17.6,175,0
VHC.US,5,20251218,190500,17.59,17.59,17.59,17.59,100,0
VHC.US,5,20251218,191500,17.71,17.71,17.71,17.71,100,0
VHC.US,5,20251218,193000,17.6337,17.6337,17.6337,17.6337,300,0
VHC.US,5,20251218,195000,17.31,17.31,17.31,17.31,114,0
VHC.US,5,20251218,200500,17.715,17.715,17.715,17.715,100,0
VHC.US,5,20251218,201500,17.5,17.5,17.5,17.5,177,0
VHC.US,5,20251218,205000,17.41,17.715,17.41,17.715,700,0
VHC.US,5,20251218,205500,17.715,17.715,17.715,17.715,1000,0
VHC.US,5,20251218,211000,17.75,17.75,17.75,17.75,100,0
VHC.US,5,20251218,215500,17.81,17.81,17.81,17.81,100,0
VHC.US,5,20251219,153000,17.62,17.62,17.62,17.62,127,0
VHC.US,5,20251219,153500,17.39,17.8439,16.9286,17.0999,3894,0
VHC.US,5,20251219,154500,17.1502,17.4983,17.1502,17.1728,1400,0
VHC.US,5,20251219,155000,17.15,17.4254,16.48,17.2399,3000,0
VHC.US,5,20251219,162000,17.28,17.28,17.28,17.28,100,0
VHC.US,5,20251219,170500,17.7096,17.805,17.31,17.5511,2500,0
VHC.US,5,20251219,171000,17.05,17.84,17,17.45,5566,0
VHC.US,5,20251219,181000,17.39,17.39,17.39,17.39,100,0
VHC.US,5,20251219,192000,17.53,17.53,17.53,17.53,112,0
VHC.US,5,20251219,203000,17.84,17.84,17.84,17.84,100,0
VHC.US,5,20251219,203500,17.95,18.12,17.8251,17.96,2006,0
VHC.US,5,20251219,204000,18.2262,18.32,17.88,18.14,3372,0
VHC.US,5,20251219,204500,18.1,18.2579,18.1,18.2579,600,0
VHC.US,5,20251219,211000,17.5001,17.5001,17.5001,17.5001,440,0
VHC.US,5,20251219,213000,18,18,18,18,100,0
VHC.US,5,20251219,214000,18.245,18.245,18.245,18.245,100,0
VHC.US,5,20251219,215500,18.25,18.25,18.25,18.25,366,0
VHC.US,5,20251222,153000,18.28,18.28,18.28,18.28,316,0
VHC.US,5,20251222,154000,16.8022,16.8022,16.8022,16.8022,171,0
VHC.US,5,20251222,155000,17.99,18,17.5942,17.6646,2518,0
VHC.US,5,20251222,155500,17.9,18.5,17.73,18.1992,8537,0
VHC.US,5,20251222,160000,18.5,18.9157,18.5,18.9157,1127,0
VHC.US,5,20251222,160500,18.315,19.16,18.28,18.71,5187,0
VHC.US,5,20251222,161000,18.26,18.6128,18.26,18.3599,1200,0
VHC.US,5,20251222,174000,18.2,18.2,18.2,18.2,1081,0
VHC.US,5,20251222,181500,17.2,17.2,17.2,17.2,100,0
VHC.US,5,20251222,182000,17.5951,17.5951,17.5951,17.5951,268,0
VHC.US,5,20251222,183000,17.6,17.6,17.11,17.11,200,0
VHC.US,5,20251222,183500,17.25,17.25,17.25,17.25,100,0
VHC.US,5,20251222,185500,17,17,17,17,100,0
VHC.US,5,20251222,191000,17.2192,17.2499,16.56,17.135,1878,0
VHC.US,5,20251222,191500,17.2956,17.2956,16.82,16.944,4000,0
VHC.US,5,20251222,192000,17.2383,17.2383,17.2383,17.2383,600,0
VHC.US,5,20251222,192500,17.28,17.28,17.28,17.28,1878,0
VHC.US,5,20251222,193500,17.11,17.11,17.11,17.11,100,0
VHC.US,5,20251222,204500,17.25,17.61,17.11,17.11,1270,0
VHC.US,5,20251222,205500,17.1,17.1,17.1,17.1,100,0
VHC.US,5,20251222,210500,17.1,17.1,17.1,17.1,100,0
VHC.US,5,20251222,211000,17.425,17.425,17.1,17.1,200,0
VHC.US,5,20251222,211500,17.425,17.425,17.425,17.425,100,0
VHC.US,5,20251222,213500,17.334,17.334,17.334,17.334,907,0
VHC.US,5,20251222,214000,17.425,17.425,17.425,17.425,100,0
VHC.US,5,20251222,214500,17.415,17.415,17.415,17.415,100,0
VHC.US,5,20251222,215000,17.1,17.1,17,17,2049,0
VHC.US,5,20251222,215500,16.81,16.856,16.81,16.856,346,0
VHC.US,5,20251223,155000,17.72,17.72,17.72,17.72,100,0
VHC.US,5,20251223,155500,16.32,16.32,16.32,16.32,100,0
VHC.US,5,20251223,160500,16.865,16.865,16.56,16.56,783,0
VHC.US,5,20251223,161000,16.64,16.93,16.4,16.8,4309,0
VHC.US,5,20251223,161500,16.57,16.65,16.57,16.65,350,0
VHC.US,5,20251223,162500,16.78,16.78,16.78,16.78,144,0
VHC.US,5,20251223,174000,16.9999,16.9999,16.9999,16.9999,1000,0
VHC.US,5,20251223,180500,16.78,16.78,16.78,16.78,200,0
VHC.US,5,20251223,181000,17,17,17,17,500,0
VHC.US,5,20251223,185000,17.5,17.5,17.5,17.5,149,0
VHC.US,5,20251223,194000,18,18,18,18,200,0
VHC.US,5,20251223,194500,17.825,17.825,17.825,17.825,100,0
VHC.US,5,20251223,204500,17.52,17.52,17.52,17.52,270,0
VHC.US,5,20251223,205000,17.52,17.5201,17.52,17.5201,860,0
VHC.US,5,20251223,214000,17.21,17.21,17.21,17.21,185,0
VHC.US,5,20251223,215500,17.3,17.356,17.3,17.31,565,0
VHC.US,5,20251224,153000,17.45,18,17.45,18,567,0
VHC.US,5,20251224,155000,17.95,18.38,17.68,18.1899,3440,0
VHC.US,5,20251224,155500,18.4,18.4,17.865,17.865,1300,0
VHC.US,5,20251224,160000,18.2999,18.4801,17.6673,17.6673,3934,0
VHC.US,5,20251224,162500,18.02,18.02,18.02,18.02,192,0
VHC.US,5,20251224,163000,18.15,18.15,18.15,18.15,200,0
VHC.US,5,20251224,165000,17.5452,17.5452,17.5452,17.5452,542,0
VHC.US,5,20251224,165500,17.9435,18.31,17.9334,18.19,6269,0
VHC.US,5,20251224,170000,18.182,18.182,17.6965,17.6965,1900,0
VHC.US,5,20251224,184500,17.6301,17.6301,17.6301,17.6301,2485,0
VHC.US,5,20251224,185000,18.07,18.07,18.07,18.07,100,0
VHC.US,5,20251224,185500,18.43,18.43,18.43,18.43,177,0
VHC.US,5,20251226,161500,18.32,18.32,18.16,18.16,670,0
VHC.US,5,20251226,162000,18.23,18.3,18.035,18.155,2650,0
VHC.US,5,20251226,162500,18.2,18.6124,18.2,18.5201,7374,0
VHC.US,5,20251226,163000,18.1,18.22,17.8434,18.22,5484,0
VHC.US,5,20251226,163500,18.175,18.4104,18,18.07,4466,0
VHC.US,5,20251226,164000,17.85,18.1399,17.85,18.04,1295,0
VHC.US,5,20251226,171000,17.65,17.7,17.65,17.7,200,0
VHC.US,5,20251226,171500,17.5279,18.32,17.5279,18.2588,11567,0
VHC.US,5,20251226,172000,17.8052,18.2926,17.58,17.97,11803,0
VHC.US,5,20251226,172500,18.15,18.3,17.335,17.75,14267,0
VHC.US,5,20251226,173000,17.6,17.875,17.6,17.7,5893,0
VHC.US,5,20251226,183500,18,18.11,18,18.11,1550,0
VHC.US,5,20251226,201000,17.935,18.36,17.935,18.36,800,0
VHC.US,5,20251226,202000,17.5001,17.5001,17.5001,17.5001,702,0
VHC.US,5,20251226,202500,18.26,18.26,18.26,18.26,100,0
VHC.US,5,20251226,215500,17.63,18,17.63,18,513,0
VHC.US,5,20251229,153000,17.4,17.4,17.4,17.4,603,0
VHC.US,5,20251229,154000,17.83,17.954,17.83,17.954,600,0
VHC.US,5,20251229,154500,18.25,18.25,17.002,17.76,2400,0
VHC.US,5,20251229,155500,17.98,17.98,17.035,17.57,7329,0
VHC.US,5,20251229,160000,17.42,17.61,17.26,17.48,2600,0
VHC.US,5,20251229,160500,17.5928,17.5928,17.505,17.505,700,0
VHC.US,5,20251229,165000,17.0609,17.0609,17.0609,17.0609,150,0
VHC.US,5,20251229,165500,17.315,17.315,17.315,17.315,150,0
VHC.US,5,20251229,170000,17.0071,17.0071,17.0071,17.0071,150,0
VHC.US,5,20251229,171500,17.3675,17.3675,17.3675,17.3675,100,0
VHC.US,5,20251229,190500,17.14,17.14,17.14,17.14,100,0
VHC.US,5,20251229,191000,17.1,17.1,17.1,17.1,1000,0
VHC.US,5,20251229,192500,17,17,17,17,100,0
VHC.US,5,20251229,204000,16.8901,16.8901,16.89,16.89,400,0
VHC.US,5,20251229,204500,17.005,17.005,17.005,17.005,200,0
VHC.US,5,20251229,210000,17.005,17.005,17.005,17.005,200,0
VHC.US,5,20251229,213500,17.01,17.2,17.01,17.2,700,0
VHC.US,5,20251229,214500,16.89,16.89,16.89,16.89,100,0
VHC.US,5,20251229,215500,16.9,17.29,16.9,17.29,341,0
VHC.US,5,20251230,154500,17.38,17.38,17.38,17.38,179,0
VHC.US,5,20251230,155500,17.81,17.8999,17.6638,17.7,3289,0
VHC.US,5,20251230,160000,17.75,18.15,17.12,17.4,7374,0
VHC.US,5,20251230,160500,17.495,17.495,17.18,17.18,1879,0
VHC.US,5,20251230,161500,17.19,17.19,17.19,17.19,100,0
VHC.US,5,20251230,163500,17.245,17.245,17.245,17.245,100,0
VHC.US,5,20251230,170500,17.3,17.3,17.3,17.3,100,0
VHC.US,5,20251230,182000,17.15,18.07,17.06,17.73,10704,0
VHC.US,5,20251230,182500,17.69,17.91,16.85,17.6622,21548,0
VHC.US,5,20251230,183000,17.66,18.17,17.62,17.76,4798,0
VHC.US,5,20251230,183500,17.74,18.085,17.48,17.55,16078,0
VHC.US,5,20251230,184000,17.41,17.92,17.22,17.4636,14460,0
VHC.US,5,20251230,184500,17.5,17.76,17.22,17.275,11000,0
VHC.US,5,20251230,194500,17.21,17.21,17.21,17.21,100,0
VHC.US,5,20251230,195000,17.19,17.19,17.18,17.18,200,0
VHC.US,5,20251230,195500,17.15,17.15,17.14,17.14,400,0
VHC.US,5,20251230,205500,17.11,17.11,17.11,17.11,100,0
VHC.US,5,20251230,210500,17.09,17.09,17.09,17.09,100,0
VHC.US,5,20251230,211500,16.87,16.87,16.87,16.87,100,0
VHC.US,5,20251230,214000,17.215,17.215,17.215,17.215,150,0
VHC.US,5,20251230,214500,17.0001,17.0001,16.87,17,693,0
VHC.US,5,20251230,215000,17.03,17.03,16.88,17,550,0
VHC.US,5,20251230,215500,16.92,17.047,16.84,17.047,1347,0
VHC.US,5,20251231,153000,16.81,16.81,16.81,16.81,721,0
VHC.US,5,20251231,155500,17.36,17.8987,17.25,17.774,6500,0
VHC.US,5,20251231,160000,17.8979,17.8979,17.5,17.72,4777,0
VHC.US,5,20251231,160500,17.9,18.45,16.8101,17.1001,11161,0
VHC.US,5,20251231,161000,17.0101,17.47,16.78,17.1497,13379,0
VHC.US,5,20251231,161500,17.45,17.685,17,17.16,10894,0
VHC.US,5,20251231,162000,17.27,17.27,17.27,17.27,100,0
VHC.US,5,20251231,164500,17.1101,17.1102,17.0001,17.09,4743,0
VHC.US,5,20251231,171500,17.13,17.13,17.13,17.13,140,0
VHC.US,5,20251231,174000,17.005,17.005,17.005,17.005,100,0
VHC.US,5,20251231,175000,16.87,16.87,16.87,16.87,100,0
VHC.US,5,20251231,175500,16.87,16.87,16.68,16.855,300,0
VHC.US,5,20251231,181000,17.1499,17.1499,16.77,16.77,300,0
VHC.US,5,20251231,181500,16.76,16.76,16.76,16.76,300,0
VHC.US,5,20251231,182000,16.875,16.875,16.875,16.875,100,0
VHC.US,5,20251231,190500,16.73,16.91,16.557,16.785,3592,0
VHC.US,5,20251231,191000,16.855,17.12,16.855,17.12,200,0
VHC.US,5,20251231,191500,17.12,17.12,17.12,17.12,100,0
VHC.US,5,20251231,194000,16.68,16.68,16.65,16.65,200,0
VHC.US,5,20251231,194500,16.68,16.68,16.62,16.62,200,0
VHC.US,5,20251231,195000,16.875,16.875,16.875,16.875,100,0
VHC.US,5,20251231,202000,16.75,16.75,16.75,16.75,100,0
VHC.US,5,20251231,205500,16.75,16.75,16.75,16.75,200,0
VHC.US,5,20251231,212500,16.76,16.76,16.6301,16.6301,920,0
VHC.US,5,20251231,213500,16.79,16.8,16.79,16.8,200,0
VHC.US,5,20251231,214500,16.6501,16.9001,16.6501,16.9001,919,0
VHC.US,5,20251231,215000,16.67,16.67,16.58,16.58,1840,0
VHC.US,5,20251231,215500,16.6595,16.715,16.6595,16.69,631,0
VHC.US,5,20260102,153000,17.48,17.48,17.48,17.48,100,0
VHC.US,5,20260102,154000,17.63,17.63,17.62,17.62,252,0
VHC.US,5,20260102,155000,17.41,17.45,17.2267,17.45,1500,0
VHC.US,5,20260102,155500,17.3654,17.38,16.76,17.01,5007,0
VHC.US,5,20260102,165500,16.6621,17,16.6614,17,1567,0
VHC.US,5,20260102,170000,16.96,16.96,16.96,16.96,200,0
VHC.US,5,20260102,173000,17.245,17.245,17.03,17.03,1372,0
VHC.US,5,20260102,173500,17.03,17.03,17.03,17.03,200,0
VHC.US,5,20260102,181500,16.8664,17.02,16.76,16.92,1054,0
VHC.US,5,20260102,182000,16.9612,17.03,16.9,16.9901,1895,0
VHC.US,5,20260102,190000,17.2,17.82,17.1842,17.82,6211,0
VHC.US,5,20260102,190500,17.4755,17.4755,16.96,17.2,18635,0
VHC.US,5,20260102,191000,17.3,17.3666,17.29,17.3666,3100,0
VHC.US,5,20260102,215000,17.36,17.36,17.36,17.36,100,0
VHC.US,5,20260102,215500,17.21,17.21,17.21,17.21,284,0
VHC.US,5,20260105,160000,17.49,17.64,17.34,17.64,680,0
VHC.US,5,20260105,160500,17.65,17.65,17.62,17.62,200,0
VHC.US,5,20260105,162500,17.2616,17.2616,17.2616,17.2616,200,0
VHC.US,5,20260105,165500,17.7429,17.935,17.52,17.79,4072,0
VHC.US,5,20260105,170000,17.8,18.38,17.66,17.85,3111,0
VHC.US,5,20260105,171500,17.7002,17.7002,17.7002,17.7002,100,0
VHC.US,5,20260105,184500,18.2,18.38,17.8188,18.26,13174,0
VHC.US,5,20260105,185000,18.2,18.5,18.1031,18.47,12177,0
VHC.US,5,20260105,190500,18.4752,18.76,18.26,18.3,15370,0
VHC.US,5,20260105,191000,18.4499,18.5244,18.01,18.3,6012,0
VHC.US,5,20260105,192500,18.33,18.33,18.33,18.33,102,0
VHC.US,5,20260105,215500,18.275,18.275,18.095,18.095,2056,0
VHC.US,5,20260106,153000,18.02,18.02,18.02,18.02,118,0
VHC.US,5,20260106,155000,17.3958,18.0327,17.3958,17.8,3731,0
VHC.US,5,20260106,155500,17.775,17.97,17.6,17.6,2794,0
VHC.US,5,20260106,160000,17.455,17.66,17.4,17.4,500,0
VHC.US,5,20260106,160500,17.25,17.25,17.25,17.25,167,0
VHC.US,5,20260106,162500,17.5,17.73,17.495,17.68,3351,0
VHC.US,5,20260106,163000,17.7,18.26,17.515,17.515,3178,0
VHC.US,5,20260106,164000,17.68,17.9,17.5361,17.5361,1508,0
VHC.US,5,20260106,165000,18.1936,18.1936,18.1936,18.1936,500,0
VHC.US,5,20260106,165500,18,18,17.47,17.47,400,0
VHC.US,5,20260106,170000,18.3768,18.3768,17.6588,18.02,1200,0
VHC.US,5,20260106,182000,18.2,18.2,18.2,18.2,100,0
VHC.US,5,20260106,182500,18.2,18.2,18.2,18.2,100,0
VHC.US,5,20260106,191000,18.2,18.2,18.15,18.16,627,0
VHC.US,5,20260106,211000,18.16,18.31,17.995,18.31,800,0
VHC.US,5,20260106,212500,18.2599,18.26,18.25,18.25,800,0
VHC.US,5,20260106,213000,18.3541,18.384976,18.25,18.25,1100,0
VHC.US,5,20260106,213500,18.15,18.4349,18.1398,18.29,1787,0
VHC.US,5,20260106,214500,18.29,18.29,18.29,18.29,100,0
VHC.US,5,20260106,215500,18.45,18.45,18.31,18.31,720,0
VHC.US,5,20260107,161000,18.46,18.54,18.46,18.54,200,0
VHC.US,5,20260107,161500,18.37,18.89,18.338,18.7002,6075,0
VHC.US,5,20260107,162000,18.7,19.275,18.6908,18.98,5395,0
VHC.US,5,20260107,171000,19.035,19.035,19,19,3642,0
VHC.US,5,20260107,171500,18.76,18.76,18.76,18.76,100,0
VHC.US,5,20260107,172000,18.69,18.86,18.69,18.86,1000,0
VHC.US,5,20260107,172500,18.8525,18.905,18.48,18.48,2447,0
VHC.US,5,20260107,175500,18.98,18.98,18.98,18.98,100,0
VHC.US,5,20260107,185000,18.72,18.72,18.72,18.72,105,0
VHC.US,5,20260107,192000,18.93,18.93,18.93,18.93,100,0
VHC.US,5,20260107,192500,18.9,18.9,18.9,18.9,100,0
VHC.US,5,20260107,213000,18.635,18.64,18.635,18.64,200,0
VHC.US,5,20260107,214500,18.64,18.8,18.58,18.8,1458,0
VHC.US,5,20260107,215000,18.8,18.8,18.8,18.8,443,0
VHC.US,5,20260107,215500,18.78,18.78,18.61,18.61,952,0
VHC.US,5,20260108,153500,18.75,18.8,18.75,18.8,1072,0
VHC.US,5,20260108,161500,18.255,18.255,18.255,18.255,100,0
VHC.US,5,20260108,163000,18.3,18.31,18.255,18.31,1214,0
VHC.US,5,20260108,164500,18.5,18.58,18.5,18.58,600,0
VHC.US,5,20260108,174000,18.41,18.5199,18.3207,18.4,1954,0
VHC.US,5,20260108,174500,18.55,18.71,18.53,18.55,6915,0
VHC.US,5,20260108,175000,18.51,18.51,18.51,18.51,100,0
VHC.US,5,20260108,180500,18.7,18.7,18.7,18.7,417,0
VHC.US,5,20260108,181000,19,19,18.95,19,894,0
VHC.US,5,20260108,185500,19.292,19.292,19.292,19.292,105,0
VHC.US,5,20260108,190500,19.4,19.41,19.4,19.41,502,0
VHC.US,5,20260108,194500,19.91,19.95,19.91,19.95,500,0
VHC.US,5,20260108,200500,19.6688,19.85,19.6688,19.85,800,0
VHC.US,5,20260108,201000,19.8499,20.5198,19.73,20.3,8320,0
VHC.US,5,20260108,201500,20.3931,20.4,20.06,20.3,4407,0
VHC.US,5,20260108,202000,20.4392,20.4392,19.77,20.01,10634,0
VHC.US,5,20260108,202500,20.265,20.265,19.77,19.86,15311,0
VHC.US,5,20260108,203000,19.85,20.055,19.77,19.78,10697,0
VHC.US,5,20260108,205000,19.73,19.73,19.73,19.73,200,0
VHC.US,5,20260108,212000,19.4701,19.4701,19.4701,19.4701,105,0
VHC.US,5,20260108,213000,20.295,20.295,20.295,20.295,100,0
VHC.US,5,20260108,215500,20.13,20.13,19.78,19.78,488,0
VHC.US,5,20260109,153500,18.56,18.56,18.56,18.56,100,0
VHC.US,5,20260109,154500,19.73,19.73,19.73,19.73,100,0
VHC.US,5,20260109,161500,19.19,19.61,18.872,19.61,4507,0
VHC.US,5,20260109,162000,19.73,20.04,19.71,19.865,4217,0
VHC.US,5,20260109,162500,20.22,20.295,20.0326,20.1,5049,0
VHC.US,5,20260109,163000,20.03,20.03,20.03,20.03,400,0
VHC.US,5,20260109,163500,20.26,20.26,20.26,20.26,150,0
VHC.US,5,20260109,164500,20.03,20.03,20.03,20.03,700,0
VHC.US,5,20260109,170500,20.265,20.265,20.265,20.265,100,0
VHC.US,5,20260109,172000,20.275,20.275,20.275,20.275,100,0
VHC.US,5,20260109,173500,20.48,20.48,20.24,20.24,1249,0
VHC.US,5,20260109,183500,20.21,20.21,20.21,20.21,100,0
VHC.US,5,20260109,200000,20.075,20.14,20.075,20.14,350,0
VHC.US,5,20260109,211000,19.805,19.805,19.805,19.805,100,0
VHC.US,5,20260109,214000,20.295,20.295,20.295,20.295,100,0
VHC.US,5,20260109,215500,20.115,20.31,20.115,20.13,1001,0
VHC.US,5,20260112,153500,20.15,20.15,20.15,20.15,150,0
VHC.US,5,20260112,165000,20.515,20.515,20.515,20.515,100,0
VHC.US,5,20260112,181500,20.25,20.25,20.25,20.25,100,0
VHC.US,5,20260112,185000,20,20,20,20,500,0
VHC.US,5,20260112,194500,20.2862,20.37,20.2862,20.37,640,0
VHC.US,5,20260112,202500,20.1,20.1,20.1,20.1,100,0
VHC.US,5,20260112,204500,20.15,20.15,20.15,20.15,350,0
VHC.US,5,20260112,205000,20.15,20.45,20.15,20.45,398,0
VHC.US,5,20260112,212000,20.56,20.56,20.56,20.56,100,0
VHC.US,5,20260112,215500,20.17,20.5,20.17,20.5,429,0
VHC.US,5,20260113,153000,22.44,22.44,22.44,22.44,500,0
VHC.US,5,20260113,155000,20.6917,20.6917,20.6917,20.6917,100,0
VHC.US,5,20260113,164000,20.9624,20.9624,20.9624,20.9624,700,0
VHC.US,5,20260113,171000,20.96,20.96,20.96,20.96,500,0
VHC.US,5,20260113,191500,20.76,20.76,20.76,20.76,100,0
VHC.US,5,20260113,193000,20.14,20.14,20.14,20.14,200,0
VHC.US,5,20260113,194000,20.19,20.19,20.13,20.13,589,0
VHC.US,5,20260113,194500,20.13,20.18,20.13,20.13,1481,0
VHC.US,5,20260113,204500,20.02,20.02,20.02,20.02,409,0
VHC.US,5,20260113,214500,20.55,20.55,20.55,20.55,100,0
VHC.US,5,20260113,215500,20.42,20.42,20.29,20.29,502,0
VHC.US,5,20260114,153000,20.03,20.03,20.03,20.03,107,0
VHC.US,5,20260114,160000,19.57,19.57,19.57,19.57,200,0
VHC.US,5,20260114,161500,20.47,20.47,20.47,20.47,100,0
VHC.US,5,20260114,170000,19.65,20.03,19.474,20.03,1700,0
VHC.US,5,20260114,170500,20.21,20.26,20.01,20.12,2512,0
VHC.US,5,20260114,171000,20.1,20.22,20.0601,20.0601,1895,0
VHC.US,5,20260114,172500,20.07,20.07,20.07,20.07,200,0
VHC.US,5,20260114,174000,20.47,20.5,20.47,20.5,588,0
VHC.US,5,20260114,175500,20.78,20.78,20.78,20.78,100,0
VHC.US,5,20260114,212500,20.385,20.385,20.385,20.385,300,0
VHC.US,5,20260114,214000,20.8,20.8,20.8,20.8,200,0
VHC.US,5,20260114,215500,20.725,20.83,20.63,20.63,908,0
VHC.US,5,20260115,153000,20.57,20.57,20.57,20.57,100,0
VHC.US,5,20260115,155500,20.59,20.59,20.57,20.57,200,0
VHC.US,5,20260115,160000,21.245,21.245,21.245,21.245,100,0
VHC.US,5,20260115,170500,21.44,21.44,21.44,21.44,100,0
VHC.US,5,20260115,171000,21.405,21.4225,21.405,21.4225,200,0
VHC.US,5,20260115,171500,21.5,21.5,21.46,21.5,400,0
VHC.US,5,20260115,172000,21.45,21.51,21.45,21.51,200,0
VHC.US,5,20260115,173000,21.69,21.69,21.69,21.69,100,0
VHC.US,5,20260115,185000,22.015,22.2,22.015,22.2,200,0
VHC.US,5,20260115,190500,22.5,22.54,22.5,22.54,470,0
VHC.US,5,20260115,193000,22.94,22.94,22.94,22.94,100,0
VHC.US,5,20260115,194500,22.9,22.9,22.9,22.9,100,0
VHC.US,5,20260115,202500,22.75,22.75,22.75,22.75,1000,0
VHC.US,5,20260115,205000,22.97,23,22.97,23,600,0
VHC.US,5,20260115,205500,23.24,23.24,23.24,23.24,100,0
VHC.US,5,20260115,211000,23.2,23.2,23.2,23.2,550,0
VHC.US,5,20260115,211500,23.12,23.12,23.12,23.12,100,0
VHC.US,5,20260115,212000,23.25,23.25,23.06,23.06,2142,0
VHC.US,5,20260115,212500,23.0601,23.0601,23.0601,23.0601,200,0
VHC.US,5,20260115,214500,23.35,23.35,23.35,23.35,100,0
VHC.US,5,20260115,215500,23.17,23.17,23.17,23.17,235,0
VHC.US,5,20260116,153000,23.23,23.23,22.3,22.3,218,0
VHC.US,5,20260116,154000,22.82,22.82,22.82,22.82,100,0
VHC.US,5,20260116,155000,23.5,23.5,23.5,23.5,100,0
VHC.US,5,20260116,155500,23.4695,23.4695,23.4695,23.4695,120,0
VHC.US,5,20260116,180000,23.49,23.54,23.49,23.54,200,0
VHC.US,5,20260116,181500,23.5499,23.5499,23.5499,23.5499,167,0
VHC.US,5,20260116,185000,23.54,23.54,23.54,23.54,100,0
VHC.US,5,20260116,191500,22.9,22.9,22.9,22.9,100,0
VHC.US,5,20260116,203000,23.18,23.18,23.18,23.18,182,0
VHC.US,5,20260116,204000,23.1,23.1,23.1,23.1,272,0
VHC.US,5,20260116,204500,22.92,23.02,22.8,22.8,652,0
VHC.US,5,20260116,214000,22.435,22.435,22.435,22.435,110,0
VHC.US,5,20260116,215500,22.57,22.57,22.57,22.57,2137,0
VHC.US,5,20260120,153000,22.12,22.12,22.12,22.12,172,0
VHC.US,5,20260120,160000,22.1,22.1,22.1,22.1,150,0
VHC.US,5,20260120,164000,22,22,22,22,500,0
VHC.US,5,20260120,170000,21.79,21.79,21.79,21.79,100,0
VHC.US,5,20260120,172000,21.86,21.86,21.86,21.86,111,0
VHC.US,5,20260120,192000,21.53,21.53,21.53,21.53,563,0
VHC.US,5,20260120,200000,21.55,21.55,21.55,21.55,100,0
VHC.US,5,20260120,215500,21.12,21.12,21.12,21.12,231,0
VHC.US,5,20260121,154000,21.4,21.4,21.4,21.4,416,0
VHC.US,5,20260121,155500,21.35,21.36,21.085,21.3599,1200,0
VHC.US,5,20260121,160000,21.1,22.06,21.1,21.9075,5716,0
VHC.US,5,20260121,160500,22.075,22.075,21.91,22.04,800,0
VHC.US,5,20260121,165000,21.6606,21.6606,21.6606,21.6606,200,0
VHC.US,5,20260121,170000,22.37,22.37,22.37,22.37,100,0
VHC.US,5,20260121,170500,22.39,22.4,22.39,22.4,500,0
VHC.US,5,20260121,172000,22.02,22.02,22.02,22.02,100,0
VHC.US,5,20260121,173000,22.26,22.26,22.26,22.26,100,0
VHC.US,5,20260121,180500,22.4,22.4,22.4,22.4,296,0
VHC.US,5,20260121,190500,22.02,22.67,22.02,22.67,220,0
VHC.US,5,20260121,203500,22.25,22.25,21.83,21.83,500,0
VHC.US,5,20260121,212500,21.8135,21.8141,21.8135,21.8141,980,0
VHC.US,5,20260121,215500,21.69,21.69,21.69,21.69,200,0
VHC.US,5,20260122,161000,21.96,21.96,21.505,21.505,200,0
VHC.US,5,20260122,171000,22.325,22.325,22.2,22.2,300,0
VHC.US,5,20260122,183000,22.07,22.07,22.07,22.07,175,0
VHC.US,5,20260122,201500,22.06,22.06,22,22,419,0
VHC.US,5,20260122,211000,22.5,22.5,22.5,22.5,500,0
VHC.US,5,20260122,215000,22.405,22.65,22.405,22.65,721,0
VHC.US,5,20260122,215500,22.41,22.41,22.41,22.41,437,0
VHC.US,5,20260123,184500,22.45,22.45,22.45,22.45,200,0
VHC.US,5,20260123,185000,22.499,22.499,22.499,22.499,200,0
VHC.US,5,20260123,192500,22.5,22.5,22.5,22.5,500,0
VHC.US,5,20260123,193000,22.35,22.35,22.35,22.35,180,0
VHC.US,5,20260123,193500,22.27,22.27,22.27,22.27,100,0
VHC.US,5,20260123,195000,22.27,22.27,22.27,22.27,100,0
VHC.US,5,20260123,202000,22.22,22.22,22.22,22.22,250,0
VHC.US,5,20260123,215500,22.32,22.32,22.32,22.32,365,0
