<TICKER>,<PER>,<DATE>,<TIME>,<OPEN>,<HIGH>,<LOW>,<CLOSE>,<VOL>,<OPENINT>
WILC.US,5,20250829,193500,20.489,20.489,20.489,20.489,100,0
WILC.US,5,20250902,153000,20.06,20.06,20.06,20.06,927,0
WILC.US,5,20250902,165000,19.77,19.77,19.77,19.77,100,0
WILC.US,5,20250902,170500,19.89,19.89,19.89,19.89,100,0
WILC.US,5,20250902,190000,19.67,19.67,19.44,19.5428,655,0
WILC.US,5,20250902,213000,19.7931,19.7931,19.7931,19.7931,300,0
WILC.US,5,20250902,213500,19.76,19.76,19.76,19.76,104,0
WILC.US,5,20250902,214500,19.8,19.8,19.785,19.8,910,0
WILC.US,5,20250902,215000,19.845,19.9,19.8,19.9,1457,0
WILC.US,5,20250902,215500,19.98,19.99,19.71,19.71,326,0
WILC.US,5,20250903,153000,20.06,20.06,20.06,20.06,100,0
WILC.US,5,20250903,154000,20.12,20.12,20.12,20.12,1000,0
WILC.US,5,20250903,160500,20,20,20,20,658,0
WILC.US,5,20250903,162500,20.05,20.05,20.05,20.05,100,0
WILC.US,5,20250903,163000,20.05,20.05,20.05,20.05,313,0
WILC.US,5,20250903,164000,20.12,20.12,20.12,20.12,100,0
WILC.US,5,20250903,174000,19.9866,19.9866,19.975,19.975,550,0
WILC.US,5,20250903,194000,19.7701,19.8,19.7701,19.78,700,0
WILC.US,5,20250903,201500,19.72,19.8,19.71,19.72,2500,0
WILC.US,5,20250903,204500,19.74,19.74,19.74,19.74,100,0
WILC.US,5,20250903,215500,19.85,19.85,19.705,19.705,1300,0
WILC.US,5,20250904,153000,20.11,20.14,20.11,20.14,471,0
WILC.US,5,20250904,163500,19.93,19.93,19.93,19.93,311,0
WILC.US,5,20250904,164000,20.12,20.12,20.12,20.12,251,0
WILC.US,5,20250904,165000,19.905,19.905,19.905,19.905,201,0
WILC.US,5,20250904,171500,19.905,19.905,19.905,19.905,300,0
WILC.US,5,20250904,181000,19.855,19.855,19.855,19.855,300,0
WILC.US,5,20250904,183500,19.855,19.855,19.855,19.855,202,0
WILC.US,5,20250904,210000,19.74,19.74,19.74,19.74,100,0
WILC.US,5,20250904,210500,19.85,19.85,19.85,19.85,100,0
WILC.US,5,20250904,215500,19.81,19.81,19.81,19.81,224,0
WILC.US,5,20250905,155500,19.78,19.78,19.78,19.78,100,0
WILC.US,5,20250905,162500,19.97,19.97,19.97,19.97,100,0
WILC.US,5,20250905,163500,19.79,19.79,19.79,19.79,100,0
WILC.US,5,20250905,174000,20.17,20.17,20.17,20.17,209,0
WILC.US,5,20250905,174500,19.985,19.985,19.985,19.985,100,0
WILC.US,5,20250905,175000,20.05,20.2,20.05,20.2,560,0
WILC.US,5,20250905,180000,20.2,20.2,20.2,20.2,446,0
WILC.US,5,20250905,180500,20.19,20.2,20.19,20.2,200,0
WILC.US,5,20250905,201500,20.25,20.3,20.25,20.3,700,0
WILC.US,5,20250905,204500,20.27,20.27,20.27,20.27,200,0
WILC.US,5,20250905,205000,20.22,20.22,20.21,20.21,300,0
WILC.US,5,20250905,215500,20.17,20.18,20.14,20.165,1019,0
WILC.US,5,20250908,153000,20.66,20.66,20.66,20.66,216,0
WILC.US,5,20250908,153500,20.7,20.7,20.7,20.7,100,0
WILC.US,5,20250908,160500,20.7761,20.7761,20.7761,20.7761,329,0
WILC.US,5,20250908,165000,20.63,20.739,20.63,20.72,2491,0
WILC.US,5,20250908,172500,20.72,20.72,20.72,20.72,100,0
WILC.US,5,20250908,185000,20.7,20.7,20.7,20.7,200,0
WILC.US,5,20250908,185500,20.75,20.85,20.75,20.85,1323,0
WILC.US,5,20250908,191500,20.85,20.85,20.85,20.85,109,0
WILC.US,5,20250908,195500,20.8,20.8,20.77,20.77,387,0
WILC.US,5,20250908,202000,20.7179,20.7179,20.7179,20.7179,1500,0
WILC.US,5,20250908,204000,20.7,20.7,20.7,20.7,100,0
WILC.US,5,20250908,215000,20.92,20.92,20.89,20.89,900,0
WILC.US,5,20250908,215500,20.9,20.9,20.9,20.9,243,0
WILC.US,5,20250909,155500,20.61,20.61,20.59,20.6,523,0
WILC.US,5,20250909,160000,20.29,20.29,20.29,20.29,100,0
WILC.US,5,20250909,182000,20.09,20.3,20.09,20.3,600,0
WILC.US,5,20250909,184000,20.4,20.4,20.4,20.4,100,0
WILC.US,5,20250909,195000,20.29,20.29,20.29,20.29,105,0
WILC.US,5,20250909,202000,20.149,20.149,20.149,20.149,1500,0
WILC.US,5,20250909,215500,20.245,20.245,20.2,20.2,200,0
WILC.US,5,20250910,153000,20.87,20.87,20.87,20.87,108,0
WILC.US,5,20250910,153500,21,21,21,21,416,0
WILC.US,5,20250910,155000,20.933,20.933,20.933,20.933,100,0
WILC.US,5,20250910,160500,20.95,20.95,20.95,20.95,320,0
WILC.US,5,20250910,161500,20.8,20.8,20.8,20.8,100,0
WILC.US,5,20250910,163000,20.72,20.91,20.72,20.91,420,0
WILC.US,5,20250910,171000,20.78,20.78,20.78,20.78,100,0
WILC.US,5,20250910,173000,20.77,21,20.77,21,1000,0
WILC.US,5,20250910,183000,20.71,20.71,20.71,20.71,200,0
WILC.US,5,20250910,201000,20.42,20.42,20.42,20.42,100,0
WILC.US,5,20250910,214000,20.5,20.7,20.5,20.7,200,0
WILC.US,5,20250910,215000,20.67,20.67,20.67,20.67,256,0
WILC.US,5,20250910,215500,20.85,20.85,20.85,20.85,110,0
WILC.US,5,20250911,153000,21.25,21.25,21.2,21.21,1858,0
WILC.US,5,20250911,161500,21.2,21.2,21.2,21.2,300,0
WILC.US,5,20250911,162000,21.33,21.33,21.33,21.33,100,0
WILC.US,5,20250911,162500,21.33,21.45,21.33,21.45,755,0
WILC.US,5,20250911,163000,21.2918,21.2918,21.2918,21.2918,288,0
WILC.US,5,20250911,174000,21.14,21.14,21.14,21.14,100,0
WILC.US,5,20250911,174500,21.13,21.13,21.13,21.13,300,0
WILC.US,5,20250911,192500,20.925,20.925,20.925,20.925,100,0
WILC.US,5,20250911,204500,20.93,20.93,20.91,20.91,200,0
WILC.US,5,20250911,205000,20.79,20.79,20.79,20.79,749,0
WILC.US,5,20250911,212000,21.1226,21.1226,21.1226,21.1226,205,0
WILC.US,5,20250912,192500,21.14,21.14,21.14,21.14,112,0
WILC.US,5,20250912,193000,21.14,21.14,21.14,21.14,395,0
WILC.US,5,20250912,195500,21.12,21.12,21.12,21.12,100,0
WILC.US,5,20250912,205500,21.04,21.04,21.04,21.04,100,0
WILC.US,5,20250912,210000,21.08,21.08,21.04,21.04,400,0
WILC.US,5,20250912,213000,21.2,21.25,21.2,21.25,698,0
WILC.US,5,20250912,214000,21.35,21.35,21.35,21.35,108,0
WILC.US,5,20250912,214500,21.2654,21.2654,21.2654,21.2654,100,0
WILC.US,5,20250912,215000,21.26,21.32,21.26,21.32,800,0
WILC.US,5,20250912,215500,21.3,21.3,21.02,21.1,1774,0
WILC.US,5,20250915,184000,20.98,20.98,20.98,20.98,664,0
WILC.US,5,20250915,185500,20.9,20.9,20.9,20.9,300,0
WILC.US,5,20250915,202500,20.98,20.98,20.98,20.98,232,0
WILC.US,5,20250915,212500,20.98,20.98,20.98,20.98,300,0
WILC.US,5,20250915,213000,20.91,20.91,20.91,20.91,100,0
WILC.US,5,20250915,214500,20.91,20.91,20.91,20.91,300,0
WILC.US,5,20250915,215500,20.87,20.91,20.87,20.9,1441,0
WILC.US,5,20250916,170000,20.61,20.63,20.61,20.63,300,0
WILC.US,5,20250916,174000,20.65,20.65,20.65,20.65,200,0
WILC.US,5,20250916,175000,20.52,20.52,20.52,20.52,100,0
WILC.US,5,20250916,183000,20.7,20.7,20.7,20.7,185,0
WILC.US,5,20250916,193000,20.68,20.71,20.68,20.71,300,0
WILC.US,5,20250916,202500,20.71,20.7191,20.71,20.71,400,0
WILC.US,5,20250916,203000,20.72,20.72,20.72,20.72,100,0
WILC.US,5,20250916,205000,20.7866,20.7866,20.72,20.72,366,0
WILC.US,5,20250916,210500,20.7,20.7,20.7,20.7,135,0
WILC.US,5,20250916,213000,20.7,20.7,20.7,20.7,100,0
WILC.US,5,20250916,213500,20.7627,20.7627,20.63,20.63,1271,0
WILC.US,5,20250916,214000,20.64,20.64,20.64,20.64,174,0
WILC.US,5,20250916,214500,20.64,20.64,20.64,20.64,174,0
WILC.US,5,20250917,154000,20.23,20.23,20.23,20.23,100,0
WILC.US,5,20250917,162500,20.27,20.27,20.27,20.27,100,0
WILC.US,5,20250917,164000,20.25,20.25,20.06,20.06,585,0
WILC.US,5,20250917,164500,19.9357,19.9357,19.9357,19.9357,673,0
WILC.US,5,20250917,172000,20.095,20.095,20.095,20.095,400,0
WILC.US,5,20250917,175000,19.92,19.92,19.92,19.92,100,0
WILC.US,5,20250917,175500,19.9,19.9,19.9,19.9,100,0
WILC.US,5,20250918,163000,19.79,19.84,19.79,19.84,200,0
WILC.US,5,20250918,165500,19.93,19.93,19.93,19.93,100,0
WILC.US,5,20250918,181500,19.8,19.8,19.8,19.8,100,0
WILC.US,5,20250918,184500,19.91,19.91,19.91,19.91,100,0
WILC.US,5,20250918,191000,19.92,19.92,19.91,19.91,200,0
WILC.US,5,20250918,204000,19.93,19.93,19.93,19.93,100,0
WILC.US,5,20250918,211500,19.99,19.99,19.99,19.99,100,0
WILC.US,5,20250919,160500,19.82,19.82,19.82,19.82,200,0
WILC.US,5,20250919,161000,19.9175,19.9175,19.9175,19.9175,100,0
WILC.US,5,20250919,161500,19.9175,19.9175,19.9175,19.9175,100,0
WILC.US,5,20250919,172500,19.9175,19.9175,19.87,19.87,257,0
WILC.US,5,20250919,201500,20,20,20,20,400,0
WILC.US,5,20250919,203000,19.9525,19.9525,19.87,19.87,1300,0
WILC.US,5,20250919,215500,19.8,19.8,19.49,19.5,3088,0
WILC.US,5,20250922,202500,19.47,19.47,19.46,19.46,200,0
WILC.US,5,20250922,214500,19.6,19.6,19.6,19.6,100,0
WILC.US,5,20250923,153000,19.22,19.22,19.22,19.22,683,0
WILC.US,5,20250923,171000,19.06,19.06,18.51,19,520,0
WILC.US,5,20250923,171500,19.045,19.045,19.045,19.045,100,0
WILC.US,5,20250923,175000,19.085,19.085,19.085,19.085,100,0
WILC.US,5,20250923,175500,18.72,18.7201,18.72,18.7201,400,0
WILC.US,5,20250923,200500,18.8187,18.8187,18.8187,18.8187,200,0
WILC.US,5,20250923,202000,18.8187,18.8187,18.8187,18.8187,356,0
WILC.US,5,20250923,203000,18.8187,18.8187,18.8187,18.8187,400,0
WILC.US,5,20250923,203500,18.8187,18.8187,18.75,18.75,500,0
WILC.US,5,20250923,204000,18.81,18.81,18.71,18.71,1690,0
WILC.US,5,20250923,213000,18.8187,18.8187,18.8187,18.8187,400,0
WILC.US,5,20250923,213500,18.71,18.71,18.71,18.71,100,0
WILC.US,5,20250923,214500,18.8175,18.8175,18.7,18.7,700,0
WILC.US,5,20250923,215500,18.83,18.83,18.65,18.65,960,0
WILC.US,5,20250924,153000,18.6,18.6,18.6,18.6,488,0
WILC.US,5,20250924,153500,18.6,18.6,18.6,18.6,300,0
WILC.US,5,20250924,160500,18.59,18.6,18.59,18.6,600,0
WILC.US,5,20250924,163000,18.72,18.72,18.6,18.6,344,0
WILC.US,5,20250924,170000,18.67,18.67,18.67,18.67,100,0
WILC.US,5,20250924,170500,18.76,18.76,18.76,18.76,100,0
WILC.US,5,20250924,173500,18.7,18.7,18.7,18.7,173,0
WILC.US,5,20250924,174000,18.67,18.67,18.61,18.61,400,0
WILC.US,5,20250924,201500,18.48,18.48,18.3,18.31,405,0
WILC.US,5,20250924,212500,18.45,18.45,18.35,18.35,497,0
WILC.US,5,20250924,214000,18.3,18.3537,18.3,18.3537,1600,0
WILC.US,5,20250924,214500,18.3537,18.3625,17.66,17.66,2305,0
WILC.US,5,20250924,215000,18.055,18.055,18.055,18.055,100,0
WILC.US,5,20250924,215500,18.27,18.2737,18.2,18.2,1019,0
WILC.US,5,20250925,153000,19.1,19.1,19.1,19.1,1130,0
WILC.US,5,20250925,154500,19.1,19.1,19.1,19.1,500,0
WILC.US,5,20250925,160500,19.3,19.3,19.04,19.04,1002,0
WILC.US,5,20250925,171000,19.05,19.05,19.01,19.01,300,0
WILC.US,5,20250925,171500,19.02,19.02,19.02,19.02,100,0
WILC.US,5,20250925,175500,18.96,19.02,18.96,19.02,1091,0
WILC.US,5,20250925,180500,18.79,18.79,18.79,18.79,100,0
WILC.US,5,20250925,184000,19,19.01,19,19,397,0
WILC.US,5,20250925,185000,19.05,19.09,18.89,18.89,1000,0
WILC.US,5,20250925,185500,18.89,18.89,18.86,18.86,800,0
WILC.US,5,20250925,205500,18.9,18.9,18.9,18.9,400,0
WILC.US,5,20250925,210000,18.9,18.93,18.9,18.93,600,0
WILC.US,5,20250925,211500,18.86,18.89,18.86,18.89,1091,0
WILC.US,5,20250925,215000,18.88,18.93,18.87,18.93,600,0
WILC.US,5,20250925,215500,18.865,18.865,18.82,18.82,320,0
WILC.US,5,20250926,153000,18.99,18.99,18.99,18.99,259,0
WILC.US,5,20250926,171000,18.85,18.85,18.85,18.85,527,0
WILC.US,5,20250926,174500,18.85,18.85,18.85,18.85,100,0
WILC.US,5,20250926,175000,18.75,18.75,18.75,18.75,1300,0
WILC.US,5,20250926,183500,18.71,18.71,18.71,18.71,100,0
WILC.US,5,20250926,190500,18.71,18.71,18.71,18.71,100,0
WILC.US,5,20250926,211000,18.93,18.99,18.93,18.99,600,0
WILC.US,5,20250926,212000,18.95,18.95,18.95,18.95,120,0
WILC.US,5,20250926,213000,19.14,19.14,19.14,19.14,200,0
WILC.US,5,20250926,215000,19.21,19.21,19.15,19.15,847,0
WILC.US,5,20250926,215500,19.01,19.14,19.01,19.14,1120,0
WILC.US,5,20250929,153000,19.9,19.95,19.27,19.27,3535,0
WILC.US,5,20250929,164500,19.63,19.63,19.63,19.63,100,0
WILC.US,5,20250929,172000,19.78,19.78,19.78,19.78,100,0
WILC.US,5,20250929,182500,19.695,19.695,19.695,19.695,100,0
WILC.US,5,20250929,184000,19.6,19.695,19.6,19.695,200,0
WILC.US,5,20250929,202000,19.72,19.74,19.72,19.74,2068,0
WILC.US,5,20250929,202500,19.745,19.88,19.745,19.88,1907,0
WILC.US,5,20250929,214000,19.96,20.33,19.96,20.33,924,0
WILC.US,5,20250929,215500,20.2,20.2,20.2,20.2,100,0
WILC.US,5,20250930,153000,20.48,20.48,20.46,20.46,1159,0
WILC.US,5,20250930,163500,20.2,20.2,20.2,20.2,200,0
WILC.US,5,20250930,164500,20.33,20.33,20.33,20.33,200,0
WILC.US,5,20250930,192500,20.22,20.22,20.22,20.22,100,0
WILC.US,5,20250930,195500,20.34,20.34,20.34,20.34,100,0
WILC.US,5,20250930,200500,20.34,20.57,20.33,20.57,418,0
WILC.US,5,20250930,214000,20.55,20.55,20.55,20.55,200,0
WILC.US,5,20251001,191500,19.78,19.78,19.78,19.78,548,0
WILC.US,5,20251001,192000,19.795,19.795,19.795,19.795,100,0
WILC.US,5,20251001,193500,19.78,19.79,19.78,19.79,500,0
WILC.US,5,20251001,201000,19.51,19.51,19.51,19.51,500,0
WILC.US,5,20251001,202000,19.5101,19.55,19.51,19.51,1364,0
WILC.US,5,20251001,211500,19.5,19.5,19.5,19.5,100,0
WILC.US,5,20251001,213500,19.5,19.5,19.5,19.5,300,0
WILC.US,5,20251001,214500,19.3,19.3,19.3,19.3,100,0
WILC.US,5,20251001,215000,19.6708,19.6708,19.3,19.5,1502,0
WILC.US,5,20251001,215500,19.5,19.5,19.31,19.31,3997,0
WILC.US,5,20251002,162500,19.35,19.35,19.35,19.35,571,0
WILC.US,5,20251002,163000,19.38,19.38,19.38,19.38,265,0
WILC.US,5,20251002,163500,19.38,19.38,19.38,19.38,600,0
WILC.US,5,20251002,170000,19.15,19.15,19.13,19.13,1600,0
WILC.US,5,20251002,172500,19.21,19.21,19.16,19.16,400,0
WILC.US,5,20251002,174000,19.13,19.13,19.13,19.13,974,0
WILC.US,5,20251002,180000,19.13,19.13,19.13,19.13,158,0
WILC.US,5,20251002,180500,19.44,19.44,19.44,19.44,298,0
WILC.US,5,20251002,181500,19.12,19.12,19.12,19.12,600,0
WILC.US,5,20251002,185500,19.13,19.13,19.13,19.13,200,0
WILC.US,5,20251002,191000,19.12,19.12,19.12,19.12,100,0
WILC.US,5,20251002,195500,19.05,19.05,19.05,19.05,100,0
WILC.US,5,20251002,215000,19.48,19.48,19.48,19.48,100,0
WILC.US,5,20251003,153000,19.48,19.48,19.48,19.48,401,0
WILC.US,5,20251003,164500,19.6,19.6,19.6,19.6,100,0
WILC.US,5,20251003,172500,19.725,19.725,19.725,19.725,100,0
WILC.US,5,20251003,173000,19.8,19.8,19.79,19.79,600,0
WILC.US,5,20251003,173500,19.8,19.8,19.8,19.8,400,0
WILC.US,5,20251003,174500,19.92,19.92,19.84,19.84,200,0
WILC.US,5,20251003,175000,19.85,19.85,19.85,19.85,200,0
WILC.US,5,20251003,180500,19.7,19.7,19.7,19.7,134,0
WILC.US,5,20251003,181500,19.7,19.7,19.7,19.7,100,0
WILC.US,5,20251003,193000,19.7,19.7,19.69,19.7,2200,0
WILC.US,5,20251003,194500,19.69,19.7,19.69,19.7,329,0
WILC.US,5,20251003,203500,19.83,19.87,19.83,19.87,491,0
WILC.US,5,20251003,210500,19.93,19.93,19.93,19.93,200,0
WILC.US,5,20251003,214500,19.835,19.9,19.835,19.9,525,0
WILC.US,5,20251003,215000,19.9,20,19.9,20,1614,0
WILC.US,5,20251006,153000,20.28,20.28,20.01,20.01,346,0
WILC.US,5,20251006,154000,20.01,20.01,20.01,20.01,149,0
WILC.US,5,20251006,154500,20.345,20.495,20.3,20.3,500,0
WILC.US,5,20251006,162500,20.36,20.36,20.36,20.36,100,0
WILC.US,5,20251006,163000,20.29,20.29,20.29,20.29,100,0
WILC.US,5,20251006,171000,20.33,20.33,20.33,20.33,300,0
WILC.US,5,20251006,172000,20.33,20.33,20.33,20.33,100,0
WILC.US,5,20251006,174500,20.31,20.31,20.31,20.31,100,0
WILC.US,5,20251006,180000,20.33,20.33,20.31,20.31,600,0
WILC.US,5,20251006,183000,20.4,20.5,20.4,20.5,1367,0
WILC.US,5,20251006,183500,20.54,20.54,20.54,20.54,100,0
WILC.US,5,20251006,191000,20.51,20.51,20.51,20.51,100,0
WILC.US,5,20251006,192000,20.49,20.49,20.49,20.49,100,0
WILC.US,5,20251006,201000,20.5,20.5,20.44,20.44,300,0
WILC.US,5,20251007,153000,20.44,20.44,20.44,20.44,174,0
WILC.US,5,20251007,154500,20.58,20.6,20.56,20.56,600,0
WILC.US,5,20251007,184500,20.365,20.43,20.365,20.43,300,0
WILC.US,5,20251007,185500,20.365,20.43,20.365,20.43,400,0
WILC.US,5,20251007,190000,20.43,20.47,20.43,20.47,200,0
WILC.US,5,20251007,201000,20.59,20.59,20.58,20.58,200,0
WILC.US,5,20251007,210500,20.6,20.63,20.6,20.63,316,0
WILC.US,5,20251007,211500,20.75,20.75,20.75,20.75,1314,0
WILC.US,5,20251007,214500,20.75,20.75,20.75,20.75,472,0
WILC.US,5,20251007,215000,20.75,20.75,20.75,20.75,300,0
WILC.US,5,20251007,215500,20.83,20.88,20.83,20.88,920,0
WILC.US,5,20251008,153000,21,21,21,21,200,0
WILC.US,5,20251008,184500,20.88,20.88,20.88,20.88,100,0
WILC.US,5,20251008,190500,20.8927,20.8927,20.8927,20.8927,100,0
WILC.US,5,20251008,191000,20.8927,20.8927,20.8927,20.8927,100,0
WILC.US,5,20251008,192000,20.9,20.9,20.9,20.9,100,0
WILC.US,5,20251008,193500,20.93,20.93,20.93,20.93,216,0
WILC.US,5,20251008,200000,20.99,20.99,20.99,20.99,300,0
WILC.US,5,20251008,201000,21,21,21,21,100,0
WILC.US,5,20251008,201500,21.01,21.01,21.01,21.01,281,0
WILC.US,5,20251008,203000,21.1,21.35,21.1,21.35,787,0
WILC.US,5,20251008,213500,21.15,21.15,21.15,21.15,100,0
WILC.US,5,20251008,215500,21.27,21.27,21.27,21.27,100,0
WILC.US,5,20251009,154500,21.03,21.03,21.03,21.03,188,0
WILC.US,5,20251009,175500,20.81,20.81,20.81,20.81,100,0
WILC.US,5,20251010,172000,21.17,21.17,21.17,21.17,100,0
WILC.US,5,20251010,173000,20.8501,20.8501,20.8501,20.8501,1000,0
WILC.US,5,20251010,202500,20.65,20.65,20.65,20.65,100,0
WILC.US,5,20251010,205000,21.0386,21.0386,21.0386,21.0386,190,0
WILC.US,5,20251013,162500,21.02,21.02,21.02,21.02,150,0
WILC.US,5,20251013,190500,20.64,20.64,20.64,20.64,100,0
WILC.US,5,20251013,191000,20.6,20.6,20.6,20.6,100,0
WILC.US,5,20251013,203000,20.96,20.96,20.96,20.96,100,0
WILC.US,5,20251014,173500,19.94,19.94,19.94,19.94,100,0
WILC.US,5,20251014,190500,20.53,20.53,20.53,20.53,100,0
WILC.US,5,20251014,195000,20.805,20.805,20.805,20.805,200,0
WILC.US,5,20251014,203000,20.75,20.75,20.75,20.75,100,0
WILC.US,5,20251014,203500,20.81,20.81,20.81,20.81,346,0
WILC.US,5,20251014,205500,20.83,20.83,20.83,20.83,300,0
WILC.US,5,20251014,211000,20.8569,20.8569,20.8569,20.8569,500,0
WILC.US,5,20251014,215000,20.83,20.83,20.83,20.83,279,0
WILC.US,5,20251014,215500,20.83,20.83,20.83,20.83,200,0
WILC.US,5,20251015,182000,19.75,19.75,19.75,19.75,100,0
WILC.US,5,20251015,213000,20.5,20.5,20.5,20.5,500,0
WILC.US,5,20251016,153000,20.1,20.1,20.1,20.1,1313,0
WILC.US,5,20251016,195000,20.25,20.25,20.25,20.25,282,0
WILC.US,5,20251016,202000,20.14,20.14,20.14,20.14,200,0
WILC.US,5,20251017,160000,19.5723,19.5723,19.5723,19.5723,500,0
WILC.US,5,20251017,170500,19.65,19.65,19.65,19.65,100,0
WILC.US,5,20251017,202000,19.8315,19.8315,19.76,19.76,536,0
WILC.US,5,20251017,205500,20.09,20.09,20.09,20.09,285,0
WILC.US,5,20251020,153000,20.59,20.59,20.59,20.59,501,0
WILC.US,5,20251020,185000,20.3425,20.3425,20.3425,20.3425,631,0
WILC.US,5,20251020,213500,20.255,20.255,20.255,20.255,100,0
WILC.US,5,20251021,160000,19.9332,19.9332,19.9332,19.9332,400,0
WILC.US,5,20251021,163500,19.9754,19.9754,19.9754,19.9754,215,0
WILC.US,5,20251021,170000,19.98,19.98,19.98,19.98,100,0
WILC.US,5,20251021,184000,19.9901,19.9901,19.9901,19.9901,105,0
WILC.US,5,20251021,203000,20.14,20.14,20.14,20.14,100,0
WILC.US,5,20251021,212500,20.25,20.25,20.25,20.25,375,0
WILC.US,5,20251022,153000,20.42,20.42,20.42,20.42,300,0
WILC.US,5,20251022,180000,19.97,19.97,19.97,19.97,100,0
WILC.US,5,20251023,153500,20.4,20.4,20.4,20.4,160,0
WILC.US,5,20251023,154500,20.153,20.153,20.153,20.153,204,0
WILC.US,5,20251023,162000,20.63,20.63,20.63,20.63,100,0
WILC.US,5,20251023,204000,20.22,20.22,20.22,20.22,100,0
WILC.US,5,20251023,212500,20.4,20.4,20.4,20.4,323,0
WILC.US,5,20251024,173500,20.15,20.31,20.12,20.12,818,0
WILC.US,5,20251024,182500,20.24,20.24,20.24,20.24,100,0
WILC.US,5,20251024,185500,20.3176,20.3176,20.3176,20.3176,236,0
WILC.US,5,20251027,143000,20.91,20.91,20.91,20.91,311,0
WILC.US,5,20251027,162500,20.85,20.85,20.85,20.85,257,0
WILC.US,5,20251027,204000,21.14,21.15,21.14,21.14,388,0
WILC.US,5,20251027,205500,21.15,21.15,21.14,21.14,238,0
WILC.US,5,20251028,143000,21.19,21.2,21.19,21.2,604,0
WILC.US,5,20251028,143500,21.19,21.2,21.19,21.2,619,0
WILC.US,5,20251028,144000,21.17,21.17,21.17,21.17,1200,0
WILC.US,5,20251028,145000,21.2,21.2,21.2,21.2,120,0
WILC.US,5,20251029,143500,21.09,21.09,21.09,21.09,117,0
WILC.US,5,20251029,205500,20.87,20.87,20.87,20.87,293,0
WILC.US,5,20251030,143000,21.03,21.03,21.03,21.03,123,0
WILC.US,5,20251030,143500,20.65,20.65,20.65,20.65,100,0
WILC.US,5,20251030,145000,21.02,21.02,21.02,21.02,100,0
WILC.US,5,20251030,153500,21.08,21.08,21.08,21.08,116,0
WILC.US,5,20251030,155500,21.1,21.1,21.1,21.1,193,0
WILC.US,5,20251030,161500,21.19,21.2,21.19,21.2,300,0
WILC.US,5,20251030,162000,20.7,20.7,20.7,20.7,150,0
WILC.US,5,20251031,153000,20.4,20.4,20.4,20.4,100,0
WILC.US,5,20251031,165500,21.4175,21.4175,21.4175,21.4175,136,0
WILC.US,5,20251103,153500,21.7182,21.72,21.71,21.71,318,0
WILC.US,5,20251103,154000,21.75,21.75,21.75,21.75,155,0
WILC.US,5,20251103,154500,21.75,21.75,21.75,21.75,200,0
WILC.US,5,20251103,160000,21.695,21.695,21.695,21.695,250,0
WILC.US,5,20251103,162500,21.85,21.85,21.85,21.85,121,0
WILC.US,5,20251103,172000,21.83,21.85,21.775,21.85,2799,0
WILC.US,5,20251103,175000,21.9,21.9,21.9,21.9,282,0
WILC.US,5,20251103,181500,21.9,21.9,21.9,21.9,100,0
WILC.US,5,20251103,182500,21.95,21.95,21.95,21.95,116,0
WILC.US,5,20251103,185000,21.72,21.72,21.72,21.72,100,0
WILC.US,5,20251103,190500,21.845,21.845,21.845,21.845,138,0
WILC.US,5,20251103,215000,21.75,21.75,21.75,21.75,100,0
WILC.US,5,20251103,215500,21.75,21.85,21.75,21.85,326,0
WILC.US,5,20251104,173500,21.6501,21.6501,21.6501,21.6501,500,0
WILC.US,5,20251104,190000,21.47,21.47,21.47,21.47,140,0
WILC.US,5,20251104,215500,21.63,21.63,21.63,21.63,554,0
WILC.US,5,20251105,153000,21.45,21.45,21.45,21.45,137,0
WILC.US,5,20251105,162000,21.13,21.17,21.13,21.17,200,0
WILC.US,5,20251105,164500,21.02,21.02,21.02,21.02,100,0
WILC.US,5,20251105,182500,21.33,21.33,21.1,21.1,200,0
WILC.US,5,20251105,205500,21.26,21.26,21.24,21.26,1435,0
WILC.US,5,20251105,215000,21.4,21.44,21.4,21.44,1000,0
WILC.US,5,20251106,153000,21.6413,21.6413,21.6413,21.6413,200,0
WILC.US,5,20251106,160500,21.53,21.55,21.53,21.55,740,0
WILC.US,5,20251106,161500,21.6,21.6,21.6,21.6,500,0
WILC.US,5,20251106,162000,21.64,21.75,21.64,21.75,1500,0
WILC.US,5,20251106,182000,21.8,21.8,21.8,21.8,138,0
WILC.US,5,20251106,200000,21.75,21.75,21.75,21.75,189,0
WILC.US,5,20251107,202500,21.71,21.77,21.71,21.77,244,0
WILC.US,5,20251110,153000,22.41,22.7981,22.32,22.32,1150,0
WILC.US,5,20251110,155500,22.24,22.25,22.24,22.25,925,0
WILC.US,5,20251110,193500,22.15,22.15,22.15,22.15,144,0
WILC.US,5,20251110,214000,22.25,22.25,22.25,22.25,475,0
WILC.US,5,20251110,215000,22.15,22.15,22.15,22.15,200,0
WILC.US,5,20251111,153000,22.69,22.69,22.505,22.505,301,0
WILC.US,5,20251111,153500,22.5,22.5,22.5,22.5,150,0
WILC.US,5,20251111,161000,22.34,22.34,22.34,22.34,200,0
WILC.US,5,20251111,192500,22.04,22.04,22.04,22.04,100,0
WILC.US,5,20251112,153000,22.9,22.9,22.9,22.9,115,0
WILC.US,5,20251112,164500,22.7033,22.7033,22.7033,22.7033,250,0
WILC.US,5,20251112,165500,22.9,22.9,22.9,22.9,100,0
WILC.US,5,20251112,172000,22.52,22.52,22.52,22.52,568,0
WILC.US,5,20251112,180500,22.54,22.54,22.54,22.54,661,0
WILC.US,5,20251112,201000,22.66,22.66,22.66,22.66,100,0
WILC.US,5,20251112,202000,22.64,22.64,22.64,22.64,162,0
WILC.US,5,20251112,215500,22.8,22.8,22.63,22.63,766,0
WILC.US,5,20251113,153000,23.09,23.09,23.09,23.09,953,0
WILC.US,5,20251113,153500,23.15,23.3,23.15,23.3,753,0
WILC.US,5,20251113,155000,23.25,23.25,23.24,23.24,1500,0
WILC.US,5,20251113,155500,23.24,23.24,23.22,23.23,740,0
WILC.US,5,20251113,205000,23.0939,23.0939,23.0939,23.0939,100,0
WILC.US,5,20251113,211000,22.78,22.7901,22.78,22.79,770,0
WILC.US,5,20251113,211500,22.75,22.75,22.75,22.75,200,0
WILC.US,5,20251113,215500,22.55,22.55,22.55,22.55,104,0
WILC.US,5,20251114,183000,22.29,22.2901,22.29,22.2901,200,0
WILC.US,5,20251114,191000,22.3,22.3,22.3,22.3,100,0
WILC.US,5,20251114,195500,22.61,22.62,22.47,22.47,1635,0
WILC.US,5,20251114,201500,22.5,22.5,22.49,22.49,545,0
WILC.US,5,20251114,202000,22.5,22.5,22.5,22.5,148,0
WILC.US,5,20251114,204500,22.62,22.62,22.62,22.62,866,0
WILC.US,5,20251114,214500,22.7,22.7,22.7,22.7,399,0
WILC.US,5,20251114,215500,22.52,22.52,22.07,22.07,300,0
WILC.US,5,20251117,153000,23.09,23.09,23.09,23.09,332,0
WILC.US,5,20251117,154500,22.81,22.81,22.81,22.81,197,0
WILC.US,5,20251117,160000,22.99,22.99,22.99,22.99,100,0
WILC.US,5,20251117,170000,23.0155,23.0155,23.0155,23.0155,133,0
WILC.US,5,20251117,171500,22.96,22.96,22.96,22.96,320,0
WILC.US,5,20251117,181000,22.6,22.6,22.6,22.6,100,0
WILC.US,5,20251117,181500,22.7,22.7,22.7,22.7,500,0
WILC.US,5,20251117,182000,22.75,22.75,22.75,22.75,500,0
WILC.US,5,20251117,191000,22.8,22.8,22.8,22.8,192,0
WILC.US,5,20251117,195000,22.6,22.71,22.6,22.71,600,0
WILC.US,5,20251117,201500,22.71,22.71,22.71,22.71,179,0
WILC.US,5,20251117,215500,22.71,22.71,22.71,22.71,173,0
WILC.US,5,20251118,153000,23.24,23.39,23.24,23.39,735,0
WILC.US,5,20251118,153500,23.4,23.4,23.38,23.38,856,0
WILC.US,5,20251118,154000,23.4,23.4,23.4,23.4,328,0
WILC.US,5,20251118,155000,23.4,23.45,23.4,23.45,522,0
WILC.US,5,20251118,161000,23.185,23.45,23.185,23.45,219,0
WILC.US,5,20251118,162000,23.45,23.45,23.45,23.45,200,0
WILC.US,5,20251118,162500,23.4,23.4,23.4,23.4,141,0
WILC.US,5,20251118,185500,23.4,23.4,23.4,23.4,359,0
WILC.US,5,20251118,190000,23.45,23.45,23.45,23.45,422,0
WILC.US,5,20251118,194500,23.4,23.4,23.4,23.4,453,0
WILC.US,5,20251118,195500,23.34,23.34,23.34,23.34,200,0
WILC.US,5,20251118,200000,23.34,23.34,23.34,23.34,300,0
WILC.US,5,20251118,202500,23.4,23.4,23.4,23.4,880,0
WILC.US,5,20251118,203000,23.4,23.4,23.4,23.4,500,0
WILC.US,5,20251118,204000,23.4,23.4,23.4,23.4,1399,0
WILC.US,5,20251118,205000,23.32,23.32,23.32,23.32,700,0
WILC.US,5,20251118,211500,23.315,23.315,23.25,23.25,228,0
WILC.US,5,20251119,153000,24,24.01,23.9,24.01,6760,0
WILC.US,5,20251119,153500,23.765,23.9342,23.765,23.9342,200,0
WILC.US,5,20251119,154000,23.99,24,23.99,24,302,0
WILC.US,5,20251119,155000,23.99,24,23.99,24,1960,0
WILC.US,5,20251119,155500,24.25,24.25,24.25,24.25,321,0
WILC.US,5,20251119,160500,24.1065,24.1065,24.1065,24.1065,600,0
WILC.US,5,20251119,161000,24.1,24.1,24.1,24.1,204,0
WILC.US,5,20251119,162500,24.06,24.06,24.06,24.06,1410,0
WILC.US,5,20251119,170500,23.77,23.77,23.77,23.77,600,0
WILC.US,5,20251119,171500,23.77,23.785,23.77,23.785,200,0
WILC.US,5,20251119,172000,23.77,23.77,23.77,23.77,300,0
WILC.US,5,20251119,175500,23.7025,23.7025,23.7025,23.7025,160,0
WILC.US,5,20251119,180000,23.775,23.775,23.775,23.775,100,0
WILC.US,5,20251119,180500,23.7,23.7,23.69,23.69,534,0
WILC.US,5,20251119,185500,23.69,23.69,23.69,23.69,100,0
WILC.US,5,20251119,191000,23.6626,23.6626,23.6626,23.6626,207,0
WILC.US,5,20251119,192000,23.7053,23.7053,23.7053,23.7053,113,0
WILC.US,5,20251119,200000,23.69,23.69,23.58,23.58,500,0
WILC.US,5,20251119,203500,23.38,23.38,23.38,23.38,100,0
WILC.US,5,20251119,211500,23.5,23.5,23.5,23.5,926,0
WILC.US,5,20251119,212000,23.58,23.58,23.58,23.58,299,0
WILC.US,5,20251119,213000,23.6,23.6,23.6,23.6,191,0
WILC.US,5,20251119,214500,23.71,23.71,23.71,23.71,193,0
WILC.US,5,20251119,215500,23.8,23.8,23.8,23.8,611,0
WILC.US,5,20251120,153000,24.42,24.42,24.09,24.09,1001,0
WILC.US,5,20251120,161500,24.1,24.1,24.1,24.1,100,0
WILC.US,5,20251120,173000,24.2521,24.2521,24.2521,24.2521,222,0
WILC.US,5,20251120,180000,24.1,24.1,24.1,24.1,298,0
WILC.US,5,20251120,191000,24.1,24.1,24.1,24.1,149,0
WILC.US,5,20251120,201500,24.1501,24.1501,24.1501,24.1501,117,0
WILC.US,5,20251120,211000,24.25,24.25,24.2185,24.2185,340,0
WILC.US,5,20251120,212000,24.25,24.25,24.25,24.25,178,0
WILC.US,5,20251120,213000,24.25,24.25,24.25,24.25,100,0
WILC.US,5,20251120,214500,24.16,24.16,24.1,24.1,300,0
WILC.US,5,20251121,153500,24.36,24.36,24.36,24.36,400,0
WILC.US,5,20251121,154000,24.36,24.36,24.36,24.36,200,0
WILC.US,5,20251121,164000,24.3,24.31,24.3,24.3,619,0
WILC.US,5,20251121,164500,24.35,24.4,24.35,24.4,1871,0
WILC.US,5,20251121,165500,24.52,24.52,24.52,24.52,400,0
WILC.US,5,20251121,170000,24.5001,24.5099,24.5,24.5099,2019,0
WILC.US,5,20251121,170500,24.31,24.31,24.31,24.31,170,0
WILC.US,5,20251121,173500,24.3,24.41,24.3,24.41,552,0
WILC.US,5,20251121,175500,24.52,24.52,24.52,24.52,497,0
WILC.US,5,20251121,180000,24.31,24.31,24.31,24.31,100,0
WILC.US,5,20251121,184000,24.33,24.33,24.33,24.33,100,0
WILC.US,5,20251121,184500,24.18,24.18,24.18,24.18,100,0
WILC.US,5,20251121,190000,24.52,24.52,24.52,24.52,202,0
WILC.US,5,20251121,212500,24.3548,24.3548,24.3548,24.3548,135,0
WILC.US,5,20251121,215500,24.15,24.18,24.11,24.11,1842,0
WILC.US,5,20251124,153000,24.51,24.51,24.5,24.5,1361,0
WILC.US,5,20251124,170000,24.3,24.3,24.3,24.3,100,0
WILC.US,5,20251124,193500,24.35,24.55,24.35,24.35,1209,0
WILC.US,5,20251124,194500,24.32,24.32,24.32,24.32,100,0
WILC.US,5,20251124,213500,24.49,24.5,24.49,24.5,555,0
WILC.US,5,20251124,215000,24.4792,24.49,24.4792,24.49,200,0
WILC.US,5,20251124,215500,24.5,24.5,24.5,24.5,455,0
WILC.US,5,20251125,153000,24.75,24.75,24.75,24.75,557,0
WILC.US,5,20251125,155500,24.86,24.86,24.86,24.86,101,0
WILC.US,5,20251125,165000,24.755,24.755,24.67,24.67,400,0
WILC.US,5,20251125,171000,24.66,24.66,24.66,24.66,100,0
WILC.US,5,20251125,190000,24.65,24.65,24.65,24.65,100,0
WILC.US,5,20251125,190500,24.7,24.7,24.7,24.7,500,0
WILC.US,5,20251125,191000,24.7,24.7,24.7,24.7,192,0
WILC.US,5,20251125,192000,24.75,24.75,24.75,24.75,472,0
WILC.US,5,20251125,202500,24.65,24.65,24.65,24.65,100,0
WILC.US,5,20251125,203000,24.65,24.65,24.65,24.65,237,0
WILC.US,5,20251125,204000,24.6,24.6,24.6,24.6,936,0
WILC.US,5,20251125,205000,24.47,24.5,24.47,24.5,200,0
WILC.US,5,20251125,210000,24.33,24.33,24.33,24.33,240,0
WILC.US,5,20251125,215500,24.5,24.61,24.5,24.61,731,0
WILC.US,5,20251126,153000,24.81,24.81,24.81,24.81,249,0
WILC.US,5,20251126,153500,25,25,25,25,590,0
WILC.US,5,20251126,154000,24.98,25.02,24.98,25.02,1817,0
WILC.US,5,20251126,160500,25,25.06,24.955,25.06,2821,0
WILC.US,5,20251126,161000,25.06,25.06,25.02,25.06,1204,0
WILC.US,5,20251126,170500,24.82,24.82,24.82,24.82,109,0
WILC.US,5,20251126,171000,24.83,24.83,24.83,24.83,100,0
WILC.US,5,20251126,185000,24.99,24.99,24.99,24.99,200,0
WILC.US,5,20251126,191000,24.9802,24.9802,24.9802,24.9802,175,0
WILC.US,5,20251126,204000,24.87,24.87,24.87,24.87,100,0
WILC.US,5,20251126,204500,24.9256,24.9256,24.9256,24.9256,120,0
WILC.US,5,20251126,210000,25.04,25.06,25.04,25.06,1032,0
WILC.US,5,20251126,215500,25.06,25.1,25.06,25.1,875,0
WILC.US,5,20251128,153000,25.3,25.3,25.3,25.3,1935,0
WILC.US,5,20251128,175500,25.1552,25.1552,25.1552,25.1552,100,0
WILC.US,5,20251128,182000,25.27,26,25.25,25.73,5005,0
WILC.US,5,20251128,182500,25.5851,26.26,25.5851,26.2599,1929,0
WILC.US,5,20251128,183500,26.075,26.075,26.075,26.075,110,0
WILC.US,5,20251128,184000,25.57,25.57,25.54,25.54,200,0
WILC.US,5,20251128,184500,25.54,25.885,25.53,25.54,2238,0
WILC.US,5,20251128,185000,25.53,25.54,25.53,25.54,376,0
WILC.US,5,20251128,190000,25.53,25.53,25.53,25.53,163,0
WILC.US,5,20251201,153000,24.58,24.7996,24.58,24.7996,1088,0
WILC.US,5,20251201,154000,24.655,24.655,24.655,24.655,126,0
WILC.US,5,20251201,161000,25,25.2,25,25.2,1183,0
WILC.US,5,20251201,162500,25.19,25.19,25.19,25.19,100,0
WILC.US,5,20251201,171500,25.1999,25.1999,25.1999,25.1999,1984,0
WILC.US,5,20251201,173000,25.0626,25.0626,25.0626,25.0626,637,0
WILC.US,5,20251201,173500,25.02,25.02,25.02,25.02,100,0
WILC.US,5,20251201,181500,25.1,25.1,25.1,25.1,100,0
WILC.US,5,20251201,185000,24.8,24.8,24.8,24.8,100,0
WILC.US,5,20251201,193000,24.94,24.94,24.94,24.94,110,0
WILC.US,5,20251201,193500,24.88,24.88,24.88,24.88,100,0
WILC.US,5,20251201,195000,25,25,25,25,1200,0
WILC.US,5,20251201,204000,24.93,24.93,24.93,24.93,100,0
WILC.US,5,20251201,205000,24.955,24.955,24.955,24.955,100,0
WILC.US,5,20251201,215500,25,25,25,25,200,0
WILC.US,5,20251202,153000,25.25,25.25,25.25,25.25,3572,0
WILC.US,5,20251202,175500,25.219,25.219,25.219,25.219,100,0
WILC.US,5,20251202,194000,25.27,25.27,25.27,25.27,100,0
WILC.US,5,20251202,201000,25.26,25.26,25.26,25.26,400,0
WILC.US,5,20251202,204500,25.18,25.18,25.18,25.18,200,0
WILC.US,5,20251202,213000,24.9,24.9,24.9,24.9,100,0
WILC.US,5,20251203,153000,25.47,25.47,25.47,25.47,140,0
WILC.US,5,20251203,153500,25.5,25.5,25.47,25.5,1591,0
WILC.US,5,20251203,154000,25.48,25.48,25.48,25.48,240,0
WILC.US,5,20251203,155500,25.59,25.6,25.52,25.6,401,0
WILC.US,5,20251203,160000,25.6,25.6,25.6,25.6,200,0
WILC.US,5,20251203,160500,25.52,25.52,25.52,25.52,262,0
WILC.US,5,20251203,161000,25.52,25.6,25.52,25.6,1005,0
WILC.US,5,20251203,161500,25.6,25.6,25.6,25.6,1067,0
WILC.US,5,20251203,162500,25.33,25.33,25.33,25.33,165,0
WILC.US,5,20251203,164000,25.4,25.4,25.4,25.4,100,0
WILC.US,5,20251203,164500,25.5999,25.5999,25.5999,25.5999,984,0
WILC.US,5,20251203,165500,25.5084,25.5084,25.5084,25.5084,106,0
WILC.US,5,20251203,183000,25.6,25.6,25.6,25.6,951,0
WILC.US,5,20251203,185500,25.8,25.8,25.8,25.8,1998,0
WILC.US,5,20251203,191500,26,26,26,26,368,0
WILC.US,5,20251203,201000,25.75,25.75,25.75,25.75,100,0
WILC.US,5,20251203,210000,25.8639,25.8639,25.8639,25.8639,143,0
WILC.US,5,20251203,212500,25.99,25.99,25.96,25.96,1100,0
WILC.US,5,20251204,153500,25.8311,25.8311,25.8311,25.8311,380,0
WILC.US,5,20251204,160000,25.63,25.63,25.63,25.63,100,0
WILC.US,5,20251204,160500,25.8,25.8,25.8,25.8,100,0
WILC.US,5,20251204,175000,25.85,25.85,25.85,25.85,200,0
WILC.US,5,20251204,200500,25.8499,25.8499,25.655,25.655,450,0
WILC.US,5,20251204,201000,25.655,25.655,25.655,25.655,100,0
WILC.US,5,20251204,201500,25.66,25.66,25.66,25.66,100,0
WILC.US,5,20251204,202500,25.48,25.48,25.48,25.48,100,0
WILC.US,5,20251204,214000,25.7,25.7,25.7,25.7,200,0
WILC.US,5,20251204,215500,25.57,25.57,25.55,25.55,445,0
WILC.US,5,20251205,161500,25.6,25.6,25.57,25.57,548,0
WILC.US,5,20251205,162500,25.5359,25.5359,25.5359,25.5359,130,0
WILC.US,5,20251205,164500,25.6,25.6,25.6,25.6,455,0
WILC.US,5,20251205,212500,25.6,25.6,25.6,25.6,100,0
WILC.US,5,20251205,214500,25.655,25.655,25.655,25.655,650,0
WILC.US,5,20251205,215000,25.61,25.61,25.61,25.61,100,0
WILC.US,5,20251205,215500,25.73,25.75,25.73,25.75,399,0
WILC.US,5,20251208,153000,27.03,27.15,27.03,27.15,970,0
WILC.US,5,20251208,161000,27.06,27.06,27.06,27.06,780,0
WILC.US,5,20251208,162000,27.0609,27.0609,27.0609,27.0609,174,0
WILC.US,5,20251208,163500,27.15,27.15,27.15,27.15,295,0
WILC.US,5,20251208,164000,26.97,26.97,26.97,26.97,100,0
WILC.US,5,20251208,185000,26.89,26.89,26.89,26.89,100,0
WILC.US,5,20251208,201500,27.0142,27.0142,27.0142,27.0142,179,0
WILC.US,5,20251208,205500,27,27,27,27,200,0
WILC.US,5,20251208,210000,27,27,27,27,114,0
WILC.US,5,20251208,212000,27.11,27.11,27.11,27.11,100,0
WILC.US,5,20251208,213000,27.14,27.14,27.14,27.14,338,0
WILC.US,5,20251208,213500,27.14,27.1826,27.14,27.1826,1195,0
WILC.US,5,20251208,214000,27.32,27.32,27.155,27.155,534,0
WILC.US,5,20251208,215500,27.3,27.3,27.3,27.3,600,0
WILC.US,5,20251209,153000,27.41,27.55,27.41,27.55,1769,0
WILC.US,5,20251209,154000,27.59,27.75,27.59,27.75,3500,0
WILC.US,5,20251209,161000,27.79,27.9,27.76,27.89,2418,0
WILC.US,5,20251209,165500,27.6499,27.6499,27.6499,27.6499,100,0
WILC.US,5,20251209,171000,27.65,27.65,27.64,27.64,222,0
WILC.US,5,20251209,190500,27.49,27.49,27.49,27.49,100,0
WILC.US,5,20251209,191000,27.6382,27.6382,27.6382,27.6382,100,0
WILC.US,5,20251209,200000,27.56,27.56,27.56,27.56,110,0
WILC.US,5,20251209,215500,27.79,27.79,27.79,27.79,418,0
WILC.US,5,20251210,153000,27.6,27.8,27.6,27.8,875,0
WILC.US,5,20251210,154000,27.87,27.88,27.87,27.88,959,0
WILC.US,5,20251210,155000,27.615,27.9,27.3501,27.9,1561,0
WILC.US,5,20251210,155500,27.88,27.8899,27.88,27.8899,325,0
WILC.US,5,20251210,162000,27.89,27.9,27.89,27.89,659,0
WILC.US,5,20251210,192000,27.735,27.735,27.735,27.735,100,0
WILC.US,5,20251210,194000,27.7598,27.7598,27.7598,27.7598,320,0
WILC.US,5,20251210,202500,27.595,27.595,27.595,27.595,100,0
WILC.US,5,20251210,205000,27.7,27.85,27.7,27.84,1030,0
WILC.US,5,20251210,214500,27.8333,27.8333,27.8333,27.8333,143,0
WILC.US,5,20251211,170000,27.91,27.91,27.91,27.91,176,0
WILC.US,5,20251211,175500,27.9787,27.9787,27.9787,27.9787,176,0
WILC.US,5,20251211,192000,27.9571,27.9571,27.9571,27.9571,103,0
WILC.US,5,20251211,213500,27.8,27.8,27.8,27.8,100,0
WILC.US,5,20251211,214500,27.96,27.96,27.8,27.8,359,0
WILC.US,5,20251211,215500,27.95,27.98,27.95,27.98,421,0
WILC.US,5,20251212,154500,27.89,27.89,27.88,27.88,300,0
WILC.US,5,20251212,164500,27.79,27.79,27.79,27.79,100,0
WILC.US,5,20251212,170000,27.7053,27.7053,27.7053,27.7053,143,0
WILC.US,5,20251212,173500,27.66,27.66,27.66,27.66,100,0
WILC.US,5,20251212,174000,27.67,27.67,27.67,27.67,205,0
WILC.US,5,20251212,190000,27.66,27.66,27.66,27.66,140,0
WILC.US,5,20251212,191500,27.6,27.6,27.6,27.6,170,0
WILC.US,5,20251212,192000,27.6,27.6,27.6,27.6,200,0
WILC.US,5,20251212,194500,27.5554,27.5554,27.5554,27.5554,141,0
WILC.US,5,20251212,195500,27.605,27.605,27.605,27.605,229,0
WILC.US,5,20251212,215500,27.57,27.57,27.57,27.57,129,0
WILC.US,5,20251215,153000,27.93,27.93,27.93,27.93,119,0
WILC.US,5,20251215,161500,27.695,27.695,27.695,27.695,100,0
WILC.US,5,20251215,162500,27.7,27.7,27.7,27.7,555,0
WILC.US,5,20251215,163500,27.7,27.7,27.7,27.7,890,0
WILC.US,5,20251215,165000,27.655,27.655,27.655,27.655,181,0
WILC.US,5,20251215,165500,27.66,27.66,27.66,27.66,100,0
WILC.US,5,20251215,183500,27.5852,27.5852,27.5852,27.5852,106,0
WILC.US,5,20251215,194000,27.5,27.5,27.5,27.5,100,0
WILC.US,5,20251215,203000,27.5,27.5,27.5,27.5,100,0
WILC.US,5,20251215,211500,27.5301,27.5301,27.5301,27.5301,103,0
WILC.US,5,20251215,213500,27.64,27.64,27.64,27.64,202,0
WILC.US,5,20251215,215500,27.64,27.64,27.64,27.64,100,0
WILC.US,5,20251216,153000,27.75,27.75,27.33,27.37,1015,0
WILC.US,5,20251216,155000,27.54,27.75,27.54,27.75,556,0
WILC.US,5,20251216,155500,27.75,27.75,27.75,27.75,787,0
WILC.US,5,20251216,160000,27.8,27.8,27.8,27.8,390,0
WILC.US,5,20251216,172000,27.61,27.61,27.1,27.1,2647,0
WILC.US,5,20251216,173500,26.825,26.825,26.825,26.825,200,0
WILC.US,5,20251216,182000,27.2573,27.2573,27.2573,27.2573,410,0
WILC.US,5,20251216,183000,27.05,27.05,27.05,27.05,100,0
WILC.US,5,20251216,214000,27.5,27.5,27.42,27.42,218,0
WILC.US,5,20251216,214500,27.41,27.41,27.41,27.41,295,0
WILC.US,5,20251216,215000,27.41,27.44,27.41,27.44,300,0
WILC.US,5,20251217,161500,27.2292,27.2292,27.2292,27.2292,100,0
WILC.US,5,20251217,175000,26.4823,26.905,26.4823,26.49,3088,0
WILC.US,5,20251217,183500,26.5201,26.5201,26.5201,26.5201,176,0
WILC.US,5,20251217,190000,26.56,26.56,26.56,26.56,133,0
WILC.US,5,20251217,192000,26.8834,26.8834,26.8834,26.8834,120,0
WILC.US,5,20251217,203500,27,27,26.99,27,429,0
WILC.US,5,20251217,214000,26.99,27,26.99,27,600,0
WILC.US,5,20251217,215000,26.82,26.82,26.82,26.82,100,0
WILC.US,5,20251217,215500,26.99,26.99,26.99,26.99,100,0
WILC.US,5,20251218,153000,27.67,27.67,27.67,27.67,688,0
WILC.US,5,20251218,153500,27.7,27.8,27.7,27.8,1131,0
WILC.US,5,20251218,155500,27.78,27.8,27.78,27.8,900,0
WILC.US,5,20251218,161000,27.83,27.83,27.13,27.13,235,0
WILC.US,5,20251218,161500,27.41,27.41,27.41,27.41,200,0
WILC.US,5,20251218,162000,27.39,27.53,27.39,27.53,200,0
WILC.US,5,20251218,211000,27.5,27.5,27.5,27.5,278,0
WILC.US,5,20251219,153000,28.45,28.45,28.45,28.45,200,0
WILC.US,5,20251219,164000,27.825,27.825,27.825,27.825,150,0
WILC.US,5,20251219,170500,27.5,27.54,27.5,27.53,399,0
WILC.US,5,20251219,175000,27.63,27.63,27.63,27.63,195,0
WILC.US,5,20251219,212000,27.99,27.99,27.99,27.99,590,0
WILC.US,5,20251219,212500,27.75,27.75,27.75,27.75,256,0
WILC.US,5,20251219,215500,27.95,27.99,27.95,27.99,969,0
WILC.US,5,20251222,153000,28.21,28.21,28.11,28.11,649,0
WILC.US,5,20251222,154000,28.17,28.17,28.17,28.17,274,0
WILC.US,5,20251222,162000,28.17,28.2,28.17,28.2,600,0
WILC.US,5,20251222,164500,27.61,27.61,27.61,27.61,100,0
WILC.US,5,20251222,174000,27.74,27.74,27.74,27.74,100,0
WILC.US,5,20251222,174500,27.68,27.68,27.68,27.68,200,0
WILC.US,5,20251222,185500,28,28,28,28,100,0
WILC.US,5,20251222,190500,27.71,27.71,27.7,27.7,200,0
WILC.US,5,20251222,204000,27.85,27.85,27.85,27.85,101,0
WILC.US,5,20251222,210000,28,28.05,28,28.05,200,0
WILC.US,5,20251223,153500,28.12,28.12,28.12,28.12,216,0
WILC.US,5,20251223,154000,28.15,28.15,28.14,28.15,694,0
WILC.US,5,20251223,154500,28.2,28.2,28.2,28.2,500,0
WILC.US,5,20251223,155000,28.19,28.19,28.19,28.19,100,0
WILC.US,5,20251223,184000,27.75,27.75,27.75,27.75,197,0
WILC.US,5,20251223,185000,27.79,27.79,27.79,27.79,100,0
WILC.US,5,20251223,201000,27.82,27.82,27.8,27.8,200,0
WILC.US,5,20251223,205500,28.19,28.19,28.19,28.19,200,0
WILC.US,5,20251224,153000,28.4,28.4,28.06,28.06,2303,0
WILC.US,5,20251224,154000,28.5,28.955,28.5,28.955,700,0
WILC.US,5,20251224,155500,28.6,28.6,28.6,28.6,500,0
WILC.US,5,20251224,162000,28.6,28.6,28.6,28.6,216,0
WILC.US,5,20251224,172500,28.5,28.5,28.5,28.5,153,0
WILC.US,5,20251224,175000,28.7,28.7,28.69,28.7,600,0
WILC.US,5,20251224,181000,28.5,28.5,28.5,28.5,200,0
WILC.US,5,20251224,184000,28.74,28.8,28.625,28.7297,1470,0
WILC.US,5,20251224,185500,28.71,28.71,28.71,28.71,234,0
WILC.US,5,20251224,190000,28.9,28.9,28.9,28.9,120,0
WILC.US,5,20251226,154000,28.87,28.87,28.87,28.87,100,0
WILC.US,5,20251226,154500,28.94,28.98,28.94,28.98,400,0
WILC.US,5,20251226,155000,28.588,28.98,28.588,28.98,2044,0
WILC.US,5,20251226,155500,28.3201,28.6896,28.3201,28.6896,283,0
WILC.US,5,20251226,160500,28.32,28.98,28.32,28.98,1730,0
WILC.US,5,20251226,161500,28.34,28.97,28.34,28.97,1178,0
WILC.US,5,20251226,163000,28.7091,28.7091,28.7091,28.7091,414,0
WILC.US,5,20251226,164500,28.6272,28.8367,28.3501,28.6272,2102,0
WILC.US,5,20251226,165000,28.35,28.7028,28.35,28.7028,1958,0
WILC.US,5,20251226,171000,28.602,28.602,28.3501,28.3501,822,0
WILC.US,5,20251226,175000,28.42,28.42,28.42,28.42,122,0
WILC.US,5,20251226,175500,28.576,28.7999,28.576,28.6,4158,0
WILC.US,5,20251226,184500,28.7899,28.7899,28.7899,28.7899,422,0
WILC.US,5,20251226,185000,28.7894,28.7894,28.6741,28.6741,1009,0
WILC.US,5,20251226,193500,28.705,28.705,28.7,28.7,500,0
WILC.US,5,20251226,194000,28.8,28.8,28.73,28.79,2282,0
WILC.US,5,20251226,201000,28.9,29,28.7,28.868,3583,0
WILC.US,5,20251226,212500,28.7792,28.79,28.7,28.7002,1892,0
WILC.US,5,20251226,215000,28.8,28.85,28.8,28.85,473,0
WILC.US,5,20251226,215500,28.9,29.32,28.9,29.32,1416,0
WILC.US,5,20251229,153000,29.49,30.89,29.49,30.89,1130,0
WILC.US,5,20251229,155000,29.033,29.033,29.033,29.033,200,0
WILC.US,5,20251229,160500,29.0092,29.32,28.82,28.82,2885,0
WILC.US,5,20251229,161000,29.41,29.41,28.87,28.87,888,0
WILC.US,5,20251229,161500,28.83,29.524,28.8101,29.524,1059,0
WILC.US,5,20251229,163500,29.3988,29.3988,28.92,28.92,666,0
WILC.US,5,20251229,164000,29.5212,29.5212,29.5212,29.5212,111,0
WILC.US,5,20251229,164500,28.9201,29.46,28.9201,29.46,560,0
WILC.US,5,20251229,165000,28.92,28.92,28.92,28.92,150,0
WILC.US,5,20251229,174500,29.505,30,29.02,29.5644,2487,0
WILC.US,5,20251229,181000,29.5,29.5,29.5,29.5,100,0
WILC.US,5,20251229,182500,29.5,29.76,29.06,29.76,988,0
WILC.US,5,20251229,185500,29.4137,29.75,28.92,29.45,1201,0
WILC.US,5,20251229,191500,28.9,28.9001,28.9,28.9001,444,0
WILC.US,5,20251229,201000,28.9101,29.32,28.9101,29.32,952,0
WILC.US,5,20251229,204500,29.3299,29.7799,29.3299,29.345,1332,0
WILC.US,5,20251229,212500,29.13,29.13,29.13,29.13,325,0
WILC.US,5,20251229,213000,29.13,29.13,29.13,29.13,247,0
WILC.US,5,20251229,214000,29.03,29.445,29.03,29.445,1266,0
WILC.US,5,20251229,215000,29.2478,29.2478,29.2478,29.2478,180,0
WILC.US,5,20251229,215500,29.21,29.31,29.21,29.31,526,0
WILC.US,5,20251230,161500,29.3178,29.3178,29.3178,29.3178,100,0
WILC.US,5,20251230,170500,29.12,29.4,28.9,29.1493,4760,0
WILC.US,5,20251230,183500,29.02,29.02,29.02,29.02,200,0
WILC.US,5,20251230,185500,29.1772,29.238,29.05,29.238,1121,0
WILC.US,5,20251230,193000,29.06,29.22,29.06,29.22,1109,0
WILC.US,5,20251230,200500,29.06,29.06,29.06,29.06,300,0
WILC.US,5,20251230,203500,28.9,28.9,28.9,28.9,256,0
WILC.US,5,20251230,210000,28.61,28.61,28.61,28.61,100,0
WILC.US,5,20251230,212500,28.7,28.7,28.7,28.7,328,0
WILC.US,5,20251230,215000,29,29,28.97,28.97,208,0
WILC.US,5,20251231,153000,28.88,28.88,28.88,28.88,200,0
WILC.US,5,20251231,162500,28.9,28.91,28.9,28.91,260,0
WILC.US,5,20251231,163000,29.25,29.25,29.25,29.25,225,0
WILC.US,5,20251231,165000,28.9868,28.9868,28.9868,28.9868,100,0
WILC.US,5,20251231,165500,28.74,28.74,28.74,28.74,100,0
WILC.US,5,20251231,175000,29.038,29.038,29.038,29.038,200,0
WILC.US,5,20251231,183000,29.24,29.25,29.016,29.016,2023,0
WILC.US,5,20251231,191500,29.01,29.01,29.01,29.01,105,0
WILC.US,5,20251231,193000,29.2065,29.2065,29.2065,29.2065,222,0
WILC.US,5,20251231,193500,29.1235,29.23,29.02,29.03,2007,0
WILC.US,5,20251231,194000,29.105,29.105,29.105,29.105,100,0
WILC.US,5,20251231,195000,29.1,29.1,29.1,29.1,111,0
WILC.US,5,20251231,195500,29.125,29.125,29.125,29.125,156,0
WILC.US,5,20251231,200500,29,29,29,29,100,0
WILC.US,5,20251231,201500,29,29,29,29,319,0
WILC.US,5,20251231,211000,29.05,29.05,29.05,29.05,500,0
WILC.US,5,20251231,211500,29.02,29.02,29.01,29.01,200,0
WILC.US,5,20251231,212000,29.01,29.01,29.01,29.01,100,0
WILC.US,5,20251231,213000,29,29,29,29,426,0
WILC.US,5,20251231,215500,28.78,28.78,28.78,28.78,276,0
WILC.US,5,20260102,153000,28.97,28.97,28.97,28.97,252,0
WILC.US,5,20260102,160500,28.95,28.95,28.95,28.95,100,0
WILC.US,5,20260102,162000,28.89,28.89,28.89,28.89,350,0
WILC.US,5,20260102,171000,28.7,28.7,28.65,28.65,600,0
WILC.US,5,20260102,183000,28.6801,28.6801,28.6801,28.6801,550,0
WILC.US,5,20260102,185500,28.46,28.46,28.41,28.41,200,0
WILC.US,5,20260102,191000,28.41,28.41,28.41,28.41,100,0
WILC.US,5,20260102,192500,28.69,28.69,28.68,28.68,300,0
WILC.US,5,20260102,193000,28.41,28.4961,28.41,28.4961,208,0
WILC.US,5,20260102,195500,28.5,28.5,28.5,28.5,290,0
WILC.US,5,20260102,200000,28.66,28.66,28.64,28.64,560,0
WILC.US,5,20260102,204000,28.68,28.7,28.68,28.7,628,0
WILC.US,5,20260102,211000,28.76,28.79,28.75,28.79,300,0
WILC.US,5,20260102,212000,28.8706,28.8706,28.8706,28.8706,414,0
WILC.US,5,20260102,213000,28.61,28.61,28.6001,28.6001,333,0
WILC.US,5,20260102,213500,28.8054,28.99,28.61,28.99,4488,0
WILC.US,5,20260102,215000,28.99,28.99,28.97,28.97,290,0
WILC.US,5,20260102,215500,28.7,28.7,28.7,28.7,238,0
WILC.US,5,20260105,153000,29.07,29.07,29.07,29.07,381,0
WILC.US,5,20260105,194000,29.07,29.24,29.07,29.155,811,0
WILC.US,5,20260105,200000,29.1,29.1,29.1,29.1,100,0
WILC.US,5,20260105,202500,29.1004,29.1004,29.1004,29.1004,137,0
WILC.US,5,20260105,214500,29.095,29.095,29.095,29.095,100,0
WILC.US,5,20260105,215500,29.23,29.23,29.23,29.23,100,0
WILC.US,5,20260106,155000,29.04,29.04,29.04,29.04,110,0
WILC.US,5,20260106,163500,29.2,29.24,29.2,29.24,558,0
WILC.US,5,20260106,172000,29.125,29.125,29.125,29.125,100,0
WILC.US,5,20260106,192000,29.24,29.24,29.24,29.24,653,0
WILC.US,5,20260106,192500,29.24,29.2699,29.24,29.24,645,0
WILC.US,5,20260106,194000,29.24,29.24,29.24,29.24,100,0
WILC.US,5,20260106,195500,29.23,29.2399,29.23,29.2399,250,0
WILC.US,5,20260106,202000,29.24,29.2699,29.24,29.2699,352,0
WILC.US,5,20260106,210500,29.1,29.1,29.1,29.1,100,0
WILC.US,5,20260106,214000,29.2328,29.2328,29.2328,29.2328,200,0
WILC.US,5,20260107,154000,29.31,29.31,29.26,29.26,277,0
WILC.US,5,20260107,155000,29.4,29.4,29.4,29.4,500,0
WILC.US,5,20260107,155500,29.5,29.5,29.5,29.5,421,0
WILC.US,5,20260107,161500,29.5,29.568,29.26,29.36,2306,0
WILC.US,5,20260107,163500,29.36,29.36,29.36,29.36,113,0
WILC.US,5,20260107,173000,29.27,29.29,29.27,29.29,404,0
WILC.US,5,20260107,174000,29.28,29.28,29.28,29.28,100,0
WILC.US,5,20260107,194500,29.463,29.463,29.463,29.463,341,0
WILC.US,5,20260107,213500,29.48,29.48,29.48,29.48,272,0
WILC.US,5,20260107,215500,29.462,29.462,29.462,29.462,137,0
WILC.US,5,20260108,153000,29.46,29.46,25.83,29.1,1653,0
WILC.US,5,20260108,153500,28.49,28.65,28.49,28.65,900,0
WILC.US,5,20260108,154000,29.3,29.3,28.73,28.73,700,0
WILC.US,5,20260108,154500,29.39,29.4,29.39,29.4,599,0
WILC.US,5,20260108,155500,29,29,29,29,300,0
WILC.US,5,20260108,173000,28.914,28.914,28.914,28.914,133,0
WILC.US,5,20260108,174000,28.9,28.9,28.9,28.9,261,0
WILC.US,5,20260108,174500,28.776,28.9,28.776,28.9,436,0
WILC.US,5,20260108,175000,28.6507,28.6507,28.6507,28.6507,135,0
WILC.US,5,20260108,180500,29.0654,29.0654,29.0654,29.0654,125,0
WILC.US,5,20260108,181000,28.88,29,28.88,29,200,0
WILC.US,5,20260108,182000,29,29,29,29,150,0
WILC.US,5,20260108,184500,29,29,29,29,100,0
WILC.US,5,20260108,190500,29.03,29.03,29.03,29.03,100,0
WILC.US,5,20260108,191500,29.01,29.01,29,29,200,0
WILC.US,5,20260108,204000,29.15,29.15,29.15,29.15,103,0
WILC.US,5,20260108,212000,29.25,29.25,29.25,29.25,102,0
WILC.US,5,20260109,174500,29.05,29.05,29.05,29.05,100,0
WILC.US,5,20260109,184500,29.07,29.07,29.07,29.07,100,0
WILC.US,5,20260109,192000,29.11,29.11,29.11,29.11,100,0
WILC.US,5,20260109,194000,29.19,29.19,29.19,29.19,176,0
WILC.US,5,20260109,204500,29.21,29.21,29.21,29.21,100,0
WILC.US,5,20260109,215500,29.26,29.26,29.13,29.13,200,0
WILC.US,5,20260112,165000,29.03,29.04,28.4446,28.49,1126,0
WILC.US,5,20260112,165500,28,28.0898,27.79,28.0898,878,0
WILC.US,5,20260112,172000,28.4,28.4,28.4,28.4,300,0
WILC.US,5,20260112,175500,28.6,28.6,28.6,28.6,398,0
WILC.US,5,20260112,181000,28.74,28.74,28.74,28.74,100,0
WILC.US,5,20260112,183000,29.1,29.1,28.75,28.75,800,0
WILC.US,5,20260112,200500,29.1,29.1,29.1,29.1,349,0
WILC.US,5,20260112,205500,28.82,28.82,28.82,28.82,300,0
WILC.US,5,20260112,215500,28.64,28.75,28.64,28.75,274,0
WILC.US,5,20260113,153000,29.16,29.16,29.16,29.16,200,0
WILC.US,5,20260113,154000,29.2,29.2,29.2,29.2,270,0
WILC.US,5,20260113,155000,29.2,29.2,29.2,29.2,106,0
WILC.US,5,20260113,160000,28.51,29.2,28.51,29.2,947,0
WILC.US,5,20260113,160500,29.3,29.3,29.3,29.3,500,0
WILC.US,5,20260113,175500,29.4,29.4,29.4,29.4,367,0
WILC.US,5,20260113,183500,29.4,29.45,29.4,29.45,430,0
WILC.US,5,20260113,201500,29.2,29.2,29.2,29.2,123,0
WILC.US,5,20260113,212000,29.49,29.53,29.48,29.5,1109,0
WILC.US,5,20260113,212500,29.16,29.16,29.16,29.16,100,0
WILC.US,5,20260114,153000,29.63,29.69,29.6,29.6,1299,0
WILC.US,5,20260114,153500,29.67,29.67,29.67,29.67,311,0
WILC.US,5,20260114,155000,29.69,29.69,29.69,29.69,446,0
WILC.US,5,20260114,160000,29.78,29.78,29.77,29.77,1233,0
WILC.US,5,20260114,161000,29.7,29.7,29.7,29.7,100,0
WILC.US,5,20260114,161500,29.62,29.62,29.55,29.55,500,0
WILC.US,5,20260114,162000,29.59,29.7,29.45,29.6,2598,0
WILC.US,5,20260114,162500,29.65,29.65,29.65,29.65,100,0
WILC.US,5,20260114,163000,29.76,29.76,29.65,29.7,502,0
WILC.US,5,20260114,164000,29.555,29.555,29.41,29.41,304,0
WILC.US,5,20260114,164500,29.41,29.41,29.4,29.4,500,0
WILC.US,5,20260114,165000,29.4,29.4,29.4,29.4,3057,0
WILC.US,5,20260114,165500,29.4,29.4,29.4,29.4,2123,0
WILC.US,5,20260114,170000,29.3,29.3,29.3,29.3,998,0
WILC.US,5,20260114,170500,29.3,29.3,29.3,29.3,100,0
WILC.US,5,20260114,172000,28.96,28.96,28.96,28.96,100,0
WILC.US,5,20260114,173000,29.25,29.3,29.25,29.3,1611,0
WILC.US,5,20260114,184000,29.1517,29.175,29.11,29.175,316,0
WILC.US,5,20260114,190500,29.13,29.13,29.13,29.13,300,0
WILC.US,5,20260114,193000,29.35,29.35,29.35,29.35,579,0
WILC.US,5,20260114,195000,29.35,29.35,29.35,29.35,453,0
WILC.US,5,20260114,195500,29.35,29.35,29.35,29.35,500,0
WILC.US,5,20260114,200000,29.35,29.4,29.35,29.4,1098,0
WILC.US,5,20260114,203000,29.4,29.4,29.4,29.4,159,0
WILC.US,5,20260114,213000,29.39,29.39,29.39,29.39,100,0
WILC.US,5,20260114,213500,29.49,29.49,29.49,29.49,300,0
WILC.US,5,20260114,214000,29.5,29.5,29.5,29.5,500,0
WILC.US,5,20260114,214500,29.46,29.46,29.46,29.46,125,0
WILC.US,5,20260114,215000,29.5,29.7,29.5,29.5,1023,0
WILC.US,5,20260115,153000,29.43,29.43,29.43,29.43,301,0
WILC.US,5,20260115,154000,29.5,29.5,29.5,29.5,320,0
WILC.US,5,20260115,154500,29.55,29.65,29.55,29.6067,2762,0
WILC.US,5,20260115,155500,29.205,29.205,29.205,29.205,160,0
WILC.US,5,20260115,160000,29.545,29.545,29.48,29.49,879,0
WILC.US,5,20260115,160500,29.5,29.6,29.5,29.59,527,0
WILC.US,5,20260115,161000,29.6,29.6,29.6,29.6,367,0
WILC.US,5,20260115,162500,29.55,29.55,29.54,29.55,1047,0
WILC.US,5,20260115,163000,29.55,29.55,29.55,29.55,439,0
WILC.US,5,20260115,165500,29.5,29.5,29.5,29.5,320,0
WILC.US,5,20260115,171000,29.325,29.325,29.325,29.325,100,0
WILC.US,5,20260115,174500,29.1501,29.1501,29.1501,29.1501,200,0
WILC.US,5,20260115,180000,29.1625,29.1625,29.1625,29.1625,640,0
WILC.US,5,20260115,184000,29.4999,29.816,29.315,29.7608,10433,0
WILC.US,5,20260115,190000,29.49,29.49,29.49,29.49,100,0
WILC.US,5,20260115,200000,29.2,29.2,29.2,29.2,100,0
WILC.US,5,20260115,200500,29.4,29.4,29.4,29.4,100,0
WILC.US,5,20260115,215500,29.25,29.25,29.23,29.23,229,0
WILC.US,5,20260116,153000,29.25,29.25,29.25,29.25,1962,0
WILC.US,5,20260116,162500,29.25,29.25,29.25,29.25,200,0
WILC.US,5,20260116,171500,29.0401,29.0401,29.0401,29.0401,100,0
WILC.US,5,20260116,194500,29.43,29.43,29.43,29.43,474,0
WILC.US,5,20260116,195000,29.49,29.5,29.49,29.5,546,0
WILC.US,5,20260116,200000,29.55,29.69,29.54,29.59,1099,0
WILC.US,5,20260116,210000,29.6,29.6,29.6,29.6,600,0
WILC.US,5,20260116,213000,29.7,29.7,29.7,29.7,100,0
WILC.US,5,20260116,214500,29.7,29.7,29.66,29.66,400,0
WILC.US,5,20260116,215000,29.7,29.7,29.7,29.7,498,0
WILC.US,5,20260116,215500,29.9,29.9,29.9,29.9,130,0
WILC.US,5,20260120,153500,29.58,29.6,29.58,29.6,3800,0
WILC.US,5,20260120,154500,29.6,29.63,29.6,29.6,2498,0
WILC.US,5,20260120,155000,29.43,29.43,29.43,29.43,2035,0
WILC.US,5,20260120,160000,29.6,29.6,29.6,29.6,333,0
WILC.US,5,20260120,163500,29.525,29.525,29.525,29.525,200,0
WILC.US,5,20260120,164500,29.51,29.51,29.51,29.51,100,0
WILC.US,5,20260120,165500,29.5,29.5,29.33,29.33,300,0
WILC.US,5,20260120,170500,29.49,29.5,29.49,29.5,408,0
WILC.US,5,20260120,173500,29.22,29.22,29.22,29.22,100,0
WILC.US,5,20260120,193000,29.25,29.25,29.25,29.25,100,0
WILC.US,5,20260120,194500,29.23,29.23,29.23,29.23,100,0
WILC.US,5,20260120,195000,29.24,29.25,29.24,29.25,200,0
WILC.US,5,20260120,200500,29.25,29.31,29.25,29.3,700,0
WILC.US,5,20260120,205500,29.3,29.31,29.3,29.31,400,0
WILC.US,5,20260120,210000,29.35,29.35,29.35,29.35,275,0
WILC.US,5,20260120,210500,29.325,29.35,29.3,29.327,7297,0
WILC.US,5,20260120,215000,29.09,29.09,29.08,29.08,200,0
WILC.US,5,20260120,215500,29.2,29.22,29.2,29.22,500,0
WILC.US,5,20260121,153000,29.35,29.4,29.35,29.35,1918,0
WILC.US,5,20260121,153500,29.31,29.31,29.31,29.31,234,0
WILC.US,5,20260121,154000,29.39,29.4,29.39,29.4,694,0
WILC.US,5,20260121,154500,29.4,29.6,29.4,29.6,2172,0
WILC.US,5,20260121,155000,29.45,29.58,29.45,29.48,4817,0
WILC.US,5,20260121,155500,29.47,29.48,29.34,29.34,4425,0
WILC.US,5,20260121,160000,29.31,29.31,29.31,29.31,339,0
WILC.US,5,20260121,163500,29.47,29.48,29.47,29.48,1077,0
WILC.US,5,20260121,164500,29.31,29.31,29.3,29.3,300,0
WILC.US,5,20260121,165000,29.3,29.3,29.3,29.3,1300,0
WILC.US,5,20260121,171500,29.2,29.2,29.2,29.2,100,0
WILC.US,5,20260121,175500,29.04,29.04,29.04,29.04,356,0
WILC.US,5,20260121,181000,29.1,29.1,29.1,29.1,100,0
WILC.US,5,20260121,193000,29.11,29.11,29.11,29.11,100,0
WILC.US,5,20260121,204500,29.205,29.205,29.205,29.205,500,0
WILC.US,5,20260121,205000,29.21,29.21,29.21,29.21,100,0
WILC.US,5,20260121,214500,29.28,29.3,29.28,29.3,777,0
WILC.US,5,20260122,153000,29.42,29.42,29.42,29.42,376,0
WILC.US,5,20260122,175000,29.3,29.3,29.3,29.3,500,0
WILC.US,5,20260122,200500,29.29,29.29,29.29,29.29,100,0
WILC.US,5,20260122,201500,29.4,29.4,29.4,29.4,498,0
WILC.US,5,20260122,204500,29.45,29.45,29.45,29.45,100,0
WILC.US,5,20260122,205500,29.5,29.5,29.5,29.5,199,0
WILC.US,5,20260122,211000,29.47,29.5,29.41,29.43,1826,0
WILC.US,5,20260122,211500,29.5,29.5,29.5,29.5,300,0
WILC.US,5,20260122,212500,29.35,29.35,29.35,29.35,175,0
WILC.US,5,20260122,213000,29.28,29.28,29.28,29.28,200,0
WILC.US,5,20260122,215500,29.39,29.39,29.29,29.37,1684,0
WILC.US,5,20260123,153000,29.2,29.2,29.2,29.2,333,0
WILC.US,5,20260123,155500,29.2,29.2,29.2,29.2,100,0
WILC.US,5,20260123,161000,29.25,29.25,29.25,29.25,206,0
WILC.US,5,20260123,171500,29.25,29.25,29.25,29.25,286,0
WILC.US,5,20260123,180500,29.2428,29.2428,29.2,29.2,202,0
WILC.US,5,20260123,182000,29.22,29.3,29.22,29.3,675,0
WILC.US,5,20260123,184000,29.27,29.27,29.27,29.27,100,0
WILC.US,5,20260123,194500,29.19,29.19,29.19,29.19,100,0
WILC.US,5,20260123,202000,29.19,29.295,29.18,29.295,998,0
WILC.US,5,20260123,212500,29.2,29.2,29.2,29.2,100,0
WILC.US,5,20260123,215500,29.3,29.34,29.3,29.34,268,0
