<TICKER>,<PER>,<DATE>,<TIME>,<OPEN>,<HIGH>,<LOW>,<CLOSE>,<VOL>,<OPENINT>
ZGM.US,5,20250909,180000,4.39,4.51,3.92,3.92,542869,0
ZGM.US,5,20250909,181000,3.39,3.74,3.05,3.6,367043,0
ZGM.US,5,20250909,181500,3.595,3.88,3.57,3.82,145319,0
ZGM.US,5,20250909,182000,3.84,3.88,3.71,3.745,89372,0
ZGM.US,5,20250909,182500,3.74,3.81,3.735,3.8,41401,0
ZGM.US,5,20250909,183000,3.78,4.09,3.77,3.98,94561,0
ZGM.US,5,20250909,183500,3.9822,4.03,3.9364,4.02,43920,0
ZGM.US,5,20250909,184000,4.04,4.14,4.02,4.02,78863,0
ZGM.US,5,20250909,184500,4.02,4.15,4.02,4.08,50858,0
ZGM.US,5,20250909,185000,4.06,4.15,4.048,4.14,25009,0
ZGM.US,5,20250909,185500,4.14,4.21,4.14,4.18,49996,0
ZGM.US,5,20250909,190000,4.17,4.23,4.14,4.16,55384,0
ZGM.US,5,20250909,190500,4.15,4.206,4.15,4.206,7976,0
ZGM.US,5,20250909,191000,4.215,4.2399,4.1499,4.16,52784,0
ZGM.US,5,20250909,191500,4.15,4.15,3.91,4.12,37418,0
ZGM.US,5,20250909,192000,4.1121,4.13,3.93,3.935,11610,0
ZGM.US,5,20250909,192500,3.9339,4.05,3.8735,4,29853,0
ZGM.US,5,20250909,193000,3.9899,4.05,3.89,4,103199,0
ZGM.US,5,20250909,193500,3.9961,4.03,3.9865,4,21786,0
ZGM.US,5,20250909,194000,4.02,4.02,4,4.01,10447,0
ZGM.US,5,20250909,194500,4.005,4.05,3.97,3.98,25020,0
ZGM.US,5,20250909,195000,4.01,4.07,4,4.0044,4185,0
ZGM.US,5,20250909,195500,4.01,4.09,3.99,4.0101,17680,0
ZGM.US,5,20250909,200000,4.06,4.09,3.98,3.99,14105,0
ZGM.US,5,20250909,200500,3.995,4.1,3.85,3.975,57627,0
ZGM.US,5,20250909,201000,4.005,4.0464,3.91,4.0464,55568,0
ZGM.US,5,20250909,201500,4.01,4.0616,3.97,3.97,44300,0
ZGM.US,5,20250909,202000,3.975,4.0616,3.975,4.0616,3424,0
ZGM.US,5,20250909,202500,4.01,4.01,4,4,82385,0
ZGM.US,5,20250909,203000,4,4,3.995,3.995,220,0
ZGM.US,5,20250909,203500,3.945,4,3.8705,3.92,8532,0
ZGM.US,5,20250909,204000,3.92,4.1,3.92,4.0986,99229,0
ZGM.US,5,20250909,204500,4.08,4.1,3.8995,3.9,112836,0
ZGM.US,5,20250909,205000,3.8968,3.9599,3.8,3.89,11573,0
ZGM.US,5,20250909,205500,3.85,4,3.815,4,7313,0
ZGM.US,5,20250909,210000,3.95,3.95,3.95,3.95,500,0
ZGM.US,5,20250909,211000,3.95,3.999,3.95,3.95,1310,0
ZGM.US,5,20250909,211500,3.93,3.93,3.93,3.93,108,0
ZGM.US,5,20250909,212000,3.93,3.9899,3.88,3.88,2100,0
ZGM.US,5,20250909,212500,3.99,3.99,3.93,3.965,1120,0
ZGM.US,5,20250909,213000,3.94,3.99,3.94,3.99,2048,0
ZGM.US,5,20250909,213500,3.99,4,3.99,3.99,10130,0
ZGM.US,5,20250909,214000,3.99,3.99,3.97,3.97,1140,0
ZGM.US,5,20250909,214500,3.965,3.965,3.87,3.915,12028,0
ZGM.US,5,20250909,215000,3.915,3.9499,3.87,3.91,8189,0
ZGM.US,5,20250909,215500,3.905,3.905,3.61,3.69,32024,0
ZGM.US,5,20250910,153000,3.94,4,3.79,3.9401,81848,0
ZGM.US,5,20250910,153500,4,4,3.95,4,13010,0
ZGM.US,5,20250910,154000,4,4.1,4,4.07,14757,0
ZGM.US,5,20250910,154500,4.085,4.15,4.07,4.11,34660,0
ZGM.US,5,20250910,155000,4.11,4.15,4.07,4.0772,56718,0
ZGM.US,5,20250910,155500,4.07,4.09,4,4.08,4430,0
ZGM.US,5,20250910,160000,4.08,4.1,4.04,4.04,8951,0
ZGM.US,5,20250910,160500,4,4.0698,4,4.04,8057,0
ZGM.US,5,20250910,161000,4.04,4.0638,3.82,3.91,36830,0
ZGM.US,5,20250910,161500,3.95,3.9887,3.86,3.925,4690,0
ZGM.US,5,20250910,162000,3.93,3.93,3.93,3.93,460,0
ZGM.US,5,20250910,162500,3.92,3.92,3.86,3.8604,4537,0
ZGM.US,5,20250910,163000,3.88,3.88,3.86,3.86,1800,0
ZGM.US,5,20250910,163500,3.9044,3.9044,3.895,3.895,1900,0
ZGM.US,5,20250910,164000,3.9209,3.93,3.86,3.8607,5880,0
ZGM.US,5,20250910,164500,3.9276,3.9276,3.92,3.92,650,0
ZGM.US,5,20250910,165500,3.9191,3.9191,3.8,3.8,6445,0
ZGM.US,5,20250910,170000,3.9127,3.9127,3.78,3.78,2313,0
ZGM.US,5,20250910,170500,3.7536,3.9078,3.7,3.8,20408,0
ZGM.US,5,20250910,171000,3.8499,3.909,3.775,3.909,4900,0
ZGM.US,5,20250910,172000,3.89,4,3.89,4,16875,0
ZGM.US,5,20250910,172500,4,4,3.965,3.99,22510,0
ZGM.US,5,20250910,173000,3.9968,3.9968,3.9751,3.99,3950,0
ZGM.US,5,20250910,173500,4,4,3.97,3.97,11741,0
ZGM.US,5,20250910,174000,3.975,3.99,3.96,3.96,2257,0
ZGM.US,5,20250910,174500,3.9851,3.9851,3.95,3.95,1100,0
ZGM.US,5,20250910,175000,3.9896,3.9896,3.95,3.9558,1000,0
ZGM.US,5,20250910,175500,3.95,3.9501,3.9,3.9,4453,0
ZGM.US,5,20250910,180000,3.72,3.89,3.72,3.89,3800,0
ZGM.US,5,20250910,180500,3.75,3.85,3.75,3.85,5873,0
ZGM.US,5,20250910,181000,3.85,3.85,3.8208,3.8208,1786,0
ZGM.US,5,20250910,181500,3.84,3.8984,3.83,3.88,2260,0
ZGM.US,5,20250910,182000,3.9,3.9,3.9,3.9,200,0
ZGM.US,5,20250910,182500,3.875,3.875,3.875,3.875,500,0
ZGM.US,5,20250910,183000,3.88,3.88,3.88,3.88,100,0
ZGM.US,5,20250910,184000,3.8518,3.8518,3.8009,3.8009,3000,0
ZGM.US,5,20250910,185000,3.85,3.85,3.85,3.85,816,0
ZGM.US,5,20250910,185500,3.85,3.85,3.85,3.85,220,0
ZGM.US,5,20250910,190500,3.821,3.821,3.821,3.821,100,0
ZGM.US,5,20250910,191000,3.9,3.9,3.83,3.83,1826,0
ZGM.US,5,20250910,192000,3.8474,3.86,3.845,3.849,11500,0
ZGM.US,5,20250910,192500,3.87,3.87,3.8201,3.86,2000,0
ZGM.US,5,20250910,193000,3.9,3.9,3.9,3.9,200,0
ZGM.US,5,20250910,193500,3.885,3.93,3.88,3.92,749,0
ZGM.US,5,20250910,194000,3.89,3.92,3.8193,3.86,44384,0
ZGM.US,5,20250910,194500,3.86,3.86,3.815,3.8201,11029,0
ZGM.US,5,20250910,195000,3.8,3.8,3.71,3.72,6046,0
ZGM.US,5,20250910,200000,3.85,3.85,3.85,3.85,300,0
ZGM.US,5,20250910,200500,3.85,3.85,3.85,3.85,200,0
ZGM.US,5,20250910,201000,3.85,3.9,3.835,3.865,7460,0
ZGM.US,5,20250910,201500,3.87,3.91,3.71,3.81,2600,0
ZGM.US,5,20250910,203500,3.86,3.9,3.86,3.9,200,0
ZGM.US,5,20250910,204000,3.86,3.86,3.86,3.86,940,0
ZGM.US,5,20250910,204500,3.8113,3.9,3.8113,3.89,2300,0
ZGM.US,5,20250910,205000,3.9053,3.9053,3.9053,3.9053,500,0
ZGM.US,5,20250910,205500,3.83,3.83,3.81,3.81,1300,0
ZGM.US,5,20250910,210000,3.81,3.81,3.8,3.8,800,0
ZGM.US,5,20250910,212500,3.8345,3.8345,3.8345,3.8345,1350,0
ZGM.US,5,20250910,213500,3.83,3.83,3.82,3.82,300,0
ZGM.US,5,20250910,214500,3.88,3.88,3.82,3.83,1148,0
ZGM.US,5,20250910,215500,3.8398,3.9,3.8,3.8,9068,0
ZGM.US,5,20250911,153000,3.8,3.9953,3.795,3.9953,6069,0
ZGM.US,5,20250911,153500,3.9,3.976,3.79,3.79,4388,0
ZGM.US,5,20250911,154000,3.78,3.8813,3.78,3.82,4232,0
ZGM.US,5,20250911,154500,3.82,3.82,3.7,3.7,3113,0
ZGM.US,5,20250911,155000,3.7,3.868,3.7,3.715,2941,0
ZGM.US,5,20250911,155500,3.72,3.8305,3.67,3.79,3269,0
ZGM.US,5,20250911,160500,3.7269,3.75,3.7269,3.7281,2330,0
ZGM.US,5,20250911,161000,3.72,3.735,3.67,3.67,20290,0
ZGM.US,5,20250911,161500,3.78,3.8085,3.78,3.8,2640,0
ZGM.US,5,20250911,162000,3.78,3.78,3.61,3.7198,18603,0
ZGM.US,5,20250911,162500,3.74,3.88,3.74,3.8584,1327,0
ZGM.US,5,20250911,163000,3.83,3.845,3.83,3.845,400,0
ZGM.US,5,20250911,163500,3.86,3.86,3.77,3.85,608,0
ZGM.US,5,20250911,164000,3.72,3.8,3.7,3.751,5726,0
ZGM.US,5,20250911,165000,3.8456,3.85,3.84,3.8491,16364,0
ZGM.US,5,20250911,165500,3.84,4.09,3.84,4.005,30172,0
ZGM.US,5,20250911,170000,4,4.37,4,4.18,60232,0
ZGM.US,5,20250911,170500,4.1078,4.325,4.1,4.19,79858,0
ZGM.US,5,20250911,171000,4.14,4.2,4.06,4.09,26322,0
ZGM.US,5,20250911,171500,4.1147,4.15,4.08,4.0906,5400,0
ZGM.US,5,20250911,172000,4.145,4.1893,4.09,4.0901,9416,0
ZGM.US,5,20250911,172500,4.0945,4.17,4.07,4.085,10543,0
ZGM.US,5,20250911,173000,4.06,4.06,3.81,3.93,11319,0
ZGM.US,5,20250911,173500,3.93,4.05,3.81,4,13725,0
ZGM.US,5,20250911,174000,3.9,4.0304,3.85,3.9,13311,0
ZGM.US,5,20250911,174500,3.92,4.0499,3.8818,3.96,11745,0
ZGM.US,5,20250911,175000,3.95,4.04,3.8913,3.9981,4115,0
ZGM.US,5,20250911,175500,3.96,3.9611,3.8901,3.8901,5880,0
ZGM.US,5,20250911,180000,3.9,3.95,3.8501,3.8601,13272,0
ZGM.US,5,20250911,180500,3.9298,4.05,3.9,3.955,18490,0
ZGM.US,5,20250911,181000,3.955,3.955,3.8715,3.8988,3778,0
ZGM.US,5,20250911,182000,4,4.04,3.998,4.0386,4900,0
ZGM.US,5,20250911,182500,4.04,4.05,3.912,3.975,13396,0
ZGM.US,5,20250911,183000,3.97,3.97,3.9151,3.9151,3001,0
ZGM.US,5,20250911,183500,3.9184,4.03,3.9184,4.028,12460,0
ZGM.US,5,20250911,184000,4.029,4.029,4.029,4.029,1000,0
ZGM.US,5,20250911,185000,3.99,3.99,3.99,3.99,100,0
ZGM.US,5,20250911,185500,3.95,4,3.95,3.9999,2700,0
ZGM.US,5,20250911,190000,4,4.0399,3.98,4.0399,8150,0
ZGM.US,5,20250911,190500,4.01,4.05,3.9997,4.05,8650,0
ZGM.US,5,20250911,191000,4.0299,4.03,4,4,22490,0
ZGM.US,5,20250911,191500,4,4,3.95,4,8207,0
ZGM.US,5,20250911,192000,3.95,3.9548,3.9,3.939,13565,0
ZGM.US,5,20250911,192500,3.9297,3.93,3.9275,3.9275,3200,0
ZGM.US,5,20250911,193000,3.9,3.9,3.83,3.83,7409,0
ZGM.US,5,20250911,193500,3.83,4.02,3.8,3.922,58326,0
ZGM.US,5,20250911,194000,3.8301,4,3.8301,4,200,0
ZGM.US,5,20250911,195000,3.8587,3.8587,3.8587,3.8587,500,0
ZGM.US,5,20250911,200000,3.85,3.87,3.47,3.47,131407,0
ZGM.US,5,20250911,200500,3.41,3.6,3.02,3.02,64441,0
ZGM.US,5,20250911,202000,2.6,2.61,2.34,2.34,20725,0
ZGM.US,5,20250911,202500,2.22,2.44,2,2.44,150333,0
ZGM.US,5,20250911,204000,3.04,3.34,2.84,3.34,117885,0
ZGM.US,5,20250911,210000,4.05,4.15,3.52,3.52,147579,0
ZGM.US,5,20250911,210500,3.55,3.63,3.2,3.2,63470,0
ZGM.US,5,20250911,211000,3.05,3.11,2.75,2.75,34082,0
ZGM.US,5,20250911,211500,2.75,2.96,2.69,2.96,18677,0
ZGM.US,5,20250911,212500,3.06,3.3027,2.61,2.79,69865,0
ZGM.US,5,20250911,213000,2.8681,2.9499,2.72,2.85,8561,0
ZGM.US,5,20250911,213500,2.91,3.23,2.85,3.23,13563,0
ZGM.US,5,20250911,214000,3,3.2376,3,3.08,20987,0
ZGM.US,5,20250911,214500,3.01,3.16,2.96,3.06,11506,0
ZGM.US,5,20250911,215000,3.1556,3.1556,2.85,3,15978,0
ZGM.US,5,20250911,215500,2.8515,2.9893,2.7,2.77,64796,0
ZGM.US,5,20250912,153000,3.02,3.0493,2.98,3.04,10067,0
ZGM.US,5,20250912,153500,3.05,3.2299,3.04,3.04,27011,0
ZGM.US,5,20250912,154000,3.115,3.115,3.115,3.115,1250,0
ZGM.US,5,20250912,154500,3.1893,3.1893,3.12,3.12,3251,0
ZGM.US,5,20250912,155000,3.16,3.16,3.06,3.06,1145,0
ZGM.US,5,20250912,155500,3.16,3.17,3.04,3.04,7828,0
ZGM.US,5,20250912,160000,3.0531,3.1481,2.85,2.85,15380,0
ZGM.US,5,20250912,160500,2.93,3.01,2.8692,3.01,3952,0
ZGM.US,5,20250912,161000,2.93,2.95,2.8,2.86,8542,0
ZGM.US,5,20250912,161500,2.8594,2.86,2.85,2.86,800,0
ZGM.US,5,20250912,162000,2.86,2.88,2.86,2.88,1400,0
ZGM.US,5,20250912,162500,2.875,2.88,2.875,2.88,3100,0
ZGM.US,5,20250912,163000,2.88,2.8995,2.8501,2.89,2600,0
ZGM.US,5,20250912,163500,2.89,2.9,2.89,2.89,999,0
ZGM.US,5,20250912,164000,2.89,2.89,2.6,2.7508,10562,0
ZGM.US,5,20250912,164500,2.8424,2.8424,2.6,2.61,7738,0
ZGM.US,5,20250912,165000,2.61,2.7227,2.61,2.685,1335,0
ZGM.US,5,20250912,170000,2.75,2.75,2.75,2.75,320,0
ZGM.US,5,20250912,170500,2.87,3.1,2.87,3.03,5077,0
ZGM.US,5,20250912,171000,2.89,3.5,2.8801,3.5,77928,0
ZGM.US,5,20250912,171500,3.45,3.7999,3.1001,3.555,129825,0
ZGM.US,5,20250912,172000,3.59,3.67,3.51,3.6,12672,0
ZGM.US,5,20250912,172500,3.6,3.64,3.4,3.42,18401,0
ZGM.US,5,20250912,173000,3.3,3.35,3.3,3.35,1007,0
ZGM.US,5,20250912,173500,3.35,3.35,3.3,3.3,1225,0
ZGM.US,5,20250912,174000,3.23,3.31,3.1788,3.245,2735,0
ZGM.US,5,20250912,174500,3.25,3.27,3.1805,3.25,6200,0
ZGM.US,5,20250912,175000,3.265,3.33,3.1801,3.26,12552,0
ZGM.US,5,20250912,175500,3.25,3.34,3.25,3.31,12700,0
ZGM.US,5,20250912,180000,3.35,3.51,3.2,3.2,9804,0
ZGM.US,5,20250912,180500,3.2,3.3,3.19,3.3,16700,0
ZGM.US,5,20250912,181000,3.23,3.34,3.2,3.34,9103,0
ZGM.US,5,20250912,182000,3.26,3.33,3.26,3.27,5976,0
ZGM.US,5,20250912,182500,3.3,3.32,3.24,3.28,4400,0
ZGM.US,5,20250912,183500,3.293,3.293,3.293,3.293,274,0
ZGM.US,5,20250912,184000,3.27,3.49,3.1921,3.1921,14952,0
ZGM.US,5,20250912,184500,3.31,3.4,3.31,3.4,1150,0
ZGM.US,5,20250912,185000,3.4,3.45,3.4,3.45,1612,0
ZGM.US,5,20250912,185500,3.43,3.44,3.4,3.44,900,0
ZGM.US,5,20250912,190000,3.4,3.41,3.32,3.32,3576,0
ZGM.US,5,20250912,190500,3.32,3.42,3.32,3.42,3898,0
ZGM.US,5,20250912,191000,3.44,3.51,3.44,3.45,16090,0
ZGM.US,5,20250912,191500,3.44,3.44,3.44,3.44,300,0
ZGM.US,5,20250912,192000,3.32,3.38,3.32,3.38,16200,0
ZGM.US,5,20250912,192500,3.4,3.475,3.3999,3.475,500,0
ZGM.US,5,20250912,193000,3.42,3.52,3.4,3.4,2850,0
ZGM.US,5,20250912,194500,3.35,3.39,3.34,3.34,11265,0
ZGM.US,5,20250912,195000,3.35,3.36,3.19,3.35,22312,0
ZGM.US,5,20250912,195500,3.39,3.39,3.39,3.39,300,0
ZGM.US,5,20250912,200000,3.35,3.38,3.24,3.24,16635,0
ZGM.US,5,20250912,201000,3.34,3.44,3.26,3.28,34200,0
ZGM.US,5,20250912,201500,3.27,3.35,3.21,3.33,59010,0
ZGM.US,5,20250912,202000,3.35,3.35,3.1913,3.1913,29981,0
ZGM.US,5,20250912,202500,3.23,3.47,3.23,3.45,27142,0
ZGM.US,5,20250912,203000,3.47,3.495,3.27,3.27,6035,0
ZGM.US,5,20250912,203500,3.1921,3.41,3.1921,3.33,14400,0
ZGM.US,5,20250912,204000,3.29,3.4,3.23,3.3,38850,0
ZGM.US,5,20250912,204500,3.3,3.4,3.23,3.39,54056,0
ZGM.US,5,20250912,205000,3.35,3.4,3.3,3.3715,42650,0
ZGM.US,5,20250912,205500,3.31,3.39,3.2701,3.35,27093,0
ZGM.US,5,20250912,210000,3.3881,3.4,3.34,3.36,14867,0
ZGM.US,5,20250912,210500,3.36,3.4,3.2201,3.33,21262,0
ZGM.US,5,20250912,211000,3.34,3.45,3.3,3.4,34552,0
ZGM.US,5,20250912,211500,3.46,4.08,3.46,3.86,158108,0
ZGM.US,5,20250912,212000,3.93,4,3.8,3.9,57171,0
ZGM.US,5,20250912,212500,3.9,3.97,3.721,3.9,17944,0
ZGM.US,5,20250912,213000,3.82,3.97,3.75,3.96,35292,0
ZGM.US,5,20250912,213500,3.97,3.97,3.95,3.96,13645,0
ZGM.US,5,20250912,214000,3.92,4.15,3.92,4.08,28364,0
ZGM.US,5,20250912,214500,4.15,4.28,4.0312,4.0401,30315,0
ZGM.US,5,20250912,215000,4.1,4.12,3.8,4,8171,0
ZGM.US,5,20250912,215500,3.962,4.1,3.9,4.09,13208,0
ZGM.US,5,20250915,153000,3.82,3.92,3.82,3.865,8350,0
ZGM.US,5,20250915,153500,3.88,4.05,3.87,4.0163,7008,0
ZGM.US,5,20250915,154000,4.05,4.1,3.86,3.9,4256,0
ZGM.US,5,20250915,154500,3.9999,4,3.9944,4,1965,0
ZGM.US,5,20250915,155000,4.05,4.06,3.96,3.96,14460,0
ZGM.US,5,20250915,155500,4,4.06,4,4.0599,400,0
ZGM.US,5,20250915,160000,4.01,4.01,3.86,3.87,12400,0
ZGM.US,5,20250915,160500,3.93,3.93,3.85,3.85,25274,0
ZGM.US,5,20250915,161000,3.9877,3.9877,3.9877,3.9877,300,0
ZGM.US,5,20250915,161500,3.88,3.88,3.88,3.88,1253,0
ZGM.US,5,20250915,162000,3.98,4,3.88,3.88,11400,0
ZGM.US,5,20250915,162500,3.9,3.9,3.8,3.86,5874,0
ZGM.US,5,20250915,163000,3.9,3.9,3.7,3.7,40108,0
ZGM.US,5,20250915,163500,3.73,3.81,3.73,3.77,8600,0
ZGM.US,5,20250915,164000,3.8121,3.85,3.5301,3.6102,26430,0
ZGM.US,5,20250915,164500,3.621,3.6799,3.6,3.6799,11771,0
ZGM.US,5,20250915,165000,3.68,3.76,3.64,3.76,24570,0
ZGM.US,5,20250915,165500,3.88,4.0399,3.67,3.67,11149,0
ZGM.US,5,20250915,170000,3.7,3.81,3.65,3.8,50594,0
ZGM.US,5,20250915,170500,3.85,3.9884,3.77,3.77,7500,0
ZGM.US,5,20250915,171000,3.78,3.895,3.73,3.85,29365,0
ZGM.US,5,20250915,171500,3.85,3.8886,3.75,3.85,22750,0
ZGM.US,5,20250915,172000,3.82,3.82,3.68,3.75,31419,0
ZGM.US,5,20250915,172500,3.79,3.84,3.76,3.8,14900,0
ZGM.US,5,20250915,173000,3.8021,3.8316,3.7,3.72,21576,0
ZGM.US,5,20250915,174500,3.7891,3.7891,3.62,3.72,16605,0
ZGM.US,5,20250915,175000,3.615,3.75,3.6002,3.66,930,0
ZGM.US,5,20250915,180500,3.62,3.765,3.62,3.765,2400,0
ZGM.US,5,20250915,182500,3.785,3.785,3.785,3.785,100,0
ZGM.US,5,20250915,185500,3.66,3.67,3.62,3.62,3035,0
ZGM.US,5,20250915,191500,3.7,3.7,3.7,3.7,499,0
ZGM.US,5,20250915,192500,3.745,3.745,3.745,3.745,757,0
ZGM.US,5,20250915,193000,3.745,3.86,3.745,3.86,388,0
ZGM.US,5,20250915,193500,3.705,3.705,3.705,3.705,100,0
ZGM.US,5,20250915,194000,3.61,3.61,3.61,3.61,1500,0
ZGM.US,5,20250915,195500,3.79,3.79,3.705,3.705,989,0
ZGM.US,5,20250915,200000,3.71,3.71,3.71,3.71,100,0
ZGM.US,5,20250915,200500,3.79,3.7999,3.72,3.72,3076,0
ZGM.US,5,20250915,201500,3.8,3.8,3.8,3.8,300,0
ZGM.US,5,20250915,212500,3.705,3.705,3.705,3.705,540,0
ZGM.US,5,20250915,214500,3.63,3.68,3.61,3.68,3390,0
ZGM.US,5,20250915,215000,3.68,3.71,3.68,3.68,1432,0
ZGM.US,5,20250915,215500,3.647,3.76,3.647,3.76,6629,0
ZGM.US,5,20250916,153000,3.25,3.45,3.25,3.45,2801,0
ZGM.US,5,20250916,153500,3.27,3.348,3.26,3.3073,18684,0
ZGM.US,5,20250916,154000,3.42,3.45,3.42,3.45,17087,0
ZGM.US,5,20250916,154500,3.41,3.41,3.3501,3.3501,2036,0
ZGM.US,5,20250916,155000,3.43,3.43,3.3625,3.3625,1300,0
ZGM.US,5,20250916,155500,3.3959,3.3959,3.3959,3.3959,1415,0
ZGM.US,5,20250916,160000,3.38,3.42,3.37,3.4,9560,0
ZGM.US,5,20250916,160500,3.4,3.4,3.4,3.4,9565,0
ZGM.US,5,20250916,161000,3.403,3.403,3.403,3.403,662,0
ZGM.US,5,20250916,161500,3.7,3.7,3.7,3.7,400,0
ZGM.US,5,20250916,162000,3.6714,3.6714,3.6714,3.6714,608,0
ZGM.US,5,20250916,163000,3.6,3.65,3.6,3.65,4000,0
ZGM.US,5,20250916,165500,3.6,3.65,3.6,3.65,2968,0
ZGM.US,5,20250916,170000,3.6,3.6,3.6,3.6,1000,0
ZGM.US,5,20250916,170500,3.409,3.49,3.409,3.49,3000,0
ZGM.US,5,20250916,171500,3.55,3.65,3.55,3.65,3000,0
ZGM.US,5,20250916,172500,3.6365,3.6365,3.6365,3.6365,300,0
ZGM.US,5,20250916,173000,3.64,3.64,3.64,3.64,356,0
ZGM.US,5,20250916,175500,3.43,3.62,3.43,3.62,274,0
ZGM.US,5,20250916,180000,3.628,3.628,3.628,3.628,200,0
ZGM.US,5,20250916,180500,3.64,3.64,3.64,3.64,1000,0
ZGM.US,5,20250916,181000,3.63,3.63,3.6,3.6,499,0
ZGM.US,5,20250916,184000,3.56,3.56,3.56,3.56,200,0
ZGM.US,5,20250916,184500,3.52,3.52,3.4,3.4,10953,0
ZGM.US,5,20250916,190000,3.59,3.5995,3.5,3.5,2200,0
ZGM.US,5,20250916,193000,3.5906,3.6,3.5906,3.6,6790,0
ZGM.US,5,20250916,193500,3.5961,3.5998,3.5961,3.5998,2000,0
ZGM.US,5,20250916,194000,3.5998,3.64,3.5998,3.64,10026,0
ZGM.US,5,20250916,195500,3.63,3.63,3.63,3.63,100,0
ZGM.US,5,20250916,213500,3.7,3.7,3.7,3.7,1176,0
ZGM.US,5,20250916,214000,3.65,3.65,3.6,3.6,4041,0
ZGM.US,5,20250916,214500,3.6,3.6,3.6,3.6,100,0
ZGM.US,5,20250916,215000,3.6,3.6,3.6,3.6,400,0
ZGM.US,5,20250916,215500,3.6,3.63,3.6,3.6,1093,0
ZGM.US,5,20250917,155000,3.6037,3.6037,3.6037,3.6037,1000,0
ZGM.US,5,20250917,160000,3.3807,3.4355,3.3807,3.4355,300,0
ZGM.US,5,20250917,162000,3.4402,3.4402,3.4401,3.4401,3900,0
ZGM.US,5,20250917,163000,3.4433,3.4433,3.4433,3.4433,500,0
ZGM.US,5,20250917,165500,3.52,3.52,3.52,3.52,200,0
ZGM.US,5,20250917,174000,3.5077,3.5077,3.5077,3.5077,2999,0
ZGM.US,5,20250917,175000,3.57,3.57,3.57,3.57,100,0
ZGM.US,5,20250917,183000,3.56,3.5693,3.53,3.53,3199,0
ZGM.US,5,20250917,183500,3.503,3.515,3.48,3.515,5728,0
ZGM.US,5,20250917,184000,3.5,3.5,3.47,3.49,2600,0
ZGM.US,5,20250917,184500,3.49,3.49,3.49,3.49,100,0
ZGM.US,5,20250917,185000,3.441,3.441,3.441,3.441,751,0
ZGM.US,5,20250917,185500,3.44,3.44,3.44,3.44,1059,0
ZGM.US,5,20250917,191000,3.449,3.449,3.449,3.449,145,0
ZGM.US,5,20250917,192000,3.56,3.56,3.56,3.56,100,0
ZGM.US,5,20250917,200500,3.5,3.5,3.5,3.5,345,0
ZGM.US,5,20250917,201000,3.56,3.57,3.56,3.56,12200,0
ZGM.US,5,20250917,201500,3.5698,3.5698,3.5698,3.5698,1000,0
ZGM.US,5,20250917,203500,3.57,3.57,3.57,3.57,100,0
ZGM.US,5,20250917,210500,3.55,3.59,3.5,3.5,1500,0
ZGM.US,5,20250917,212000,3.5,3.5,3.5,3.5,200,0
ZGM.US,5,20250917,212500,3.5,3.5,3.5,3.5,213,0
ZGM.US,5,20250917,213000,3.4963,3.4998,3.42,3.42,1200,0
ZGM.US,5,20250917,213500,3.44,3.44,3.44,3.44,342,0
ZGM.US,5,20250917,215500,3.495,3.548,3.495,3.52,6909,0
ZGM.US,5,20250918,153000,3.57,3.57,3.52,3.52,1614,0
ZGM.US,5,20250918,154500,3.556,3.556,3.556,3.556,1000,0
ZGM.US,5,20250918,160500,3.6,3.6,3.6,3.6,300,0
ZGM.US,5,20250918,165500,3.5826,3.5826,3.5826,3.5826,500,0
ZGM.US,5,20250918,170000,3.5826,3.5826,3.5826,3.5826,500,0
ZGM.US,5,20250918,173500,3.58,3.58,3.58,3.58,400,0
ZGM.US,5,20250918,181500,3.6789,3.6789,3.6,3.64,3155,0
ZGM.US,5,20250918,182000,3.6585,3.6585,3.6585,3.6585,1000,0
ZGM.US,5,20250918,185500,3.64,3.64,3.64,3.64,297,0
ZGM.US,5,20250918,190500,3.74,3.74,3.74,3.74,100,0
ZGM.US,5,20250918,194500,3.7333,3.7333,3.7333,3.7333,500,0
ZGM.US,5,20250918,200500,3.595,3.595,3.595,3.595,124,0
ZGM.US,5,20250918,203500,3.7027,3.7027,3.7027,3.7027,100,0
ZGM.US,5,20250918,204500,3.6016,3.638,3.6007,3.6007,2300,0
ZGM.US,5,20250918,210000,3.68,3.68,3.68,3.68,100,0
ZGM.US,5,20250918,210500,3.601,3.601,3.56,3.6,7327,0
ZGM.US,5,20250918,212500,3.56,3.56,3.52,3.52,2200,0
ZGM.US,5,20250919,162500,3.59,3.6201,3.58,3.58,3128,0
ZGM.US,5,20250919,163000,3.57,3.58,3.57,3.579,3000,0
ZGM.US,5,20250919,174000,3.56,3.56,3.56,3.56,100,0
ZGM.US,5,20250919,190000,3.49,3.49,3.36,3.36,1931,0
ZGM.US,5,20250919,190500,3.5,3.5,3.5,3.5,500,0
ZGM.US,5,20250919,191500,3.5,3.5,3.5,3.5,100,0
ZGM.US,5,20250919,192000,3.5,3.5,3.36,3.3601,8812,0
ZGM.US,5,20250919,192500,3.37,3.37,3.37,3.37,1003,0
ZGM.US,5,20250919,194000,3.49,3.49,3.49,3.49,500,0
ZGM.US,5,20250919,200000,3.37,3.37,3.25,3.25,5400,0
ZGM.US,5,20250919,200500,3.28,3.28,3.25,3.25,608,0
ZGM.US,5,20250919,201500,3.45,3.4799,3.3,3.3,1000,0
ZGM.US,5,20250919,205500,3.3,3.3,3.29,3.29,300,0
ZGM.US,5,20250919,210000,3.25,3.25,3.25,3.25,100,0
ZGM.US,5,20250919,210500,3.25,3.25,3.25,3.25,100,0
ZGM.US,5,20250919,211500,3.28,3.28,3.22,3.22,606,0
ZGM.US,5,20250919,214500,3.2998,3.2998,3.2998,3.2998,430,0
ZGM.US,5,20250919,215000,3.29,3.3,3.29,3.29,8590,0
ZGM.US,5,20250922,155000,3.3575,3.3575,3.3575,3.3575,1000,0
ZGM.US,5,20250922,160000,3.5362,3.5362,3.5362,3.5362,100,0
ZGM.US,5,20250922,160500,3.465,3.465,3.36,3.4,2583,0
ZGM.US,5,20250922,162500,3.4,3.4,3.4,3.4,300,0
ZGM.US,5,20250922,164000,3.44,3.44,3.44,3.44,3000,0
ZGM.US,5,20250922,164500,3.5,3.5,3.4699,3.4699,2800,0
ZGM.US,5,20250922,170000,3.48,3.48,3.46,3.46,2087,0
ZGM.US,5,20250922,170500,3.5,3.65,3.4513,3.6,94824,0
ZGM.US,5,20250922,171000,3.6,3.6,3.6,3.6,2500,0
ZGM.US,5,20250922,171500,3.615,3.615,3.615,3.615,100,0
ZGM.US,5,20250922,172000,3.55,3.55,3.55,3.55,7864,0
ZGM.US,5,20250922,173000,3.65,3.665,3.615,3.65,1976,0
ZGM.US,5,20250922,173500,3.65,3.65,3.5912,3.5912,630,0
ZGM.US,5,20250922,174000,3.65,3.66,3.65,3.65,1000,0
ZGM.US,5,20250922,175000,3.68,3.7399,3.68,3.71,3985,0
ZGM.US,5,20250922,175500,3.73,3.75,3.73,3.75,11455,0
ZGM.US,5,20250922,180000,3.7009,3.74,3.7009,3.74,2499,0
ZGM.US,5,20250922,180500,3.745,3.745,3.73,3.74,2504,0
ZGM.US,5,20250922,181500,3.69,3.69,3.69,3.69,100,0
ZGM.US,5,20250922,182000,3.67,3.67,3.67,3.67,100,0
ZGM.US,5,20250922,185500,3.7,3.7,3.7,3.7,824,0
ZGM.US,5,20250922,190000,3.7002,3.7002,3.7002,3.7002,402,0
ZGM.US,5,20250922,191000,3.7,3.7,3.7,3.7,176,0
ZGM.US,5,20250922,192000,3.74,3.74,3.74,3.74,100,0
ZGM.US,5,20250922,192500,3.75,3.75,3.75,3.75,200,0
ZGM.US,5,20250922,193000,3.76,3.765,3.74,3.74,998,0
ZGM.US,5,20250922,193500,3.7837,3.7837,3.74,3.74,828,0
ZGM.US,5,20250922,194500,3.75,3.75,3.75,3.75,600,0
ZGM.US,5,20250922,195500,3.7,3.7,3.6984,3.6984,1270,0
ZGM.US,5,20250922,200000,3.79,3.87,3.77,3.87,7641,0
ZGM.US,5,20250922,200500,3.89,3.99,3.89,3.94,2107,0
ZGM.US,5,20250922,201000,3.97,3.97,3.96,3.97,615,0
ZGM.US,5,20250922,201500,3.7622,3.87,3.7622,3.8599,1600,0
ZGM.US,5,20250922,202000,3.85,3.85,3.85,3.85,1000,0
ZGM.US,5,20250922,202500,3.76,3.76,3.76,3.76,382,0
ZGM.US,5,20250922,213500,3.97,3.97,3.95,3.95,500,0
ZGM.US,5,20250922,214000,3.95,3.98,3.95,3.97,8547,0
ZGM.US,5,20250922,215000,3.792,3.792,3.792,3.792,300,0
ZGM.US,5,20250922,215500,3.94,3.95,3.94,3.95,1938,0
ZGM.US,5,20250923,153000,3.98,3.98,3.94,3.95,2224,0
ZGM.US,5,20250923,154000,3.93,3.93,3.93,3.93,138,0
ZGM.US,5,20250923,154500,3.842,3.9399,3.84,3.84,1952,0
ZGM.US,5,20250923,155000,3.85,3.85,3.85,3.85,100,0
ZGM.US,5,20250923,155500,3.88,3.88,3.8701,3.88,325,0
ZGM.US,5,20250923,161000,3.8569,3.92,3.8569,3.92,11100,0
ZGM.US,5,20250923,161500,3.9,4,3.9,4,6000,0
ZGM.US,5,20250923,162000,4,4.04,3.99,4.01,2241,0
ZGM.US,5,20250923,162500,4,4.04,3.9999,4.04,2756,0
ZGM.US,5,20250923,163000,4.05,4.09,4.02,4.0894,10463,0
ZGM.US,5,20250923,163500,4.09,4.09,4.01,4.01,16076,0
ZGM.US,5,20250923,164000,4,4.001,3.96,3.96,3904,0
ZGM.US,5,20250923,164500,3.98,3.98,3.9602,3.9602,2657,0
ZGM.US,5,20250923,165000,4,4.02,4,4.02,400,0
ZGM.US,5,20250923,165500,3.96,3.96,3.96,3.96,1661,0
ZGM.US,5,20250923,170000,3.96,3.96,3.96,3.96,100,0
ZGM.US,5,20250923,171000,3.96,3.96,3.9,3.9005,2100,0
ZGM.US,5,20250923,171500,3.93,3.93,3.93,3.93,400,0
ZGM.US,5,20250923,172000,3.9011,4.01,3.9011,4.01,400,0
ZGM.US,5,20250923,173000,3.97,3.97,3.96,3.96,1975,0
ZGM.US,5,20250923,173500,4,4.03,4,4.03,876,0
ZGM.US,5,20250923,174000,4,4,4,4,200,0
ZGM.US,5,20250923,175000,4,4,4,4,181,0
ZGM.US,5,20250923,180000,4,4,4,4,200,0
ZGM.US,5,20250923,180500,4,4,3.95,3.95,1620,0
ZGM.US,5,20250923,181000,3.95,3.95,3.95,3.95,435,0
ZGM.US,5,20250923,182500,4,4,3.95,3.97,13485,0
ZGM.US,5,20250923,183500,3.94,3.94,3.88,3.88,2800,0
ZGM.US,5,20250923,184000,3.95,3.955,3.8606,3.88,1700,0
ZGM.US,5,20250923,190000,3.9973,3.9973,3.9973,3.9973,3000,0
ZGM.US,5,20250923,192500,3.93,3.9987,3.9078,3.9078,2180,0
ZGM.US,5,20250923,193000,3.8617,3.8617,3.8617,3.8617,150,0
ZGM.US,5,20250923,193500,3.93,3.93,3.93,3.93,283,0
ZGM.US,5,20250923,195500,3.93,3.9993,3.93,3.9993,300,0
ZGM.US,5,20250923,203000,3.925,3.925,3.925,3.925,111,0
ZGM.US,5,20250923,205000,3.89,3.89,3.81,3.81,1553,0
ZGM.US,5,20250923,214000,3.815,3.815,3.815,3.815,100,0
ZGM.US,5,20250923,215500,3.93,3.93,3.81,3.81,650,0
ZGM.US,5,20250924,153000,3.81,3.81,3.81,3.81,540,0
ZGM.US,5,20250924,154500,3.55,3.55,3.55,3.55,209,0
ZGM.US,5,20250924,180500,3.78,3.78,3.78,3.78,200,0
ZGM.US,5,20250924,182000,3.75,3.75,3.75,3.75,124,0
ZGM.US,5,20250924,185000,3.74,3.75,3.74,3.75,282,0
ZGM.US,5,20250924,215500,3.7275,3.7275,3.7275,3.7275,108,0
ZGM.US,5,20250925,154000,3.7998,3.7998,3.7998,3.7998,881,0
ZGM.US,5,20250925,163000,3.9,3.9,3.83,3.83,500,0
ZGM.US,5,20250925,175500,3.8,3.83,3.8,3.83,731,0
ZGM.US,5,20250925,210500,3.8,3.8,3.8,3.8,500,0
ZGM.US,5,20250925,211500,3.8631,3.8631,3.8631,3.8631,200,0
ZGM.US,5,20250925,212000,3.7,3.7,3.7,3.7,1000,0
ZGM.US,5,20250925,214000,3.81,3.84,3.8,3.84,2200,0
ZGM.US,5,20250925,214500,3.7101,3.8114,3.701,3.8114,1100,0
ZGM.US,5,20250926,153500,3.7736,3.7736,3.7736,3.7736,434,0
ZGM.US,5,20250926,154000,3.78,3.78,3.78,3.78,2040,0
ZGM.US,5,20250926,155000,3.77,3.77,3.77,3.77,1426,0
ZGM.US,5,20250926,155500,3.7693,3.7693,3.7693,3.7693,1890,0
ZGM.US,5,20250926,164500,3.83,3.9,3.78,3.85,13355,0
ZGM.US,5,20250926,165000,3.79,3.8,3.76,3.77,2100,0
ZGM.US,5,20250926,172000,3.81,3.81,3.81,3.81,985,0
ZGM.US,5,20250926,172500,3.8078,3.8078,3.8078,3.8078,180,0
ZGM.US,5,20250926,173500,3.78,3.78,3.78,3.78,333,0
ZGM.US,5,20250926,182000,3.76,3.76,3.75,3.75,2380,0
ZGM.US,5,20250926,202500,3.7861,3.7861,3.7861,3.7861,300,0
ZGM.US,5,20250926,213500,3.67,3.67,3.67,3.67,100,0
ZGM.US,5,20250926,215000,3.66,3.66,3.66,3.66,400,0
ZGM.US,5,20250926,215500,3.76,3.76,3.76,3.76,992,0
ZGM.US,5,20250929,153500,3.73,3.73,3.73,3.73,154,0
ZGM.US,5,20250929,154500,3.7,3.7,3.7,3.7,100,0
ZGM.US,5,20250929,155000,3.71,3.71,3.71,3.71,200,0
ZGM.US,5,20250929,161000,3.65,3.65,3.65,3.65,100,0
ZGM.US,5,20250929,161500,3.65,3.65,3.65,3.65,768,0
ZGM.US,5,20250929,164500,3.7,3.7,3.42,3.55,2837,0
ZGM.US,5,20250929,165500,3.6,3.6,3.6,3.6,100,0
ZGM.US,5,20250929,170500,3.6,3.6003,3.6,3.6003,928,0
ZGM.US,5,20250929,171500,3.58,3.58,3.58,3.58,100,0
ZGM.US,5,20250929,174000,3.52,3.52,3.52,3.52,100,0
ZGM.US,5,20250929,175500,3.55,3.55,3.5,3.5,4345,0
ZGM.US,5,20250929,181000,3.44,3.44,3.43,3.44,800,0
ZGM.US,5,20250929,181500,3.4271,3.4271,3.4271,3.4271,475,0
ZGM.US,5,20250929,183000,3.45,3.5,3.45,3.5,2514,0
ZGM.US,5,20250929,185000,3.48,3.48,3.48,3.48,976,0
ZGM.US,5,20250929,191500,3.46,3.46,3.46,3.46,1203,0
ZGM.US,5,20250929,192500,3.47,3.49,3.47,3.49,5824,0
ZGM.US,5,20250929,194000,3.48,3.48,3.48,3.48,299,0
ZGM.US,5,20250929,194500,3.44,3.44,3.44,3.44,100,0
ZGM.US,5,20250929,195500,3.43,3.43,3.43,3.43,100,0
ZGM.US,5,20250929,204500,3.44,3.44,3.43,3.43,1000,0
ZGM.US,5,20250929,205000,3.45,3.45,3.42,3.42,200,0
ZGM.US,5,20250929,212000,3.4,3.4,3.38,3.38,289,0
ZGM.US,5,20250929,212500,3.4299,3.4299,3.4298,3.4298,549,0
ZGM.US,5,20250929,213000,3.43,3.43,3.41,3.41,1756,0
ZGM.US,5,20250929,215000,3.42,3.42,3.35,3.35,1343,0
ZGM.US,5,20250929,215500,3.36,3.37,3.35,3.35,1582,0
ZGM.US,5,20250930,153000,3.3727,3.3727,3.3727,3.3727,170,0
ZGM.US,5,20250930,154500,3.38,3.38,3.38,3.38,183,0
ZGM.US,5,20250930,155500,3.3624,3.3624,3.3624,3.3624,1300,0
ZGM.US,5,20250930,161000,3.47,3.47,3.45,3.45,735,0
ZGM.US,5,20250930,162500,3.46,3.46,3.45,3.45,340,0
ZGM.US,5,20250930,164500,3.45,3.45,3.45,3.45,1856,0
ZGM.US,5,20250930,165000,3.45,3.45,3.45,3.45,273,0
ZGM.US,5,20250930,170000,3.4599,3.4599,3.4508,3.4508,300,0
ZGM.US,5,20250930,170500,3.45,3.45,3.45,3.45,100,0
ZGM.US,5,20250930,184500,3.45,3.49,3.43,3.43,7129,0
ZGM.US,5,20250930,185000,3.46,3.47,3.4,3.42,4800,0
ZGM.US,5,20250930,192000,3.4,3.4,3.4,3.4,200,0
ZGM.US,5,20250930,194000,3.4,3.4,3.4,3.4,100,0
ZGM.US,5,20250930,210000,3.45,3.45,3.4,3.4,200,0
ZGM.US,5,20250930,210500,3.45,3.45,3.4,3.4,1600,0
ZGM.US,5,20251001,160000,3.4519,3.4519,3.4519,3.4519,100,0
ZGM.US,5,20251001,172500,3.4,3.4,3.4,3.4,1000,0
ZGM.US,5,20251001,173000,3.42,3.43,3.18,3.38,21304,0
ZGM.US,5,20251001,173500,3.25,3.32,3.075,3.32,19466,0
ZGM.US,5,20251001,174000,3.32,3.42,3.32,3.4,8400,0
ZGM.US,5,20251001,174500,3.4,3.45,3.37,3.37,7700,0
ZGM.US,5,20251001,175000,3.4212,3.4212,3.37,3.37,380,0
ZGM.US,5,20251001,175500,3.32,3.43,3.32,3.43,8000,0
ZGM.US,5,20251001,180500,3.26,3.6,3.26,3.51,34750,0
ZGM.US,5,20251001,181000,3.51,3.7,3.48,3.56,12525,0
ZGM.US,5,20251001,181500,3.6,3.61,3.53,3.57,1999,0
ZGM.US,5,20251001,182000,3.48,3.49,3.48,3.49,200,0
ZGM.US,5,20251001,183000,3.5,3.5,3.5,3.5,100,0
ZGM.US,5,20251001,183500,3.45,3.625,3.45,3.6,10337,0
ZGM.US,5,20251001,184500,3.6,3.64,3.5,3.63,1100,0
ZGM.US,5,20251001,185000,3.65,3.77,3.57,3.7,10089,0
ZGM.US,5,20251001,190000,3.665,3.665,3.66,3.66,200,0
ZGM.US,5,20251001,190500,3.66,3.66,3.66,3.66,200,0
ZGM.US,5,20251001,191000,3.66,3.66,3.66,3.66,100,0
ZGM.US,5,20251001,192000,3.7,3.7,3.7,3.7,2885,0
ZGM.US,5,20251001,192500,3.7,3.7,3.69,3.69,202,0
ZGM.US,5,20251001,193000,3.65,3.65,3.65,3.65,500,0
ZGM.US,5,20251001,194000,3.73,3.73,3.73,3.73,367,0
ZGM.US,5,20251001,202000,3.64,3.64,3.64,3.64,100,0
ZGM.US,5,20251001,205500,3.63,3.63,3.63,3.63,1862,0
ZGM.US,5,20251001,210000,3.685,3.685,3.685,3.685,120,0
ZGM.US,5,20251001,213000,3.55,3.55,3.55,3.55,700,0
ZGM.US,5,20251001,213500,3.55,3.55,3.55,3.55,500,0
ZGM.US,5,20251001,215000,3.64,3.64,3.64,3.64,100,0
ZGM.US,5,20251002,153500,3.6,3.6,3.6,3.6,500,0
ZGM.US,5,20251002,160000,3.61,3.66,3.53,3.65,9800,0
ZGM.US,5,20251002,160500,3.69,3.9,3.69,3.88,13190,0
ZGM.US,5,20251002,161000,3.88,4.11,3.88,4.05,28210,0
ZGM.US,5,20251002,162000,4,4,3.94,3.94,5100,0
ZGM.US,5,20251002,162500,4.03,4.11,4.03,4.05,21330,0
ZGM.US,5,20251002,163000,4.0579,4.0579,3.97,3.97,3022,0
ZGM.US,5,20251002,164000,4,4.01,4,4.01,275,0
ZGM.US,5,20251002,164500,4,4,3.975,3.975,600,0
ZGM.US,5,20251002,165000,4.02,4.05,4.01,4.01,8800,0
ZGM.US,5,20251002,165500,4,4.05,4,4.02,10666,0
ZGM.US,5,20251002,170000,4.05,4.08,4.03,4.04,12199,0
ZGM.US,5,20251002,170500,4,4,4,4,100,0
ZGM.US,5,20251002,171000,4.01,4.05,4.0014,4.01,14200,0
ZGM.US,5,20251002,171500,4,4.1,3.95,4.07,27529,0
ZGM.US,5,20251002,172000,4.01,4.07,4,4,2800,0
ZGM.US,5,20251002,172500,4.03,4.05,3.94,3.995,12387,0
ZGM.US,5,20251002,173500,3.93,4.05,3.93,4.05,21500,0
ZGM.US,5,20251002,174000,3.995,4.09,3.995,4.05,37843,0
ZGM.US,5,20251002,175000,4.03,4.2999,4.0299,4.19,27985,0
ZGM.US,5,20251002,175500,4.19,4.3,4.15,4.25,6121,0
ZGM.US,5,20251002,180000,4.23,4.3,4.23,4.3,4935,0
ZGM.US,5,20251002,180500,4.235,4.44,4.2,4.42,10281,0
ZGM.US,5,20251002,181000,4.2197,4.35,4.19,4.19,7614,0
ZGM.US,5,20251002,181500,4.24,4.25,4.18,4.18,2508,0
ZGM.US,5,20251002,182000,4.22,4.26,4.19,4.19,6000,0
ZGM.US,5,20251002,182500,4.19,4.28,4.18,4.22,17505,0
ZGM.US,5,20251002,183000,4.22,4.3,4.19,4.2154,23958,0
ZGM.US,5,20251002,183500,4.25,4.25,4.01,4.1,26600,0
ZGM.US,5,20251002,184000,4.14,4.15,4.0617,4.0617,17500,0
ZGM.US,5,20251002,184500,4.15,4.15,4.02,4.13,8486,0
ZGM.US,5,20251002,185000,4.13,4.16,4.06,4.1,19762,0
ZGM.US,5,20251002,185500,4.17,4.18,4.09,4.16,16600,0
ZGM.US,5,20251002,190000,4.2,4.25,4.15,4.25,19081,0
ZGM.US,5,20251002,190500,4.18,4.28,4.1699,4.1699,18454,0
ZGM.US,5,20251002,191000,4.25,4.28,4.25,4.25,1400,0
ZGM.US,5,20251002,191500,4.25,4.25,4.16,4.215,3008,0
ZGM.US,5,20251002,192000,4.215,4.2151,4.1501,4.1642,5100,0
ZGM.US,5,20251002,192500,4.22,4.22,4.22,4.22,100,0
ZGM.US,5,20251002,193500,4.28,4.3,4.25,4.25,3297,0
ZGM.US,5,20251002,194000,4.3,4.43,4.22,4.325,6916,0
ZGM.US,5,20251002,194500,4.38,4.38,4.38,4.38,119,0
ZGM.US,5,20251002,195000,4.325,4.325,4.325,4.325,685,0
ZGM.US,5,20251002,195500,4.32,4.32,4.2201,4.3,1319,0
ZGM.US,5,20251002,200000,4.27,4.325,4.2587,4.325,1285,0
ZGM.US,5,20251002,200500,4.38,4.4,4.38,4.38,443,0
ZGM.US,5,20251002,201000,4.3674,4.375,4.2201,4.23,4509,0
ZGM.US,5,20251002,202000,4.22,4.22,4.22,4.22,100,0
ZGM.US,5,20251002,202500,4.3101,4.3101,4.3101,4.3101,236,0
ZGM.US,5,20251002,203000,4.3,4.3999,4.28,4.38,15278,0
ZGM.US,5,20251002,203500,4.2956,4.4,4.2956,4.4,730,0
ZGM.US,5,20251002,204000,4.315,4.4,4.28,4.28,8004,0
ZGM.US,5,20251002,204500,4.3658,4.3749,4.3658,4.3749,1200,0
ZGM.US,5,20251002,205000,4.252,4.276,4.25,4.26,1900,0
ZGM.US,5,20251002,205500,4.38,4.38,4.2994,4.2994,1100,0
ZGM.US,5,20251002,210000,4.26,4.3,4.24,4.24,6100,0
ZGM.US,5,20251002,210500,4.2201,4.2201,4.2201,4.2201,300,0
ZGM.US,5,20251002,211000,4.22,4.22,4.22,4.22,100,0
ZGM.US,5,20251002,211500,4.28,4.29,4.2719,4.29,5100,0
ZGM.US,5,20251002,212000,4.263,4.29,4.2411,4.26,11728,0
ZGM.US,5,20251002,212500,4.2591,4.26,4.25,4.25,400,0
ZGM.US,5,20251002,213000,4.2301,4.26,4.22,4.22,6838,0
ZGM.US,5,20251002,213500,4.23,4.25,4.23,4.25,600,0
ZGM.US,5,20251002,214000,4.2201,4.25,4.15,4.25,12600,0
ZGM.US,5,20251002,214500,4.249,4.25,4.24,4.24,1900,0
ZGM.US,5,20251002,215000,4.21,4.21,4.21,4.21,2100,0
ZGM.US,5,20251002,215500,4.2,4.37,4.15,4.17,5918,0
ZGM.US,5,20251003,153000,4.14,4.2056,4.14,4.2056,1054,0
ZGM.US,5,20251003,154500,4.25,4.25,4.25,4.25,1000,0
ZGM.US,5,20251003,164500,4.25,4.25,4.25,4.25,447,0
ZGM.US,5,20251003,174000,4.1838,4.1838,4.1838,4.1838,1000,0
ZGM.US,5,20251003,174500,4.1,4.18,4.0966,4.18,1792,0
ZGM.US,5,20251003,180500,4.1,4.1,4.1,4.1,250,0
ZGM.US,5,20251003,184500,4.074,4.12,4.06,4.06,1300,0
ZGM.US,5,20251003,185500,4.08,4.08,4.01,4.01,1778,0
ZGM.US,5,20251003,191000,4.01,4.01,4.01,4.01,500,0
ZGM.US,5,20251003,191500,4,4,4,4,800,0
ZGM.US,5,20251003,192000,4,4,4,4,5144,0
ZGM.US,5,20251003,193500,3.91,3.91,3.91,3.91,100,0
ZGM.US,5,20251003,194000,4,4,3.91,3.91,1050,0
ZGM.US,5,20251003,194500,3.91,3.91,3.91,3.91,219,0
ZGM.US,5,20251003,200000,3.985,3.985,3.985,3.985,100,0
ZGM.US,5,20251003,203500,3.89,3.89,3.88,3.88,1494,0
ZGM.US,5,20251003,204000,3.82,3.82,3.82,3.82,339,0
ZGM.US,5,20251003,210000,3.96,4.19,3.96,4.19,6300,0
ZGM.US,5,20251003,212000,4.09,4.09,4.09,4.09,100,0
ZGM.US,5,20251003,214000,4.11,4.11,4.09,4.09,700,0
ZGM.US,5,20251003,215500,4.17,4.17,4.14,4.14,337,0
ZGM.US,5,20251006,154500,3.8,3.8,3.8,3.8,500,0
ZGM.US,5,20251006,155000,3.93,3.93,3.85,3.85,681,0
ZGM.US,5,20251006,163000,4.0124,4.0124,4.0124,4.0124,100,0
ZGM.US,5,20251006,165000,4.135,4.135,4.03,4.03,705,0
ZGM.US,5,20251006,165500,4.13,4.13,4.13,4.13,200,0
ZGM.US,5,20251006,171000,4.19,4.19,4.19,4.19,100,0
ZGM.US,5,20251006,172500,4.14,4.14,4.14,4.14,100,0
ZGM.US,5,20251006,182500,4.14,4.141,4.14,4.141,1100,0
ZGM.US,5,20251006,185000,4.14,4.14,4.01,4.01,960,0
ZGM.US,5,20251006,190500,4.0261,4.056,4.01,4.03,2100,0
ZGM.US,5,20251006,203500,4.02,4.02,4.02,4.02,100,0
ZGM.US,5,20251006,204000,4.0101,4.0101,4.0101,4.0101,100,0
ZGM.US,5,20251006,205500,4.1022,4.1022,4.1022,4.1022,3860,0
ZGM.US,5,20251006,211500,4.02,4.02,4.01,4.0123,544,0
ZGM.US,5,20251006,213500,4.01,4.025,4.01,4.025,301,0
ZGM.US,5,20251006,214000,4.0315,4.0315,4.0315,4.0315,100,0
ZGM.US,5,20251006,215000,4.05,4.05,4.05,4.05,130,0
ZGM.US,5,20251007,153000,3.85,3.85,3.85,3.85,200,0
ZGM.US,5,20251007,153500,4.1273,4.1273,4.1273,4.1273,200,0
ZGM.US,5,20251007,160500,4,4,4,4,100,0
ZGM.US,5,20251007,161000,4.07,4.07,4,4.01,1398,0
ZGM.US,5,20251007,163500,4.05,4.05,4.05,4.05,224,0
ZGM.US,5,20251007,164000,4.01,4.095,4,4,1100,0
ZGM.US,5,20251007,164500,4,4,4,4,215,0
ZGM.US,5,20251007,171000,4.06,4.095,4.01,4.095,1940,0
ZGM.US,5,20251007,171500,4.01,4.01,4.01,4.01,100,0
ZGM.US,5,20251007,172000,4.01,4.01,3.92,3.965,6088,0
ZGM.US,5,20251007,172500,3.915,3.915,3.81,3.81,1000,0
ZGM.US,5,20251007,174500,3.95,3.95,3.81,3.83,1000,0
ZGM.US,5,20251007,175000,3.819,3.905,3.8,3.8,1000,0
ZGM.US,5,20251007,182500,3.9916,3.9916,3.9916,3.9916,600,0
ZGM.US,5,20251007,183000,3.99,4,3.99,4,2945,0
ZGM.US,5,20251007,183500,4,4,3.97,4,2475,0
ZGM.US,5,20251007,184000,4,4.01,3.986,4.01,6936,0
ZGM.US,5,20251007,185000,3.95,3.95,3.87,3.88,1000,0
ZGM.US,5,20251007,185500,4.05,4.05,3.95,4.03,857,0
ZGM.US,5,20251007,190000,4.07,4.1,4.05,4.05,8183,0
ZGM.US,5,20251007,193000,4,4,4,4,249,0
ZGM.US,5,20251007,194500,4.0258,4.0258,4.0258,4.0258,1000,0
ZGM.US,5,20251007,195500,4,4,4,4,1385,0
ZGM.US,5,20251007,201500,4,4,4,4,100,0
ZGM.US,5,20251007,202000,4,4,4,4,2324,0
ZGM.US,5,20251007,203500,4.015,4.015,4.015,4.015,500,0
ZGM.US,5,20251007,205500,4,4,4,4,200,0
ZGM.US,5,20251007,210000,4,4.0001,4,4.0001,200,0
ZGM.US,5,20251007,210500,4,4,4,4,100,0
ZGM.US,5,20251008,153000,4,4.005,4,4,1000,0
ZGM.US,5,20251008,153500,4.01,4.01,3.95,3.95,15981,0
ZGM.US,5,20251008,154000,4,4,3.95,4,1601,0
ZGM.US,5,20251008,155000,3.98,3.98,3.98,3.98,215,0
ZGM.US,5,20251008,155500,3.9628,3.998,3.95,3.95,899,0
ZGM.US,5,20251008,160500,3.95,4,3.95,4,3815,0
ZGM.US,5,20251008,161000,4,4,4,4,1100,0
ZGM.US,5,20251008,161500,4.1,4.1,4.07,4.07,13118,0
ZGM.US,5,20251008,162000,4.048,4.048,4.048,4.048,800,0
ZGM.US,5,20251008,162500,4.02,4.02,4.02,4.02,100,0
ZGM.US,5,20251008,163500,4.0299,4.05,4.025,4.05,1450,0
ZGM.US,5,20251008,170000,4.0103,4.0103,4.0103,4.0103,100,0
ZGM.US,5,20251008,175500,4.02,4.04,4.01,4.04,3502,0
ZGM.US,5,20251008,180500,4.045,4.08,3.999,4,11450,0
ZGM.US,5,20251008,181000,3.98,3.98,3.98,3.98,100,0
ZGM.US,5,20251008,182000,3.975,3.975,3.975,3.975,100,0
ZGM.US,5,20251008,183000,3.9505,3.9505,3.9505,3.9505,200,0
ZGM.US,5,20251008,184000,3.95,3.95,3.94,3.94,400,0
ZGM.US,5,20251008,184500,3.95,3.95,3.94,3.94,200,0
ZGM.US,5,20251008,191000,3.9401,3.9401,3.9401,3.9401,2204,0
ZGM.US,5,20251008,200500,3.94,3.94,3.94,3.94,195,0
ZGM.US,5,20251008,202500,3.99,3.99,3.99,3.99,100,0
ZGM.US,5,20251008,213000,3.9476,3.9476,3.9476,3.9476,500,0
ZGM.US,5,20251009,153000,4.05,4.05,4.05,4.05,709,0
ZGM.US,5,20251009,154500,3.999,3.999,3.999,3.999,2000,0
ZGM.US,5,20251009,155000,3.91,3.91,3.9,3.9,200,0
ZGM.US,5,20251009,155500,3.89,3.89,3.87,3.87,456,0
ZGM.US,5,20251009,160500,3.88,3.88,3.88,3.88,200,0
ZGM.US,5,20251009,161000,3.86,3.86,3.8,3.84,1843,0
ZGM.US,5,20251009,162000,3.83,3.83,3.83,3.83,100,0
ZGM.US,5,20251009,170500,3.85,3.85,3.85,3.85,267,0
ZGM.US,5,20251009,171000,3.86,3.86,3.86,3.86,100,0
ZGM.US,5,20251009,173000,3.85,3.85,3.85,3.85,100,0
ZGM.US,5,20251009,173500,3.86,3.86,3.86,3.86,200,0
ZGM.US,5,20251009,175000,3.87,3.87,3.87,3.87,100,0
ZGM.US,5,20251009,181000,3.88,3.88,3.88,3.88,200,0
ZGM.US,5,20251009,185500,3.85,3.85,3.83,3.85,554,0
ZGM.US,5,20251009,190000,3.81,3.81,3.81,3.81,148,0
ZGM.US,5,20251009,194500,3.8,3.8,3.79,3.79,1070,0
ZGM.US,5,20251009,202000,3.7133,3.7133,3.7133,3.7133,200,0
ZGM.US,5,20251009,211500,3.8,3.8,3.8,3.8,120,0
ZGM.US,5,20251009,215500,3.73,3.73,3.72,3.72,200,0
ZGM.US,5,20251010,161500,3.5,3.5,3.5,3.5,404,0
ZGM.US,5,20251010,165000,3.31,3.31,3.3,3.3001,1546,0
ZGM.US,5,20251010,170000,3.4,3.45,3.35,3.4,5722,0
ZGM.US,5,20251010,170500,3.36,3.36,3.29,3.29,900,0
ZGM.US,5,20251010,171000,3.31,3.31,3.26,3.29,1200,0
ZGM.US,5,20251010,171500,3.27,3.27,3.21,3.21,600,0
ZGM.US,5,20251010,172000,3.2126,3.3182,3.2,3.2,1800,0
ZGM.US,5,20251010,172500,3.2,3.2,3.2,3.2,1000,0
ZGM.US,5,20251010,173000,3.15,3.25,3.15,3.23,1750,0
ZGM.US,5,20251010,173500,3.23,3.2369,3.16,3.16,3141,0
ZGM.US,5,20251010,174000,3.16,3.16,3.16,3.16,300,0
ZGM.US,5,20251010,174500,3.18,3.1807,3.16,3.18,2000,0
ZGM.US,5,20251010,175500,3.15,3.15,3.15,3.15,100,0
ZGM.US,5,20251010,182500,3.185,3.31,3.185,3.31,8692,0
ZGM.US,5,20251010,183500,3.29,3.29,3.29,3.29,100,0
ZGM.US,5,20251010,184000,3.2854,3.2854,3.2854,3.2854,220,0
ZGM.US,5,20251010,192000,3.29,3.29,3.29,3.29,500,0
ZGM.US,5,20251010,192500,3.2998,3.2998,3.2998,3.2998,200,0
ZGM.US,5,20251010,193500,3.21,3.21,3.2,3.2,3200,0
ZGM.US,5,20251010,194500,3.15,3.15,3.11,3.11,300,0
ZGM.US,5,20251010,195000,3.05,3.05,3.05,3.05,150,0
ZGM.US,5,20251010,203500,3.15,3.22,3.15,3.22,2100,0
ZGM.US,5,20251010,211000,3.2,3.2,3.19,3.19,485,0
ZGM.US,5,20251013,153000,3.2484,3.2484,3.2484,3.2484,400,0
ZGM.US,5,20251013,155000,3.25,3.25,3.25,3.25,454,0
ZGM.US,5,20251013,160500,3.18,3.18,3.18,3.18,187,0
ZGM.US,5,20251013,162500,3.18,3.18,3.18,3.18,200,0
ZGM.US,5,20251013,163000,3.17,3.18,3.17,3.18,399,0
ZGM.US,5,20251013,164000,3.11,3.11,3.09,3.09,2475,0
ZGM.US,5,20251013,164500,2.95,2.95,2.9,2.91,500,0
ZGM.US,5,20251013,165000,3,3.06,2.97,3.06,5794,0
ZGM.US,5,20251013,165500,3.02,3.04,2.96,2.96,6221,0
ZGM.US,5,20251013,170500,2.94,2.94,2.94,2.94,1000,0
ZGM.US,5,20251013,171000,3,3,3,3,200,0
ZGM.US,5,20251013,171500,2.93,2.93,2.82,2.82,1500,0
ZGM.US,5,20251013,172000,3,3,3,3,500,0
ZGM.US,5,20251013,172500,2.99,3,2.99,2.99,1100,0
ZGM.US,5,20251013,181500,2.98,2.99,2.98,2.99,500,0
ZGM.US,5,20251013,182000,2.99,2.9997,2.99,2.9997,449,0
ZGM.US,5,20251013,183500,2.98,2.99,2.98,2.99,1000,0
ZGM.US,5,20251013,191500,2.91,2.91,2.82,2.86,397,0
ZGM.US,5,20251013,193500,2.985,2.985,2.985,2.985,500,0
ZGM.US,5,20251013,194000,2.99,2.9999,2.99,2.99,1000,0
ZGM.US,5,20251013,194500,2.99,3,2.99,3,6300,0
ZGM.US,5,20251013,195000,2.99,3,2.99,2.99,2852,0
ZGM.US,5,20251013,195500,3,3,3,3,500,0
ZGM.US,5,20251013,201500,2.97,2.99,2.97,2.98,1161,0
ZGM.US,5,20251013,202500,2.97,2.97,2.97,2.97,138,0
ZGM.US,5,20251013,203000,2.96,2.96,2.96,2.96,301,0
ZGM.US,5,20251013,214000,2.97,3.19,2.97,3.15,4983,0
ZGM.US,5,20251013,214500,3.1635,3.43,3.1635,3.21,3577,0
ZGM.US,5,20251013,215000,3.2,3.36,3.2,3.21,2231,0
ZGM.US,5,20251013,215500,3.21,3.3,3.13,3.24,8286,0
ZGM.US,5,20251014,153000,3,3.12,3,3.12,325,0
ZGM.US,5,20251014,153500,3.07,3.14,3.06,3.14,700,0
ZGM.US,5,20251014,155500,3.12,3.13,3.12,3.13,358,0
ZGM.US,5,20251014,161500,3.14,3.14,3.14,3.14,100,0
ZGM.US,5,20251014,162000,3.15,3.15,3.15,3.15,300,0
ZGM.US,5,20251014,163000,3.07,3.1,3.07,3.1,5479,0
ZGM.US,5,20251014,163500,3,3,3,3,2500,0
ZGM.US,5,20251014,164000,3.12,3.12,3.12,3.12,200,0
ZGM.US,5,20251014,165500,3.1,3.1,3.1,3.1,229,0
ZGM.US,5,20251014,171500,3.1,3.1,3.1,3.1,249,0
ZGM.US,5,20251014,175500,3.1,3.1,3.1,3.1,500,0
ZGM.US,5,20251014,180000,3.14,3.14,3.14,3.14,100,0
ZGM.US,5,20251014,180500,3.1,3.1,3.1,3.1,375,0
ZGM.US,5,20251014,190500,3.11,3.11,3.11,3.11,100,0
ZGM.US,5,20251014,191500,3.05,3.05,3.05,3.05,1660,0
ZGM.US,5,20251014,201500,3.09,3.09,3.09,3.09,474,0
ZGM.US,5,20251014,211000,3.05,3.1,3.05,3.1,300,0
ZGM.US,5,20251014,215500,3,3,3,3,600,0
ZGM.US,5,20251015,153000,3.76,3.8,3.5,3.51,28891,0
ZGM.US,5,20251015,153500,3.5568,3.61,3.43,3.4714,21991,0
ZGM.US,5,20251015,154000,3.4812,3.6,3.46,3.46,13002,0
ZGM.US,5,20251015,154500,3.57,3.69,3.46,3.62,18385,0
ZGM.US,5,20251015,155000,3.66,3.66,3.551,3.6,14031,0
ZGM.US,5,20251015,155500,3.56,3.65,3.5,3.59,23876,0
ZGM.US,5,20251015,160000,3.58,3.69,3.5391,3.6405,11930,0
ZGM.US,5,20251015,160500,3.65,3.67,3.52,3.53,15911,0
ZGM.US,5,20251015,161000,3.52,3.5894,3.5,3.56,4802,0
ZGM.US,5,20251015,161500,3.56,3.575,3.51,3.53,3190,0
ZGM.US,5,20251015,162000,3.54,3.55,3.45,3.46,26723,0
ZGM.US,5,20251015,162500,3.46,3.48,3.46,3.48,967,0
ZGM.US,5,20251015,163000,3.53,3.5994,3.48,3.5994,9105,0
ZGM.US,5,20251015,163500,3.54,3.54,3.45,3.45,3645,0
ZGM.US,5,20251015,164000,3.59,3.59,3.52,3.52,600,0
ZGM.US,5,20251015,164500,3.515,3.53,3.45,3.45,3664,0
ZGM.US,5,20251015,165000,3.46,3.54,3.46,3.54,950,0
ZGM.US,5,20251015,165500,3.4801,3.5,3.45,3.46,5776,0
ZGM.US,5,20251015,170000,3.495,3.5,3.43,3.5,3574,0
ZGM.US,5,20251015,170500,3.5,3.51,3.5,3.501,1591,0
ZGM.US,5,20251015,171000,3.51,3.51,3.5,3.5004,500,0
ZGM.US,5,20251015,171500,3.5,3.55,3.5,3.5,3705,0
ZGM.US,5,20251015,172000,3.5,3.55,3.5,3.55,7481,0
ZGM.US,5,20251015,172500,3.55,3.59,3.55,3.56,3364,0
ZGM.US,5,20251015,173000,3.52,3.65,3.52,3.63,12425,0
ZGM.US,5,20251015,173500,3.62,3.67,3.62,3.67,2589,0
ZGM.US,5,20251015,174000,3.7,3.73,3.5518,3.5518,6416,0
ZGM.US,5,20251015,174500,3.7125,3.7125,3.5801,3.61,2475,0
ZGM.US,5,20251015,175000,3.66,3.77,3.6365,3.724,9210,0
ZGM.US,5,20251015,175500,3.6507,3.7192,3.6356,3.7,2710,0
ZGM.US,5,20251015,180000,3.64,3.75,3.64,3.641,6248,0
ZGM.US,5,20251015,180500,3.73,3.73,3.695,3.695,2057,0
ZGM.US,5,20251015,181000,3.7,3.7,3.66,3.7,17861,0
ZGM.US,5,20251015,181500,3.7,3.7,3.5,3.6,80783,0
ZGM.US,5,20251015,182000,3.615,3.7,3.615,3.7,66501,0
ZGM.US,5,20251015,182500,3.67,3.67,3.48,3.5,46713,0
ZGM.US,5,20251015,183000,3.5,3.5,3.48,3.5,7553,0
ZGM.US,5,20251015,183500,3.485,3.49,3.46,3.49,1262,0
ZGM.US,5,20251015,184000,3.476,3.5,3.4698,3.5,8698,0
ZGM.US,5,20251015,184500,3.46,3.4993,3.43,3.4993,6794,0
ZGM.US,5,20251015,185000,3.48,3.4817,3.48,3.4817,250,0
ZGM.US,5,20251015,185500,3.48,3.48,3.48,3.48,400,0
ZGM.US,5,20251015,190000,3.48,3.48,3.4604,3.4604,1050,0
ZGM.US,5,20251015,190500,3.5,3.5,3.47,3.475,3608,0
ZGM.US,5,20251015,191000,3.4836,3.49,3.43,3.48,2531,0
ZGM.US,5,20251015,191500,3.4305,3.49,3.43,3.46,4074,0
ZGM.US,5,20251015,192000,3.44,3.46,3.43,3.43,1395,0
ZGM.US,5,20251015,192500,3.4303,3.445,3.41,3.43,10725,0
ZGM.US,5,20251015,193000,3.43,3.43,3.42,3.42,500,0
ZGM.US,5,20251015,193500,3.43,3.45,3.4108,3.4108,504,0
ZGM.US,5,20251015,194000,3.44,3.47,3.42,3.46,4113,0
ZGM.US,5,20251015,194500,3.46,3.4848,3.42,3.43,5433,0
ZGM.US,5,20251015,195000,3.49,3.49,3.42,3.4762,8639,0
ZGM.US,5,20251015,195500,3.47,3.5,3.451,3.49,1477,0
ZGM.US,5,20251015,200000,3.4994,3.5,3.43,3.43,5645,0
ZGM.US,5,20251015,200500,3.4306,3.49,3.43,3.47,10370,0
ZGM.US,5,20251015,201000,3.47,3.47,3.445,3.46,456,0
ZGM.US,5,20251015,201500,3.445,3.45,3.41,3.44,4075,0
ZGM.US,5,20251015,202000,3.44,3.45,3.41,3.42,5594,0
ZGM.US,5,20251015,202500,3.42,3.4332,3.41,3.4332,2874,0
ZGM.US,5,20251015,203000,3.41,3.43,3.4,3.43,6088,0
ZGM.US,5,20251015,203500,3.42,3.45,3.42,3.45,926,0
ZGM.US,5,20251015,204000,3.45,3.45,3.42,3.42,1138,0
ZGM.US,5,20251015,205000,3.43,3.43,3.42,3.426,864,0
ZGM.US,5,20251015,205500,3.484,3.49,3.43,3.4306,1784,0
ZGM.US,5,20251015,210000,3.46,3.5,3.43,3.5,2803,0
ZGM.US,5,20251015,210500,3.44,3.45,3.43,3.43,573,0
ZGM.US,5,20251015,211000,3.44,3.48,3.43,3.44,3665,0
ZGM.US,5,20251015,211500,3.44,3.44,3.425,3.425,447,0
ZGM.US,5,20251015,212000,3.47,3.4798,3.43,3.4798,2201,0
ZGM.US,5,20251015,212500,3.47,3.49,3.44,3.48,17276,0
ZGM.US,5,20251015,213000,3.48,3.48,3.4305,3.48,3882,0
ZGM.US,5,20251015,213500,3.48,3.4861,3.46,3.47,6024,0
ZGM.US,5,20251015,214000,3.48,3.5,3.45,3.4897,5205,0
ZGM.US,5,20251015,214500,3.48,3.48,3.42,3.4697,6436,0
ZGM.US,5,20251015,215000,3.45,3.4608,3.38,3.43,4653,0
ZGM.US,5,20251015,215500,3.4304,3.4699,3.42,3.42,4226,0
ZGM.US,5,20251016,153000,3.4,3.42,3.28,3.39,4726,0
ZGM.US,5,20251016,153500,3.2801,3.45,3.2801,3.45,5280,0
ZGM.US,5,20251016,154000,3.45,3.45,3.4,3.4,4744,0
ZGM.US,5,20251016,154500,3.4,3.4,3.4,3.4,500,0
ZGM.US,5,20251016,155000,3.351,3.45,3.351,3.45,1763,0
ZGM.US,5,20251016,160000,3.443,3.45,3.4,3.4,675,0
ZGM.US,5,20251016,160500,3.4,3.44,3.3509,3.44,1270,0
ZGM.US,5,20251016,161000,3.39,3.44,3.3509,3.3509,1878,0
ZGM.US,5,20251016,161500,3.43,3.44,3.41,3.41,1300,0
ZGM.US,5,20251016,162500,3.3879,3.395,3.3879,3.395,281,0
ZGM.US,5,20251016,163000,3.43,3.44,3.3905,3.3905,719,0
ZGM.US,5,20251016,163500,3.36,3.39,3.36,3.39,800,0
ZGM.US,5,20251016,164000,3.4,3.4,3.39,3.4,658,0
ZGM.US,5,20251016,164500,3.41,3.46,3.41,3.4105,2976,0
ZGM.US,5,20251016,165000,3.3511,3.46,3.3511,3.46,626,0
ZGM.US,5,20251016,170000,3.46,3.47,3.3611,3.3611,693,0
ZGM.US,5,20251016,170500,3.47,3.47,3.3925,3.41,677,0
ZGM.US,5,20251016,171000,3.4018,3.4018,3.4018,3.4018,100,0
ZGM.US,5,20251016,171500,3.5,3.5,3.4001,3.4001,2576,0
ZGM.US,5,20251016,172000,3.5,3.5,3.45,3.45,580,0
ZGM.US,5,20251016,172500,3.5,3.5,3.46,3.46,1551,0
ZGM.US,5,20251016,173000,3.5,3.5,3.4,3.5,551,0
ZGM.US,5,20251016,173500,3.5,3.5,3.48,3.49,400,0
ZGM.US,5,20251016,174000,3.5,3.5,3.5,3.5,100,0
ZGM.US,5,20251016,174500,3.49,3.5,3.49,3.5,300,0
ZGM.US,5,20251016,175000,3.43,3.5,3.43,3.5,400,0
ZGM.US,5,20251016,175500,3.5,3.5,3.42,3.49,1126,0
ZGM.US,5,20251016,180000,3.44,3.49,3.44,3.4894,2991,0
ZGM.US,5,20251016,180500,3.4108,3.5,3.4108,3.5,800,0
ZGM.US,5,20251016,181000,3.42,3.49,3.42,3.49,500,0
ZGM.US,5,20251016,181500,3.5,3.5,3.45,3.45,541,0
ZGM.US,5,20251016,182000,3.49,3.5,3.45,3.49,3382,0
ZGM.US,5,20251016,182500,3.49,3.5,3.4545,3.48,1456,0
ZGM.US,5,20251016,183000,3.5,3.5,3.47,3.49,504,0
ZGM.US,5,20251016,183500,3.46,3.5,3.4108,3.4108,4150,0
ZGM.US,5,20251016,184000,3.42,3.49,3.41,3.49,600,0
ZGM.US,5,20251016,184500,3.49,3.5,3.42,3.42,2126,0
ZGM.US,5,20251016,185000,3.44,3.49,3.43,3.49,1000,0
ZGM.US,5,20251016,185500,3.465,3.49,3.45,3.45,562,0
ZGM.US,5,20251016,190000,3.5,3.51,3.49,3.5,1889,0
ZGM.US,5,20251016,190500,3.475,3.475,3.46,3.475,300,0
ZGM.US,5,20251016,191000,3.43,3.43,3.42,3.43,650,0
ZGM.US,5,20251016,191500,3.49,3.49,3.43,3.43,1216,0
ZGM.US,5,20251016,192000,3.49,3.49,3.48,3.48,248,0
ZGM.US,5,20251016,192500,3.49,3.49,3.49,3.49,282,0
ZGM.US,5,20251016,193000,3.49,3.5,3.49,3.5,1081,0
ZGM.US,5,20251016,193500,3.4307,3.5,3.4307,3.44,764,0
ZGM.US,5,20251016,194500,3.45,3.45,3.45,3.45,100,0
ZGM.US,5,20251016,195000,3.43,3.4401,3.43,3.4401,500,0
ZGM.US,5,20251016,195500,3.44,3.44,3.44,3.44,100,0
ZGM.US,5,20251016,200000,3.43,3.44,3.42,3.42,904,0
ZGM.US,5,20251016,200500,3.45,3.45,3.45,3.45,1250,0
ZGM.US,5,20251016,201000,3.4,3.41,3.4,3.4,5039,0
ZGM.US,5,20251016,202000,3.37,3.41,3.35,3.3551,2293,0
ZGM.US,5,20251016,203000,3.2223,3.2223,3.2223,3.2223,938,0
ZGM.US,5,20251016,204500,3.2519,3.2519,3.2519,3.2519,510,0
ZGM.US,5,20251016,210500,3.2618,3.2618,3.2618,3.2618,930,0
ZGM.US,5,20251016,211500,3.29,3.36,3.28,3.31,1697,0
ZGM.US,5,20251016,212500,3.33,3.37,3.33,3.37,700,0
ZGM.US,5,20251016,213000,3.44,3.45,3.44,3.45,605,0
ZGM.US,5,20251016,214000,3.42,3.5,3.4,3.5,7144,0
ZGM.US,5,20251016,214500,3.373,3.373,3.373,3.373,121,0
ZGM.US,5,20251016,215500,3.415,3.5,3.415,3.5,949,0
ZGM.US,5,20251017,153000,3.06,3.19,3.06,3.19,1782,0
ZGM.US,5,20251017,153500,3.082,3.1,3.082,3.1,200,0
ZGM.US,5,20251017,154000,3.16,3.18,3.16,3.18,480,0
ZGM.US,5,20251017,155000,3.16,3.26,3.16,3.17,1450,0
ZGM.US,5,20251017,155500,3.13,3.13,3.12,3.12,1045,0
ZGM.US,5,20251017,161000,3.2,3.2,3.19,3.19,1339,0
ZGM.US,5,20251017,161500,3.2,3.2,3.2,3.2,289,0
ZGM.US,5,20251017,163000,3.1202,3.1202,3.1202,3.1202,200,0
ZGM.US,5,20251017,163500,3.2,3.2,3.2,3.2,127,0
ZGM.US,5,20251017,170500,3.12,3.12,3.08,3.08,1630,0
ZGM.US,5,20251017,172000,3.08,3.1382,3.0521,3.0521,990,0
ZGM.US,5,20251017,172500,3.06,3.06,3.06,3.06,232,0
ZGM.US,5,20251017,174000,3.07,3.07,3.0601,3.0601,1200,0
ZGM.US,5,20251017,174500,3.062,3.062,3.062,3.062,100,0
ZGM.US,5,20251017,180000,3.1149,3.1149,3.1149,3.1149,200,0
ZGM.US,5,20251017,181000,3.1,3.1,3.1,3.1,100,0
ZGM.US,5,20251017,182000,3.08,3.08,3.08,3.08,200,0
ZGM.US,5,20251017,185000,3.0701,3.0701,3.0701,3.0701,117,0
ZGM.US,5,20251017,190000,3.071,3.2,3.071,3.2,296,0
ZGM.US,5,20251017,190500,3.2,3.2,3.2,3.2,205,0
ZGM.US,5,20251017,191000,3.25,3.25,3.25,3.25,100,0
ZGM.US,5,20251017,191500,3.1015,3.1015,3.1015,3.1015,500,0
ZGM.US,5,20251017,200000,3.11,3.11,3.1,3.1001,1826,0
ZGM.US,5,20251017,201500,3.1,3.1,3.1,3.1,200,0
ZGM.US,5,20251017,205500,3.1165,3.1165,3.1165,3.1165,100,0
ZGM.US,5,20251017,210500,3.1002,3.1002,3.1,3.1,1862,0
ZGM.US,5,20251017,213500,3.15,3.16,3.15,3.16,800,0
ZGM.US,5,20251017,214000,3.16,3.16,3.071,3.071,341,0
ZGM.US,5,20251017,214500,3.16,3.16,3.16,3.16,500,0
ZGM.US,5,20251017,215500,3.16,3.16,3.07,3.07,515,0
ZGM.US,5,20251020,153000,2.95,2.95,2.95,2.95,1009,0
ZGM.US,5,20251020,153500,3,3,3,3,100,0
ZGM.US,5,20251020,154500,2.98,3,2.98,2.9972,756,0
ZGM.US,5,20251020,155000,2.961,2.961,2.961,2.961,114,0
ZGM.US,5,20251020,155500,2.961,2.961,2.961,2.961,100,0
ZGM.US,5,20251020,160000,2.9819,3,2.9819,3,200,0
ZGM.US,5,20251020,161500,2.96,2.97,2.95,2.97,1199,0
ZGM.US,5,20251020,162000,2.97,3,2.97,3,629,0
ZGM.US,5,20251020,164000,2.97,3.01,2.97,3.01,2290,0
ZGM.US,5,20251020,165500,2.9511,2.9511,2.9511,2.9511,210,0
ZGM.US,5,20251020,171000,2.95,2.95,2.95,2.95,1400,0
ZGM.US,5,20251020,175000,2.95,2.95,2.95,2.95,100,0
ZGM.US,5,20251020,183000,2.95,3.01,2.95,3.01,395,0
ZGM.US,5,20251020,184500,3.0473,3.0473,2.95,2.95,400,0
ZGM.US,5,20251020,185000,2.975,2.975,2.975,2.975,350,0
ZGM.US,5,20251020,190000,2.98,2.98,2.98,2.98,573,0
ZGM.US,5,20251020,191000,2.95,2.96,2.95,2.96,400,0
ZGM.US,5,20251020,191500,2.95,2.95,2.95,2.95,100,0
ZGM.US,5,20251020,194000,2.91,2.91,2.91,2.91,100,0
ZGM.US,5,20251020,201500,2.9,2.9,2.9,2.9,474,0
ZGM.US,5,20251020,203000,2.9,2.9,2.855,2.89,300,0
ZGM.US,5,20251020,203500,2.9,2.9,2.9,2.9,101,0
ZGM.US,5,20251020,204000,2.89,2.9,2.89,2.9,600,0
ZGM.US,5,20251020,205000,2.9,2.9,2.9,2.9,338,0
ZGM.US,5,20251020,211000,2.87,2.87,2.87,2.87,357,0
ZGM.US,5,20251020,211500,2.8119,2.8119,2.8119,2.8119,500,0
ZGM.US,5,20251020,212000,2.905,2.905,2.8119,2.8119,785,0
ZGM.US,5,20251020,212500,2.81,2.81,2.81,2.81,410,0
ZGM.US,5,20251020,215000,2.98,2.98,2.98,2.98,100,0
ZGM.US,5,20251020,215500,2.8996,2.8996,2.8996,2.8996,250,0
ZGM.US,5,20251021,153000,2.9,2.9,2.84,2.84,601,0
ZGM.US,5,20251021,153500,2.752,2.752,2.752,2.752,1441,0
ZGM.US,5,20251021,154000,2.9599,2.9599,2.9599,2.9599,2800,0
ZGM.US,5,20251021,155000,2.85,2.91,2.85,2.9,42700,0
ZGM.US,5,20251021,155500,2.92,2.92,2.92,2.92,1901,0
ZGM.US,5,20251021,160000,2.8412,2.8412,2.8412,2.8412,100,0
ZGM.US,5,20251021,161500,2.85,2.88,2.801,2.88,27816,0
ZGM.US,5,20251021,162000,2.89,2.91,2.89,2.9,34500,0
ZGM.US,5,20251021,162500,2.9,3,2.89,2.92,46430,0
ZGM.US,5,20251021,163000,2.95,3.02,2.95,3,24200,0
ZGM.US,5,20251021,164500,2.95,2.95,2.901,2.91,1340,0
ZGM.US,5,20251021,165500,2.965,2.965,2.965,2.965,100,0
ZGM.US,5,20251021,170500,2.91,2.91,2.91,2.91,400,0
ZGM.US,5,20251021,172500,2.945,2.945,2.9,2.9,400,0
ZGM.US,5,20251021,173500,2.95,2.95,2.95,2.95,3352,0
ZGM.US,5,20251021,181500,2.95,2.95,2.95,2.95,1000,0
ZGM.US,5,20251021,192000,2.93,2.93,2.9,2.9,7696,0
ZGM.US,5,20251021,192500,2.9009,2.9009,2.9009,2.9009,100,0
ZGM.US,5,20251021,201000,2.93,2.93,2.93,2.93,100,0
ZGM.US,5,20251021,205000,2.93,2.93,2.93,2.93,2000,0
ZGM.US,5,20251021,212000,2.9369,2.9369,2.9369,2.9369,152,0
ZGM.US,5,20251021,215500,2.94,2.98,2.9127,2.98,1317,0
ZGM.US,5,20251022,153000,2.86,2.86,2.86,2.86,128,0
ZGM.US,5,20251022,153500,2.8601,2.8601,2.85,2.85,700,0
ZGM.US,5,20251022,154000,2.94,3,2.94,3,25619,0
ZGM.US,5,20251022,161500,2.9999,2.9999,2.9999,2.9999,675,0
ZGM.US,5,20251022,163000,2.87,2.87,2.87,2.87,320,0
ZGM.US,5,20251022,164500,2.88,2.88,2.8705,2.8705,200,0
ZGM.US,5,20251022,165000,2.87,2.87,2.87,2.87,500,0
ZGM.US,5,20251022,171000,2.98,3,2.97,3,14150,0
ZGM.US,5,20251022,171500,2.98,2.98,2.98,2.98,23461,0
ZGM.US,5,20251022,172500,2.8701,2.8701,2.8701,2.8701,2800,0
ZGM.US,5,20251022,173500,2.88,2.88,2.8705,2.8705,200,0
ZGM.US,5,20251022,180000,2.89,2.89,2.88,2.8801,618,0
ZGM.US,5,20251022,183000,2.9,2.9,2.9,2.9,100,0
ZGM.US,5,20251022,191000,2.91,2.916,2.91,2.916,500,0
ZGM.US,5,20251022,210500,2.9,2.9,2.9,2.9,103,0
ZGM.US,5,20251022,211000,2.882,2.8992,2.88,2.89,1500,0
ZGM.US,5,20251022,212500,2.923,2.923,2.89,2.89,400,0
ZGM.US,5,20251022,215500,2.91,2.92,2.9005,2.9005,695,0
ZGM.US,5,20251023,153500,2.86,2.86,2.8505,2.8505,968,0
ZGM.US,5,20251023,155500,2.8913,2.8913,2.8913,2.8913,250,0
ZGM.US,5,20251023,161500,2.851,2.851,2.851,2.851,122,0
ZGM.US,5,20251023,164500,2.9,2.9,2.86,2.86,300,0
ZGM.US,5,20251023,175000,2.94,2.99,2.94,2.99,3200,0
ZGM.US,5,20251023,191500,2.92,2.95,2.92,2.95,202,0
ZGM.US,5,20251023,204500,2.92,2.92,2.92,2.92,779,0
ZGM.US,5,20251023,205500,2.92,2.92,2.92,2.92,1190,0
ZGM.US,5,20251023,210000,2.97,2.97,2.97,2.97,100,0
ZGM.US,5,20251023,210500,2.88,2.88,2.88,2.88,270,0
ZGM.US,5,20251023,215000,2.9,2.9,2.87,2.88,433,0
ZGM.US,5,20251023,215500,2.88,2.88,2.85,2.8577,300,0
ZGM.US,5,20251024,155000,2.93,2.94,2.93,2.94,1968,0
ZGM.US,5,20251024,155500,2.93,2.93,2.85,2.85,3473,0
ZGM.US,5,20251024,160500,2.85,2.85,2.84,2.84,200,0
ZGM.US,5,20251024,172500,2.91,2.92,2.85,2.92,8927,0
ZGM.US,5,20251024,173000,2.91,3,2.895,3,49695,0
ZGM.US,5,20251024,173500,3,3,2.8001,2.8001,2688,0
ZGM.US,5,20251024,174000,3,3,3,3,200,0
ZGM.US,5,20251024,174500,3,3.01,3,3,8326,0
ZGM.US,5,20251024,181500,2.98,2.98,2.95,2.95,1300,0
ZGM.US,5,20251024,182500,2.98,2.98,2.862,2.862,3300,0
ZGM.US,5,20251024,184500,3,3,2.99,2.99,396,0
ZGM.US,5,20251024,185000,2.9878,3,2.9878,3,212,0
ZGM.US,5,20251024,185500,2.8626,2.8626,2.8626,2.8626,380,0
ZGM.US,5,20251024,191000,2.8725,2.8725,2.8725,2.8725,2000,0
ZGM.US,5,20251024,193000,2.9117,2.9212,2.9117,2.9212,708,0
ZGM.US,5,20251024,204500,2.92,3.005,2.92,3.005,1166,0
ZGM.US,5,20251024,210500,3,3,3,3,500,0
ZGM.US,5,20251024,212500,3,3,3,3,400,0
ZGM.US,5,20251024,213000,3.0207,3.0207,3.0207,3.0207,100,0
ZGM.US,5,20251024,215000,2.9012,2.9012,2.9012,2.9012,300,0
ZGM.US,5,20251024,215500,3,3,2.92,2.92,500,0
ZGM.US,5,20251027,145000,2.96,3,2.96,3,9200,0
ZGM.US,5,20251027,145500,2.99,3.03,2.95,2.95,19000,0
ZGM.US,5,20251027,150000,2.95,3.04,2.95,2.98,22144,0
ZGM.US,5,20251027,150500,3,3.02,2.99,3.0162,9200,0
ZGM.US,5,20251027,151000,3.03,3.03,3.03,3.03,7400,0
ZGM.US,5,20251027,151500,3.03,3.03,3.03,3.03,7600,0
ZGM.US,5,20251027,152000,3.03,3.09,3.03,3.09,10753,0
ZGM.US,5,20251027,152500,3.07,3.07,3,3.025,10000,0
ZGM.US,5,20251027,153000,3.04,3.05,2.9853,3.05,3682,0
ZGM.US,5,20251027,154000,3.09,3.14,3.0276,3.0276,16871,0
ZGM.US,5,20251027,154500,3.11,3.11,3.09,3.1,11578,0
ZGM.US,5,20251027,155500,3.13,3.15,3.11,3.15,5170,0
ZGM.US,5,20251027,160000,3.1117,3.2,3.1117,3.13,4543,0
ZGM.US,5,20251027,160500,3.18,3.18,3.18,3.18,100,0
ZGM.US,5,20251027,161000,3.2,3.22,3.15,3.2,19371,0
ZGM.US,5,20251027,161500,3.16,3.16,3.16,3.16,125,0
ZGM.US,5,20251027,163000,3.16,3.16,3.16,3.16,2132,0
ZGM.US,5,20251027,163500,3.18,3.18,3.18,3.18,200,0
ZGM.US,5,20251027,164000,3.19,3.19,3.19,3.19,300,0
ZGM.US,5,20251027,170500,3.16,3.18,3.145,3.15,1969,0
ZGM.US,5,20251027,173000,3.1499,3.1499,3.1499,3.1499,110,0
ZGM.US,5,20251027,174000,3.1901,3.26,3.16,3.24,4970,0
ZGM.US,5,20251027,174500,3.24,3.25,3.22,3.22,900,0
ZGM.US,5,20251027,175000,3.22,3.22,3.22,3.22,250,0
ZGM.US,5,20251027,183500,3.24,3.24,3.24,3.24,150,0
ZGM.US,5,20251027,184000,3.205,3.22,3.205,3.22,250,0
ZGM.US,5,20251027,184500,3.22,3.22,3.22,3.22,100,0
ZGM.US,5,20251027,185000,3.2001,3.212,3.2001,3.2001,305,0
ZGM.US,5,20251027,191000,3.21,3.2395,3.2,3.2,1300,0
ZGM.US,5,20251027,191500,3.21,3.21,3.21,3.21,100,0
ZGM.US,5,20251027,193000,3.23,3.23,3.23,3.23,100,0
ZGM.US,5,20251027,201500,3.24,3.2613,3.2,3.2,2715,0
ZGM.US,5,20251027,202500,3.195,3.195,3.1501,3.195,300,0
ZGM.US,5,20251027,203500,3.19,3.19,3.19,3.19,666,0
ZGM.US,5,20251027,204000,3.19,3.205,3.11,3.1471,2435,0
ZGM.US,5,20251027,204500,3.205,3.205,3.205,3.205,100,0
ZGM.US,5,20251027,205500,3.23,3.23,3.23,3.23,200,0
ZGM.US,5,20251028,145000,3.1512,3.1855,3.1512,3.1855,1350,0
ZGM.US,5,20251028,145500,3.14,3.147,3.14,3.147,2241,0
ZGM.US,5,20251028,153000,3.15,3.15,3.14,3.15,1020,0
ZGM.US,5,20251028,153500,3.15,3.15,3.15,3.15,2752,0
ZGM.US,5,20251028,162000,3.195,3.195,3.195,3.195,100,0
ZGM.US,5,20251028,163000,3.135,3.135,3.08,3.08,400,0
ZGM.US,5,20251028,163500,3.2,3.2,3.2,3.2,123,0
ZGM.US,5,20251028,164000,3.2,3.2,3.2,3.2,153,0
ZGM.US,5,20251028,164500,3.135,3.135,3.0701,3.0701,2200,0
ZGM.US,5,20251028,170500,3.15,3.15,3.1405,3.1405,200,0
ZGM.US,5,20251028,172000,3.19,3.19,3.19,3.19,100,0
ZGM.US,5,20251028,172500,3.15,3.15,3.15,3.15,141,0
ZGM.US,5,20251028,185500,3.15,3.2,3.15,3.19,300,0
ZGM.US,5,20251028,190000,3.2,3.24,3.16,3.16,3300,0
ZGM.US,5,20251028,190500,3.2,3.2,3.101,3.101,1312,0
ZGM.US,5,20251028,200000,3.1,3.19,3.1,3.19,364,0
ZGM.US,5,20251028,200500,3.102,3.12,2.95,2.97,1268,0
ZGM.US,5,20251028,202000,3.16,3.16,3.16,3.16,143,0
ZGM.US,5,20251028,205500,3.27,3.27,3.27,3.27,200,0
ZGM.US,5,20251029,145000,3.12,3.12,3.12,3.12,1200,0
ZGM.US,5,20251029,155500,3.12,3.12,3.12,3.12,600,0
ZGM.US,5,20251029,161500,3.071,3.085,3.0501,3.0501,380,0
ZGM.US,5,20251029,170500,3.06,3.06,3.06,3.06,144,0
ZGM.US,5,20251029,174500,3.12,3.12,3.12,3.12,207,0
ZGM.US,5,20251029,184500,3.12,3.12,3.12,3.12,1000,0
ZGM.US,5,20251029,194000,3.07,3.07,3.07,3.07,100,0
ZGM.US,5,20251029,194500,3.06,3.06,3.0505,3.0505,1000,0
ZGM.US,5,20251029,195500,3.1,3.1,3.1,3.1,100,0
ZGM.US,5,20251029,205500,2.985,3.12,2.92,2.92,1108,0
ZGM.US,5,20251030,143000,3.12,3.12,3.015,3.015,471,0
ZGM.US,5,20251030,143500,3.015,3.015,3.015,3.015,179,0
ZGM.US,5,20251030,144000,3.01,3.01,2.912,2.912,1300,0
ZGM.US,5,20251030,150000,2.97,2.97,2.97,2.97,200,0
ZGM.US,5,20251030,150500,3,3,3,3,413,0
ZGM.US,5,20251030,152000,3.06,3.06,3.06,3.06,200,0
ZGM.US,5,20251030,160000,2.9301,2.9301,2.9301,2.9301,300,0
ZGM.US,5,20251030,162000,3,3,2.97,3,1703,0
ZGM.US,5,20251030,162500,3.05,3.05,3.05,3.05,100,0
ZGM.US,5,20251030,163000,3.01,3.01,2.97,2.97,400,0
ZGM.US,5,20251030,165500,2.97,2.97,2.9301,2.9301,200,0
ZGM.US,5,20251030,175000,3.0405,3.0405,3.0405,3.0405,100,0
ZGM.US,5,20251030,181500,2.93,2.93,2.93,2.93,175,0
ZGM.US,5,20251030,182500,2.931,2.98,2.931,2.97,2969,0
ZGM.US,5,20251030,183000,3.06,3.06,3.06,3.06,100,0
ZGM.US,5,20251030,200500,2.9998,2.9998,2.98,2.98,200,0
ZGM.US,5,20251030,203000,3,3.0092,2.98,3,1700,0
ZGM.US,5,20251031,145500,3,3,2.9,2.95,1438,0
ZGM.US,5,20251031,150000,2.9,2.9,2.9,2.9,1700,0
ZGM.US,5,20251031,151500,3,3,3,3,200,0
ZGM.US,5,20251031,161000,2.93,2.93,2.93,2.93,350,0
ZGM.US,5,20251031,161500,2.95,2.95,2.95,2.95,1000,0
ZGM.US,5,20251031,164000,2.93,2.93,2.93,2.93,1650,0
ZGM.US,5,20251031,165000,2.92,2.95,2.92,2.95,800,0
ZGM.US,5,20251031,170500,2.93,2.93,2.93,2.93,100,0
ZGM.US,5,20251031,173000,3,3,2.96,2.96,3000,0
ZGM.US,5,20251031,182000,2.95,2.95,2.95,2.95,100,0
ZGM.US,5,20251031,182500,2.93,2.93,2.93,2.93,200,0
ZGM.US,5,20251031,184500,2.95,2.95,2.8501,2.8501,2300,0
ZGM.US,5,20251031,185000,2.8501,2.925,2.8501,2.925,500,0
ZGM.US,5,20251031,185500,2.89,2.89,2.88,2.88,2800,0
ZGM.US,5,20251031,191500,2.88,2.88,2.88,2.88,107,0
ZGM.US,5,20251031,205500,2.93,2.93,2.93,2.93,255,0
ZGM.US,5,20251103,154500,2.81,2.81,2.79,2.79,600,0
ZGM.US,5,20251103,161000,2.9,2.9,2.79,2.86,582,0
ZGM.US,5,20251103,163500,2.81,2.81,2.8005,2.8005,228,0
ZGM.US,5,20251103,181000,2.8597,2.8597,2.8597,2.8597,400,0
ZGM.US,5,20251103,185000,2.807,2.81,2.807,2.81,300,0
ZGM.US,5,20251103,185500,2.8,2.8,2.8,2.8,786,0
ZGM.US,5,20251103,193000,2.79,2.79,2.79,2.79,356,0
ZGM.US,5,20251103,212500,2.8,2.8,2.8,2.8,179,0
ZGM.US,5,20251103,215500,2.825,2.825,2.825,2.825,100,0
ZGM.US,5,20251104,153000,2.96,3.08,2.8301,2.99,6200,0
ZGM.US,5,20251104,153500,3.01,3.01,2.93,2.96,906,0
ZGM.US,5,20251104,154000,2.83,2.83,2.73,2.73,1621,0
ZGM.US,5,20251104,155000,2.78,3,2.78,3,576,0
ZGM.US,5,20251104,155500,2.69,2.69,2.69,2.69,200,0
ZGM.US,5,20251104,160000,2.885,2.885,2.885,2.885,100,0
ZGM.US,5,20251104,161000,2.77,2.8,2.77,2.8,662,0
ZGM.US,5,20251104,164500,2.68,2.83,2.68,2.75,1826,0
ZGM.US,5,20251104,165000,2.77,2.77,2.75,2.75,280,0
ZGM.US,5,20251104,170000,2.75,2.75,2.75,2.75,2879,0
ZGM.US,5,20251104,170500,2.75,2.75,2.75,2.75,547,0
ZGM.US,5,20251104,172000,2.75,2.75,2.75,2.75,336,0
ZGM.US,5,20251104,172500,2.81,2.815,2.81,2.815,970,0
ZGM.US,5,20251104,173000,2.7008,2.7008,2.7008,2.7008,280,0
ZGM.US,5,20251104,175500,2.8,2.8,2.7006,2.7006,1132,0
ZGM.US,5,20251104,182500,2.8,2.87,2.8,2.87,1155,0
ZGM.US,5,20251104,183000,2.84,2.84,2.8,2.8,439,0
ZGM.US,5,20251104,183500,2.8,2.83,2.8,2.83,436,0
ZGM.US,5,20251104,185000,2.83,2.83,2.83,2.83,136,0
ZGM.US,5,20251104,194000,2.83,2.83,2.8,2.8,278,0
ZGM.US,5,20251104,202000,2.7507,2.771,2.7507,2.771,600,0
ZGM.US,5,20251104,202500,2.82,2.82,2.82,2.82,100,0
ZGM.US,5,20251104,203500,2.82,2.82,2.82,2.82,100,0
ZGM.US,5,20251104,204000,2.84,2.84,2.84,2.84,540,0
ZGM.US,5,20251104,205500,2.97,2.99,2.97,2.99,200,0
ZGM.US,5,20251104,210000,2.84,2.84,2.815,2.8152,1894,0
ZGM.US,5,20251104,212000,2.805,2.805,2.805,2.805,100,0
ZGM.US,5,20251104,213500,2.85,2.85,2.8,2.85,1146,0
ZGM.US,5,20251104,214500,2.875,2.875,2.84,2.84,1503,0
ZGM.US,5,20251104,215000,2.825,2.875,2.752,2.81,5677,0
ZGM.US,5,20251104,215500,2.82,2.85,2.81,2.82,1573,0
ZGM.US,5,20251105,154500,2.66,2.66,2.66,2.66,580,0
ZGM.US,5,20251105,155500,2.63,2.815,2.63,2.815,774,0
ZGM.US,5,20251105,160500,2.6867,2.6867,2.6867,2.6867,237,0
ZGM.US,5,20251105,161000,2.75,2.75,2.68,2.7,899,0
ZGM.US,5,20251105,161500,2.74,2.75,2.7,2.7,881,0
ZGM.US,5,20251105,163500,2.62,2.62,2.61,2.61,850,0
ZGM.US,5,20251105,164500,2.61,2.63,2.6001,2.63,1257,0
ZGM.US,5,20251105,170000,2.67,2.699,2.67,2.699,515,0
ZGM.US,5,20251105,171500,2.67,2.67,2.67,2.67,100,0
ZGM.US,5,20251105,175000,2.632,2.632,2.5601,2.5601,3189,0
ZGM.US,5,20251105,175500,2.53,2.53,2.435,2.435,3613,0
ZGM.US,5,20251105,180000,2.45,2.45,2.45,2.45,208,0
ZGM.US,5,20251105,181000,2.52,2.52,2.52,2.52,152,0
ZGM.US,5,20251105,182000,2.56,2.56,2.56,2.56,200,0
ZGM.US,5,20251105,182500,2.488,2.5,2.44,2.49,3427,0
ZGM.US,5,20251105,183000,2.5,2.5,2.42,2.42,493,0
ZGM.US,5,20251105,183500,2.422,2.4326,2.36,2.36,6412,0
ZGM.US,5,20251105,184000,2.36,2.46,2.33,2.46,4146,0
ZGM.US,5,20251105,191000,2.53,2.53,2.53,2.53,100,0
ZGM.US,5,20251105,191500,2.49,2.49,2.37,2.37,1231,0
ZGM.US,5,20251105,194000,2.52,2.53,2.4901,2.4901,470,0
ZGM.US,5,20251105,194500,2.4901,2.4901,2.4901,2.4901,100,0
ZGM.US,5,20251105,200000,2.55,2.55,2.55,2.55,120,0
ZGM.US,5,20251105,203000,2.59,2.6,2.58,2.59,2150,0
ZGM.US,5,20251105,204500,2.51,2.51,2.51,2.51,300,0
ZGM.US,5,20251105,205500,2.49,2.49,2.49,2.49,100,0
ZGM.US,5,20251106,153000,2.51,2.525,2.51,2.525,785,0
ZGM.US,5,20251106,161500,2.54,2.54,2.34,2.34,3612,0
ZGM.US,5,20251106,162000,2.32,2.61,1.9002,2.305,8308,0
ZGM.US,5,20251106,171000,2.4851,2.4851,2.4851,2.4851,600,0
ZGM.US,5,20251106,172000,2.48,2.48,2.48,2.48,100,0
ZGM.US,5,20251106,172500,2.455,2.455,2.455,2.455,100,0
ZGM.US,5,20251106,175000,2.45,2.45,2.45,2.45,100,0
ZGM.US,5,20251106,175500,2.45,2.4501,2.41,2.41,700,0
ZGM.US,5,20251106,183000,2.41,2.41,2.41,2.41,100,0
ZGM.US,5,20251106,210000,2.54,2.54,2.485,2.485,200,0
ZGM.US,5,20251106,214000,2.58,2.58,2.48,2.48,1800,0
ZGM.US,5,20251107,155500,2.36,2.36,2.36,2.36,100,0
ZGM.US,5,20251107,161500,2.41,2.41,2.4,2.4,368,0
ZGM.US,5,20251107,162000,2.4402,2.4402,2.4402,2.4402,200,0
ZGM.US,5,20251107,165500,2.44,2.44,2.44,2.44,300,0
ZGM.US,5,20251107,172000,2.43,2.43,2.43,2.43,314,0
ZGM.US,5,20251107,213000,2.44,2.44,2.44,2.44,100,0
ZGM.US,5,20251107,215500,2.47,2.47,2.47,2.47,200,0
ZGM.US,5,20251110,153000,2.42,2.42,2.42,2.42,837,0
ZGM.US,5,20251110,155500,2.46,2.46,2.447,2.447,693,0
ZGM.US,5,20251110,161000,2.45,2.45,2.45,2.45,209,0
ZGM.US,5,20251110,163500,2.44,2.44,2.44,2.44,264,0
ZGM.US,5,20251110,170000,2.2801,2.2801,2.2801,2.2801,120,0
ZGM.US,5,20251110,170500,2.44,2.44,2.44,2.44,100,0
ZGM.US,5,20251110,174500,2.4,2.4,2.3006,2.3006,200,0
ZGM.US,5,20251110,175500,2.44,2.44,2.44,2.44,268,0
ZGM.US,5,20251110,181000,2.49,2.49,2.49,2.49,100,0
ZGM.US,5,20251110,182000,2.49,2.49,2.49,2.49,376,0
ZGM.US,5,20251110,184500,2.5,2.5,2.5,2.5,535,0
ZGM.US,5,20251110,185000,2.49,2.49,2.49,2.49,100,0
ZGM.US,5,20251110,194000,2.48,2.48,2.48,2.48,100,0
ZGM.US,5,20251110,205000,2.47,2.47,2.47,2.47,100,0
ZGM.US,5,20251110,212000,2.41,2.4399,2.41,2.42,1400,0
ZGM.US,5,20251110,215000,2.47,2.47,2.47,2.47,100,0
ZGM.US,5,20251110,215500,2.35,2.35,2.35,2.35,100,0
ZGM.US,5,20251111,154500,2.31,2.31,2.3,2.3,200,0
ZGM.US,5,20251111,162000,2.31,2.31,2.31,2.31,100,0
ZGM.US,5,20251111,163000,2.31,2.31,2.31,2.31,792,0
ZGM.US,5,20251111,165000,2.3,2.3,2.3,2.3,347,0
ZGM.US,5,20251111,171500,2.29,2.29,2.29,2.29,100,0
ZGM.US,5,20251111,173000,2.29,2.29,2.29,2.29,100,0
ZGM.US,5,20251111,173500,2.3,2.3,2.3,2.3,975,0
ZGM.US,5,20251111,192000,2.21,2.22,2.071,2.09,2284,0
ZGM.US,5,20251111,193000,2.0801,2.0802,2.0801,2.0801,1550,0
ZGM.US,5,20251111,205000,2.1995,2.1995,2.19,2.19,200,0
ZGM.US,5,20251111,205500,2.195,2.21,2.195,2.21,200,0
ZGM.US,5,20251111,214000,2.21,2.21,2.21,2.21,100,0
ZGM.US,5,20251111,215000,2.17,2.19,2.17,2.17,2300,0
ZGM.US,5,20251111,215500,2.24,2.2495,2.17,2.19,2173,0
ZGM.US,5,20251112,153000,2.34,2.6,2.2835,2.55,12147,0
ZGM.US,5,20251112,153500,2.6,2.6,2.5,2.5,1760,0
ZGM.US,5,20251112,154500,2.505,2.6,2.505,2.6,413,0
ZGM.US,5,20251112,155000,2.41,2.41,2.41,2.41,812,0
ZGM.US,5,20251112,155500,2.41,2.51,2.41,2.4105,2607,0
ZGM.US,5,20251112,160500,2.42,2.42,2.41,2.41,477,0
ZGM.US,5,20251112,161000,2.49,2.5,2.49,2.4981,3693,0
ZGM.US,5,20251112,161500,2.49,2.49,2.49,2.49,199,0
ZGM.US,5,20251112,170000,2.5,2.5,2.5,2.5,200,0
ZGM.US,5,20251112,171000,2.5,2.5,2.5,2.5,108,0
ZGM.US,5,20251112,171500,2.5,2.5,2.5,2.5,100,0
ZGM.US,5,20251112,174500,2.5,2.5,2.49,2.5,604,0
ZGM.US,5,20251112,181500,2.5,2.5,2.5,2.5,282,0
ZGM.US,5,20251112,182000,2.5001,2.5001,2.5001,2.5001,506,0
ZGM.US,5,20251112,184500,2.5118,2.5118,2.5118,2.5118,200,0
ZGM.US,5,20251112,200500,2.55,2.55,2.55,2.55,400,0
ZGM.US,5,20251112,211500,2.55,2.55,2.54,2.54,550,0
ZGM.US,5,20251112,213000,2.54,2.54,2.54,2.54,100,0
ZGM.US,5,20251113,153000,2.53,2.53,2.29,2.29,507,0
ZGM.US,5,20251113,153500,2.55,2.55,2.5,2.5,500,0
ZGM.US,5,20251113,160500,2.4,2.4,2.4,2.4,100,0
ZGM.US,5,20251113,161000,2.4,2.4,2.32,2.32,500,0
ZGM.US,5,20251113,161500,2.31,2.31,2.31,2.31,600,0
ZGM.US,5,20251113,162500,2.4,2.44,2.38,2.38,950,0
ZGM.US,5,20251113,171500,2.45,2.5499,2.45,2.5499,500,0
ZGM.US,5,20251113,182000,2.55,2.55,2.54,2.54,200,0
ZGM.US,5,20251113,185500,2.58,2.58,2.58,2.58,100,0
ZGM.US,5,20251113,194000,2.6,2.6,2.59,2.59,271,0
ZGM.US,5,20251113,202000,2.59,2.6,2.515,2.6,2725,0
ZGM.US,5,20251113,202500,2.599,2.6,2.599,2.6,2379,0
ZGM.US,5,20251113,203000,2.6,2.6,2.6,2.6,230,0
ZGM.US,5,20251113,213500,2.6,2.73,2.6,2.73,602,0
ZGM.US,5,20251113,214500,2.76,2.77,2.76,2.77,329,0
ZGM.US,5,20251113,215500,2.75,2.81,2.75,2.81,2544,0
ZGM.US,5,20251114,154000,2.7,2.75,2.48,2.5499,1849,0
ZGM.US,5,20251114,154500,2.48,2.5599,2.48,2.5199,2200,0
ZGM.US,5,20251114,155000,2.5,2.5,2.5,2.5,317,0
ZGM.US,5,20251114,160500,2.42,2.4299,2.42,2.4299,200,0
ZGM.US,5,20251114,161000,2.39,2.39,2.39,2.39,100,0
ZGM.US,5,20251114,161500,2.395,2.5541,2.395,2.4199,951,0
ZGM.US,5,20251114,162500,2.41,2.4199,2.41,2.4199,200,0
ZGM.US,5,20251114,163500,2.38,2.38,2.38,2.38,100,0
ZGM.US,5,20251114,164500,2.42,2.42,2.375,2.375,1500,0
ZGM.US,5,20251114,165000,2.41,2.555,2.41,2.415,1335,0
ZGM.US,5,20251114,165500,2.47,2.47,2.43,2.45,1709,0
ZGM.US,5,20251114,170000,2.45,2.47,2.43,2.43,1537,0
ZGM.US,5,20251114,170500,2.555,2.585,2.44,2.585,11372,0
ZGM.US,5,20251114,171000,2.55,2.585,2.47,2.49,11834,0
ZGM.US,5,20251114,171500,2.44,2.465,2.44,2.465,200,0
ZGM.US,5,20251114,172000,2.465,2.48,2.465,2.48,200,0
ZGM.US,5,20251114,172500,2.565,2.565,2.51,2.51,2534,0
ZGM.US,5,20251114,173000,2.51,2.51,2.48,2.49,948,0
ZGM.US,5,20251114,173500,2.49,2.56,2.405,2.522,11729,0
ZGM.US,5,20251114,174000,2.51,2.59,2.41,2.5,9107,0
ZGM.US,5,20251114,174500,2.445,2.46,2.445,2.445,1000,0
ZGM.US,5,20251114,175000,2.45,2.5,2.45,2.5,2738,0
ZGM.US,5,20251114,180000,2.52,2.52,2.515,2.515,300,0
ZGM.US,5,20251114,181000,2.48,2.48,2.48,2.48,100,0
ZGM.US,5,20251114,182500,2.56,2.58,2.52,2.58,3399,0
ZGM.US,5,20251114,183000,2.58,2.63,2.58,2.63,2200,0
ZGM.US,5,20251114,183500,2.63,2.64,2.595,2.62,2388,0
ZGM.US,5,20251114,184000,2.63,2.63,2.525,2.59,1342,0
ZGM.US,5,20251114,184500,2.58,2.6,2.535,2.57,9690,0
ZGM.US,5,20251114,185000,2.605,2.605,2.5,2.58,800,0
ZGM.US,5,20251114,185500,2.58,2.58,2.48,2.5,1000,0
ZGM.US,5,20251114,192000,2.45,2.45,2.45,2.45,183,0
ZGM.US,5,20251114,200500,2.48,2.48,2.48,2.48,100,0
ZGM.US,5,20251114,201000,2.48,2.58,2.48,2.58,2834,0
ZGM.US,5,20251114,201500,2.48,2.58,2.48,2.49,1261,0
ZGM.US,5,20251114,202000,2.52,2.58,2.52,2.52,723,0
ZGM.US,5,20251114,203000,2.61,2.61,2.53,2.53,366,0
ZGM.US,5,20251114,203500,2.53,2.53,2.53,2.53,100,0
ZGM.US,5,20251114,204000,2.51,2.51,2.51,2.51,100,0
ZGM.US,5,20251114,204500,2.5,2.5,2.5,2.5,180,0
ZGM.US,5,20251114,211000,2.55,2.55,2.55,2.55,200,0
ZGM.US,5,20251114,212500,2.58,2.58,2.58,2.58,3978,0
ZGM.US,5,20251114,213000,2.56,2.57,2.56,2.56,400,0
ZGM.US,5,20251114,214500,2.55,2.56,2.55,2.5501,328,0
ZGM.US,5,20251117,153000,2.43,2.43,2.43,2.43,103,0
ZGM.US,5,20251117,153500,2.39,2.39,2.39,2.39,140,0
ZGM.US,5,20251117,154000,2.43,2.43,2.29,2.29,781,0
ZGM.US,5,20251117,155000,2.36,2.36,2.36,2.36,2900,0
ZGM.US,5,20251117,155500,2.3001,2.3001,2.3001,2.3001,1500,0
ZGM.US,5,20251117,163500,2.29,2.3,2.29,2.3,1200,0
ZGM.US,5,20251117,170500,2.3,2.3,2.3,2.3,100,0
ZGM.US,5,20251117,175500,2.41,2.47,2.37,2.41,1336,0
ZGM.US,5,20251117,182500,2.41,2.41,2.4,2.4,500,0
ZGM.US,5,20251117,195500,2.34,2.35,2.34,2.35,400,0
ZGM.US,5,20251117,201500,2.375,2.38,2.37,2.37,727,0
ZGM.US,5,20251117,202500,2.32,2.33,2.32,2.33,517,0
ZGM.US,5,20251117,203500,2.31,2.31,2.31,2.31,238,0
ZGM.US,5,20251117,205000,2.28,2.28,2.28,2.28,100,0
ZGM.US,5,20251117,205500,2.28,2.28,2.28,2.28,351,0
ZGM.US,5,20251117,213000,2.28,2.28,2.27,2.28,815,0
ZGM.US,5,20251117,213500,2.04,2.04,2.04,2.04,168,0
ZGM.US,5,20251117,214000,2.05,2.05,2.05,2.05,100,0
ZGM.US,5,20251117,214500,2.14,2.14,2.12,2.14,1600,0
ZGM.US,5,20251117,215500,2.05,2.05,2.03,2.03,312,0
ZGM.US,5,20251118,153000,2.03,2.03,2.03,2.03,101,0
ZGM.US,5,20251118,155000,2.1,2.2829,2.1,2.2,1799,0
ZGM.US,5,20251118,160000,2.2,2.2,2.2,2.2,100,0
ZGM.US,5,20251118,162500,2.046,2.046,2.046,2.046,325,0
ZGM.US,5,20251118,183500,2.26,2.28,2.26,2.27,460,0
ZGM.US,5,20251118,184000,2.14,2.14,2.08,2.08,359,0
ZGM.US,5,20251118,190500,2.1299,2.13,2.1299,2.13,200,0
ZGM.US,5,20251118,192000,2.1,2.1,2.1,2.1,100,0
ZGM.US,5,20251118,203000,2.0701,2.0701,2.0701,2.0701,231,0
ZGM.US,5,20251118,204000,2.15,2.15,2.1401,2.1401,262,0
ZGM.US,5,20251119,153000,2.09,2.09,2.09,2.09,127,0
ZGM.US,5,20251119,154000,2.15,2.15,2.15,2.15,554,0
ZGM.US,5,20251119,160000,2.15,2.15,2.15,2.15,198,0
ZGM.US,5,20251119,171500,2.15,2.15,2.15,2.15,100,0
ZGM.US,5,20251119,172000,2,2,2,2,139,0
ZGM.US,5,20251119,173000,2.19,2.19,2.19,2.19,105,0
ZGM.US,5,20251119,175000,2.02,2.02,2.02,2.02,195,0
ZGM.US,5,20251119,180000,2.1,2.1,2.1,2.1,200,0
ZGM.US,5,20251119,181500,2,2.06,2,2.06,414,0
ZGM.US,5,20251119,184000,2.03,2.03,2.03,2.03,185,0
ZGM.US,5,20251119,184500,2.09,2.09,2.075,2.09,400,0
ZGM.US,5,20251119,185000,2.16,2.16,2.16,2.16,200,0
ZGM.US,5,20251119,212500,2.33,2.33,2.15,2.16,671,0
ZGM.US,5,20251120,161500,2.2,2.2,2.2,2.2,100,0
ZGM.US,5,20251120,162500,2.21,2.21,2.19,2.19,1937,0
ZGM.US,5,20251120,163500,2.24,2.24,2.21,2.21,671,0
ZGM.US,5,20251120,164000,2.15,2.15,2.15,2.15,184,0
ZGM.US,5,20251120,170500,2.2,2.2,2.2,2.2,100,0
ZGM.US,5,20251120,192500,2.22,2.22,2.2,2.2,318,0
ZGM.US,5,20251120,195000,2.1983,2.1983,2.1983,2.1983,400,0
ZGM.US,5,20251120,195500,2.22,2.22,2.22,2.22,200,0
ZGM.US,5,20251120,201000,2.15,2.15,2.15,2.15,205,0
ZGM.US,5,20251120,203500,2.17,2.17,2.17,2.17,200,0
ZGM.US,5,20251120,204000,2.17,2.17,2.17,2.17,200,0
ZGM.US,5,20251120,215000,2.04,2.04,2.04,2.04,100,0
ZGM.US,5,20251121,153000,2.16,2.16,2.16,2.16,100,0
ZGM.US,5,20251121,162500,2.115,2.115,2.115,2.115,100,0
ZGM.US,5,20251121,163500,2.095,2.095,2.095,2.095,100,0
ZGM.US,5,20251121,172000,2.08,2.13,2.08,2.13,673,0
ZGM.US,5,20251121,175000,2.08,2.08,2.08,2.08,200,0
ZGM.US,5,20251121,175500,2.2,2.2,2.14,2.14,800,0
ZGM.US,5,20251121,180000,2.075,2.075,2.075,2.075,100,0
ZGM.US,5,20251121,180500,2.13,2.13,2.13,2.13,100,0
ZGM.US,5,20251121,182000,2.13,2.13,2.13,2.13,155,0
ZGM.US,5,20251121,182500,2.16,2.16,2.16,2.16,195,0
ZGM.US,5,20251121,191000,2.15,2.15,2.15,2.15,100,0
ZGM.US,5,20251121,193000,2.27,2.27,2.27,2.27,169,0
ZGM.US,5,20251121,193500,2.16,2.16,2.16,2.16,179,0
ZGM.US,5,20251121,211000,2.17,2.17,2.17,2.17,100,0
ZGM.US,5,20251121,211500,2.12,2.12,2.12,2.12,400,0
ZGM.US,5,20251121,212000,2.14,2.14,2.14,2.14,200,0
ZGM.US,5,20251121,212500,2.19,2.19,2.19,2.19,100,0
ZGM.US,5,20251121,214500,2.13,2.13,2.13,2.13,195,0
ZGM.US,5,20251124,160500,2.07,2.07,2.07,2.07,100,0
ZGM.US,5,20251124,161000,2.11,2.1299,2.11,2.1299,400,0
ZGM.US,5,20251124,161500,2.01,2.01,2.01,2.01,271,0
ZGM.US,5,20251124,171500,2.17,2.17,2.17,2.17,100,0
ZGM.US,5,20251124,174500,2.08,2.08,2.08,2.08,100,0
ZGM.US,5,20251124,175500,2.12,2.3,2.12,2.3,258,0
ZGM.US,5,20251124,180000,2.1,2.13,2.1,2.13,379,0
ZGM.US,5,20251124,182500,2.14,2.14,2.14,2.14,200,0
ZGM.US,5,20251124,183000,2.09,2.09,2.09,2.09,201,0
ZGM.US,5,20251124,184500,2.15,2.15,2.15,2.15,100,0
ZGM.US,5,20251124,190000,2.16,2.16,2.07,2.07,1055,0
ZGM.US,5,20251124,192500,2.22,2.22,2.22,2.22,375,0
ZGM.US,5,20251124,193000,2.2,2.2,2.2,2.2,100,0
ZGM.US,5,20251124,194000,2.19,2.24,2.18,2.24,2600,0
ZGM.US,5,20251124,194500,2.25,2.51,2.23,2.41,11732,0
ZGM.US,5,20251124,195000,2.54,2.69,2.49,2.63,11112,0
ZGM.US,5,20251124,195500,2.55,2.56,2.48,2.5,31109,0
ZGM.US,5,20251124,200500,2.405,2.405,2.405,2.405,200,0
ZGM.US,5,20251124,201000,2.495,2.495,2.495,2.495,751,0
ZGM.US,5,20251124,201500,2.5,2.5,2.34,2.34,500,0
ZGM.US,5,20251124,202000,2.41,2.46,2.3,2.46,408,0
ZGM.US,5,20251124,202500,2.4,2.4,2.4,2.4,100,0
ZGM.US,5,20251124,204500,2.52,2.52,2.52,2.52,132,0
ZGM.US,5,20251124,212500,2.495,2.495,2.4601,2.4601,200,0
ZGM.US,5,20251124,214500,2.52,2.54,2.52,2.54,314,0
ZGM.US,5,20251125,153000,2.6,2.6,2.6,2.6,900,0
ZGM.US,5,20251125,155000,2.53,2.53,2.53,2.53,381,0
ZGM.US,5,20251125,161500,2.48,2.48,2.47,2.4799,300,0
ZGM.US,5,20251125,162500,2.47,2.47,2.47,2.47,100,0
ZGM.US,5,20251125,164000,2.46,2.47,2.42,2.42,456,0
ZGM.US,5,20251125,170500,2.47,2.47,2.47,2.47,1500,0
ZGM.US,5,20251125,171000,2.47,2.47,2.46,2.46,1316,0
ZGM.US,5,20251125,174500,2.57,2.57,2.57,2.57,157,0
ZGM.US,5,20251125,180000,2.45,2.45,2.45,2.45,110,0
ZGM.US,5,20251125,203500,2.41,2.41,2.41,2.41,101,0
ZGM.US,5,20251126,153500,2.55,2.55,2.55,2.55,100,0
ZGM.US,5,20251126,155000,2.68,2.68,2.68,2.68,100,0
ZGM.US,5,20251126,160500,2.45,2.45,2.41,2.41,2486,0
ZGM.US,5,20251126,161000,2.63,2.66,2.63,2.66,200,0
ZGM.US,5,20251126,164000,2.65,2.69,2.565,2.565,400,0
ZGM.US,5,20251126,164500,2.1,2.41,2.02,2.34,889,0
ZGM.US,5,20251126,165000,2.555,2.555,2.205,2.205,300,0
ZGM.US,5,20251126,165500,2.48,2.48,2.48,2.48,100,0
ZGM.US,5,20251126,173000,2.5,2.5,2.5,2.5,110,0
ZGM.US,5,20251126,181000,2.45,2.51,2.45,2.51,411,0
ZGM.US,5,20251126,182500,2.63,2.65,2.63,2.65,200,0
ZGM.US,5,20251126,183500,2.66,2.66,2.66,2.66,100,0
ZGM.US,5,20251126,184000,2.67,2.71,2.65,2.71,890,0
ZGM.US,5,20251126,193500,2.485,2.4998,2.35,2.4998,666,0
ZGM.US,5,20251126,194000,2.63,2.63,2.63,2.63,100,0
ZGM.US,5,20251126,195500,2.615,2.615,2.6,2.6,200,0
ZGM.US,5,20251126,202500,2.64,2.64,2.64,2.64,100,0
ZGM.US,5,20251126,213500,2.56,2.56,2.56,2.56,100,0
ZGM.US,5,20251126,215000,2.51,2.51,2.29,2.29,200,0
ZGM.US,5,20251128,153000,2.64,2.64,2.64,2.64,112,0
ZGM.US,5,20251128,153500,2.49,2.49,2.49,2.49,100,0
ZGM.US,5,20251128,160500,2.62,2.74,2.49,2.61,4775,0
ZGM.US,5,20251128,162000,2.82,2.85,2.65,2.65,2500,0
ZGM.US,5,20251128,162500,2.73,2.73,2.5165,2.5165,2312,0
ZGM.US,5,20251128,163000,2.63,2.63,2.6198,2.6198,1731,0
ZGM.US,5,20251128,163500,2.59,2.59,2.59,2.59,134,0
ZGM.US,5,20251128,170000,2.7,2.7,2.7,2.7,150,0
ZGM.US,5,20251128,173500,2.7214,2.7214,2.7214,2.7214,1000,0
ZGM.US,5,20251128,181000,2.5001,2.5001,2.5001,2.5001,935,0
ZGM.US,5,20251128,183500,2.51,2.51,2.51,2.51,100,0
ZGM.US,5,20251128,185500,2.5,2.5,2.5,2.5,276,0
ZGM.US,5,20251201,153000,2.55,2.55,2.5,2.5,257,0
ZGM.US,5,20251201,153500,2.5485,2.5485,2.5485,2.5485,666,0
ZGM.US,5,20251201,160500,2.6599,2.66,2.46,2.66,1992,0
ZGM.US,5,20251201,162500,2.57,2.66,2.56,2.66,839,0
ZGM.US,5,20251201,163000,2.58,2.58,2.58,2.58,215,0
ZGM.US,5,20251201,175500,2.65,2.78,2.65,2.78,1710,0
ZGM.US,5,20251201,181000,2.8,2.8,2.8,2.8,400,0
ZGM.US,5,20251201,181500,2.79,2.79,2.79,2.79,200,0
ZGM.US,5,20251201,183000,2.59,2.59,2.59,2.59,274,0
ZGM.US,5,20251201,185000,2.72,2.72,2.72,2.72,240,0
ZGM.US,5,20251201,195000,2.7938,2.86,2.7384,2.755,2500,0
ZGM.US,5,20251201,210500,2.5,2.5,2.5,2.5,985,0
ZGM.US,5,20251201,211500,2.69,2.69,2.69,2.69,173,0
ZGM.US,5,20251201,212500,2.61,2.685,2.61,2.685,200,0
ZGM.US,5,20251201,214000,2.62,2.62,2.62,2.62,100,0
ZGM.US,5,20251202,153000,2.675,2.675,2.52,2.52,434,0
ZGM.US,5,20251202,163500,2.7698,2.85,2.7698,2.77,3451,0
ZGM.US,5,20251202,182500,2.52,2.53,2.5,2.52,550,0
ZGM.US,5,20251202,191500,2.5842,2.5842,2.5842,2.5842,200,0
ZGM.US,5,20251202,193000,2.78,2.79,2.6701,2.79,802,0
ZGM.US,5,20251202,214500,2.66,2.75,2.66,2.75,1150,0
ZGM.US,5,20251202,215500,2.79,2.83,2.78,2.83,743,0
ZGM.US,5,20251203,153000,2.9,2.9,2.88,2.88,300,0
ZGM.US,5,20251203,154000,2.89,2.89,2.89,2.89,100,0
ZGM.US,5,20251203,155000,2.84,2.85,2.84,2.85,519,0
ZGM.US,5,20251203,155500,2.85,2.89,2.85,2.89,2633,0
ZGM.US,5,20251203,160000,2.93,2.93,2.93,2.93,100,0
ZGM.US,5,20251203,160500,2.83,2.83,2.83,2.83,100,0
ZGM.US,5,20251203,162000,2.885,2.885,2.85,2.85,966,0
ZGM.US,5,20251203,162500,2.85,2.85,2.85,2.85,100,0
ZGM.US,5,20251203,164000,2.885,2.885,2.8612,2.8612,400,0
ZGM.US,5,20251203,182000,2.95,2.95,2.95,2.95,631,0
ZGM.US,5,20251203,182500,2.95,2.95,2.95,2.95,100,0
ZGM.US,5,20251203,192500,2.95,3.02,2.95,3.02,1645,0
ZGM.US,5,20251203,193000,3.08,3.2,3,3,4412,0
ZGM.US,5,20251203,194500,3.2,3.24,3.2,3.24,200,0
ZGM.US,5,20251203,195000,3.232,3.232,3.1341,3.1341,669,0
ZGM.US,5,20251203,195500,3.2,3.24,3.2,3.2001,1754,0
ZGM.US,5,20251203,200000,3.2799,3.2799,3.2001,3.27,1664,0
ZGM.US,5,20251203,200500,3.21,3.3,3.21,3.275,2630,0
ZGM.US,5,20251203,201000,3.3237,3.3237,3.3237,3.3237,250,0
ZGM.US,5,20251203,201500,3.26,3.26,3.26,3.26,150,0
ZGM.US,5,20251203,202000,3.2538,3.2538,3.2538,3.2538,200,0
ZGM.US,5,20251203,205500,3.31,3.32,3.31,3.32,583,0
ZGM.US,5,20251203,210000,3.34,3.34,3.295,3.305,750,0
ZGM.US,5,20251203,211000,3.29,3.29,3.26,3.27,804,0
ZGM.US,5,20251203,213000,3.33,3.35,3.25,3.27,1133,0
ZGM.US,5,20251203,213500,3.27,3.27,3.2605,3.27,3400,0
ZGM.US,5,20251203,214500,3.27,3.27,3.27,3.27,100,0
ZGM.US,5,20251203,215000,3.27,3.27,3.27,3.27,120,0
ZGM.US,5,20251203,215500,3.26,3.27,3.15,3.15,1980,0
ZGM.US,5,20251204,153500,3.1236,3.1236,3.1236,3.1236,815,0
ZGM.US,5,20251204,161500,3.06,3.06,3.06,3.06,100,0
ZGM.US,5,20251204,163000,3,3,2.93,2.93,2594,0
ZGM.US,5,20251204,170000,3,3,3,3,100,0
ZGM.US,5,20251204,170500,3,3.03,3,3.01,442,0
ZGM.US,5,20251204,172000,2.9844,2.9844,2.9844,2.9844,200,0
ZGM.US,5,20251204,173000,2.99,3.01,2.99,3.01,882,0
ZGM.US,5,20251204,174000,3.01,3.01,3.01,3.01,419,0
ZGM.US,5,20251204,180000,2.96,2.96,2.96,2.96,184,0
ZGM.US,5,20251204,195000,3.089,3.089,3.089,3.089,100,0
ZGM.US,5,20251204,195500,3.0197,3.0197,3.0197,3.0197,115,0
ZGM.US,5,20251204,200000,2.95,2.95,2.95,2.95,245,0
ZGM.US,5,20251204,215500,2.9706,2.99,2.9706,2.99,200,0
ZGM.US,5,20251205,155500,3.01,3.0245,3,3,1392,0
ZGM.US,5,20251205,162500,2.95,2.95,2.95,2.95,500,0
ZGM.US,5,20251205,163000,2.95,3.02,2.94,2.98,54185,0
ZGM.US,5,20251205,163500,2.96,2.96,2.92,2.96,28700,0
ZGM.US,5,20251205,171000,2.8226,2.8226,2.8226,2.8226,100,0
ZGM.US,5,20251205,173500,2.97,3,2.97,3,7488,0
ZGM.US,5,20251205,174000,2.83,2.83,2.75,2.75,815,0
ZGM.US,5,20251205,181000,3,3,2.91,2.91,4955,0
ZGM.US,5,20251205,182500,2.81,2.81,2.81,2.81,470,0
ZGM.US,5,20251205,184000,2.85,2.87,2.85,2.87,200,0
ZGM.US,5,20251205,195500,2.8967,2.8967,2.8967,2.8967,190,0
ZGM.US,5,20251205,200000,2.89,2.89,2.89,2.89,100,0
ZGM.US,5,20251205,211500,2.87,2.87,2.87,2.87,441,0
ZGM.US,5,20251205,214000,2.89,2.89,2.8,2.801,1723,0
ZGM.US,5,20251208,153500,2.6101,2.6101,2.6101,2.6101,100,0
ZGM.US,5,20251208,154500,2.7,2.7,2.7,2.7,125,0
ZGM.US,5,20251208,155000,2.73,2.73,2.73,2.73,123,0
ZGM.US,5,20251208,161500,2.8,2.8,2.8,2.8,431,0
ZGM.US,5,20251208,163500,2.81,2.81,2.81,2.81,163,0
ZGM.US,5,20251208,165000,2.9,2.9,2.9,2.9,359,0
ZGM.US,5,20251208,170500,2.98,2.98,2.98,2.98,100,0
ZGM.US,5,20251208,181000,2.95,2.95,2.95,2.95,100,0
ZGM.US,5,20251208,182000,2.94,2.9596,2.8989,2.8989,3354,0
ZGM.US,5,20251208,191000,2.94,2.94,2.94,2.94,100,0
ZGM.US,5,20251208,212500,2.855,2.855,2.813,2.855,850,0
ZGM.US,5,20251209,154500,2.5,2.5,2.5,2.5,100,0
ZGM.US,5,20251209,160000,2.63,2.63,2.63,2.63,100,0
ZGM.US,5,20251209,165500,2.78,2.78,2.75,2.75,200,0
ZGM.US,5,20251209,170000,2.75,2.75,2.71,2.71,1599,0
ZGM.US,5,20251209,171500,2.8782,2.8782,2.73,2.73,480,0
ZGM.US,5,20251209,183000,2.88,2.88,2.88,2.88,100,0
ZGM.US,5,20251209,193000,2.7,2.7,2.7,2.7,922,0
ZGM.US,5,20251209,202000,2.7001,2.7001,2.7001,2.7001,3000,0
ZGM.US,5,20251210,162500,2.73,2.73,2.7006,2.7006,200,0
ZGM.US,5,20251210,182500,2.71,2.71,2.7,2.7,1280,0
ZGM.US,5,20251210,183000,2.7,2.7,2.7,2.7,100,0
ZGM.US,5,20251210,183500,2.7,2.7,2.63,2.63,1147,0
ZGM.US,5,20251210,184000,2.71,2.71,2.71,2.71,100,0
ZGM.US,5,20251210,202000,2.7943,2.8238,2.7569,2.8238,2000,0
ZGM.US,5,20251210,215500,2.72,2.72,2.72,2.72,792,0
ZGM.US,5,20251211,153000,2.6325,2.745,2.6325,2.745,400,0
ZGM.US,5,20251211,154500,2.72,2.73,2.72,2.73,200,0
ZGM.US,5,20251211,190500,2.65,2.65,2.65,2.65,107,0
ZGM.US,5,20251211,194000,2.72,2.72,2.71,2.71,516,0
ZGM.US,5,20251211,200500,2.73,2.73,2.73,2.73,100,0
ZGM.US,5,20251211,210500,2.72,2.72,2.72,2.72,100,0
ZGM.US,5,20251211,211000,2.91,2.91,2.73,2.73,506,0
ZGM.US,5,20251212,161000,2.69,2.69,2.48,2.48,210,0
ZGM.US,5,20251212,180000,2.57,2.57,2.57,2.57,100,0
ZGM.US,5,20251212,184500,2.84,2.84,2.84,2.84,146,0
ZGM.US,5,20251212,185000,2.58,2.58,2.58,2.58,146,0
ZGM.US,5,20251212,193000,2.62,2.62,2.6,2.6001,1254,0
ZGM.US,5,20251212,193500,2.59,2.59,2.59,2.59,120,0
ZGM.US,5,20251212,202000,2.65,2.65,2.5001,2.5001,500,0
ZGM.US,5,20251212,203000,2.655,2.655,2.655,2.655,200,0
ZGM.US,5,20251212,213000,2.58,2.58,2.58,2.58,100,0
ZGM.US,5,20251212,215500,2.65,2.65,2.53,2.53,200,0
ZGM.US,5,20251215,153000,2.98,3,2.61,2.6101,4868,0
ZGM.US,5,20251215,153500,2.765,2.77,2.61,2.61,2135,0
ZGM.US,5,20251215,154500,2.55,2.55,2.31,2.32,3848,0
ZGM.US,5,20251215,155000,2.3,2.44,2.3,2.4133,5827,0
ZGM.US,5,20251215,155500,2.4341,2.45,2.37,2.43,3744,0
ZGM.US,5,20251215,162500,2.415,2.415,2.415,2.415,100,0
ZGM.US,5,20251215,163000,2.37,2.37,2.37,2.37,100,0
ZGM.US,5,20251215,163500,2.35,2.35,2.2,2.2,505,0
ZGM.US,5,20251215,165500,2.28,2.28,2.28,2.28,300,0
ZGM.US,5,20251215,170000,2.24,2.24,2.24,2.24,522,0
ZGM.US,5,20251215,170500,2.21,2.21,2.2,2.21,825,0
ZGM.US,5,20251215,180500,2.36,2.36,2.36,2.36,302,0
ZGM.US,5,20251215,182000,2.28,2.28,2.28,2.28,100,0
ZGM.US,5,20251215,192000,2.31,2.31,2.21,2.31,699,0
ZGM.US,5,20251215,192500,2.2101,2.31,2.2101,2.31,1700,0
ZGM.US,5,20251215,193000,2.28,2.28,2.28,2.28,100,0
ZGM.US,5,20251215,194000,2.285,2.29,2.285,2.29,618,0
ZGM.US,5,20251215,194500,2.25,2.25,2.25,2.25,300,0
ZGM.US,5,20251215,201500,2.22,2.22,2.22,2.22,801,0
ZGM.US,5,20251215,202500,2.229,2.229,2.229,2.229,100,0
ZGM.US,5,20251215,203000,2.22,2.22,2.22,2.22,100,0
ZGM.US,5,20251215,204500,2.3547,2.3547,2.3547,2.3547,1000,0
ZGM.US,5,20251215,212000,2.36,2.36,2.36,2.36,441,0
ZGM.US,5,20251215,214500,2.35,2.35,2.34,2.35,677,0
ZGM.US,5,20251216,153000,2.21,2.4,2.21,2.4,957,0
ZGM.US,5,20251216,154500,2.395,2.395,2.395,2.395,200,0
ZGM.US,5,20251216,162000,2.32,2.32,2.32,2.32,100,0
ZGM.US,5,20251216,171500,2.3611,2.3973,2.345,2.3973,2800,0
ZGM.US,5,20251216,172000,2.4,2.4,2.31,2.31,1200,0
ZGM.US,5,20251216,181000,2.5132,2.5132,2.5132,2.5132,200,0
ZGM.US,5,20251216,181500,2.53,2.55,2.53,2.55,203,0
ZGM.US,5,20251216,184000,2.38,2.38,2.38,2.38,110,0
ZGM.US,5,20251217,161500,2.685,2.685,2.4001,2.64,500,0
ZGM.US,5,20251217,163000,2.515,2.515,2.515,2.515,296,0
ZGM.US,5,20251217,170500,2.5095,2.5095,2.5095,2.5095,100,0
ZGM.US,5,20251217,185000,2.34,2.34,2.34,2.34,120,0
ZGM.US,5,20251217,201500,2.45,2.45,2.38,2.38,220,0
ZGM.US,5,20251217,202000,2.39,2.39,2.35,2.35,343,0
ZGM.US,5,20251218,154500,2.31,2.31,2,2.2,1020,0
ZGM.US,5,20251218,160500,2.29,2.3,2.29,2.3,300,0
ZGM.US,5,20251218,161000,2.165,2.165,2.165,2.165,100,0
ZGM.US,5,20251218,161500,2.14,2.14,2.14,2.14,869,0
ZGM.US,5,20251218,162500,2.275,2.275,2.2584,2.2584,800,0
ZGM.US,5,20251218,170500,2.203,2.203,2.203,2.203,120,0
ZGM.US,5,20251218,173000,2.21,2.21,2.21,2.21,200,0
ZGM.US,5,20251218,174500,2.16,2.16,2.13,2.13,200,0
ZGM.US,5,20251218,182000,2.1601,2.217,2.16,2.179,1380,0
ZGM.US,5,20251218,182500,2.16,2.16,2.16,2.16,100,0
ZGM.US,5,20251218,183500,2.1501,2.21,2.1501,2.21,300,0
ZGM.US,5,20251218,191500,2.21,2.21,2.21,2.21,100,0
ZGM.US,5,20251218,200500,2.435,2.7,2.435,2.7,4089,0
ZGM.US,5,20251218,201000,2.7,2.7,2.7,2.7,314,0
ZGM.US,5,20251218,205000,2.28,2.28,2.28,2.28,101,0
ZGM.US,5,20251218,215500,2.46,2.46,2.46,2.46,108,0
ZGM.US,5,20251219,153000,2.49,2.49,2.49,2.49,427,0
ZGM.US,5,20251222,155000,2.45,2.45,2.45,2.45,210,0
ZGM.US,5,20251222,160500,2.46,2.46,2.46,2.46,100,0
ZGM.US,5,20251222,163000,2.35,2.35,2.35,2.35,200,0
ZGM.US,5,20251222,173500,2.36,2.37,2.36,2.37,200,0
ZGM.US,5,20251222,175000,2.3601,2.3601,2.3601,2.3601,300,0
ZGM.US,5,20251222,175500,2.39,2.4,2.37,2.37,1100,0
ZGM.US,5,20251222,185000,2.38,2.38,2.38,2.38,100,0
ZGM.US,5,20251222,194500,2.5457,2.5457,2.5457,2.5457,200,0
ZGM.US,5,20251222,201500,2.36,2.36,2.36,2.36,100,0
ZGM.US,5,20251222,211500,2.58,2.58,2.58,2.58,256,0
ZGM.US,5,20251222,212000,2.43,2.43,2.37,2.37,200,0
ZGM.US,5,20251222,213000,2.37,2.37,2.37,2.37,100,0
ZGM.US,5,20251222,215500,2.4,2.4,2.4,2.4,100,0
ZGM.US,5,20251223,170500,2.3,2.3,2.3,2.3,336,0
ZGM.US,5,20251223,175000,2.27,2.27,2.21,2.21,200,0
ZGM.US,5,20251223,183500,2.45,2.45,2.45,2.45,100,0
ZGM.US,5,20251223,191500,2.17,2.17,2.17,2.17,1100,0
ZGM.US,5,20251223,200000,2.2,2.2,2.2,2.2,100,0
ZGM.US,5,20251223,202500,2.41,2.4394,2.41,2.4394,210,0
ZGM.US,5,20251223,203000,2.44,2.44,2.44,2.44,235,0
ZGM.US,5,20251223,205000,2.17,2.17,2.17,2.17,235,0
ZGM.US,5,20251223,210000,2.42,2.439,2.42,2.439,306,0
ZGM.US,5,20251224,161500,2.39,2.39,2.3,2.3,300,0
ZGM.US,5,20251224,162000,2.22,2.22,2.22,2.22,100,0
ZGM.US,5,20251224,162500,2.36,2.36,2.36,2.36,100,0
ZGM.US,5,20251224,164500,2.33,2.33,2.26,2.28,668,0
ZGM.US,5,20251224,185500,2.23,2.23,2.22,2.22,1031,0
ZGM.US,5,20251226,153000,2.32,2.32,2.32,2.32,419,0
ZGM.US,5,20251226,162000,2.13,2.4,2.13,2.4,3064,0
ZGM.US,5,20251226,162500,2.4,2.55,2.33,2.43,2958,0
ZGM.US,5,20251226,163000,2.43,2.43,2.28,2.28,887,0
ZGM.US,5,20251226,215500,2.315,2.315,2.315,2.315,103,0
ZGM.US,5,20251229,153000,2.19,2.19,2.19,2.19,438,0
ZGM.US,5,20251229,160000,2.311,2.311,2.311,2.311,1000,0
ZGM.US,5,20251229,162500,2.22,2.22,2.22,2.22,110,0
ZGM.US,5,20251229,173000,2.22,2.22,2.19,2.19,2757,0
ZGM.US,5,20251229,184500,2.12,2.13,2.12,2.13,200,0
ZGM.US,5,20251229,210500,2.15,2.15,2.15,2.15,273,0
ZGM.US,5,20251230,183000,2.06,2.1,2.06,2.1,819,0
ZGM.US,5,20251230,190000,2.1,2.1,2.1,2.1,100,0
ZGM.US,5,20251230,190500,2.1,2.1,2.1,2.1,100,0
ZGM.US,5,20251230,191000,2.1,2.1,2.1,2.1,100,0
ZGM.US,5,20251230,192500,2.14,2.14,2.14,2.14,100,0
ZGM.US,5,20251230,194000,2.085,2.085,2.085,2.085,620,0
ZGM.US,5,20251230,214500,2.08,2.08,2.08,2.08,451,0
ZGM.US,5,20251230,215000,2.0916,2.0916,2.0916,2.0916,243,0
ZGM.US,5,20251230,215500,2.14,2.14,2.08,2.08,1184,0
ZGM.US,5,20251231,155000,2.06,2.06,2.06,2.06,4000,0
ZGM.US,5,20251231,155500,2.1,2.27,2.1,2.24,2776,0
ZGM.US,5,20251231,160000,2.26,2.26,2.16,2.16,7064,0
ZGM.US,5,20251231,160500,2.16,2.16,2.16,2.16,106,0
ZGM.US,5,20251231,161000,2.16,2.16,2.16,2.16,159,0
ZGM.US,5,20251231,164500,2.16,2.16,2.16,2.16,105,0
ZGM.US,5,20251231,165000,2.16,2.16,2.16,2.16,287,0
ZGM.US,5,20251231,174000,2.21,2.21,2.17,2.17,300,0
ZGM.US,5,20260102,155000,2.03,2.03,2.02,2.03,700,0
ZGM.US,5,20260102,155500,2.1,2.21,2.055,2.13,1558,0
ZGM.US,5,20260102,160000,2.14,2.28,2.14,2.171,1400,0
ZGM.US,5,20260102,161500,2.15,2.15,2.15,2.15,100,0
ZGM.US,5,20260102,173000,2.17,2.17,2.16,2.16,699,0
ZGM.US,5,20260102,215500,2.03,2.03,2.03,2.03,100,0
ZGM.US,5,20260105,164500,2.21,2.26,2.21,2.25,1009,0
ZGM.US,5,20260105,165000,2.29,2.3,2.2,2.2,1396,0
ZGM.US,5,20260105,165500,2.25,2.25,2.2,2.22,600,0
ZGM.US,5,20260105,171500,2.275,2.275,2.1,2.1,1278,0
ZGM.US,5,20260105,172500,2.1,2.1,2.1,2.1,100,0
ZGM.US,5,20260105,183000,2.08,2.08,2.08,2.08,100,0
ZGM.US,5,20260105,204000,2.06,2.06,2.06,2.06,100,0
ZGM.US,5,20260105,213000,2.07,2.07,2.07,2.07,100,0
ZGM.US,5,20260105,215500,2.06,2.06,2.06,2.06,300,0
ZGM.US,5,20260106,153000,2.02,2.02,2.02,2.02,174,0
ZGM.US,5,20260106,162000,2.12,2.12,2.03,2.03,200,0
ZGM.US,5,20260106,163500,2.03,2.03,2.03,2.03,100,0
ZGM.US,5,20260106,164000,2.2,2.2,2.2,2.2,200,0
ZGM.US,5,20260106,164500,2.15,2.15,2.04,2.04,8434,0
ZGM.US,5,20260106,165000,2.05,2.05,1.98,1.9801,5378,0
ZGM.US,5,20260106,165500,2.03,2.03,2.03,2.03,100,0
ZGM.US,5,20260106,170000,2.03,2.03,2.03,2.03,700,0
ZGM.US,5,20260106,170500,2.0298,2.0298,2.025,2.0298,600,0
ZGM.US,5,20260106,172500,2.095,2.13,2.095,2.13,600,0
ZGM.US,5,20260106,174000,2.095,2.095,2.095,2.095,980,0
ZGM.US,5,20260106,175500,2.05,2.071,2.05,2.071,1400,0
ZGM.US,5,20260106,180500,2.095,2.095,2.095,2.095,1905,0
ZGM.US,5,20260106,183000,2.095,2.095,2.095,2.095,500,0
ZGM.US,5,20260106,185500,2.075,2.075,2.075,2.075,100,0
ZGM.US,5,20260106,193000,2.08,2.08,2.08,2.08,100,0
ZGM.US,5,20260106,194000,2.0683,2.0683,2.0683,2.0683,300,0
ZGM.US,5,20260106,195500,2.1,2.2,2.08,2.2,1236,0
ZGM.US,5,20260106,201000,2.1004,2.1004,2.1004,2.1004,980,0
ZGM.US,5,20260106,214000,2.07,2.13,2.06,2.06,300,0
ZGM.US,5,20260107,163500,2.15,2.15,2.15,2.15,9564,0
ZGM.US,5,20260107,165500,2.1,2.18,2.1,2.18,4495,0
ZGM.US,5,20260107,174500,2.09,2.09,2.09,2.09,100,0
ZGM.US,5,20260107,175000,2.13,2.17,2.13,2.17,248,0
ZGM.US,5,20260107,181500,2.23,2.23,2.23,2.23,900,0
ZGM.US,5,20260107,182000,2.23,2.23,2.23,2.23,1000,0
ZGM.US,5,20260107,190500,2.28,2.28,2.28,2.28,2316,0
ZGM.US,5,20260107,192000,2.28,2.28,2.28,2.28,400,0
ZGM.US,5,20260107,193500,2.33,2.33,2.23,2.23,200,0
ZGM.US,5,20260107,194000,2.23,2.23,2.23,2.23,100,0
ZGM.US,5,20260107,195000,2.23,2.23,2.23,2.23,200,0
ZGM.US,5,20260107,202500,2.33,2.33,2.33,2.33,113,0
ZGM.US,5,20260107,204000,2.23,2.23,2.23,2.23,200,0
ZGM.US,5,20260107,212500,2.11,2.11,2.11,2.11,100,0
ZGM.US,5,20260107,214000,2.13,2.13,2.13,2.13,100,0
ZGM.US,5,20260107,214500,2.18,2.18,2.18,2.18,100,0
ZGM.US,5,20260107,215000,2.195,2.35,2.195,2.35,4073,0
ZGM.US,5,20260108,153000,2.35,2.35,2.35,2.35,300,0
ZGM.US,5,20260108,154500,2.3,2.3,2.3,2.3,310,0
ZGM.US,5,20260108,175500,2.2,2.2,2.2,2.2,403,0
ZGM.US,5,20260108,195500,2.1205,2.1205,2.1205,2.1205,111,0
ZGM.US,5,20260109,153000,2.09,2.09,2.09,2.09,109,0
ZGM.US,5,20260109,155000,2.16,2.295,2.16,2.295,600,0
ZGM.US,5,20260109,155500,2.25,2.3,2.25,2.3,1035,0
ZGM.US,5,20260109,160000,2.31,2.31,2.31,2.31,553,0
ZGM.US,5,20260109,160500,2.29,2.3,2.28,2.3,1090,0
ZGM.US,5,20260109,170000,2.3,2.3,2.3,2.3,100,0
ZGM.US,5,20260109,171500,2.35,2.35,2.35,2.35,200,0
ZGM.US,5,20260109,174500,2.32,2.32,2.3105,2.3105,200,0
ZGM.US,5,20260109,185500,2.32,2.32,2.32,2.32,100,0
ZGM.US,5,20260109,190000,2.32,2.32,2.32,2.32,100,0
ZGM.US,5,20260109,191500,2.4,2.45,2.4,2.45,1420,0
ZGM.US,5,20260109,192000,2.55,2.55,2.55,2.55,200,0
ZGM.US,5,20260109,192500,2.44,2.505,2.44,2.505,2749,0
ZGM.US,5,20260109,193000,2.5247,2.5247,2.5247,2.5247,200,0
ZGM.US,5,20260109,193500,2.55,2.75,2.55,2.69,569,0
ZGM.US,5,20260109,194000,2.65,2.74,2.6499,2.74,1064,0
ZGM.US,5,20260109,194500,2.64,2.64,2.31,2.31,657,0
ZGM.US,5,20260109,212000,2.32,2.32,2.32,2.32,222,0
ZGM.US,5,20260109,214500,2.54,2.54,2.54,2.54,200,0
ZGM.US,5,20260112,153000,2.59,2.59,2.45,2.46,3705,0
ZGM.US,5,20260112,153500,2.51,2.51,2.51,2.51,100,0
ZGM.US,5,20260112,160000,2.4601,2.4601,2.4601,2.4601,131,0
ZGM.US,5,20260112,163500,2.45,2.45,2.44,2.45,1129,0
ZGM.US,5,20260112,164000,2.44,2.44,2.44,2.44,426,0
ZGM.US,5,20260112,164500,2.42,2.42,2.36,2.36,200,0
ZGM.US,5,20260112,165000,2.36,2.36,2.36,2.36,300,0
ZGM.US,5,20260112,171000,2.46,2.46,2.4598,2.4598,491,0
ZGM.US,5,20260112,172000,2.46,2.46,2.46,2.46,2350,0
ZGM.US,5,20260112,175000,2.4,2.4,2.4,2.4,100,0
ZGM.US,5,20260112,191500,2.41,2.41,2.41,2.41,300,0
ZGM.US,5,20260112,203500,2.41,2.41,2.41,2.41,100,0
ZGM.US,5,20260112,212000,2.42,2.42,2.42,2.42,125,0
ZGM.US,5,20260112,215000,2.46,2.46,2.46,2.46,200,0
ZGM.US,5,20260112,215500,2.41,2.45,2.41,2.45,200,0
ZGM.US,5,20260113,153000,2.5,2.5,2.46,2.46,1346,0
ZGM.US,5,20260113,154000,2.5,2.5,2.46,2.5,5060,0
ZGM.US,5,20260113,160000,2.52,2.52,2.51,2.51,200,0
ZGM.US,5,20260113,162500,2.46,2.475,2.46,2.475,1200,0
ZGM.US,5,20260113,164500,2.45,2.45,2.45,2.45,934,0
ZGM.US,5,20260113,171500,2.51,2.51,2.51,2.51,100,0
ZGM.US,5,20260113,200500,2.57,2.7,2.54,2.7,6379,0
ZGM.US,5,20260113,202500,2.6288,2.6288,2.6,2.6,620,0
ZGM.US,5,20260114,162000,2.6,2.6,2.6,2.6,113,0
ZGM.US,5,20260114,171500,2.51,2.51,2.51,2.51,100,0
ZGM.US,5,20260114,173000,2.55,2.6,2.55,2.6,400,0
ZGM.US,5,20260114,180500,2.55,2.55,2.55,2.55,100,0
ZGM.US,5,20260114,185000,2.5,2.5,2.5,2.5,123,0
ZGM.US,5,20260114,215500,2.59,2.59,2.59,2.59,100,0
ZGM.US,5,20260115,164500,2.61,2.61,2.61,2.61,5200,0
ZGM.US,5,20260115,165000,2.65,2.75,2.65,2.75,15402,0
ZGM.US,5,20260115,165500,2.75,2.9,2.75,2.85,10539,0
ZGM.US,5,20260115,170500,2.695,2.8,2.69,2.8,300,0
ZGM.US,5,20260115,172000,2.61,2.815,2.61,2.815,34419,0
ZGM.US,5,20260115,172500,2.815,2.815,2.815,2.815,100,0
ZGM.US,5,20260115,180500,2.6388,2.6388,2.6388,2.6388,500,0
ZGM.US,5,20260115,191500,2.68,2.68,2.67,2.67,500,0
ZGM.US,5,20260115,212500,2.61,2.62,2.61,2.62,404,0
ZGM.US,5,20260115,215500,2.77,2.78,2.77,2.78,300,0
ZGM.US,5,20260116,153000,2.81,2.81,2.81,2.81,100,0
ZGM.US,5,20260116,163000,2.6675,2.6675,2.6301,2.6675,500,0
ZGM.US,5,20260116,175500,2.66,2.66,2.66,2.66,963,0
ZGM.US,5,20260116,192500,2.66,2.66,2.66,2.66,206,0
ZGM.US,5,20260120,154500,3,3,3,3,129,0
ZGM.US,5,20260120,155000,2.835,2.87,2.835,2.87,700,0
ZGM.US,5,20260120,155500,2.99,2.99,2.99,2.99,100,0
ZGM.US,5,20260120,160500,2.9,2.9,2.9,2.9,103,0
ZGM.US,5,20260120,161000,2.77,2.83,2.77,2.83,297,0
ZGM.US,5,20260120,162500,2.67,2.67,2.67,2.67,100,0
ZGM.US,5,20260120,165500,2.8,2.8,2.79,2.79,301,0
ZGM.US,5,20260120,173500,2.66,2.66,2.66,2.66,100,0
ZGM.US,5,20260120,181000,2.71,2.71,2.71,2.71,100,0
ZGM.US,5,20260120,193500,2.66,2.72,2.66,2.72,986,0
ZGM.US,5,20260120,194000,2.72,2.72,2.71,2.71,400,0
ZGM.US,5,20260121,201500,2.43,2.43,2.43,2.43,100,0
ZGM.US,5,20260121,210000,2.45,2.45,2.45,2.45,100,0
ZGM.US,5,20260122,154500,2.76,2.76,2.76,2.76,9000,0
ZGM.US,5,20260122,155000,2.6242,2.6242,2.6242,2.6242,1000,0
ZGM.US,5,20260122,182000,2.6,2.6,2.6,2.6,3000,0
ZGM.US,5,20260122,201500,2.525,2.59,2.525,2.59,4355,0
ZGM.US,5,20260122,202000,2.57,2.75,2.48,2.67,20959,0
ZGM.US,5,20260122,202500,2.64,2.76,2.64,2.76,1000,0
ZGM.US,5,20260123,161000,2.6401,2.6401,2.6401,2.6401,149,0
ZGM.US,5,20260123,171000,2.65,2.65,2.65,2.65,100,0
ZGM.US,5,20260123,175500,2.6936,2.6936,2.6936,2.6936,300,0
ZGM.US,5,20260123,184500,2.52,2.52,2.52,2.52,100,0
ZGM.US,5,20260123,211000,2.53,2.53,2.53,2.53,1498,0
ZGM.US,5,20260123,215500,2.725,2.725,2.725,2.725,166,0
